170,"2018-12-01 00:03:53.3860","2018-12-01 00:06:43.7160",3183,"Exchange Place",40.7162469,-74.0334588,3214,"Essex Light Rail",40.7127742,-74.0364857,26261,"Subscriber",1975,1
172,"2018-12-01 00:47:13.7340","2018-12-01 00:50:05.8160",3183,"Exchange Place",40.7162469,-74.0334588,3481,"York St",40.71649,-74.04105,26175,"Subscriber",1988,1
247,"2018-12-01 00:48:57.6960","2018-12-01 00:53:05.6780",3183,"Exchange Place",40.7162469,-74.0334588,3267,"Morris Canal",40.7124188237569,-74.03852552175522,29255,"Subscriber",1990,1
406,"2018-12-01 01:33:53.6630","2018-12-01 01:40:39.7480",3183,"Exchange Place",40.7162469,-74.0334588,3638,"Washington St",40.7242941,-74.0354826,29275,"Subscriber",1995,1
354,"2018-12-01 06:26:52.5120","2018-12-01 06:32:46.5170",3183,"Exchange Place",40.7162469,-74.0334588,3211,"Newark Ave",40.72152515,-74.046304543,29658,"Subscriber",1976,1
237,"2018-12-01 08:08:19.9120","2018-12-01 08:12:17.0660",3183,"Exchange Place",40.7162469,-74.0334588,3276,"Marin Light Rail",40.71458403535893,-74.04281705617905,29221,"Subscriber",1988,1
396,"2018-12-01 09:34:36.4440","2018-12-01 09:41:12.7040",3183,"Exchange Place",40.7162469,-74.0334588,3183,"Exchange Place",40.7162469,-74.0334588,26306,"Subscriber",1981,2
325,"2018-12-01 12:03:04.9000","2018-12-01 12:08:30.0090",3183,"Exchange Place",40.7162469,-74.0334588,3267,"Morris Canal",40.7124188237569,-74.03852552175522,29640,"Subscriber",1960,1
246,"2018-12-01 12:22:33.3850","2018-12-01 12:26:39.6270",3183,"Exchange Place",40.7162469,-74.0334588,3276,"Marin Light Rail",40.71458403535893,-74.04281705617905,29623,"Subscriber",1981,1
825,"2018-12-01 13:02:48.6100","2018-12-01 13:16:33.8500",3183,"Exchange Place",40.7162469,-74.0334588,3483,"Montgomery St",40.71942,-74.05099,26203,"Customer",1969,0
1053,"2018-12-01 13:17:48.9130","2018-12-01 13:35:22.3630",3183,"Exchange Place",40.7162469,-74.0334588,3206,"Hilltop",40.7311689,-74.0575736,29257,"Subscriber",1989,1
130,"2018-12-01 13:22:32.5890","2018-12-01 13:24:42.9690",3183,"Exchange Place",40.7162469,-74.0334588,3681,"Grand St",40.71517767732029,-74.03768330812454,29599,"Subscriber",1992,1
907,"2018-12-01 13:42:16.4160","2018-12-01 13:57:24.1850",3183,"Exchange Place",40.7162469,-74.0334588,3192,"Liberty Light Rail",40.7112423,-74.0557013,29673,"Subscriber",1993,1
2019,"2018-12-01 14:27:01.1720","2018-12-01 15:00:41.0380",3183,"Exchange Place",40.7162469,-74.0334588,3196,"Riverview Park",40.7443187,-74.0439909,26306,"Customer",1973,2
1233,"2018-12-01 14:54:16.2810","2018-12-01 15:14:49.7600",3183,"Exchange Place",40.7162469,-74.0334588,3193,"Lincoln Park",40.7246050998869,-74.07840594649315,29245,"Subscriber",1969,1
718,"2018-12-01 15:23:40.1890","2018-12-01 15:35:38.7970",3183,"Exchange Place",40.7162469,-74.0334588,3638,"Washington St",40.7242941,-74.0354826,29301,"Subscriber",1989,1
536,"2018-12-01 15:24:29.2120","2018-12-01 15:33:25.7320",3183,"Exchange Place",40.7162469,-74.0334588,3199,"Newport Pkwy",40.7287448,-74.0321082,31443,"Subscriber",1975,1
320,"2018-12-01 16:21:59.8340","2018-12-01 16:27:20.1120",3183,"Exchange Place",40.7162469,-74.0334588,3267,"Morris Canal",40.7124188237569,-74.03852552175522,29485,"Subscriber",1990,1
129,"2018-12-01 16:22:37.3790","2018-12-01 16:24:47.3690",3183,"Exchange Place",40.7162469,-74.0334588,3639,"Harborside",40.7192517,-74.034234,29516,"Subscriber",1971,2
293,"2018-12-01 19:25:13.3890","2018-12-01 19:30:07.1190",3183,"Exchange Place",40.7162469,-74.0334588,3267,"Morris Canal",40.7124188237569,-74.03852552175522,26251,"Subscriber",1977,2
283,"2018-12-02 14:41:15.9350","2018-12-02 14:45:59.1730",3183,"Exchange Place",40.7162469,-74.0334588,3276,"Marin Light Rail",40.71458403535893,-74.04281705617905,29457,"Subscriber",1991,1
561,"2018-12-02 14:57:40.7930","2018-12-02 15:07:02.5580",3183,"Exchange Place",40.7162469,-74.0334588,3199,"Newport Pkwy",40.7287448,-74.0321082,33781,"Subscriber",1994,2
455,"2018-12-02 16:05:09.1140","2018-12-02 16:12:44.9110",3183,"Exchange Place",40.7162469,-74.0334588,3279,"Dixon Mills",40.721630142638354,-74.04996782541275,29235,"Subscriber",1982,1
956,"2018-12-02 16:12:55.0780","2018-12-02 16:28:51.6770",3183,"Exchange Place",40.7162469,-74.0334588,3212,"Christ Hospital",40.734785818,-74.050443636,26175,"Subscriber",1973,1
209,"2018-12-02 16:41:52.8680","2018-12-02 16:45:22.6570",3183,"Exchange Place",40.7162469,-74.0334588,3481,"York St",40.71649,-74.04105,26200,"Subscriber",1961,1
230,"2018-12-02 17:03:54.7240","2018-12-02 17:07:45.5460",3183,"Exchange Place",40.7162469,-74.0334588,3267,"Morris Canal",40.7124188237569,-74.03852552175522,26274,"Subscriber",1993,1
137,"2018-12-02 19:22:33.3720","2018-12-02 19:24:50.8330",3183,"Exchange Place",40.7162469,-74.0334588,3639,"Harborside",40.7192517,-74.034234,29252,"Subscriber",1991,1
390,"2018-12-02 20:26:07.0810","2018-12-02 20:32:37.6070",3183,"Exchange Place",40.7162469,-74.0334588,3638,"Washington St",40.7242941,-74.0354826,29258,"Subscriber",1993,1
329,"2018-12-02 20:33:56.7860","2018-12-02 20:39:26.6320",3183,"Exchange Place",40.7162469,-74.0334588,3213,"Van Vorst Park",40.71848892,-74.047726625,29237,"Subscriber",1980,1
364,"2018-12-03 06:39:28.3890","2018-12-03 06:45:32.9660",3183,"Exchange Place",40.7162469,-74.0334588,3202,"Newport PATH",40.7272235,-74.0337589,26274,"Subscriber",1988,1
75,"2018-12-03 08:31:04.3830","2018-12-03 08:32:19.8910",3183,"Exchange Place",40.7162469,-74.0334588,3184,"Paulus Hook",40.7141454,-74.0335519,26164,"Subscriber",1975,1
253,"2018-12-03 12:14:32.9910","2018-12-03 12:18:46.9240",3183,"Exchange Place",40.7162469,-74.0334588,3638,"Washington St",40.7242941,-74.0354826,33781,"Subscriber",1984,1
458,"2018-12-03 13:05:47.5980","2018-12-03 13:13:26.0000",3183,"Exchange Place",40.7162469,-74.0334588,3202,"Newport PATH",40.7272235,-74.0337589,26262,"Subscriber",1987,2
293,"2018-12-03 14:45:50.9720","2018-12-03 14:50:44.6150",3183,"Exchange Place",40.7162469,-74.0334588,3681,"Grand St",40.71517767732029,-74.03768330812454,26263,"Subscriber",1979,2
1247,"2018-12-03 15:05:46.5470","2018-12-03 15:26:33.7840",3183,"Exchange Place",40.7162469,-74.0334588,3638,"Washington St",40.7242941,-74.0354826,26167,"Subscriber",1972,1
585,"2018-12-03 15:36:26.7000","2018-12-03 15:46:12.0510",3183,"Exchange Place",40.7162469,-74.0334588,3199,"Newport Pkwy",40.7287448,-74.0321082,29263,"Subscriber",1990,1
336,"2018-12-03 15:51:20.4010","2018-12-03 15:56:56.8810",3183,"Exchange Place",40.7162469,-74.0334588,3186,"Grove St PATH",40.71958611647166,-74.04311746358871,29448,"Subscriber",1958,1
619,"2018-12-03 16:10:10.0010","2018-12-03 16:20:29.7500",3183,"Exchange Place",40.7162469,-74.0334588,3192,"Liberty Light Rail",40.7112423,-74.0557013,29673,"Subscriber",1985,1
283,"2018-12-03 16:51:35.2170","2018-12-03 16:56:19.1810",3183,"Exchange Place",40.7162469,-74.0334588,3186,"Grove St PATH",40.71958611647166,-74.04311746358871,29653,"Subscriber",1980,1
361,"2018-12-03 17:20:31.9850","2018-12-03 17:26:33.9100",3183,"Exchange Place",40.7162469,-74.0334588,3273,"Manila & 1st",40.721650724879986,-74.04288411140442,29260,"Subscriber",1980,1
345,"2018-12-03 17:21:17.1800","2018-12-03 17:27:02.2670",3183,"Exchange Place",40.7162469,-74.0334588,3186,"Grove St PATH",40.71958611647166,-74.04311746358871,26258,"Subscriber",1981,1
1523,"2018-12-03 17:22:11.7250","2018-12-03 17:47:34.8050",3183,"Exchange Place",40.7162469,-74.0334588,3281,"Leonard Gordon Park",40.74590996631558,-74.0572714805603,29453,"Subscriber",1987,1
213,"2018-12-03 17:27:26.6820","2018-12-03 17:30:59.8130",3183,"Exchange Place",40.7162469,-74.0334588,3187,"Warren St",40.7211236,-74.03805095,29656,"Subscriber",1990,1
117,"2018-12-03 17:27:33.2160","2018-12-03 17:29:30.4490",3183,"Exchange Place",40.7162469,-74.0334588,3639,"Harborside",40.7192517,-74.034234,29531,"Subscriber",1969,0
145,"2018-12-03 17:37:28.2640","2018-12-03 17:39:53.7620",3183,"Exchange Place",40.7162469,-74.0334588,3214,"Essex Light Rail",40.7127742,-74.0364857,29301,"Subscriber",1960,1
405,"2018-12-03 17:45:35.3750","2018-12-03 17:52:20.7180",3183,"Exchange Place",40.7162469,-74.0334588,3267,"Morris Canal",40.7124188237569,-74.03852552175522,29542,"Subscriber",1992,1
269,"2018-12-03 17:51:39.2300","2018-12-03 17:56:09.1850",3183,"Exchange Place",40.7162469,-74.0334588,3267,"Morris Canal",40.7124188237569,-74.03852552175522,29513,"Subscriber",1979,1
143,"2018-12-03 18:00:12.8150","2018-12-03 18:02:36.0780",3183,"Exchange Place",40.7162469,-74.0334588,3214,"Essex Light Rail",40.7127742,-74.0364857,33781,"Subscriber",1978,0
190,"2018-12-03 18:01:45.3220","2018-12-03 18:04:56.2350",3183,"Exchange Place",40.7162469,-74.0334588,3214,"Essex Light Rail",40.7127742,-74.0364857,26164,"Subscriber",1986,1
248,"2018-12-03 18:02:37.7760","2018-12-03 18:06:46.3350",3183,"Exchange Place",40.7162469,-74.0334588,3638,"Washington St",40.7242941,-74.0354826,26202,"Subscriber",1977,1
278,"2018-12-03 18:05:59.3060","2018-12-03 18:10:37.7050",3183,"Exchange Place",40.7162469,-74.0334588,3267,"Morris Canal",40.7124188237569,-74.03852552175522,29644,"Subscriber",1980,1
273,"2018-12-03 18:08:20.9440","2018-12-03 18:12:53.9760",3183,"Exchange Place",40.7162469,-74.0334588,3185,"City Hall",40.7177325,-74.043845,29612,"Subscriber",1994,1
139,"2018-12-03 18:14:45.8640","2018-12-03 18:17:05.3770",3183,"Exchange Place",40.7162469,-74.0334588,3214,"Essex Light Rail",40.7127742,-74.0364857,29475,"Subscriber",1994,1
160,"2018-12-03 18:15:04.3520","2018-12-03 18:17:45.0740",3183,"Exchange Place",40.7162469,-74.0334588,3639,"Harborside",40.7192517,-74.034234,29659,"Subscriber",1971,1
261,"2018-12-03 18:21:39.7580","2018-12-03 18:26:01.3730",3183,"Exchange Place",40.7162469,-74.0334588,3187,"Warren St",40.7211236,-74.03805095,29224,"Subscriber",1967,1
294,"2018-12-03 18:26:22.8260","2018-12-03 18:31:17.3900",3183,"Exchange Place",40.7162469,-74.0334588,3267,"Morris Canal",40.7124188237569,-74.03852552175522,29508,"Subscriber",1981,0
268,"2018-12-03 18:29:34.6060","2018-12-03 18:34:03.3830",3183,"Exchange Place",40.7162469,-74.0334588,3267,"Morris Canal",40.7124188237569,-74.03852552175522,29623,"Subscriber",1976,1
1104,"2018-12-03 18:29:44.0570","2018-12-03 18:48:08.9070",3183,"Exchange Place",40.7162469,-74.0334588,3195,"Sip Ave",40.73074262530658,-74.06378388404846,29576,"Subscriber",1994,1
268,"2018-12-03 18:29:32.9510","2018-12-03 18:34:01.5760",3183,"Exchange Place",40.7162469,-74.0334588,3187,"Warren St",40.7211236,-74.03805095,29678,"Subscriber",1975,1
216,"2018-12-03 18:30:37.9490","2018-12-03 18:34:14.6920",3183,"Exchange Place",40.7162469,-74.0334588,3187,"Warren St",40.7211236,-74.03805095,29308,"Subscriber",1979,1
698,"2018-12-03 18:33:44.5810","2018-12-03 18:45:23.2020",3183,"Exchange Place",40.7162469,-74.0334588,3199,"Newport Pkwy",40.7287448,-74.0321082,29515,"Subscriber",1969,0
502,"2018-12-03 18:37:20.1710","2018-12-03 18:45:42.8060",3183,"Exchange Place",40.7162469,-74.0334588,3199,"Newport Pkwy",40.7287448,-74.0321082,29533,"Subscriber",1990,1
316,"2018-12-03 18:46:39.8790","2018-12-03 18:51:55.9810",3183,"Exchange Place",40.7162469,-74.0334588,3267,"Morris Canal",40.7124188237569,-74.03852552175522,29644,"Subscriber",1970,1
107,"2018-12-03 19:06:01.5490","2018-12-03 19:07:49.1020",3183,"Exchange Place",40.7162469,-74.0334588,3184,"Paulus Hook",40.7141454,-74.0335519,26188,"Subscriber",1969,0
793,"2018-12-03 19:11:19.4590","2018-12-03 19:24:33.1430",3183,"Exchange Place",40.7162469,-74.0334588,3481,"York St",40.71649,-74.04105,29508,"Subscriber",1962,1
144,"2018-12-03 19:24:09.5220","2018-12-03 19:26:33.8820",3183,"Exchange Place",40.7162469,-74.0334588,3214,"Essex Light Rail",40.7127742,-74.0364857,29472,"Subscriber",1987,1
557,"2018-12-03 19:24:09.8080","2018-12-03 19:33:27.7820",3183,"Exchange Place",40.7162469,-74.0334588,3213,"Van Vorst Park",40.71848892,-74.047726625,29523,"Subscriber",1965,2
180,"2018-12-03 19:33:45.1670","2018-12-03 19:36:45.9930",3183,"Exchange Place",40.7162469,-74.0334588,3214,"Essex Light Rail",40.7127742,-74.0364857,29542,"Subscriber",1982,1
224,"2018-12-03 19:34:24.1680","2018-12-03 19:38:08.3440",3183,"Exchange Place",40.7162469,-74.0334588,3276,"Marin Light Rail",40.71458403535893,-74.04281705617905,29288,"Subscriber",1982,1
259,"2018-12-03 19:35:20.8090","2018-12-03 19:39:39.9390",3183,"Exchange Place",40.7162469,-74.0334588,3481,"York St",40.71649,-74.04105,29635,"Subscriber",1968,2
2639,"2018-12-03 19:46:55.9990","2018-12-03 20:30:55.1150",3183,"Exchange Place",40.7162469,-74.0334588,3183,"Exchange Place",40.7162469,-74.0334588,31443,"Subscriber",1958,1
374,"2018-12-03 20:01:01.6610","2018-12-03 20:07:16.2870",3183,"Exchange Place",40.7162469,-74.0334588,3213,"Van Vorst Park",40.71848892,-74.047726625,29235,"Subscriber",1983,1
118,"2018-12-03 20:08:38.2480","2018-12-03 20:10:36.7690",3183,"Exchange Place",40.7162469,-74.0334588,3639,"Harborside",40.7192517,-74.034234,26182,"Subscriber",1971,2
200,"2018-12-03 20:23:46.3510","2018-12-03 20:27:06.5590",3183,"Exchange Place",40.7162469,-74.0334588,3267,"Morris Canal",40.7124188237569,-74.03852552175522,26241,"Subscriber",1977,1
1694,"2018-12-03 20:40:23.5520","2018-12-03 21:08:37.7820",3183,"Exchange Place",40.7162469,-74.0334588,3269,"Brunswick & 6th",40.72601172964625,-74.05038893222809,29197,"Subscriber",1969,0
457,"2018-12-03 20:41:02.9720","2018-12-03 20:48:40.1620",3183,"Exchange Place",40.7162469,-74.0334588,3639,"Harborside",40.7192517,-74.034234,31443,"Subscriber",1989,1
223,"2018-12-03 21:03:41.3720","2018-12-03 21:07:24.7570",3183,"Exchange Place",40.7162469,-74.0334588,3267,"Morris Canal",40.7124188237569,-74.03852552175522,26287,"Subscriber",1983,1
381,"2018-12-03 21:04:40.8090","2018-12-03 21:11:02.2350",3183,"Exchange Place",40.7162469,-74.0334588,3199,"Newport Pkwy",40.7287448,-74.0321082,26242,"Subscriber",1992,1
2602,"2018-12-03 21:05:52.0430","2018-12-03 21:49:14.2710",3183,"Exchange Place",40.7162469,-74.0334588,3185,"City Hall",40.7177325,-74.043845,29623,"Subscriber",1958,1
465,"2018-12-03 21:08:26.6630","2018-12-03 21:16:12.4270",3183,"Exchange Place",40.7162469,-74.0334588,3199,"Newport Pkwy",40.7287448,-74.0321082,29504,"Subscriber",1989,1
298,"2018-12-03 21:44:07.7370","2018-12-03 21:49:06.4490",3183,"Exchange Place",40.7162469,-74.0334588,3186,"Grove St PATH",40.71958611647166,-74.04311746358871,26291,"Subscriber",1957,1
390,"2018-12-03 22:39:28.2910","2018-12-03 22:45:58.4190",3183,"Exchange Place",40.7162469,-74.0334588,3202,"Newport PATH",40.7272235,-74.0337589,29296,"Subscriber",1994,1
6328,"2018-12-04 07:22:29.5250","2018-12-04 09:07:58.1130",3183,"Exchange Place",40.7162469,-74.0334588,3209,"Brunswick St",40.7241765,-74.0506564,29271,"Subscriber",1987,2
127,"2018-12-04 07:37:14.8470","2018-12-04 07:39:22.1700",3183,"Exchange Place",40.7162469,-74.0334588,3184,"Paulus Hook",40.7141454,-74.0335519,29513,"Subscriber",1966,1
370,"2018-12-04 16:24:50.0470","2018-12-04 16:31:00.8640",3183,"Exchange Place",40.7162469,-74.0334588,3267,"Morris Canal",40.7124188237569,-74.03852552175522,29519,"Subscriber",1968,1
338,"2018-12-04 17:08:18.9030","2018-12-04 17:13:57.7650",3183,"Exchange Place",40.7162469,-74.0334588,3267,"Morris Canal",40.7124188237569,-74.03852552175522,29485,"Subscriber",1970,1
260,"2018-12-04 17:08:33.2280","2018-12-04 17:12:53.5810",3183,"Exchange Place",40.7162469,-74.0334588,3267,"Morris Canal",40.7124188237569,-74.03852552175522,26283,"Subscriber",1983,1
233,"2018-12-04 17:09:04.4550","2018-12-04 17:12:58.2140",3183,"Exchange Place",40.7162469,-74.0334588,3186,"Grove St PATH",40.71958611647166,-74.04311746358871,29123,"Subscriber",1981,1
451,"2018-12-04 17:26:35.9630","2018-12-04 17:34:07.0800",3183,"Exchange Place",40.7162469,-74.0334588,3199,"Newport Pkwy",40.7287448,-74.0321082,26171,"Subscriber",1941,2
266,"2018-12-04 17:28:34.9060","2018-12-04 17:33:01.6350",3183,"Exchange Place",40.7162469,-74.0334588,3267,"Morris Canal",40.7124188237569,-74.03852552175522,26273,"Subscriber",1973,1
1246,"2018-12-04 17:29:37.6700","2018-12-04 17:50:23.9580",3183,"Exchange Place",40.7162469,-74.0334588,3186,"Grove St PATH",40.71958611647166,-74.04311746358871,26291,"Subscriber",1993,1
460,"2018-12-04 17:31:29.4190","2018-12-04 17:39:09.7850",3183,"Exchange Place",40.7162469,-74.0334588,3270,"Jersey & 6th St",40.72528910781132,-74.04557168483734,29494,"Subscriber",1988,1
214,"2018-12-04 17:35:26.2310","2018-12-04 17:39:01.0980",3183,"Exchange Place",40.7162469,-74.0334588,3214,"Essex Light Rail",40.7127742,-74.0364857,26260,"Subscriber",1960,1
829,"2018-12-04 17:39:53.9030","2018-12-04 17:53:43.7350",3183,"Exchange Place",40.7162469,-74.0334588,3278,"Monmouth and 6th",40.72568548362901,-74.04879033565521,26224,"Subscriber",1969,0
1412,"2018-12-04 17:48:19.1470","2018-12-04 18:11:51.7410",3183,"Exchange Place",40.7162469,-74.0334588,3275,"Columbus Drive",40.71835519823214,-74.03891444206238,29491,"Subscriber",1969,0
1338,"2018-12-04 17:53:37.6780","2018-12-04 18:15:55.9520",3183,"Exchange Place",40.7162469,-74.0334588,3281,"Leonard Gordon Park",40.74590996631558,-74.0572714805603,26271,"Subscriber",1979,1
270,"2018-12-04 18:00:48.7080","2018-12-04 18:05:18.7730",3183,"Exchange Place",40.7162469,-74.0334588,3267,"Morris Canal",40.7124188237569,-74.03852552175522,29606,"Subscriber",1989,2
260,"2018-12-04 18:04:40.5640","2018-12-04 18:09:00.7440",3183,"Exchange Place",40.7162469,-74.0334588,3187,"Warren St",40.7211236,-74.03805095,29266,"Subscriber",1979,1
225,"2018-12-04 18:09:52.0410","2018-12-04 18:13:37.2590",3183,"Exchange Place",40.7162469,-74.0334588,3187,"Warren St",40.7211236,-74.03805095,26211,"Subscriber",1975,1
277,"2018-12-04 18:10:16.2830","2018-12-04 18:14:53.7920",3183,"Exchange Place",40.7162469,-74.0334588,3187,"Warren St",40.7211236,-74.03805095,26287,"Customer",1988,2
460,"2018-12-04 18:10:57.9260","2018-12-04 18:18:38.0330",3183,"Exchange Place",40.7162469,-74.0334588,3186,"Grove St PATH",40.71958611647166,-74.04311746358871,29540,"Subscriber",1970,1
437,"2018-12-04 18:21:47.0870","2018-12-04 18:29:04.3330",3183,"Exchange Place",40.7162469,-74.0334588,3276,"Marin Light Rail",40.71458403535893,-74.04281705617905,26260,"Subscriber",1984,1
646,"2018-12-04 18:22:14.2820","2018-12-04 18:33:00.5100",3183,"Exchange Place",40.7162469,-74.0334588,3199,"Newport Pkwy",40.7287448,-74.0321082,26296,"Subscriber",1996,2
253,"2018-12-04 18:25:23.3500","2018-12-04 18:29:36.8680",3183,"Exchange Place",40.7162469,-74.0334588,3185,"City Hall",40.7177325,-74.043845,29460,"Subscriber",1994,1
271,"2018-12-04 18:25:24.2410","2018-12-04 18:29:56.0740",3183,"Exchange Place",40.7162469,-74.0334588,3267,"Morris Canal",40.7124188237569,-74.03852552175522,29643,"Subscriber",1980,1
534,"2018-12-04 18:35:19.3510","2018-12-04 18:44:13.8520",3183,"Exchange Place",40.7162469,-74.0334588,3272,"Jersey & 3rd",40.72333158646436,-74.04595255851744,29531,"Subscriber",1987,2
235,"2018-12-04 18:44:10.8730","2018-12-04 18:48:06.7480",3183,"Exchange Place",40.7162469,-74.0334588,3267,"Morris Canal",40.7124188237569,-74.03852552175522,29214,"Subscriber",1990,1
253,"2018-12-04 18:44:45.4430","2018-12-04 18:48:58.5590",3183,"Exchange Place",40.7162469,-74.0334588,3276,"Marin Light Rail",40.71458403535893,-74.04281705617905,29457,"Subscriber",1982,1
763,"2018-12-04 18:47:02.8450","2018-12-04 18:59:46.3720",3183,"Exchange Place",40.7162469,-74.0334588,3278,"Monmouth and 6th",40.72568548362901,-74.04879033565521,29275,"Subscriber",1980,2
446,"2018-12-04 18:59:59.0640","2018-12-04 19:07:25.7030",3183,"Exchange Place",40.7162469,-74.0334588,3185,"City Hall",40.7177325,-74.043845,29224,"Subscriber",1992,2
232,"2018-12-04 19:13:46.3350","2018-12-04 19:17:38.8300",3183,"Exchange Place",40.7162469,-74.0334588,3267,"Morris Canal",40.7124188237569,-74.03852552175522,29272,"Subscriber",1990,1
401,"2018-12-04 19:20:18.2730","2018-12-04 19:26:59.6120",3183,"Exchange Place",40.7162469,-74.0334588,3205,"JC Medical Center",40.71653978099194,-74.0496379137039,26251,"Subscriber",1985,1
237,"2018-12-04 19:23:42.5350","2018-12-04 19:27:39.8930",3183,"Exchange Place",40.7162469,-74.0334588,3187,"Warren St",40.7211236,-74.03805095,29640,"Subscriber",1975,1
236,"2018-12-04 19:24:15.3930","2018-12-04 19:28:12.3170",3183,"Exchange Place",40.7162469,-74.0334588,3267,"Morris Canal",40.7124188237569,-74.03852552175522,29439,"Subscriber",1988,2
226,"2018-12-04 19:34:44.0860","2018-12-04 19:38:30.1840",3183,"Exchange Place",40.7162469,-74.0334588,3267,"Morris Canal",40.7124188237569,-74.03852552175522,29472,"Subscriber",1971,1
224,"2018-12-04 19:52:22.7550","2018-12-04 19:56:07.6790",3183,"Exchange Place",40.7162469,-74.0334588,3185,"City Hall",40.7177325,-74.043845,26283,"Subscriber",1980,1
155,"2018-12-04 20:00:25.2050","2018-12-04 20:03:00.4700",3183,"Exchange Place",40.7162469,-74.0334588,3214,"Essex Light Rail",40.7127742,-74.0364857,26191,"Subscriber",1986,1
143,"2018-12-04 20:04:28.8130","2018-12-04 20:06:52.1110",3183,"Exchange Place",40.7162469,-74.0334588,3481,"York St",40.71649,-74.04105,29485,"Subscriber",1984,2
147,"2018-12-04 20:09:44.9290","2018-12-04 20:12:11.9860",3183,"Exchange Place",40.7162469,-74.0334588,3214,"Essex Light Rail",40.7127742,-74.0364857,26273,"Subscriber",1987,1
267,"2018-12-04 20:11:57.8650","2018-12-04 20:16:25.2210",3183,"Exchange Place",40.7162469,-74.0334588,3187,"Warren St",40.7211236,-74.03805095,29606,"Subscriber",1990,1
360,"2018-12-04 20:11:58.1690","2018-12-04 20:17:58.6730",3183,"Exchange Place",40.7162469,-74.0334588,3267,"Morris Canal",40.7124188237569,-74.03852552175522,29570,"Subscriber",1994,2
204,"2018-12-04 20:22:11.8340","2018-12-04 20:25:35.9100",3183,"Exchange Place",40.7162469,-74.0334588,3187,"Warren St",40.7211236,-74.03805095,29645,"Subscriber",1987,1
599,"2018-12-04 20:22:15.5970","2018-12-04 20:32:15.1160",3183,"Exchange Place",40.7162469,-74.0334588,3192,"Liberty Light Rail",40.7112423,-74.0557013,29509,"Subscriber",1981,2
394,"2018-12-04 20:25:37.7450","2018-12-04 20:32:11.8150",3183,"Exchange Place",40.7162469,-74.0334588,3202,"Newport PATH",40.7272235,-74.0337589,29584,"Subscriber",1982,1
139,"2018-12-04 20:28:03.4570","2018-12-04 20:30:22.9430",3183,"Exchange Place",40.7162469,-74.0334588,3214,"Essex Light Rail",40.7127742,-74.0364857,29198,"Subscriber",1984,1
427,"2018-12-04 20:33:48.3510","2018-12-04 20:40:55.9390",3183,"Exchange Place",40.7162469,-74.0334588,3279,"Dixon Mills",40.721630142638354,-74.04996782541275,29675,"Subscriber",1949,1
199,"2018-12-04 20:35:02.2010","2018-12-04 20:38:21.2270",3183,"Exchange Place",40.7162469,-74.0334588,3267,"Morris Canal",40.7124188237569,-74.03852552175522,26236,"Subscriber",1972,1
156,"2018-12-04 20:38:15.1920","2018-12-04 20:40:51.8190",3183,"Exchange Place",40.7162469,-74.0334588,3275,"Columbus Drive",40.71835519823214,-74.03891444206238,26164,"Subscriber",1981,1
155,"2018-12-04 20:45:34.3460","2018-12-04 20:48:09.7590",3183,"Exchange Place",40.7162469,-74.0334588,3639,"Harborside",40.7192517,-74.034234,29550,"Subscriber",1989,1
381,"2018-12-04 21:49:09.6310","2018-12-04 21:55:30.6350",3183,"Exchange Place",40.7162469,-74.0334588,3199,"Newport Pkwy",40.7287448,-74.0321082,29678,"Subscriber",1989,1
164,"2018-12-04 22:03:06.6100","2018-12-04 22:05:51.1190",3183,"Exchange Place",40.7162469,-74.0334588,3214,"Essex Light Rail",40.7127742,-74.0364857,26186,"Subscriber",1973,1
157,"2018-12-04 22:18:28.2510","2018-12-04 22:21:06.0240",3183,"Exchange Place",40.7162469,-74.0334588,3639,"Harborside",40.7192517,-74.034234,26273,"Subscriber",1988,1
196,"2018-12-04 23:04:18.1480","2018-12-04 23:07:34.3450",3183,"Exchange Place",40.7162469,-74.0334588,3481,"York St",40.71649,-74.04105,29288,"Subscriber",1986,1
235,"2018-12-04 23:32:35.5020","2018-12-04 23:36:30.8640",3183,"Exchange Place",40.7162469,-74.0334588,3481,"York St",40.71649,-74.04105,29304,"Subscriber",1954,2
342,"2018-12-05 07:35:01.9210","2018-12-05 07:40:44.0930",3183,"Exchange Place",40.7162469,-74.0334588,3202,"Newport PATH",40.7272235,-74.0337589,29482,"Subscriber",1980,1
671,"2018-12-05 12:10:06.4540","2018-12-05 12:21:17.8650",3183,"Exchange Place",40.7162469,-74.0334588,3278,"Monmouth and 6th",40.72568548362901,-74.04879033565521,29499,"Subscriber",1969,0
248,"2018-12-05 12:12:23.4740","2018-12-05 12:16:32.2980",3183,"Exchange Place",40.7162469,-74.0334588,3276,"Marin Light Rail",40.71458403535893,-74.04281705617905,29298,"Subscriber",1993,1
371,"2018-12-05 12:25:14.9010","2018-12-05 12:31:26.1730",3183,"Exchange Place",40.7162469,-74.0334588,3183,"Exchange Place",40.7162469,-74.0334588,26223,"Subscriber",1984,1
411,"2018-12-05 13:06:27.2380","2018-12-05 13:13:18.8660",3183,"Exchange Place",40.7162469,-74.0334588,3202,"Newport PATH",40.7272235,-74.0337589,29272,"Subscriber",1987,2
316,"2018-12-05 15:10:45.1080","2018-12-05 15:16:01.1570",3183,"Exchange Place",40.7162469,-74.0334588,3267,"Morris Canal",40.7124188237569,-74.03852552175522,26273,"Subscriber",1983,1
635,"2018-12-05 15:39:52.6910","2018-12-05 15:50:28.4780",3183,"Exchange Place",40.7162469,-74.0334588,3276,"Marin Light Rail",40.71458403535893,-74.04281705617905,26284,"Subscriber",1985,1
668,"2018-12-05 16:19:33.5920","2018-12-05 16:30:42.4610",3183,"Exchange Place",40.7162469,-74.0334588,3192,"Liberty Light Rail",40.7112423,-74.0557013,29485,"Subscriber",1980,1
274,"2018-12-05 16:53:16.9900","2018-12-05 16:57:51.7680",3183,"Exchange Place",40.7162469,-74.0334588,3214,"Essex Light Rail",40.7127742,-74.0364857,29536,"Subscriber",1980,2
278,"2018-12-05 17:03:19.8830","2018-12-05 17:07:58.0730",3183,"Exchange Place",40.7162469,-74.0334588,3267,"Morris Canal",40.7124188237569,-74.03852552175522,29455,"Subscriber",1976,2
479,"2018-12-05 17:13:36.8090","2018-12-05 17:21:36.4640",3183,"Exchange Place",40.7162469,-74.0334588,3203,"Hamilton Park",40.727595966,-74.044247311,26204,"Subscriber",1956,1
940,"2018-12-05 17:15:12.1950","2018-12-05 17:30:52.2320",3183,"Exchange Place",40.7162469,-74.0334588,3276,"Marin Light Rail",40.71458403535893,-74.04281705617905,33781,"Subscriber",1962,1
116,"2018-12-05 17:27:27.2000","2018-12-05 17:29:23.5580",3183,"Exchange Place",40.7162469,-74.0334588,3639,"Harborside",40.7192517,-74.034234,29219,"Subscriber",1969,0
132,"2018-12-05 17:27:34.1130","2018-12-05 17:29:46.1900",3183,"Exchange Place",40.7162469,-74.0334588,3214,"Essex Light Rail",40.7127742,-74.0364857,29602,"Subscriber",1984,1
618,"2018-12-05 17:31:23.5370","2018-12-05 17:41:42.1460",3183,"Exchange Place",40.7162469,-74.0334588,3199,"Newport Pkwy",40.7287448,-74.0321082,29533,"Subscriber",1996,2
679,"2018-12-05 17:32:41.7430","2018-12-05 17:44:01.4390",3183,"Exchange Place",40.7162469,-74.0334588,3278,"Monmouth and 6th",40.72568548362901,-74.04879033565521,26227,"Subscriber",1969,0
268,"2018-12-05 17:41:58.1210","2018-12-05 17:46:26.6980",3183,"Exchange Place",40.7162469,-74.0334588,3267,"Morris Canal",40.7124188237569,-74.03852552175522,26247,"Subscriber",1992,1
333,"2018-12-05 17:44:07.1510","2018-12-05 17:49:40.3230",3183,"Exchange Place",40.7162469,-74.0334588,3276,"Marin Light Rail",40.71458403535893,-74.04281705617905,29594,"Subscriber",1986,1
1316,"2018-12-05 17:48:03.9470","2018-12-05 18:10:00.1710",3183,"Exchange Place",40.7162469,-74.0334588,3192,"Liberty Light Rail",40.7112423,-74.0557013,26236,"Subscriber",1971,2
718,"2018-12-05 17:51:29.6010","2018-12-05 18:03:28.5620",3183,"Exchange Place",40.7162469,-74.0334588,3192,"Liberty Light Rail",40.7112423,-74.0557013,26233,"Subscriber",1990,1
232,"2018-12-05 17:59:06.8210","2018-12-05 18:02:59.2910",3183,"Exchange Place",40.7162469,-74.0334588,3187,"Warren St",40.7211236,-74.03805095,26302,"Subscriber",1975,1
259,"2018-12-05 18:07:44.8370","2018-12-05 18:12:04.2520",3183,"Exchange Place",40.7162469,-74.0334588,3187,"Warren St",40.7211236,-74.03805095,29549,"Subscriber",1979,1
687,"2018-12-05 18:12:40.4430","2018-12-05 18:24:08.1700",3183,"Exchange Place",40.7162469,-74.0334588,3192,"Liberty Light Rail",40.7112423,-74.0557013,26172,"Subscriber",1985,1
248,"2018-12-05 18:15:22.9440","2018-12-05 18:19:31.5410",3183,"Exchange Place",40.7162469,-74.0334588,3267,"Morris Canal",40.7124188237569,-74.03852552175522,26225,"Subscriber",1981,0
300,"2018-12-05 18:26:05.0560","2018-12-05 18:31:05.0720",3183,"Exchange Place",40.7162469,-74.0334588,3276,"Marin Light Rail",40.71458403535893,-74.04281705617905,29496,"Subscriber",1984,1
223,"2018-12-05 18:34:40.8470","2018-12-05 18:38:24.2630",3183,"Exchange Place",40.7162469,-74.0334588,3267,"Morris Canal",40.7124188237569,-74.03852552175522,26223,"Subscriber",1990,1
305,"2018-12-05 18:39:58.9290","2018-12-05 18:45:04.8340",3183,"Exchange Place",40.7162469,-74.0334588,3638,"Washington St",40.7242941,-74.0354826,26280,"Subscriber",1977,1
149,"2018-12-05 18:40:26.4120","2018-12-05 18:42:56.3570",3183,"Exchange Place",40.7162469,-74.0334588,3214,"Essex Light Rail",40.7127742,-74.0364857,29440,"Subscriber",1972,1
196,"2018-12-05 18:56:08.9680","2018-12-05 18:59:25.0540",3183,"Exchange Place",40.7162469,-74.0334588,3185,"City Hall",40.7177325,-74.043845,29293,"Subscriber",1980,1
229,"2018-12-05 18:58:52.7340","2018-12-05 19:02:42.4280",3183,"Exchange Place",40.7162469,-74.0334588,3187,"Warren St",40.7211236,-74.03805095,29468,"Subscriber",1972,1
269,"2018-12-05 19:00:18.8440","2018-12-05 19:04:48.3010",3183,"Exchange Place",40.7162469,-74.0334588,3481,"York St",40.71649,-74.04105,26264,"Subscriber",1968,2
258,"2018-12-05 19:00:45.9520","2018-12-05 19:05:04.5310",3183,"Exchange Place",40.7162469,-74.0334588,3267,"Morris Canal",40.7124188237569,-74.03852552175522,26211,"Subscriber",1973,1
336,"2018-12-05 19:14:46.7310","2018-12-05 19:20:23.3310",3183,"Exchange Place",40.7162469,-74.0334588,3267,"Morris Canal",40.7124188237569,-74.03852552175522,26257,"Subscriber",1982,1
129,"2018-12-05 19:37:20.5900","2018-12-05 19:39:30.1200",3183,"Exchange Place",40.7162469,-74.0334588,3639,"Harborside",40.7192517,-74.034234,29241,"Subscriber",1971,2
259,"2018-12-05 19:47:24.8540","2018-12-05 19:51:44.1100",3183,"Exchange Place",40.7162469,-74.0334588,3276,"Marin Light Rail",40.71458403535893,-74.04281705617905,26203,"Subscriber",1982,1
565,"2018-12-05 19:49:32.6060","2018-12-05 19:58:57.7340",3183,"Exchange Place",40.7162469,-74.0334588,3213,"Van Vorst Park",40.71848892,-74.047726625,26186,"Subscriber",1992,2
302,"2018-12-05 20:15:22.6300","2018-12-05 20:20:24.6350",3183,"Exchange Place",40.7162469,-74.0334588,3267,"Morris Canal",40.7124188237569,-74.03852552175522,26197,"Subscriber",1977,1
151,"2018-12-05 20:21:44.0510","2018-12-05 20:24:15.1650",3183,"Exchange Place",40.7162469,-74.0334588,3639,"Harborside",40.7192517,-74.034234,29247,"Subscriber",1988,1
221,"2018-12-05 20:23:38.2050","2018-12-05 20:27:19.7070",3183,"Exchange Place",40.7162469,-74.0334588,3187,"Warren St",40.7211236,-74.03805095,29475,"Subscriber",1987,1
167,"2018-12-05 20:31:39.6610","2018-12-05 20:34:27.5980",3183,"Exchange Place",40.7162469,-74.0334588,3214,"Essex Light Rail",40.7127742,-74.0364857,29499,"Subscriber",1987,1
106,"2018-12-05 20:39:06.5290","2018-12-05 20:40:53.2750",3183,"Exchange Place",40.7162469,-74.0334588,3639,"Harborside",40.7192517,-74.034234,26295,"Subscriber",1989,1
172,"2018-12-05 21:17:44.5610","2018-12-05 21:20:37.5350",3183,"Exchange Place",40.7162469,-74.0334588,3214,"Essex Light Rail",40.7127742,-74.0364857,29540,"Subscriber",1960,1
219,"2018-12-05 21:18:42.3400","2018-12-05 21:22:21.8390",3183,"Exchange Place",40.7162469,-74.0334588,3267,"Morris Canal",40.7124188237569,-74.03852552175522,29219,"Subscriber",1955,1
360,"2018-12-05 22:03:42.3390","2018-12-05 22:09:43.3300",3183,"Exchange Place",40.7162469,-74.0334588,3186,"Grove St PATH",40.71958611647166,-74.04311746358871,26318,"Subscriber",1977,1
1652,"2018-12-06 00:03:42.8430","2018-12-06 00:31:15.4390",3183,"Exchange Place",40.7162469,-74.0334588,3268,"Lafayette Park",40.71346382669195,-74.06285852193832,29546,"Subscriber",1995,2
884,"2018-12-06 00:08:44.6310","2018-12-06 00:23:29.2280",3183,"Exchange Place",40.7162469,-74.0334588,3268,"Lafayette Park",40.71346382669195,-74.06285852193832,26307,"Customer",1991,1
854,"2018-12-06 00:09:14.8710","2018-12-06 00:23:29.1790",3183,"Exchange Place",40.7162469,-74.0334588,3268,"Lafayette Park",40.71346382669195,-74.06285852193832,29212,"Customer",1991,1
128,"2018-12-06 07:30:48.8570","2018-12-06 07:32:57.3620",3183,"Exchange Place",40.7162469,-74.0334588,3184,"Paulus Hook",40.7141454,-74.0335519,29606,"Subscriber",1966,1
374,"2018-12-06 08:04:45.2860","2018-12-06 08:10:59.9940",3183,"Exchange Place",40.7162469,-74.0334588,3279,"Dixon Mills",40.721630142638354,-74.04996782541275,29296,"Subscriber",1987,1
335,"2018-12-06 09:17:26.1140","2018-12-06 09:23:01.4480",3183,"Exchange Place",40.7162469,-74.0334588,3187,"Warren St",40.7211236,-74.03805095,29549,"Subscriber",1973,1
85,"2018-12-06 09:50:41.3720","2018-12-06 09:52:06.9420",3183,"Exchange Place",40.7162469,-74.0334588,3639,"Harborside",40.7192517,-74.034234,29645,"Subscriber",1963,1
329,"2018-12-06 11:50:56.7000","2018-12-06 11:56:26.6690",3183,"Exchange Place",40.7162469,-74.0334588,3187,"Warren St",40.7211236,-74.03805095,29257,"Subscriber",1969,0
252,"2018-12-06 12:04:25.8240","2018-12-06 12:08:37.9810",3183,"Exchange Place",40.7162469,-74.0334588,3185,"City Hall",40.7177325,-74.043845,26287,"Subscriber",1977,2
282,"2018-12-06 13:26:27.7880","2018-12-06 13:31:10.1190",3183,"Exchange Place",40.7162469,-74.0334588,3186,"Grove St PATH",40.71958611647166,-74.04311746358871,29540,"Subscriber",1987,1
1597,"2018-12-06 13:46:13.0890","2018-12-06 14:12:50.6780",3183,"Exchange Place",40.7162469,-74.0334588,3483,"Montgomery St",40.71942,-74.05099,29237,"Subscriber",1958,1
591,"2018-12-06 14:08:46.9380","2018-12-06 14:18:37.9580",3183,"Exchange Place",40.7162469,-74.0334588,3276,"Marin Light Rail",40.71458403535893,-74.04281705617905,29589,"Subscriber",1985,1
285,"2018-12-06 15:35:10.5080","2018-12-06 15:39:55.8800",3183,"Exchange Place",40.7162469,-74.0334588,3187,"Warren St",40.7211236,-74.03805095,29289,"Subscriber",1979,1
419,"2018-12-06 15:53:50.3630","2018-12-06 16:00:49.6570",3183,"Exchange Place",40.7162469,-74.0334588,3186,"Grove St PATH",40.71958611647166,-74.04311746358871,29487,"Subscriber",1958,1
839,"2018-12-06 16:43:17.1730","2018-12-06 16:57:16.9540",3183,"Exchange Place",40.7162469,-74.0334588,3203,"Hamilton Park",40.727595966,-74.044247311,29597,"Subscriber",1972,1
149,"2018-12-06 16:51:43.3820","2018-12-06 16:54:13.2220",3183,"Exchange Place",40.7162469,-74.0334588,3184,"Paulus Hook",40.7141454,-74.0335519,29214,"Subscriber",1960,1
577,"2018-12-06 17:14:29.3770","2018-12-06 17:24:07.3530",3183,"Exchange Place",40.7162469,-74.0334588,3192,"Liberty Light Rail",40.7112423,-74.0557013,29583,"Subscriber",1985,1
342,"2018-12-06 17:19:24.5280","2018-12-06 17:25:07.2550",3183,"Exchange Place",40.7162469,-74.0334588,3273,"Manila & 1st",40.721650724879986,-74.04288411140442,29588,"Subscriber",1980,1
327,"2018-12-06 17:23:42.6580","2018-12-06 17:29:09.6780",3183,"Exchange Place",40.7162469,-74.0334588,3214,"Essex Light Rail",40.7127742,-74.0364857,29224,"Customer",1969,0
304,"2018-12-06 17:42:54.4780","2018-12-06 17:47:58.6910",3183,"Exchange Place",40.7162469,-74.0334588,3187,"Warren St",40.7211236,-74.03805095,26269,"Subscriber",1990,1
1134,"2018-12-06 17:51:27.6090","2018-12-06 18:10:22.1110",3183,"Exchange Place",40.7162469,-74.0334588,3203,"Hamilton Park",40.727595966,-74.044247311,26281,"Subscriber",1977,1
183,"2018-12-06 17:54:48.4810","2018-12-06 17:57:51.8890",3183,"Exchange Place",40.7162469,-74.0334588,3681,"Grand St",40.71517767732029,-74.03768330812454,29669,"Subscriber",1981,1
263,"2018-12-06 18:01:09.3150","2018-12-06 18:05:32.6630",3183,"Exchange Place",40.7162469,-74.0334588,3276,"Marin Light Rail",40.71458403535893,-74.04281705617905,29281,"Subscriber",1982,1
454,"2018-12-06 18:07:56.5200","2018-12-06 18:15:31.0340",3183,"Exchange Place",40.7162469,-74.0334588,3267,"Morris Canal",40.7124188237569,-74.03852552175522,29581,"Subscriber",1961,2
256,"2018-12-06 18:28:43.1610","2018-12-06 18:32:59.8110",3183,"Exchange Place",40.7162469,-74.0334588,3187,"Warren St",40.7211236,-74.03805095,26296,"Subscriber",1975,1
196,"2018-12-06 18:39:27.3110","2018-12-06 18:42:44.0820",3183,"Exchange Place",40.7162469,-74.0334588,3267,"Morris Canal",40.7124188237569,-74.03852552175522,29453,"Subscriber",1980,1
236,"2018-12-06 18:43:44.2110","2018-12-06 18:47:40.4060",3183,"Exchange Place",40.7162469,-74.0334588,3187,"Warren St",40.7211236,-74.03805095,26173,"Subscriber",1972,1
226,"2018-12-06 18:43:50.9710","2018-12-06 18:47:37.7260",3183,"Exchange Place",40.7162469,-74.0334588,3276,"Marin Light Rail",40.71458403535893,-74.04281705617905,29220,"Subscriber",1981,1
405,"2018-12-06 18:57:55.6940","2018-12-06 19:04:41.3510",3183,"Exchange Place",40.7162469,-74.0334588,3276,"Marin Light Rail",40.71458403535893,-74.04281705617905,29266,"Subscriber",1984,1
258,"2018-12-06 19:03:51.0270","2018-12-06 19:08:09.6620",3183,"Exchange Place",40.7162469,-74.0334588,3267,"Morris Canal",40.7124188237569,-74.03852552175522,29474,"Subscriber",1981,0
169,"2018-12-06 19:21:27.0630","2018-12-06 19:24:16.5560",3183,"Exchange Place",40.7162469,-74.0334588,3214,"Essex Light Rail",40.7127742,-74.0364857,29500,"Subscriber",1987,1
243,"2018-12-06 19:22:21.0200","2018-12-06 19:26:24.7780",3183,"Exchange Place",40.7162469,-74.0334588,3185,"City Hall",40.7177325,-74.043845,26234,"Subscriber",1983,1
261,"2018-12-06 19:35:27.5550","2018-12-06 19:39:48.5850",3183,"Exchange Place",40.7162469,-74.0334588,3214,"Essex Light Rail",40.7127742,-74.0364857,29654,"Subscriber",1986,1
233,"2018-12-06 19:45:21.2100","2018-12-06 19:49:14.7110",3183,"Exchange Place",40.7162469,-74.0334588,3267,"Morris Canal",40.7124188237569,-74.03852552175522,26160,"Subscriber",1980,1
179,"2018-12-06 19:49:56.8560","2018-12-06 19:52:56.3030",3183,"Exchange Place",40.7162469,-74.0334588,3183,"Exchange Place",40.7162469,-74.0334588,26263,"Subscriber",1958,1
268,"2018-12-06 19:53:09.9550","2018-12-06 19:57:38.0770",3183,"Exchange Place",40.7162469,-74.0334588,3267,"Morris Canal",40.7124188237569,-74.03852552175522,29573,"Subscriber",1958,1
234,"2018-12-06 20:38:33.5180","2018-12-06 20:42:28.4150",3183,"Exchange Place",40.7162469,-74.0334588,3187,"Warren St",40.7211236,-74.03805095,29249,"Subscriber",1975,1
348,"2018-12-06 20:48:20.1980","2018-12-06 20:54:08.5200",3183,"Exchange Place",40.7162469,-74.0334588,3638,"Washington St",40.7242941,-74.0354826,29475,"Subscriber",1956,1
199,"2018-12-06 21:08:43.5850","2018-12-06 21:12:02.7770",3183,"Exchange Place",40.7162469,-74.0334588,3187,"Warren St",40.7211236,-74.03805095,26280,"Subscriber",1990,1
306,"2018-12-06 21:12:12.2780","2018-12-06 21:17:19.0420",3183,"Exchange Place",40.7162469,-74.0334588,3267,"Morris Canal",40.7124188237569,-74.03852552175522,29520,"Subscriber",1980,2
183,"2018-12-06 21:39:03.6110","2018-12-06 21:42:07.2860",3183,"Exchange Place",40.7162469,-74.0334588,3214,"Essex Light Rail",40.7127742,-74.0364857,29293,"Subscriber",1954,2
291,"2018-12-06 21:40:20.7500","2018-12-06 21:45:12.4810",3183,"Exchange Place",40.7162469,-74.0334588,3481,"York St",40.71649,-74.04105,29234,"Subscriber",1968,2
264,"2018-12-06 21:47:57.3730","2018-12-06 21:52:22.2390",3183,"Exchange Place",40.7162469,-74.0334588,3275,"Columbus Drive",40.71835519823214,-74.03891444206238,26246,"Subscriber",1987,1
332,"2018-12-06 21:49:16.6480","2018-12-06 21:54:49.3290",3183,"Exchange Place",40.7162469,-74.0334588,3267,"Morris Canal",40.7124188237569,-74.03852552175522,28164,"Subscriber",1992,1
261,"2018-12-06 22:08:04.4640","2018-12-06 22:12:25.5290",3183,"Exchange Place",40.7162469,-74.0334588,3267,"Morris Canal",40.7124188237569,-74.03852552175522,26197,"Subscriber",1989,2
150,"2018-12-07 07:41:11.3820","2018-12-07 07:43:42.0550",3183,"Exchange Place",40.7162469,-74.0334588,3184,"Paulus Hook",40.7141454,-74.0335519,29507,"Subscriber",1966,1
76,"2018-12-07 08:13:55.4800","2018-12-07 08:15:11.7950",3183,"Exchange Place",40.7162469,-74.0334588,3184,"Paulus Hook",40.7141454,-74.0335519,29587,"Subscriber",1975,1
1380,"2018-12-07 08:41:31.3530","2018-12-07 09:04:31.6460",3183,"Exchange Place",40.7162469,-74.0334588,3183,"Exchange Place",40.7162469,-74.0334588,29509,"Subscriber",1984,1
398,"2018-12-07 09:03:25.7780","2018-12-07 09:10:03.8140",3183,"Exchange Place",40.7162469,-74.0334588,3202,"Newport PATH",40.7272235,-74.0337589,29641,"Subscriber",1970,1
309,"2018-12-07 11:48:43.0270","2018-12-07 11:53:52.1890",3183,"Exchange Place",40.7162469,-74.0334588,3638,"Washington St",40.7242941,-74.0354826,26242,"Subscriber",1969,2
160,"2018-12-07 11:54:00.2070","2018-12-07 11:56:40.9780",3183,"Exchange Place",40.7162469,-74.0334588,3275,"Columbus Drive",40.71835519823214,-74.03891444206238,29662,"Subscriber",1978,1
3211,"2018-12-07 12:51:17.7830","2018-12-07 13:44:48.9090",3183,"Exchange Place",40.7162469,-74.0334588,3183,"Exchange Place",40.7162469,-74.0334588,29573,"Subscriber",1980,1
417,"2018-12-07 15:37:29.8790","2018-12-07 15:44:27.5680",3183,"Exchange Place",40.7162469,-74.0334588,3211,"Newark Ave",40.72152515,-74.046304543,29472,"Subscriber",1989,1
534,"2018-12-07 15:48:10.4490","2018-12-07 15:57:05.1670",3183,"Exchange Place",40.7162469,-74.0334588,3276,"Marin Light Rail",40.71458403535893,-74.04281705617905,29520,"Subscriber",1982,1
420,"2018-12-07 16:34:21.1740","2018-12-07 16:41:21.3170",3183,"Exchange Place",40.7162469,-74.0334588,3267,"Morris Canal",40.7124188237569,-74.03852552175522,29607,"Subscriber",1968,1
540,"2018-12-07 16:57:02.5220","2018-12-07 17:06:02.8810",3183,"Exchange Place",40.7162469,-74.0334588,3269,"Brunswick & 6th",40.72601172964625,-74.05038893222809,26257,"Subscriber",1976,1
230,"2018-12-07 17:19:41.5510","2018-12-07 17:23:31.6930",3183,"Exchange Place",40.7162469,-74.0334588,3187,"Warren St",40.7211236,-74.03805095,29602,"Subscriber",1975,1
404,"2018-12-07 17:22:42.4880","2018-12-07 17:29:26.7050",3183,"Exchange Place",40.7162469,-74.0334588,3187,"Warren St",40.7211236,-74.03805095,26213,"Subscriber",1996,2
286,"2018-12-07 17:48:40.3920","2018-12-07 17:53:26.7820",3183,"Exchange Place",40.7162469,-74.0334588,3187,"Warren St",40.7211236,-74.03805095,29455,"Subscriber",1990,1
308,"2018-12-07 17:52:04.5290","2018-12-07 17:57:13.1220",3183,"Exchange Place",40.7162469,-74.0334588,3276,"Marin Light Rail",40.71458403535893,-74.04281705617905,29247,"Subscriber",1982,1
258,"2018-12-07 17:52:45.5210","2018-12-07 17:57:03.7750",3183,"Exchange Place",40.7162469,-74.0334588,3187,"Warren St",40.7211236,-74.03805095,29489,"Subscriber",1988,1
406,"2018-12-07 18:02:00.7700","2018-12-07 18:08:47.4450",3183,"Exchange Place",40.7162469,-74.0334588,3186,"Grove St PATH",40.71958611647166,-74.04311746358871,29653,"Subscriber",1991,1
289,"2018-12-07 18:04:12.6160","2018-12-07 18:09:02.4600",3183,"Exchange Place",40.7162469,-74.0334588,3187,"Warren St",40.7211236,-74.03805095,29500,"Subscriber",1979,1
291,"2018-12-07 18:12:29.0400","2018-12-07 18:17:20.1260",3183,"Exchange Place",40.7162469,-74.0334588,3187,"Warren St",40.7211236,-74.03805095,29496,"Subscriber",1980,1
258,"2018-12-07 18:53:01.7640","2018-12-07 18:57:20.5640",3183,"Exchange Place",40.7162469,-74.0334588,3638,"Washington St",40.7242941,-74.0354826,29198,"Subscriber",1977,1
214,"2018-12-07 18:54:33.5440","2018-12-07 18:58:08.5150",3183,"Exchange Place",40.7162469,-74.0334588,3276,"Marin Light Rail",40.71458403535893,-74.04281705617905,29499,"Subscriber",1981,1
273,"2018-12-07 19:15:46.6220","2018-12-07 19:20:20.5840",3183,"Exchange Place",40.7162469,-74.0334588,3185,"City Hall",40.7177325,-74.043845,26307,"Subscriber",1980,1
259,"2018-12-07 19:20:18.3260","2018-12-07 19:24:38.2990",3183,"Exchange Place",40.7162469,-74.0334588,3187,"Warren St",40.7211236,-74.03805095,29661,"Subscriber",1975,1
127,"2018-12-07 19:24:18.9930","2018-12-07 19:26:26.5980",3183,"Exchange Place",40.7162469,-74.0334588,3481,"York St",40.71649,-74.04105,29220,"Subscriber",1984,2
142,"2018-12-07 19:34:51.5100","2018-12-07 19:37:13.9850",3183,"Exchange Place",40.7162469,-74.0334588,3639,"Harborside",40.7192517,-74.034234,29275,"Subscriber",1988,1
456,"2018-12-07 19:41:35.0520","2018-12-07 19:49:12.0480",3183,"Exchange Place",40.7162469,-74.0334588,3202,"Newport PATH",40.7272235,-74.0337589,26253,"Subscriber",1991,1
1155,"2018-12-07 19:45:57.3220","2018-12-07 20:05:13.0090",3183,"Exchange Place",40.7162469,-74.0334588,3186,"Grove St PATH",40.71958611647166,-74.04311746358871,29519,"Subscriber",1969,0
203,"2018-12-07 20:00:43.7210","2018-12-07 20:04:07.4440",3183,"Exchange Place",40.7162469,-74.0334588,3481,"York St",40.71649,-74.04105,29635,"Subscriber",1987,2
402,"2018-12-07 20:06:43.1860","2018-12-07 20:13:25.2960",3183,"Exchange Place",40.7162469,-74.0334588,3186,"Grove St PATH",40.71958611647166,-74.04311746358871,29545,"Subscriber",1957,1
265,"2018-12-07 20:14:42.7190","2018-12-07 20:19:07.7820",3183,"Exchange Place",40.7162469,-74.0334588,3267,"Morris Canal",40.7124188237569,-74.03852552175522,26216,"Subscriber",1981,0
150,"2018-12-07 20:33:35.6610","2018-12-07 20:36:05.7290",3183,"Exchange Place",40.7162469,-74.0334588,3214,"Essex Light Rail",40.7127742,-74.0364857,26209,"Subscriber",1987,1
262,"2018-12-07 20:38:54.9150","2018-12-07 20:43:17.7670",3183,"Exchange Place",40.7162469,-74.0334588,3214,"Essex Light Rail",40.7127742,-74.0364857,29642,"Subscriber",1986,1
426,"2018-12-07 21:01:19.8830","2018-12-07 21:08:26.6460",3183,"Exchange Place",40.7162469,-74.0334588,3267,"Morris Canal",40.7124188237569,-74.03852552175522,26260,"Customer",1994,2
387,"2018-12-07 21:01:35.6580","2018-12-07 21:08:03.1900",3183,"Exchange Place",40.7162469,-74.0334588,3267,"Morris Canal",40.7124188237569,-74.03852552175522,26215,"Customer",1994,2
366,"2018-12-07 21:01:56.0330","2018-12-07 21:08:02.0810",3183,"Exchange Place",40.7162469,-74.0334588,3267,"Morris Canal",40.7124188237569,-74.03852552175522,29605,"Customer",1994,2
383,"2018-12-07 21:12:07.5390","2018-12-07 21:18:31.5300",3183,"Exchange Place",40.7162469,-74.0334588,3199,"Newport Pkwy",40.7287448,-74.0321082,29492,"Subscriber",1992,1
178,"2018-12-07 21:48:04.3800","2018-12-07 21:51:02.5410",3183,"Exchange Place",40.7162469,-74.0334588,3214,"Essex Light Rail",40.7127742,-74.0364857,26243,"Subscriber",1954,2
224,"2018-12-07 22:03:56.7350","2018-12-07 22:07:41.4270",3183,"Exchange Place",40.7162469,-74.0334588,3187,"Warren St",40.7211236,-74.03805095,29221,"Subscriber",1987,1
297,"2018-12-07 22:49:20.1060","2018-12-07 22:54:17.2510",3183,"Exchange Place",40.7162469,-74.0334588,3481,"York St",40.71649,-74.04105,29532,"Subscriber",1968,2
106,"2018-12-07 22:53:16.9030","2018-12-07 22:55:02.9690",3183,"Exchange Place",40.7162469,-74.0334588,3184,"Paulus Hook",40.7141454,-74.0335519,29492,"Subscriber",1969,0
251,"2018-12-07 23:46:51.8430","2018-12-07 23:51:03.0660",3183,"Exchange Place",40.7162469,-74.0334588,3186,"Grove St PATH",40.71958611647166,-74.04311746358871,29646,"Subscriber",1978,0
280,"2018-12-08 01:11:46.1230","2018-12-08 01:16:26.2270",3183,"Exchange Place",40.7162469,-74.0334588,3267,"Morris Canal",40.7124188237569,-74.03852552175522,26280,"Subscriber",1977,1
312,"2018-12-08 01:12:57.9870","2018-12-08 01:18:10.4890",3183,"Exchange Place",40.7162469,-74.0334588,3638,"Washington St",40.7242941,-74.0354826,26220,"Subscriber",1989,2
3814,"2018-12-08 09:32:56.1010","2018-12-08 10:36:31.0550",3183,"Exchange Place",40.7162469,-74.0334588,3002,"South End Ave & Liberty St",40.711512,-74.015756,29555,"Customer",1979,2
3800,"2018-12-08 09:32:56.2510","2018-12-08 10:36:16.2640",3183,"Exchange Place",40.7162469,-74.0334588,3002,"South End Ave & Liberty St",40.711512,-74.015756,29654,"Customer",1965,1
651,"2018-12-08 10:23:49.7970","2018-12-08 10:34:40.9940",3183,"Exchange Place",40.7162469,-74.0334588,3192,"Liberty Light Rail",40.7112423,-74.0557013,29573,"Subscriber",1975,1
156,"2018-12-08 12:28:17.9000","2018-12-08 12:30:54.8790",3183,"Exchange Place",40.7162469,-74.0334588,3681,"Grand St",40.71517767732029,-74.03768330812454,29471,"Subscriber",1966,1
253,"2018-12-08 13:37:54.6320","2018-12-08 13:42:08.1180",3183,"Exchange Place",40.7162469,-74.0334588,3267,"Morris Canal",40.7124188237569,-74.03852552175522,26221,"Subscriber",1964,1
427,"2018-12-08 16:21:37.0830","2018-12-08 16:28:44.3570",3183,"Exchange Place",40.7162469,-74.0334588,3202,"Newport PATH",40.7272235,-74.0337589,26206,"Subscriber",1975,1
257,"2018-12-08 17:28:29.0990","2018-12-08 17:32:46.4940",3183,"Exchange Place",40.7162469,-74.0334588,3185,"City Hall",40.7177325,-74.043845,29532,"Customer",1969,0
225,"2018-12-08 17:41:52.0070","2018-12-08 17:45:37.4180",3183,"Exchange Place",40.7162469,-74.0334588,3267,"Morris Canal",40.7124188237569,-74.03852552175522,29497,"Subscriber",1981,0
416,"2018-12-08 18:22:14.3760","2018-12-08 18:29:10.9700",3183,"Exchange Place",40.7162469,-74.0334588,3199,"Newport Pkwy",40.7287448,-74.0321082,29614,"Subscriber",1991,1
309,"2018-12-08 21:23:27.3130","2018-12-08 21:28:37.0270",3183,"Exchange Place",40.7162469,-74.0334588,3481,"York St",40.71649,-74.04105,29306,"Subscriber",1968,2
163,"2018-12-08 22:03:55.1270","2018-12-08 22:06:38.8680",3183,"Exchange Place",40.7162469,-74.0334588,3639,"Harborside",40.7192517,-74.034234,26215,"Subscriber",1991,1
246,"2018-12-09 01:12:35.4970","2018-12-09 01:16:41.9920",3183,"Exchange Place",40.7162469,-74.0334588,3187,"Warren St",40.7211236,-74.03805095,29204,"Subscriber",1987,1
216,"2018-12-09 08:46:38.1710","2018-12-09 08:50:14.2350",3183,"Exchange Place",40.7162469,-74.0334588,3267,"Morris Canal",40.7124188237569,-74.03852552175522,29594,"Subscriber",1974,1
603,"2018-12-09 11:23:07.2430","2018-12-09 11:33:11.0700",3183,"Exchange Place",40.7162469,-74.0334588,3192,"Liberty Light Rail",40.7112423,-74.0557013,29533,"Subscriber",1975,1
8855,"2018-12-09 11:23:24.4510","2018-12-09 13:50:59.5440",3183,"Exchange Place",40.7162469,-74.0334588,3183,"Exchange Place",40.7162469,-74.0334588,29497,"Customer",1969,0
8815,"2018-12-09 11:24:02.1760","2018-12-09 13:50:57.3420",3183,"Exchange Place",40.7162469,-74.0334588,3183,"Exchange Place",40.7162469,-74.0334588,29545,"Customer",1969,0
232,"2018-12-09 12:02:48.0530","2018-12-09 12:06:40.8780",3183,"Exchange Place",40.7162469,-74.0334588,3481,"York St",40.71649,-74.04105,29458,"Subscriber",1961,1
471,"2018-12-09 12:03:45.4060","2018-12-09 12:11:37.1380",3183,"Exchange Place",40.7162469,-74.0334588,3199,"Newport Pkwy",40.7287448,-74.0321082,29453,"Subscriber",1983,2
418,"2018-12-09 12:21:16.8980","2018-12-09 12:28:14.9430",3183,"Exchange Place",40.7162469,-74.0334588,3273,"Manila & 1st",40.721650724879986,-74.04288411140442,29597,"Subscriber",1988,1
558,"2018-12-09 13:00:52.6550","2018-12-09 13:10:11.3840",3183,"Exchange Place",40.7162469,-74.0334588,3278,"Monmouth and 6th",40.72568548362901,-74.04879033565521,29453,"Customer",1981,1
212,"2018-12-09 13:02:38.4750","2018-12-09 13:06:11.3910",3183,"Exchange Place",40.7162469,-74.0334588,3187,"Warren St",40.7211236,-74.03805095,29123,"Subscriber",1990,1
1008,"2018-12-09 13:40:41.9820","2018-12-09 13:57:30.9060",3183,"Exchange Place",40.7162469,-74.0334588,3212,"Christ Hospital",40.734785818,-74.050443636,26288,"Subscriber",1963,1
306,"2018-12-09 14:22:09.3940","2018-12-09 14:27:16.2580",3183,"Exchange Place",40.7162469,-74.0334588,3276,"Marin Light Rail",40.71458403535893,-74.04281705617905,29656,"Subscriber",1979,1
286,"2018-12-09 14:41:07.6400","2018-12-09 14:45:54.4830",3183,"Exchange Place",40.7162469,-74.0334588,3276,"Marin Light Rail",40.71458403535893,-74.04281705617905,29607,"Subscriber",1991,1
249,"2018-12-09 15:21:14.4790","2018-12-09 15:25:24.2640",3183,"Exchange Place",40.7162469,-74.0334588,3186,"Grove St PATH",40.71958611647166,-74.04311746358871,26264,"Subscriber",1990,1
405,"2018-12-09 16:42:27.9890","2018-12-09 16:49:13.8620",3183,"Exchange Place",40.7162469,-74.0334588,3202,"Newport PATH",40.7272235,-74.0337589,26267,"Subscriber",1994,1
211,"2018-12-09 16:42:26.2620","2018-12-09 16:45:57.5620",3183,"Exchange Place",40.7162469,-74.0334588,3267,"Morris Canal",40.7124188237569,-74.03852552175522,29578,"Subscriber",1981,0
160,"2018-12-09 17:42:33.7070","2018-12-09 17:45:14.3420",3183,"Exchange Place",40.7162469,-74.0334588,3639,"Harborside",40.7192517,-74.034234,29124,"Subscriber",1983,2
128,"2018-12-09 17:43:08.8390","2018-12-09 17:45:17.0340",3183,"Exchange Place",40.7162469,-74.0334588,3639,"Harborside",40.7192517,-74.034234,29578,"Subscriber",1985,1
535,"2018-12-09 17:50:54.7910","2018-12-09 17:59:50.1690",3183,"Exchange Place",40.7162469,-74.0334588,3202,"Newport PATH",40.7272235,-74.0337589,29243,"Subscriber",1969,0
328,"2018-12-09 18:02:52.4520","2018-12-09 18:08:20.7000",3183,"Exchange Place",40.7162469,-74.0334588,3638,"Washington St",40.7242941,-74.0354826,29201,"Subscriber",1992,1
337,"2018-12-09 19:02:42.1020","2018-12-09 19:08:19.7240",3183,"Exchange Place",40.7162469,-74.0334588,3481,"York St",40.71649,-74.04105,29249,"Subscriber",1968,2
150,"2018-12-09 20:22:34.3920","2018-12-09 20:25:04.4030",3183,"Exchange Place",40.7162469,-74.0334588,3214,"Essex Light Rail",40.7127742,-74.0364857,29222,"Subscriber",1994,1
108,"2018-12-10 07:32:37.2770","2018-12-10 07:34:25.3650",3183,"Exchange Place",40.7162469,-74.0334588,3184,"Paulus Hook",40.7141454,-74.0335519,29595,"Subscriber",1966,1
210,"2018-12-10 11:44:09.2210","2018-12-10 11:47:39.8100",3183,"Exchange Place",40.7162469,-74.0334588,3275,"Columbus Drive",40.71835519823214,-74.03891444206238,29272,"Subscriber",1991,1
576,"2018-12-10 12:22:59.4310","2018-12-10 12:32:35.9640",3183,"Exchange Place",40.7162469,-74.0334588,3270,"Jersey & 6th St",40.72528910781132,-74.04557168483734,26234,"Subscriber",1987,2
318,"2018-12-10 14:37:37.0420","2018-12-10 14:42:55.0750",3183,"Exchange Place",40.7162469,-74.0334588,3267,"Morris Canal",40.7124188237569,-74.03852552175522,33744,"Subscriber",1992,1
174,"2018-12-10 14:47:23.8710","2018-12-10 14:50:18.4680",3183,"Exchange Place",40.7162469,-74.0334588,3681,"Grand St",40.71517767732029,-74.03768330812454,29306,"Subscriber",1979,2
360,"2018-12-10 15:52:54.3660","2018-12-10 15:58:54.8690",3183,"Exchange Place",40.7162469,-74.0334588,3186,"Grove St PATH",40.71958611647166,-74.04311746358871,29450,"Subscriber",1958,1
163,"2018-12-10 16:34:41.7010","2018-12-10 16:37:25.6800",3183,"Exchange Place",40.7162469,-74.0334588,3214,"Essex Light Rail",40.7127742,-74.0364857,29266,"Subscriber",1987,1
561,"2018-12-10 17:02:38.6960","2018-12-10 17:11:59.9790",3183,"Exchange Place",40.7162469,-74.0334588,3192,"Liberty Light Rail",40.7112423,-74.0557013,26292,"Subscriber",1985,1
251,"2018-12-10 17:07:34.1200","2018-12-10 17:11:46.1120",3183,"Exchange Place",40.7162469,-74.0334588,3186,"Grove St PATH",40.71958611647166,-74.04311746358871,29212,"Subscriber",1981,1
302,"2018-12-10 17:07:57.6710","2018-12-10 17:12:59.6950",3183,"Exchange Place",40.7162469,-74.0334588,3267,"Morris Canal",40.7124188237569,-74.03852552175522,29640,"Subscriber",1970,1
352,"2018-12-10 17:08:12.7090","2018-12-10 17:14:04.7280",3183,"Exchange Place",40.7162469,-74.0334588,3273,"Manila & 1st",40.721650724879986,-74.04288411140442,29623,"Subscriber",1971,1
327,"2018-12-10 17:21:16.5020","2018-12-10 17:26:43.5270",3183,"Exchange Place",40.7162469,-74.0334588,3267,"Morris Canal",40.7124188237569,-74.03852552175522,29124,"Subscriber",1973,1
98,"2018-12-10 17:24:31.9420","2018-12-10 17:26:10.4080",3183,"Exchange Place",40.7162469,-74.0334588,3639,"Harborside",40.7192517,-74.034234,29605,"Subscriber",1969,0
152,"2018-12-10 17:32:35.2950","2018-12-10 17:35:07.6710",3183,"Exchange Place",40.7162469,-74.0334588,3214,"Essex Light Rail",40.7127742,-74.0364857,29640,"Subscriber",1960,1
2097,"2018-12-10 17:47:22.4520","2018-12-10 18:22:19.7190",3183,"Exchange Place",40.7162469,-74.0334588,3186,"Grove St PATH",40.71958611647166,-74.04311746358871,29583,"Subscriber",1993,1
165,"2018-12-10 17:49:52.1050","2018-12-10 17:52:37.8440",3183,"Exchange Place",40.7162469,-74.0334588,3214,"Essex Light Rail",40.7127742,-74.0364857,29536,"Subscriber",1987,1
110,"2018-12-10 17:53:18.2640","2018-12-10 17:55:09.0430",3183,"Exchange Place",40.7162469,-74.0334588,3184,"Paulus Hook",40.7141454,-74.0335519,29123,"Subscriber",1969,0
262,"2018-12-10 17:56:12.0950","2018-12-10 18:00:34.3060",3183,"Exchange Place",40.7162469,-74.0334588,3187,"Warren St",40.7211236,-74.03805095,29545,"Subscriber",1979,1
643,"2018-12-10 17:56:12.6280","2018-12-10 18:06:56.3930",3183,"Exchange Place",40.7162469,-74.0334588,3192,"Liberty Light Rail",40.7112423,-74.0557013,33744,"Subscriber",1990,1
631,"2018-12-10 18:06:13.5790","2018-12-10 18:16:45.5230",3183,"Exchange Place",40.7162469,-74.0334588,3199,"Newport Pkwy",40.7287448,-74.0321082,26281,"Subscriber",1996,2
221,"2018-12-10 18:06:41.8700","2018-12-10 18:10:23.5930",3183,"Exchange Place",40.7162469,-74.0334588,3214,"Essex Light Rail",40.7127742,-74.0364857,29477,"Subscriber",1973,1
329,"2018-12-10 18:20:09.2120","2018-12-10 18:25:39.1670",3183,"Exchange Place",40.7162469,-74.0334588,3267,"Morris Canal",40.7124188237569,-74.03852552175522,29494,"Subscriber",1994,2
222,"2018-12-10 18:24:49.5290","2018-12-10 18:28:32.5050",3183,"Exchange Place",40.7162469,-74.0334588,3267,"Morris Canal",40.7124188237569,-74.03852552175522,26191,"Subscriber",1986,1
2615,"2018-12-10 18:27:27.6140","2018-12-10 19:11:03.6060",3183,"Exchange Place",40.7162469,-74.0334588,3207,"Oakland Ave",40.7376037,-74.0524783,29459,"Subscriber",1981,1
116,"2018-12-10 18:36:06.8380","2018-12-10 18:38:03.5510",3183,"Exchange Place",40.7162469,-74.0334588,3214,"Essex Light Rail",40.7127742,-74.0364857,29476,"Subscriber",1987,1
187,"2018-12-10 18:37:04.8450","2018-12-10 18:40:12.5290",3183,"Exchange Place",40.7162469,-74.0334588,3681,"Grand St",40.71517767732029,-74.03768330812454,29458,"Subscriber",1982,1
327,"2018-12-10 18:39:34.3130","2018-12-10 18:45:01.7150",3183,"Exchange Place",40.7162469,-74.0334588,3267,"Morris Canal",40.7124188237569,-74.03852552175522,26251,"Subscriber",1974,1
243,"2018-12-10 18:49:36.7740","2018-12-10 18:53:40.7710",3183,"Exchange Place",40.7162469,-74.0334588,3267,"Morris Canal",40.7124188237569,-74.03852552175522,26191,"Subscriber",1981,0
297,"2018-12-10 18:59:25.4410","2018-12-10 19:04:22.8580",3183,"Exchange Place",40.7162469,-74.0334588,3186,"Grove St PATH",40.71958611647166,-74.04311746358871,29577,"Subscriber",1969,0
452,"2018-12-10 18:59:40.5640","2018-12-10 19:07:13.2200",3183,"Exchange Place",40.7162469,-74.0334588,3187,"Warren St",40.7211236,-74.03805095,29546,"Subscriber",1975,1
429,"2018-12-10 18:59:45.9350","2018-12-10 19:06:55.3850",3183,"Exchange Place",40.7162469,-74.0334588,3267,"Morris Canal",40.7124188237569,-74.03852552175522,29593,"Subscriber",1976,1
908,"2018-12-10 19:00:11.6640","2018-12-10 19:15:20.3120",3183,"Exchange Place",40.7162469,-74.0334588,3214,"Essex Light Rail",40.7127742,-74.0364857,29477,"Subscriber",1963,1
158,"2018-12-10 19:15:23.4150","2018-12-10 19:18:01.5570",3183,"Exchange Place",40.7162469,-74.0334588,3639,"Harborside",40.7192517,-74.034234,29272,"Subscriber",1988,1
123,"2018-12-10 19:18:13.5450","2018-12-10 19:20:17.3960",3183,"Exchange Place",40.7162469,-74.0334588,3214,"Essex Light Rail",40.7127742,-74.0364857,26198,"Subscriber",1982,1
234,"2018-12-10 19:46:49.3290","2018-12-10 19:50:43.3950",3183,"Exchange Place",40.7162469,-74.0334588,3267,"Morris Canal",40.7124188237569,-74.03852552175522,29237,"Subscriber",1990,1
237,"2018-12-10 19:46:50.6650","2018-12-10 19:50:47.7220",3183,"Exchange Place",40.7162469,-74.0334588,3481,"York St",40.71649,-74.04105,29124,"Subscriber",1986,1
244,"2018-12-10 20:09:57.3810","2018-12-10 20:14:01.7990",3183,"Exchange Place",40.7162469,-74.0334588,3187,"Warren St",40.7211236,-74.03805095,26203,"Subscriber",1975,1
251,"2018-12-10 20:18:28.8610","2018-12-10 20:22:40.3990",3183,"Exchange Place",40.7162469,-74.0334588,3638,"Washington St",40.7242941,-74.0354826,26225,"Subscriber",1977,1
253,"2018-12-10 20:19:46.6800","2018-12-10 20:23:59.8090",3183,"Exchange Place",40.7162469,-74.0334588,3267,"Morris Canal",40.7124188237569,-74.03852552175522,29613,"Subscriber",1980,1
298,"2018-12-10 20:35:42.7090","2018-12-10 20:40:41.5150",3183,"Exchange Place",40.7162469,-74.0334588,3481,"York St",40.71649,-74.04105,29542,"Subscriber",1968,2
680,"2018-12-10 20:48:59.6390","2018-12-10 21:00:20.5760",3183,"Exchange Place",40.7162469,-74.0334588,3192,"Liberty Light Rail",40.7112423,-74.0557013,29604,"Subscriber",1993,2
109,"2018-12-10 21:20:55.9190","2018-12-10 21:22:45.0210",3183,"Exchange Place",40.7162469,-74.0334588,3639,"Harborside",40.7192517,-74.034234,26278,"Subscriber",1989,1
185,"2018-12-10 21:22:38.5950","2018-12-10 21:25:44.5670",3183,"Exchange Place",40.7162469,-74.0334588,3185,"City Hall",40.7177325,-74.043845,26247,"Subscriber",1980,1
140,"2018-12-10 22:23:51.3360","2018-12-10 22:26:12.0660",3183,"Exchange Place",40.7162469,-74.0334588,3214,"Essex Light Rail",40.7127742,-74.0364857,29455,"Subscriber",1987,1
455,"2018-12-10 22:38:46.6100","2018-12-10 22:46:22.3440",3183,"Exchange Place",40.7162469,-74.0334588,3214,"Essex Light Rail",40.7127742,-74.0364857,26278,"Subscriber",1977,1
260,"2018-12-11 00:40:26.1150","2018-12-11 00:44:46.7260",3183,"Exchange Place",40.7162469,-74.0334588,3214,"Essex Light Rail",40.7127742,-74.0364857,26164,"Subscriber",1993,1
340,"2018-12-11 04:23:03.6180","2018-12-11 04:28:44.5590",3183,"Exchange Place",40.7162469,-74.0334588,3183,"Exchange Place",40.7162469,-74.0334588,29286,"Subscriber",1975,1
1277,"2018-12-11 04:32:37.7780","2018-12-11 04:53:55.4930",3183,"Exchange Place",40.7162469,-74.0334588,3203,"Hamilton Park",40.727595966,-74.044247311,29507,"Subscriber",1995,1
1203,"2018-12-11 04:33:27.8710","2018-12-11 04:53:31.1110",3183,"Exchange Place",40.7162469,-74.0334588,3203,"Hamilton Park",40.727595966,-74.044247311,29286,"Customer",1969,0
127,"2018-12-11 07:31:37.5410","2018-12-11 07:33:45.2520",3183,"Exchange Place",40.7162469,-74.0334588,3184,"Paulus Hook",40.7141454,-74.0335519,29479,"Subscriber",1966,1
554,"2018-12-11 08:39:21.9970","2018-12-11 08:48:36.8100",3183,"Exchange Place",40.7162469,-74.0334588,3202,"Newport PATH",40.7272235,-74.0337589,29573,"Subscriber",1972,1
96,"2018-12-11 10:23:08.2670","2018-12-11 10:24:44.7030",3183,"Exchange Place",40.7162469,-74.0334588,3184,"Paulus Hook",40.7141454,-74.0335519,26251,"Subscriber",1983,1
279,"2018-12-11 10:42:07.1670","2018-12-11 10:46:46.2460",3183,"Exchange Place",40.7162469,-74.0334588,3267,"Morris Canal",40.7124188237569,-74.03852552175522,29640,"Subscriber",1960,2
219,"2018-12-11 11:08:06.3490","2018-12-11 11:11:45.4260",3183,"Exchange Place",40.7162469,-74.0334588,3187,"Warren St",40.7211236,-74.03805095,33744,"Subscriber",1976,1
158,"2018-12-11 11:51:21.1600","2018-12-11 11:53:59.8300",3183,"Exchange Place",40.7162469,-74.0334588,3275,"Columbus Drive",40.71835519823214,-74.03891444206238,29439,"Subscriber",1978,1
590,"2018-12-11 12:15:22.5660","2018-12-11 12:25:12.9590",3183,"Exchange Place",40.7162469,-74.0334588,3278,"Monmouth and 6th",40.72568548362901,-74.04879033565521,29672,"Subscriber",1969,0
146,"2018-12-11 13:28:36.0900","2018-12-11 13:31:02.7520",3183,"Exchange Place",40.7162469,-74.0334588,3275,"Columbus Drive",40.71835519823214,-74.03891444206238,29494,"Subscriber",1987,1
233,"2018-12-11 14:25:42.3130","2018-12-11 14:29:35.3340",3183,"Exchange Place",40.7162469,-74.0334588,3267,"Morris Canal",40.7124188237569,-74.03852552175522,26198,"Subscriber",1955,1
219,"2018-12-11 14:59:49.6900","2018-12-11 15:03:29.0630",3183,"Exchange Place",40.7162469,-74.0334588,3267,"Morris Canal",40.7124188237569,-74.03852552175522,29434,"Subscriber",1987,1
261,"2018-12-11 15:09:22.6570","2018-12-11 15:13:43.9770",3183,"Exchange Place",40.7162469,-74.0334588,3267,"Morris Canal",40.7124188237569,-74.03852552175522,29295,"Subscriber",1970,1
242,"2018-12-11 15:48:35.9750","2018-12-11 15:52:38.5110",3183,"Exchange Place",40.7162469,-74.0334588,3186,"Grove St PATH",40.71958611647166,-74.04311746358871,29207,"Subscriber",1958,1
268,"2018-12-11 16:40:43.1210","2018-12-11 16:45:11.7420",3183,"Exchange Place",40.7162469,-74.0334588,3267,"Morris Canal",40.7124188237569,-74.03852552175522,26198,"Subscriber",1976,2
159,"2018-12-11 16:43:35.1710","2018-12-11 16:46:14.9270",3183,"Exchange Place",40.7162469,-74.0334588,3214,"Essex Light Rail",40.7127742,-74.0364857,29483,"Subscriber",1987,1
611,"2018-12-11 16:59:36.2400","2018-12-11 17:09:47.5090",3183,"Exchange Place",40.7162469,-74.0334588,3192,"Liberty Light Rail",40.7112423,-74.0557013,29679,"Subscriber",1985,1
169,"2018-12-11 17:00:39.7030","2018-12-11 17:03:29.1950",3183,"Exchange Place",40.7162469,-74.0334588,3214,"Essex Light Rail",40.7127742,-74.0364857,29663,"Subscriber",1974,1
639,"2018-12-11 17:06:48.8450","2018-12-11 17:17:28.1820",3183,"Exchange Place",40.7162469,-74.0334588,3278,"Monmouth and 6th",40.72568548362901,-74.04879033565521,29434,"Subscriber",1969,0
333,"2018-12-11 17:10:45.4540","2018-12-11 17:16:18.7890",3183,"Exchange Place",40.7162469,-74.0334588,3267,"Morris Canal",40.7124188237569,-74.03852552175522,29602,"Subscriber",1973,1
656,"2018-12-11 17:15:39.9930","2018-12-11 17:26:36.9610",3183,"Exchange Place",40.7162469,-74.0334588,3192,"Liberty Light Rail",40.7112423,-74.0557013,26266,"Subscriber",1980,1
1604,"2018-12-11 17:18:52.7870","2018-12-11 17:45:37.4590",3183,"Exchange Place",40.7162469,-74.0334588,3186,"Grove St PATH",40.71958611647166,-74.04311746358871,29541,"Subscriber",1993,1
111,"2018-12-11 17:23:31.3360","2018-12-11 17:25:22.7980",3183,"Exchange Place",40.7162469,-74.0334588,3639,"Harborside",40.7192517,-74.034234,29476,"Subscriber",1969,0
329,"2018-12-11 17:25:00.7800","2018-12-11 17:30:29.8520",3183,"Exchange Place",40.7162469,-74.0334588,3267,"Morris Canal",40.7124188237569,-74.03852552175522,29491,"Customer",1985,1
433,"2018-12-11 17:28:22.4740","2018-12-11 17:35:36.3700",3183,"Exchange Place",40.7162469,-74.0334588,3270,"Jersey & 6th St",40.72528910781132,-74.04557168483734,29498,"Subscriber",1988,1
203,"2018-12-11 17:38:20.4780","2018-12-11 17:41:43.9100",3183,"Exchange Place",40.7162469,-74.0334588,3214,"Essex Light Rail",40.7127742,-74.0364857,29439,"Subscriber",1960,1
262,"2018-12-11 17:39:41.2130","2018-12-11 17:44:03.3760",3183,"Exchange Place",40.7162469,-74.0334588,3267,"Morris Canal",40.7124188237569,-74.03852552175522,26210,"Subscriber",1990,1
637,"2018-12-11 17:44:58.8430","2018-12-11 17:55:36.7780",3183,"Exchange Place",40.7162469,-74.0334588,3199,"Newport Pkwy",40.7287448,-74.0321082,26246,"Subscriber",1996,2
261,"2018-12-11 17:45:56.2320","2018-12-11 17:50:17.4100",3183,"Exchange Place",40.7162469,-74.0334588,3187,"Warren St",40.7211236,-74.03805095,29672,"Subscriber",1990,1
223,"2018-12-11 17:47:23.1940","2018-12-11 17:51:06.6350",3183,"Exchange Place",40.7162469,-74.0334588,3681,"Grand St",40.71517767732029,-74.03768330812454,26294,"Subscriber",1993,2
232,"2018-12-11 17:47:11.5640","2018-12-11 17:51:03.5940",3183,"Exchange Place",40.7162469,-74.0334588,3267,"Morris Canal",40.7124188237569,-74.03852552175522,29604,"Subscriber",1989,2
228,"2018-12-11 17:47:12.3250","2018-12-11 17:51:00.4010",3183,"Exchange Place",40.7162469,-74.0334588,3187,"Warren St",40.7211236,-74.03805095,29231,"Subscriber",1972,1
249,"2018-12-11 17:47:52.1600","2018-12-11 17:52:01.8900",3183,"Exchange Place",40.7162469,-74.0334588,3187,"Warren St",40.7211236,-74.03805095,29594,"Subscriber",1975,1
281,"2018-12-11 18:06:52.6920","2018-12-11 18:11:34.0300",3183,"Exchange Place",40.7162469,-74.0334588,3187,"Warren St",40.7211236,-74.03805095,29237,"Subscriber",1975,1
329,"2018-12-11 18:07:48.7390","2018-12-11 18:13:18.0990",3183,"Exchange Place",40.7162469,-74.0334588,3267,"Morris Canal",40.7124188237569,-74.03852552175522,29629,"Subscriber",1981,0
282,"2018-12-11 18:09:09.1500","2018-12-11 18:13:52.0720",3183,"Exchange Place",40.7162469,-74.0334588,3267,"Morris Canal",40.7124188237569,-74.03852552175522,29473,"Subscriber",1967,1
392,"2018-12-11 18:15:27.5840","2018-12-11 18:21:59.6880",3183,"Exchange Place",40.7162469,-74.0334588,3186,"Grove St PATH",40.71958611647166,-74.04311746358871,26244,"Subscriber",1970,1
482,"2018-12-11 18:21:48.2630","2018-12-11 18:29:51.2330",3183,"Exchange Place",40.7162469,-74.0334588,3202,"Newport PATH",40.7272235,-74.0337589,29440,"Subscriber",1991,1
172,"2018-12-11 18:37:39.0130","2018-12-11 18:40:31.3950",3183,"Exchange Place",40.7162469,-74.0334588,3639,"Harborside",40.7192517,-74.034234,26274,"Subscriber",1979,1
361,"2018-12-11 19:00:41.7860","2018-12-11 19:06:43.2780",3183,"Exchange Place",40.7162469,-74.0334588,3267,"Morris Canal",40.7124188237569,-74.03852552175522,29268,"Subscriber",1994,2
695,"2018-12-11 19:00:42.0280","2018-12-11 19:12:17.8690",3183,"Exchange Place",40.7162469,-74.0334588,3267,"Morris Canal",40.7124188237569,-74.03852552175522,29307,"Subscriber",1961,2
129,"2018-12-11 19:11:36.9290","2018-12-11 19:13:46.4990",3183,"Exchange Place",40.7162469,-74.0334588,3639,"Harborside",40.7192517,-74.034234,29482,"Subscriber",1988,1
285,"2018-12-11 19:11:56.8450","2018-12-11 19:16:42.7670",3183,"Exchange Place",40.7162469,-74.0334588,3214,"Essex Light Rail",40.7127742,-74.0364857,29296,"Subscriber",1993,1
207,"2018-12-11 19:19:38.9710","2018-12-11 19:23:06.0460",3183,"Exchange Place",40.7162469,-74.0334588,3214,"Essex Light Rail",40.7127742,-74.0364857,29595,"Subscriber",1987,1
231,"2018-12-11 19:23:38.1530","2018-12-11 19:27:29.5390",3183,"Exchange Place",40.7162469,-74.0334588,3681,"Grand St",40.71517767732029,-74.03768330812454,26215,"Subscriber",1986,1
422,"2018-12-11 19:35:48.6190","2018-12-11 19:42:51.4310",3183,"Exchange Place",40.7162469,-74.0334588,3199,"Newport Pkwy",40.7287448,-74.0321082,29264,"Subscriber",1989,1
273,"2018-12-11 19:47:32.1080","2018-12-11 19:52:05.7650",3183,"Exchange Place",40.7162469,-74.0334588,3481,"York St",40.71649,-74.04105,29594,"Subscriber",1968,2
111,"2018-12-11 20:41:00.4830","2018-12-11 20:42:52.0200",3183,"Exchange Place",40.7162469,-74.0334588,3639,"Harborside",40.7192517,-74.034234,26216,"Subscriber",1989,1
165,"2018-12-11 21:09:56.3170","2018-12-11 21:12:41.4850",3183,"Exchange Place",40.7162469,-74.0334588,3681,"Grand St",40.71517767732029,-74.03768330812454,29127,"Subscriber",1971,1
102,"2018-12-11 21:17:44.4070","2018-12-11 21:19:26.9350",3183,"Exchange Place",40.7162469,-74.0334588,3639,"Harborside",40.7192517,-74.034234,29599,"Subscriber",1963,1
500,"2018-12-11 21:23:55.7460","2018-12-11 21:32:16.0810",3183,"Exchange Place",40.7162469,-74.0334588,3278,"Monmouth and 6th",40.72568548362901,-74.04879033565521,26213,"Subscriber",1977,1
216,"2018-12-12 00:03:12.7630","2018-12-12 00:06:49.3280",3183,"Exchange Place",40.7162469,-74.0334588,3214,"Essex Light Rail",40.7127742,-74.0364857,26318,"Subscriber",1956,1
136,"2018-12-12 05:54:10.0930","2018-12-12 05:56:26.8710",3183,"Exchange Place",40.7162469,-74.0334588,3639,"Harborside",40.7192517,-74.034234,26255,"Subscriber",1971,2
139,"2018-12-12 07:39:53.3660","2018-12-12 07:42:13.0740",3183,"Exchange Place",40.7162469,-74.0334588,3184,"Paulus Hook",40.7141454,-74.0335519,26251,"Subscriber",1966,1
276,"2018-12-12 08:05:24.2310","2018-12-12 08:10:00.8970",3183,"Exchange Place",40.7162469,-74.0334588,3185,"City Hall",40.7177325,-74.043845,29594,"Subscriber",1986,1
69,"2018-12-12 08:29:12.7000","2018-12-12 08:30:22.3620",3183,"Exchange Place",40.7162469,-74.0334588,3184,"Paulus Hook",40.7141454,-74.0335519,29595,"Subscriber",1975,1
322,"2018-12-12 15:52:21.2390","2018-12-12 15:57:43.7310",3183,"Exchange Place",40.7162469,-74.0334588,3186,"Grove St PATH",40.71958611647166,-74.04311746358871,29250,"Subscriber",1958,1
384,"2018-12-12 16:19:40.8580","2018-12-12 16:26:05.1390",3183,"Exchange Place",40.7162469,-74.0334588,3183,"Exchange Place",40.7162469,-74.0334588,26298,"Subscriber",1969,0
99,"2018-12-12 16:47:16.3990","2018-12-12 16:48:55.4690",3183,"Exchange Place",40.7162469,-74.0334588,3184,"Paulus Hook",40.7141454,-74.0335519,29484,"Subscriber",1969,0
281,"2018-12-12 17:04:13.8890","2018-12-12 17:08:55.7570",3183,"Exchange Place",40.7162469,-74.0334588,3267,"Morris Canal",40.7124188237569,-74.03852552175522,29440,"Subscriber",1976,2
424,"2018-12-12 17:22:30.6000","2018-12-12 17:29:35.3040",3183,"Exchange Place",40.7162469,-74.0334588,3270,"Jersey & 6th St",40.72528910781132,-74.04557168483734,29673,"Subscriber",1988,1
105,"2018-12-12 17:25:55.7790","2018-12-12 17:27:41.1460",3183,"Exchange Place",40.7162469,-74.0334588,3639,"Harborside",40.7192517,-74.034234,26247,"Subscriber",1969,0
551,"2018-12-12 17:30:39.0250","2018-12-12 17:39:50.1420",3183,"Exchange Place",40.7162469,-74.0334588,3278,"Monmouth and 6th",40.72568548362901,-74.04879033565521,29261,"Subscriber",1976,1
329,"2018-12-12 17:33:04.6060","2018-12-12 17:38:34.0440",3183,"Exchange Place",40.7162469,-74.0334588,3267,"Morris Canal",40.7124188237569,-74.03852552175522,29437,"Subscriber",1994,2
703,"2018-12-12 17:39:35.2560","2018-12-12 17:51:18.4070",3183,"Exchange Place",40.7162469,-74.0334588,3192,"Liberty Light Rail",40.7112423,-74.0557013,29597,"Subscriber",1990,1
283,"2018-12-12 17:41:12.8900","2018-12-12 17:45:56.2480",3183,"Exchange Place",40.7162469,-74.0334588,3267,"Morris Canal",40.7124188237569,-74.03852552175522,26255,"Subscriber",1980,2
241,"2018-12-12 17:45:36.5490","2018-12-12 17:49:37.7490",3183,"Exchange Place",40.7162469,-74.0334588,3681,"Grand St",40.71517767732029,-74.03768330812454,26298,"Subscriber",1993,2
338,"2018-12-12 17:49:44.6620","2018-12-12 17:55:23.0560",3183,"Exchange Place",40.7162469,-74.0334588,3187,"Warren St",40.7211236,-74.03805095,29581,"Subscriber",1990,1
189,"2018-12-12 18:01:08.1370","2018-12-12 18:04:17.5820",3183,"Exchange Place",40.7162469,-74.0334588,3214,"Essex Light Rail",40.7127742,-74.0364857,26246,"Subscriber",1987,1
251,"2018-12-12 18:17:01.2580","2018-12-12 18:21:12.6310",3183,"Exchange Place",40.7162469,-74.0334588,3681,"Grand St",40.71517767732029,-74.03768330812454,26198,"Subscriber",1969,1
251,"2018-12-12 18:20:00.6090","2018-12-12 18:24:11.8710",3183,"Exchange Place",40.7162469,-74.0334588,3275,"Columbus Drive",40.71835519823214,-74.03891444206238,29207,"Subscriber",1979,1
128,"2018-12-12 18:20:07.8440","2018-12-12 18:22:16.6570",3183,"Exchange Place",40.7162469,-74.0334588,3214,"Essex Light Rail",40.7127742,-74.0364857,29268,"Subscriber",1984,1
235,"2018-12-12 18:23:26.1040","2018-12-12 18:27:21.7130",3183,"Exchange Place",40.7162469,-74.0334588,3681,"Grand St",40.71517767732029,-74.03768330812454,26221,"Subscriber",1983,1
225,"2018-12-12 18:26:21.1400","2018-12-12 18:30:06.3560",3183,"Exchange Place",40.7162469,-74.0334588,3481,"York St",40.71649,-74.04105,29434,"Subscriber",1986,1
533,"2018-12-12 18:26:28.5220","2018-12-12 18:35:21.5340",3183,"Exchange Place",40.7162469,-74.0334588,3278,"Monmouth and 6th",40.72568548362901,-74.04879033565521,29260,"Subscriber",1985,1
1117,"2018-12-12 18:41:01.0350","2018-12-12 18:59:38.1410",3183,"Exchange Place",40.7162469,-74.0334588,3199,"Newport Pkwy",40.7287448,-74.0321082,29453,"Subscriber",1986,1
209,"2018-12-12 18:43:17.3500","2018-12-12 18:46:46.3750",3183,"Exchange Place",40.7162469,-74.0334588,3267,"Morris Canal",40.7124188237569,-74.03852552175522,29672,"Subscriber",1981,0
159,"2018-12-12 18:44:21.8840","2018-12-12 18:47:01.8610",3183,"Exchange Place",40.7162469,-74.0334588,3681,"Grand St",40.71517767732029,-74.03768330812454,29262,"Subscriber",1971,1
177,"2018-12-12 18:44:49.6010","2018-12-12 18:47:46.9980",3183,"Exchange Place",40.7162469,-74.0334588,3267,"Morris Canal",40.7124188237569,-74.03852552175522,29198,"Subscriber",1994,2
310,"2018-12-12 18:47:27.7620","2018-12-12 18:52:37.8080",3183,"Exchange Place",40.7162469,-74.0334588,3187,"Warren St",40.7211236,-74.03805095,29552,"Subscriber",1975,1
286,"2018-12-12 18:47:31.3930","2018-12-12 18:52:17.9930",3183,"Exchange Place",40.7162469,-74.0334588,3267,"Morris Canal",40.7124188237569,-74.03852552175522,29246,"Subscriber",1976,1
235,"2018-12-12 18:48:31.5800","2018-12-12 18:52:27.4750",3183,"Exchange Place",40.7162469,-74.0334588,3638,"Washington St",40.7242941,-74.0354826,29257,"Subscriber",1977,1
160,"2018-12-12 18:57:39.9880","2018-12-12 19:00:20.2560",3183,"Exchange Place",40.7162469,-74.0334588,3214,"Essex Light Rail",40.7127742,-74.0364857,26275,"Subscriber",1986,1
254,"2018-12-12 19:05:16.6830","2018-12-12 19:09:30.7860",3183,"Exchange Place",40.7162469,-74.0334588,3276,"Marin Light Rail",40.71458403535893,-74.04281705617905,26204,"Subscriber",1982,1
281,"2018-12-12 19:15:10.9510","2018-12-12 19:19:52.3760",3183,"Exchange Place",40.7162469,-74.0334588,3276,"Marin Light Rail",40.71458403535893,-74.04281705617905,29541,"Subscriber",1972,1
112,"2018-12-12 19:53:38.4120","2018-12-12 19:55:31.2240",3183,"Exchange Place",40.7162469,-74.0334588,3639,"Harborside",40.7192517,-74.034234,29604,"Subscriber",1983,1
961,"2018-12-12 19:54:46.1590","2018-12-12 20:10:47.3140",3183,"Exchange Place",40.7162469,-74.0334588,3267,"Morris Canal",40.7124188237569,-74.03852552175522,29289,"Subscriber",1961,2
194,"2018-12-12 19:59:48.5470","2018-12-12 20:03:03.0450",3183,"Exchange Place",40.7162469,-74.0334588,3681,"Grand St",40.71517767732029,-74.03768330812454,29283,"Subscriber",1982,1
322,"2018-12-12 20:52:03.3110","2018-12-12 20:57:25.8560",3183,"Exchange Place",40.7162469,-74.0334588,3276,"Marin Light Rail",40.71458403535893,-74.04281705617905,29644,"Subscriber",1979,1
188,"2018-12-12 21:19:07.3070","2018-12-12 21:22:16.2900",3183,"Exchange Place",40.7162469,-74.0334588,3187,"Warren St",40.7211236,-74.03805095,26164,"Subscriber",1987,1
2198,"2018-12-12 21:22:42.4450","2018-12-12 21:59:20.9210",3183,"Exchange Place",40.7162469,-74.0334588,3203,"Hamilton Park",40.727595966,-74.044247311,29629,"Subscriber",1981,1
155,"2018-12-12 22:23:33.5040","2018-12-12 22:26:08.5790",3183,"Exchange Place",40.7162469,-74.0334588,3214,"Essex Light Rail",40.7127742,-74.0364857,29502,"Subscriber",1987,1
137,"2018-12-12 22:53:32.3680","2018-12-12 22:55:49.5390",3183,"Exchange Place",40.7162469,-74.0334588,3681,"Grand St",40.71517767732029,-74.03768330812454,26201,"Subscriber",1994,1
438,"2018-12-13 00:40:02.7200","2018-12-13 00:47:21.0820",3183,"Exchange Place",40.7162469,-74.0334588,3202,"Newport PATH",40.7272235,-74.0337589,26263,"Subscriber",1985,1
92,"2018-12-13 07:32:00.5610","2018-12-13 07:33:33.5570",3183,"Exchange Place",40.7162469,-74.0334588,3639,"Harborside",40.7192517,-74.034234,29268,"Subscriber",1971,2
117,"2018-12-13 07:33:13.2810","2018-12-13 07:35:10.5970",3183,"Exchange Place",40.7162469,-74.0334588,3184,"Paulus Hook",40.7141454,-74.0335519,29661,"Subscriber",1966,1
73,"2018-12-13 08:26:06.3720","2018-12-13 08:27:20.3200",3183,"Exchange Place",40.7162469,-74.0334588,3184,"Paulus Hook",40.7141454,-74.0335519,29459,"Subscriber",1975,1
102,"2018-12-13 09:35:35.4140","2018-12-13 09:37:17.6950",3183,"Exchange Place",40.7162469,-74.0334588,3639,"Harborside",40.7192517,-74.034234,29459,"Subscriber",1963,1
74,"2018-12-13 09:44:08.8660","2018-12-13 09:45:23.3940",3183,"Exchange Place",40.7162469,-74.0334588,3184,"Paulus Hook",40.7141454,-74.0335519,26247,"Subscriber",1989,1
211,"2018-12-13 12:08:15.0430","2018-12-13 12:11:46.4500",3183,"Exchange Place",40.7162469,-74.0334588,3275,"Columbus Drive",40.71835519823214,-74.03891444206238,26170,"Subscriber",1991,1
254,"2018-12-13 12:55:50.6540","2018-12-13 13:00:05.0640",3183,"Exchange Place",40.7162469,-74.0334588,3267,"Morris Canal",40.7124188237569,-74.03852552175522,26221,"Subscriber",1989,2
500,"2018-12-13 13:10:39.6840","2018-12-13 13:19:00.3660",3183,"Exchange Place",40.7162469,-74.0334588,3270,"Jersey & 6th St",40.72528910781132,-74.04557168483734,29534,"Subscriber",1987,2
132,"2018-12-13 14:45:53.1060","2018-12-13 14:48:05.4460",3183,"Exchange Place",40.7162469,-74.0334588,3214,"Essex Light Rail",40.7127742,-74.0364857,26189,"Subscriber",1954,2
511,"2018-12-13 15:40:46.0210","2018-12-13 15:49:17.8170",3183,"Exchange Place",40.7162469,-74.0334588,3186,"Grove St PATH",40.71958611647166,-74.04311746358871,29507,"Subscriber",1969,0
275,"2018-12-13 16:38:47.1890","2018-12-13 16:43:22.8340",3183,"Exchange Place",40.7162469,-74.0334588,3267,"Morris Canal",40.7124188237569,-74.03852552175522,29281,"Subscriber",1976,2
193,"2018-12-13 16:54:36.4090","2018-12-13 16:57:50.1690",3183,"Exchange Place",40.7162469,-74.0334588,3185,"City Hall",40.7177325,-74.043845,26255,"Subscriber",1985,1
232,"2018-12-13 17:06:40.4300","2018-12-13 17:10:32.5330",3183,"Exchange Place",40.7162469,-74.0334588,3267,"Morris Canal",40.7124188237569,-74.03852552175522,29243,"Subscriber",1974,1
471,"2018-12-13 17:08:49.6440","2018-12-13 17:16:41.5620",3183,"Exchange Place",40.7162469,-74.0334588,3202,"Newport PATH",40.7272235,-74.0337589,26170,"Subscriber",1963,1
218,"2018-12-13 17:12:06.2930","2018-12-13 17:15:44.8880",3183,"Exchange Place",40.7162469,-74.0334588,3185,"City Hall",40.7177325,-74.043845,29294,"Subscriber",1969,1
199,"2018-12-13 17:12:27.4860","2018-12-13 17:15:47.0490",3183,"Exchange Place",40.7162469,-74.0334588,3267,"Morris Canal",40.7124188237569,-74.03852552175522,29233,"Subscriber",1987,1
221,"2018-12-13 17:19:33.0160","2018-12-13 17:23:14.8800",3183,"Exchange Place",40.7162469,-74.0334588,3267,"Morris Canal",40.7124188237569,-74.03852552175522,26212,"Subscriber",1958,1
282,"2018-12-13 17:26:11.5550","2018-12-13 17:30:54.1970",3183,"Exchange Place",40.7162469,-74.0334588,3267,"Morris Canal",40.7124188237569,-74.03852552175522,29497,"Subscriber",1970,1
548,"2018-12-13 17:26:45.6600","2018-12-13 17:35:54.4660",3183,"Exchange Place",40.7162469,-74.0334588,3269,"Brunswick & 6th",40.72601172964625,-74.05038893222809,29278,"Subscriber",1976,1
407,"2018-12-13 17:30:05.9880","2018-12-13 17:36:53.1760",3183,"Exchange Place",40.7162469,-74.0334588,3270,"Jersey & 6th St",40.72528910781132,-74.04557168483734,26259,"Subscriber",1988,1
295,"2018-12-13 17:44:09.0330","2018-12-13 17:49:04.5800",3183,"Exchange Place",40.7162469,-74.0334588,3681,"Grand St",40.71517767732029,-74.03768330812454,29572,"Subscriber",1962,1
629,"2018-12-13 17:47:40.7220","2018-12-13 17:58:10.3160",3183,"Exchange Place",40.7162469,-74.0334588,3192,"Liberty Light Rail",40.7112423,-74.0557013,29477,"Subscriber",1990,1
533,"2018-12-13 17:55:58.0190","2018-12-13 18:04:51.3770",3183,"Exchange Place",40.7162469,-74.0334588,3273,"Manila & 1st",40.721650724879986,-74.04288411140442,29636,"Subscriber",1970,1
138,"2018-12-13 18:03:41.4270","2018-12-13 18:05:59.5400",3183,"Exchange Place",40.7162469,-74.0334588,3214,"Essex Light Rail",40.7127742,-74.0364857,29681,"Subscriber",1973,1
511,"2018-12-13 18:23:00.8850","2018-12-13 18:31:31.8860",3183,"Exchange Place",40.7162469,-74.0334588,3267,"Morris Canal",40.7124188237569,-74.03852552175522,29246,"Subscriber",1985,1
147,"2018-12-13 18:37:34.9640","2018-12-13 18:40:02.5750",3183,"Exchange Place",40.7162469,-74.0334588,3214,"Essex Light Rail",40.7127742,-74.0364857,29542,"Subscriber",1984,1
256,"2018-12-13 18:37:49.2960","2018-12-13 18:42:05.5860",3183,"Exchange Place",40.7162469,-74.0334588,3187,"Warren St",40.7211236,-74.03805095,29453,"Subscriber",1990,1
325,"2018-12-13 18:43:07.0310","2018-12-13 18:48:32.7770",3183,"Exchange Place",40.7162469,-74.0334588,3202,"Newport PATH",40.7272235,-74.0337589,29459,"Subscriber",1970,1
121,"2018-12-13 18:48:31.4740","2018-12-13 18:50:32.8190",3183,"Exchange Place",40.7162469,-74.0334588,3214,"Essex Light Rail",40.7127742,-74.0364857,26189,"Subscriber",1986,1
285,"2018-12-13 18:57:59.8560","2018-12-13 19:02:45.2490",3183,"Exchange Place",40.7162469,-74.0334588,3267,"Morris Canal",40.7124188237569,-74.03852552175522,26283,"Subscriber",1980,1
363,"2018-12-13 19:05:11.7270","2018-12-13 19:11:15.6540",3183,"Exchange Place",40.7162469,-74.0334588,3481,"York St",40.71649,-74.04105,29283,"Subscriber",1968,2
92,"2018-12-13 19:18:23.1410","2018-12-13 19:19:55.4030",3183,"Exchange Place",40.7162469,-74.0334588,3639,"Harborside",40.7192517,-74.034234,29663,"Subscriber",1989,1
234,"2018-12-13 19:23:42.0420","2018-12-13 19:27:36.3450",3183,"Exchange Place",40.7162469,-74.0334588,3267,"Morris Canal",40.7124188237569,-74.03852552175522,26307,"Subscriber",1990,1
207,"2018-12-13 19:59:51.5560","2018-12-13 20:03:19.5020",3183,"Exchange Place",40.7162469,-74.0334588,3481,"York St",40.71649,-74.04105,26245,"Subscriber",1986,1
146,"2018-12-13 20:58:01.0340","2018-12-13 21:00:27.5910",3183,"Exchange Place",40.7162469,-74.0334588,3214,"Essex Light Rail",40.7127742,-74.0364857,29439,"Subscriber",1960,1
738,"2018-12-13 21:19:35.0370","2018-12-13 21:31:53.9900",3183,"Exchange Place",40.7162469,-74.0334588,3268,"Lafayette Park",40.71346382669195,-74.06285852193832,26204,"Subscriber",1992,2
211,"2018-12-13 21:21:05.6540","2018-12-13 21:24:36.9680",3183,"Exchange Place",40.7162469,-74.0334588,3214,"Essex Light Rail",40.7127742,-74.0364857,26303,"Subscriber",1993,1
345,"2018-12-13 21:23:49.6420","2018-12-13 21:29:35.0720",3183,"Exchange Place",40.7162469,-74.0334588,3214,"Essex Light Rail",40.7127742,-74.0364857,29234,"Subscriber",1977,1
258,"2018-12-13 21:29:41.6500","2018-12-13 21:33:59.8800",3183,"Exchange Place",40.7162469,-74.0334588,3187,"Warren St",40.7211236,-74.03805095,29597,"Subscriber",1975,1
352,"2018-12-13 21:55:09.8710","2018-12-13 22:01:02.1220",3183,"Exchange Place",40.7162469,-74.0334588,3213,"Van Vorst Park",40.71848892,-74.047726625,29517,"Subscriber",1969,0
143,"2018-12-13 22:02:35.8810","2018-12-13 22:04:59.2770",3183,"Exchange Place",40.7162469,-74.0334588,3214,"Essex Light Rail",40.7127742,-74.0364857,29538,"Subscriber",1954,2
295,"2018-12-13 22:19:28.1630","2018-12-13 22:24:23.5580",3183,"Exchange Place",40.7162469,-74.0334588,3276,"Marin Light Rail",40.71458403535893,-74.04281705617905,26293,"Subscriber",1979,1
300,"2018-12-13 22:19:30.7860","2018-12-13 22:24:30.9590",3183,"Exchange Place",40.7162469,-74.0334588,3276,"Marin Light Rail",40.71458403535893,-74.04281705617905,29293,"Subscriber",1982,1
234,"2018-12-13 22:54:14.5070","2018-12-13 22:58:09.1780",3183,"Exchange Place",40.7162469,-74.0334588,3214,"Essex Light Rail",40.7127742,-74.0364857,26159,"Subscriber",1994,2
77,"2018-12-14 00:01:49.1340","2018-12-14 00:03:06.7750",3183,"Exchange Place",40.7162469,-74.0334588,3183,"Exchange Place",40.7162469,-74.0334588,26258,"Subscriber",1994,1
197,"2018-12-14 00:01:51.5180","2018-12-14 00:05:08.7810",3183,"Exchange Place",40.7162469,-74.0334588,3187,"Warren St",40.7211236,-74.03805095,26318,"Subscriber",1972,1
380,"2018-12-14 00:03:55.6080","2018-12-14 00:10:16.4050",3183,"Exchange Place",40.7162469,-74.0334588,3202,"Newport PATH",40.7272235,-74.0337589,26302,"Subscriber",1994,1
330,"2018-12-14 00:19:31.3340","2018-12-14 00:25:02.1960",3183,"Exchange Place",40.7162469,-74.0334588,3267,"Morris Canal",40.7124188237569,-74.03852552175522,26170,"Subscriber",1984,1
622,"2018-12-14 01:14:18.5790","2018-12-14 01:24:41.3850",3183,"Exchange Place",40.7162469,-74.0334588,3483,"Montgomery St",40.71942,-74.05099,29672,"Subscriber",1991,1
149,"2018-12-14 03:46:32.2960","2018-12-14 03:49:02.2070",3183,"Exchange Place",40.7162469,-74.0334588,3214,"Essex Light Rail",40.7127742,-74.0364857,29636,"Subscriber",1987,1
227,"2018-12-14 08:07:56.4680","2018-12-14 08:11:43.7930",3183,"Exchange Place",40.7162469,-74.0334588,3185,"City Hall",40.7177325,-74.043845,26267,"Subscriber",1986,1
299,"2018-12-14 08:58:35.4230","2018-12-14 09:03:34.7170",3183,"Exchange Place",40.7162469,-74.0334588,3638,"Washington St",40.7242941,-74.0354826,29674,"Subscriber",1973,1
204,"2018-12-14 09:13:28.1700","2018-12-14 09:16:52.5460",3183,"Exchange Place",40.7162469,-74.0334588,3267,"Morris Canal",40.7124188237569,-74.03852552175522,26155,"Subscriber",1990,1
344,"2018-12-14 10:47:55.6270","2018-12-14 10:53:40.0350",3183,"Exchange Place",40.7162469,-74.0334588,3279,"Dixon Mills",40.721630142638354,-74.04996782541275,26219,"Subscriber",1949,1
161,"2018-12-14 12:37:54.6100","2018-12-14 12:40:36.5880",3183,"Exchange Place",40.7162469,-74.0334588,3214,"Essex Light Rail",40.7127742,-74.0364857,29674,"Subscriber",1960,1
366,"2018-12-14 12:55:54.2880","2018-12-14 13:02:00.5070",3183,"Exchange Place",40.7162469,-74.0334588,3183,"Exchange Place",40.7162469,-74.0334588,29629,"Subscriber",1984,1
121,"2018-12-14 13:25:59.9560","2018-12-14 13:28:01.9270",3183,"Exchange Place",40.7162469,-74.0334588,3214,"Essex Light Rail",40.7127742,-74.0364857,29553,"Subscriber",1987,1
77,"2018-12-14 13:33:25.4860","2018-12-14 13:34:43.4600",3183,"Exchange Place",40.7162469,-74.0334588,3184,"Paulus Hook",40.7141454,-74.0335519,29281,"Subscriber",1985,1
557,"2018-12-14 13:34:46.7840","2018-12-14 13:44:04.3760",3183,"Exchange Place",40.7162469,-74.0334588,3483,"Montgomery St",40.71942,-74.05099,29497,"Subscriber",1965,1
560,"2018-12-14 13:54:30.0190","2018-12-14 14:03:50.9600",3183,"Exchange Place",40.7162469,-74.0334588,3272,"Jersey & 3rd",40.72333158646436,-74.04595255851744,26258,"Subscriber",1989,2
323,"2018-12-14 14:00:05.1340","2018-12-14 14:05:28.9460",3183,"Exchange Place",40.7162469,-74.0334588,3638,"Washington St",40.7242941,-74.0354826,26242,"Subscriber",1976,1
485,"2018-12-14 14:02:37.3610","2018-12-14 14:10:42.7390",3183,"Exchange Place",40.7162469,-74.0334588,3273,"Manila & 1st",40.721650724879986,-74.04288411140442,29212,"Subscriber",1974,1
347,"2018-12-14 14:50:36.9430","2018-12-14 14:56:24.6000",3183,"Exchange Place",40.7162469,-74.0334588,3639,"Harborside",40.7192517,-74.034234,29269,"Subscriber",1993,1
290,"2018-12-14 14:52:40.5040","2018-12-14 14:57:30.5170",3183,"Exchange Place",40.7162469,-74.0334588,3267,"Morris Canal",40.7124188237569,-74.03852552175522,26219,"Subscriber",1970,1
447,"2018-12-14 16:27:37.0010","2018-12-14 16:35:04.2870",3183,"Exchange Place",40.7162469,-74.0334588,3638,"Washington St",40.7242941,-74.0354826,26276,"Subscriber",1985,1
240,"2018-12-14 16:37:43.8140","2018-12-14 16:41:44.6480",3183,"Exchange Place",40.7162469,-74.0334588,3267,"Morris Canal",40.7124188237569,-74.03852552175522,29506,"Subscriber",1968,1
723,"2018-12-14 16:37:55.6980","2018-12-14 16:49:58.8560",3183,"Exchange Place",40.7162469,-74.0334588,3192,"Liberty Light Rail",40.7112423,-74.0557013,29473,"Subscriber",1980,1
439,"2018-12-14 16:50:48.7200","2018-12-14 16:58:07.7660",3183,"Exchange Place",40.7162469,-74.0334588,3267,"Morris Canal",40.7124188237569,-74.03852552175522,26159,"Subscriber",1974,1
146,"2018-12-14 17:00:35.5710","2018-12-14 17:03:02.1210",3183,"Exchange Place",40.7162469,-74.0334588,3481,"York St",40.71649,-74.04105,29476,"Subscriber",1984,2
410,"2018-12-14 17:06:55.2270","2018-12-14 17:13:45.6300",3183,"Exchange Place",40.7162469,-74.0334588,3278,"Monmouth and 6th",40.72568548362901,-74.04879033565521,26281,"Subscriber",1976,1
287,"2018-12-14 17:15:43.5990","2018-12-14 17:20:30.6320",3183,"Exchange Place",40.7162469,-74.0334588,3267,"Morris Canal",40.7124188237569,-74.03852552175522,29504,"Subscriber",1973,1
576,"2018-12-14 17:33:01.0050","2018-12-14 17:42:37.0630",3183,"Exchange Place",40.7162469,-74.0334588,3192,"Liberty Light Rail",40.7112423,-74.0557013,29618,"Subscriber",1985,1
232,"2018-12-14 17:33:22.6420","2018-12-14 17:37:15.1020",3183,"Exchange Place",40.7162469,-74.0334588,3187,"Warren St",40.7211236,-74.03805095,29643,"Subscriber",1975,1
690,"2018-12-14 17:38:19.3410","2018-12-14 17:49:49.9830",3183,"Exchange Place",40.7162469,-74.0334588,3192,"Liberty Light Rail",40.7112423,-74.0557013,29532,"Subscriber",1990,1
210,"2018-12-14 17:42:11.8250","2018-12-14 17:45:42.0650",3183,"Exchange Place",40.7162469,-74.0334588,3267,"Morris Canal",40.7124188237569,-74.03852552175522,26316,"Subscriber",1958,1
268,"2018-12-14 18:16:09.5230","2018-12-14 18:20:38.5200",3183,"Exchange Place",40.7162469,-74.0334588,3267,"Morris Canal",40.7124188237569,-74.03852552175522,26269,"Subscriber",1981,0
358,"2018-12-14 18:17:49.9080","2018-12-14 18:23:47.9620",3183,"Exchange Place",40.7162469,-74.0334588,3267,"Morris Canal",40.7124188237569,-74.03852552175522,29629,"Subscriber",1976,2
225,"2018-12-14 18:19:51.3900","2018-12-14 18:23:37.0870",3183,"Exchange Place",40.7162469,-74.0334588,3267,"Morris Canal",40.7124188237569,-74.03852552175522,29296,"Subscriber",1955,1
362,"2018-12-14 18:20:19.6240","2018-12-14 18:26:22.0470",3183,"Exchange Place",40.7162469,-74.0334588,3214,"Essex Light Rail",40.7127742,-74.0364857,29604,"Subscriber",1977,1
248,"2018-12-14 18:46:17.5290","2018-12-14 18:50:26.1190",3183,"Exchange Place",40.7162469,-74.0334588,3276,"Marin Light Rail",40.71458403535893,-74.04281705617905,29291,"Subscriber",1984,1
189,"2018-12-14 18:47:12.7540","2018-12-14 18:50:21.7760",3183,"Exchange Place",40.7162469,-74.0334588,3214,"Essex Light Rail",40.7127742,-74.0364857,26294,"Subscriber",1978,1
297,"2018-12-14 18:54:16.2100","2018-12-14 18:59:13.9300",3183,"Exchange Place",40.7162469,-74.0334588,3276,"Marin Light Rail",40.71458403535893,-74.04281705617905,29234,"Subscriber",1979,1
223,"2018-12-14 19:01:43.3780","2018-12-14 19:05:26.6250",3183,"Exchange Place",40.7162469,-74.0334588,3681,"Grand St",40.71517767732029,-74.03768330812454,29209,"Subscriber",1965,1
231,"2018-12-14 19:28:21.9650","2018-12-14 19:32:13.6260",3183,"Exchange Place",40.7162469,-74.0334588,3276,"Marin Light Rail",40.71458403535893,-74.04281705617905,29508,"Subscriber",1993,1
294,"2018-12-14 19:30:49.8480","2018-12-14 19:35:44.0600",3183,"Exchange Place",40.7162469,-74.0334588,3187,"Warren St",40.7211236,-74.03805095,26211,"Subscriber",1972,1
262,"2018-12-14 19:33:31.1660","2018-12-14 19:37:53.3650",3183,"Exchange Place",40.7162469,-74.0334588,3638,"Washington St",40.7242941,-74.0354826,26269,"Subscriber",1977,1
216,"2018-12-14 19:46:18.6000","2018-12-14 19:49:55.0590",3183,"Exchange Place",40.7162469,-74.0334588,3187,"Warren St",40.7211236,-74.03805095,29244,"Subscriber",1987,1
395,"2018-12-14 19:48:20.1240","2018-12-14 19:54:55.7900",3183,"Exchange Place",40.7162469,-74.0334588,3481,"York St",40.71649,-74.04105,29206,"Subscriber",1968,2
111,"2018-12-14 19:51:36.3680","2018-12-14 19:53:27.7450",3183,"Exchange Place",40.7162469,-74.0334588,3639,"Harborside",40.7192517,-74.034234,29285,"Subscriber",1989,1
251,"2018-12-14 20:58:37.5070","2018-12-14 21:02:48.7370",3183,"Exchange Place",40.7162469,-74.0334588,3276,"Marin Light Rail",40.71458403535893,-74.04281705617905,29597,"Subscriber",1994,1
193,"2018-12-14 22:47:42.1080","2018-12-14 22:50:56.0390",3183,"Exchange Place",40.7162469,-74.0334588,3214,"Essex Light Rail",40.7127742,-74.0364857,26167,"Subscriber",1954,2
159,"2018-12-14 23:31:07.7930","2018-12-14 23:33:47.4020",3183,"Exchange Place",40.7162469,-74.0334588,3267,"Morris Canal",40.7124188237569,-74.03852552175522,29672,"Subscriber",1980,1
300,"2018-12-15 00:38:02.3310","2018-12-15 00:43:03.0680",3183,"Exchange Place",40.7162469,-74.0334588,3267,"Morris Canal",40.7124188237569,-74.03852552175522,29209,"Subscriber",1981,2
336478,"2018-12-15 00:52:51.5490","2018-12-18 22:20:49.6850",3183,"Exchange Place",40.7162469,-74.0334588,3202,"Newport PATH",40.7272235,-74.0337589,29640,"Subscriber",1981,2
178,"2018-12-15 10:04:48.5910","2018-12-15 10:07:47.0570",3183,"Exchange Place",40.7162469,-74.0334588,3639,"Harborside",40.7192517,-74.034234,29297,"Subscriber",1998,1
523,"2018-12-15 12:52:02.9820","2018-12-15 13:00:46.9450",3183,"Exchange Place",40.7162469,-74.0334588,3186,"Grove St PATH",40.71958611647166,-74.04311746358871,29540,"Subscriber",1989,1
285,"2018-12-15 12:51:56.2490","2018-12-15 12:56:41.9790",3183,"Exchange Place",40.7162469,-74.0334588,3185,"City Hall",40.7177325,-74.043845,29246,"Subscriber",1988,1
254,"2018-12-15 13:23:45.3010","2018-12-15 13:28:00.1380",3183,"Exchange Place",40.7162469,-74.0334588,3187,"Warren St",40.7211236,-74.03805095,29578,"Subscriber",1981,1
214,"2018-12-15 13:29:15.1880","2018-12-15 13:32:49.6530",3183,"Exchange Place",40.7162469,-74.0334588,3267,"Morris Canal",40.7124188237569,-74.03852552175522,29645,"Subscriber",1982,1
99,"2018-12-15 13:45:03.5610","2018-12-15 13:46:43.1310",3183,"Exchange Place",40.7162469,-74.0334588,3639,"Harborside",40.7192517,-74.034234,29237,"Subscriber",1994,1
340,"2018-12-15 15:01:39.4660","2018-12-15 15:07:20.2400",3183,"Exchange Place",40.7162469,-74.0334588,3186,"Grove St PATH",40.71958611647166,-74.04311746358871,29493,"Subscriber",1971,1
818,"2018-12-15 15:22:12.8570","2018-12-15 15:35:51.2920",3183,"Exchange Place",40.7162469,-74.0334588,3192,"Liberty Light Rail",40.7112423,-74.0557013,29661,"Subscriber",1992,2
310,"2018-12-15 15:42:31.1630","2018-12-15 15:47:41.7720",3183,"Exchange Place",40.7162469,-74.0334588,3187,"Warren St",40.7211236,-74.03805095,26284,"Subscriber",1970,1
735,"2018-12-15 16:25:35.2710","2018-12-15 16:37:50.4690",3183,"Exchange Place",40.7162469,-74.0334588,3192,"Liberty Light Rail",40.7112423,-74.0557013,29652,"Subscriber",1990,2
769,"2018-12-15 17:24:38.7530","2018-12-15 17:37:27.8780",3183,"Exchange Place",40.7162469,-74.0334588,3199,"Newport Pkwy",40.7287448,-74.0321082,29675,"Subscriber",1986,1
1015,"2018-12-15 17:46:40.7720","2018-12-15 18:03:36.3400",3183,"Exchange Place",40.7162469,-74.0334588,3202,"Newport PATH",40.7272235,-74.0337589,29497,"Subscriber",1969,0
781,"2018-12-15 19:24:42.6420","2018-12-15 19:37:44.2430",3183,"Exchange Place",40.7162469,-74.0334588,3187,"Warren St",40.7211236,-74.03805095,29583,"Subscriber",1990,1
106,"2018-12-15 19:42:11.7050","2018-12-15 19:43:57.9330",3183,"Exchange Place",40.7162469,-74.0334588,3639,"Harborside",40.7192517,-74.034234,29618,"Subscriber",1978,1
278,"2018-12-15 19:47:37.2570","2018-12-15 19:52:16.1940",3183,"Exchange Place",40.7162469,-74.0334588,3638,"Washington St",40.7242941,-74.0354826,26234,"Subscriber",1978,1
219,"2018-12-15 20:23:25.1450","2018-12-15 20:27:04.4510",3183,"Exchange Place",40.7162469,-74.0334588,3267,"Morris Canal",40.7124188237569,-74.03852552175522,29548,"Subscriber",1990,1
97,"2018-12-15 21:23:23.4700","2018-12-15 21:25:00.9760",3183,"Exchange Place",40.7162469,-74.0334588,3639,"Harborside",40.7192517,-74.034234,29583,"Subscriber",1963,1
211,"2018-12-15 23:22:04.1770","2018-12-15 23:25:36.1260",3183,"Exchange Place",40.7162469,-74.0334588,3267,"Morris Canal",40.7124188237569,-74.03852552175522,29602,"Subscriber",1980,2
323,"2018-12-16 10:33:12.4860","2018-12-16 10:38:35.8500",3183,"Exchange Place",40.7162469,-74.0334588,3481,"York St",40.71649,-74.04105,29652,"Subscriber",1961,1
315,"2018-12-16 11:01:52.7900","2018-12-16 11:07:08.3230",3183,"Exchange Place",40.7162469,-74.0334588,3187,"Warren St",40.7211236,-74.03805095,26294,"Subscriber",1991,1
196,"2018-12-16 14:42:53.2840","2018-12-16 14:46:09.6310",3183,"Exchange Place",40.7162469,-74.0334588,3187,"Warren St",40.7211236,-74.03805095,29553,"Subscriber",1972,1
327,"2018-12-16 15:48:14.8830","2018-12-16 15:53:41.9450",3183,"Exchange Place",40.7162469,-74.0334588,3638,"Washington St",40.7242941,-74.0354826,26153,"Subscriber",1969,0
301,"2018-12-16 19:02:13.1540","2018-12-16 19:07:14.3760",3183,"Exchange Place",40.7162469,-74.0334588,3202,"Newport PATH",40.7272235,-74.0337589,29608,"Subscriber",1972,1
200,"2018-12-16 19:22:40.5190","2018-12-16 19:26:01.1540",3183,"Exchange Place",40.7162469,-74.0334588,3267,"Morris Canal",40.7124188237569,-74.03852552175522,29548,"Subscriber",1994,2
153,"2018-12-16 21:34:07.1740","2018-12-16 21:36:40.7460",3183,"Exchange Place",40.7162469,-74.0334588,3275,"Columbus Drive",40.71835519823214,-74.03891444206238,26221,"Subscriber",1994,1
295,"2018-12-17 06:48:13.7180","2018-12-17 06:53:09.0420",3183,"Exchange Place",40.7162469,-74.0334588,3638,"Washington St",40.7242941,-74.0354826,29304,"Subscriber",1988,1
402,"2018-12-17 07:57:21.9330","2018-12-17 08:04:04.2930",3183,"Exchange Place",40.7162469,-74.0334588,3202,"Newport PATH",40.7272235,-74.0337589,26215,"Subscriber",1970,1
278,"2018-12-17 08:05:26.6650","2018-12-17 08:10:05.6140",3183,"Exchange Place",40.7162469,-74.0334588,3185,"City Hall",40.7177325,-74.043845,29489,"Subscriber",1986,1
68,"2018-12-17 08:32:47.8680","2018-12-17 08:33:56.7450",3183,"Exchange Place",40.7162469,-74.0334588,3184,"Paulus Hook",40.7141454,-74.0335519,26159,"Subscriber",1975,1
288,"2018-12-17 12:33:32.9160","2018-12-17 12:38:21.1260",3183,"Exchange Place",40.7162469,-74.0334588,3213,"Van Vorst Park",40.71848892,-74.047726625,29583,"Subscriber",1978,1
318,"2018-12-17 14:25:28.1810","2018-12-17 14:30:46.5480",3183,"Exchange Place",40.7162469,-74.0334588,3276,"Marin Light Rail",40.71458403535893,-74.04281705617905,26151,"Subscriber",1979,1
304,"2018-12-17 15:01:43.2080","2018-12-17 15:06:47.6490",3183,"Exchange Place",40.7162469,-74.0334588,3211,"Newark Ave",40.72152515,-74.046304543,29672,"Subscriber",1976,1
271,"2018-12-17 15:48:07.4070","2018-12-17 15:52:39.1910",3183,"Exchange Place",40.7162469,-74.0334588,3186,"Grove St PATH",40.71958611647166,-74.04311746358871,29586,"Subscriber",1958,1
496,"2018-12-17 16:36:09.2980","2018-12-17 16:44:25.7040",3183,"Exchange Place",40.7162469,-74.0334588,3269,"Brunswick & 6th",40.72601172964625,-74.05038893222809,29674,"Subscriber",1976,1
659,"2018-12-17 16:58:13.9650","2018-12-17 17:09:13.5650",3183,"Exchange Place",40.7162469,-74.0334588,3192,"Liberty Light Rail",40.7112423,-74.0557013,29639,"Subscriber",1985,1
277,"2018-12-17 17:09:40.5890","2018-12-17 17:14:17.8310",3183,"Exchange Place",40.7162469,-74.0334588,3267,"Morris Canal",40.7124188237569,-74.03852552175522,29503,"Subscriber",1976,2
304,"2018-12-17 17:12:49.1600","2018-12-17 17:17:53.9030",3183,"Exchange Place",40.7162469,-74.0334588,3186,"Grove St PATH",40.71958611647166,-74.04311746358871,29572,"Subscriber",1980,1
400,"2018-12-17 17:24:36.6960","2018-12-17 17:31:16.8380",3183,"Exchange Place",40.7162469,-74.0334588,3270,"Jersey & 6th St",40.72528910781132,-74.04557168483734,26184,"Subscriber",1988,1
190,"2018-12-17 17:27:47.6480","2018-12-17 17:30:58.4660",3183,"Exchange Place",40.7162469,-74.0334588,3214,"Essex Light Rail",40.7127742,-74.0364857,29672,"Subscriber",1974,1
345,"2018-12-17 17:31:33.7810","2018-12-17 17:37:19.0960",3183,"Exchange Place",40.7162469,-74.0334588,3273,"Manila & 1st",40.721650724879986,-74.04288411140442,29254,"Subscriber",1980,1
165,"2018-12-17 17:38:10.6140","2018-12-17 17:40:56.3770",3183,"Exchange Place",40.7162469,-74.0334588,3214,"Essex Light Rail",40.7127742,-74.0364857,29507,"Subscriber",1960,1
117,"2018-12-17 17:40:07.0870","2018-12-17 17:42:04.4110",3183,"Exchange Place",40.7162469,-74.0334588,3639,"Harborside",40.7192517,-74.034234,29671,"Subscriber",1969,0
2319,"2018-12-17 17:46:40.2510","2018-12-17 18:25:19.5030",3183,"Exchange Place",40.7162469,-74.0334588,3186,"Grove St PATH",40.71958611647166,-74.04311746358871,29246,"Subscriber",1993,1
88,"2018-12-17 17:56:01.7030","2018-12-17 17:57:30.2090",3183,"Exchange Place",40.7162469,-74.0334588,3639,"Harborside",40.7192517,-74.034234,26202,"Subscriber",1994,1
232,"2018-12-17 17:56:49.4540","2018-12-17 18:00:41.8250",3183,"Exchange Place",40.7162469,-74.0334588,3214,"Essex Light Rail",40.7127742,-74.0364857,26233,"Subscriber",1967,1
298,"2018-12-17 17:57:20.6680","2018-12-17 18:02:18.7330",3183,"Exchange Place",40.7162469,-74.0334588,3267,"Morris Canal",40.7124188237569,-74.03852552175522,29612,"Subscriber",1970,1
404,"2018-12-17 18:01:18.1420","2018-12-17 18:08:02.7020",3183,"Exchange Place",40.7162469,-74.0334588,3276,"Marin Light Rail",40.71458403535893,-74.04281705617905,29545,"Subscriber",1977,1
582,"2018-12-17 18:01:26.1260","2018-12-17 18:11:08.9450",3183,"Exchange Place",40.7162469,-74.0334588,3192,"Liberty Light Rail",40.7112423,-74.0557013,26284,"Subscriber",1990,1
389,"2018-12-17 18:05:15.3430","2018-12-17 18:11:44.7440",3183,"Exchange Place",40.7162469,-74.0334588,3267,"Morris Canal",40.7124188237569,-74.03852552175522,29262,"Subscriber",1992,1
282,"2018-12-17 18:10:20.3570","2018-12-17 18:15:02.8720",3183,"Exchange Place",40.7162469,-74.0334588,3267,"Morris Canal",40.7124188237569,-74.03852552175522,29499,"Subscriber",1985,1
139,"2018-12-17 18:23:35.6910","2018-12-17 18:25:55.6170",3183,"Exchange Place",40.7162469,-74.0334588,3214,"Essex Light Rail",40.7127742,-74.0364857,29525,"Subscriber",1987,1
160,"2018-12-17 18:31:37.5570","2018-12-17 18:34:17.8830",3183,"Exchange Place",40.7162469,-74.0334588,3681,"Grand St",40.71517767732029,-74.03768330812454,29483,"Subscriber",1988,2
213,"2018-12-17 18:32:43.9050","2018-12-17 18:36:17.0560",3183,"Exchange Place",40.7162469,-74.0334588,3267,"Morris Canal",40.7124188237569,-74.03852552175522,29122,"Subscriber",1981,0
275,"2018-12-17 18:45:57.4590","2018-12-17 18:50:33.2080",3183,"Exchange Place",40.7162469,-74.0334588,3187,"Warren St",40.7211236,-74.03805095,29245,"Subscriber",1979,1
244,"2018-12-17 18:58:15.1360","2018-12-17 19:02:20.0450",3183,"Exchange Place",40.7162469,-74.0334588,3187,"Warren St",40.7211236,-74.03805095,26172,"Subscriber",1967,2
280,"2018-12-17 19:00:06.0210","2018-12-17 19:04:46.0840",3183,"Exchange Place",40.7162469,-74.0334588,3481,"York St",40.71649,-74.04105,29444,"Subscriber",1986,1
242,"2018-12-17 19:08:20.5220","2018-12-17 19:12:22.9000",3183,"Exchange Place",40.7162469,-74.0334588,3267,"Morris Canal",40.7124188237569,-74.03852552175522,29276,"Subscriber",1958,1
361,"2018-12-17 19:09:25.7560","2018-12-17 19:15:26.9410",3183,"Exchange Place",40.7162469,-74.0334588,3638,"Washington St",40.7242941,-74.0354826,29498,"Subscriber",1977,1
218,"2018-12-17 19:19:01.6150","2018-12-17 19:22:40.3330",3183,"Exchange Place",40.7162469,-74.0334588,3187,"Warren St",40.7211236,-74.03805095,29487,"Subscriber",1987,1
301,"2018-12-17 19:20:26.1560","2018-12-17 19:25:27.2860",3183,"Exchange Place",40.7162469,-74.0334588,3481,"York St",40.71649,-74.04105,29583,"Subscriber",1968,2
253,"2018-12-17 19:39:53.4630","2018-12-17 19:44:06.7260",3183,"Exchange Place",40.7162469,-74.0334588,3276,"Marin Light Rail",40.71458403535893,-74.04281705617905,26248,"Subscriber",1982,1
250,"2018-12-17 20:00:53.9060","2018-12-17 20:05:04.3590",3183,"Exchange Place",40.7162469,-74.0334588,3267,"Morris Canal",40.7124188237569,-74.03852552175522,26245,"Subscriber",1990,1
320,"2018-12-17 20:10:06.5720","2018-12-17 20:15:27.0540",3183,"Exchange Place",40.7162469,-74.0334588,3267,"Morris Canal",40.7124188237569,-74.03852552175522,26187,"Customer",1994,2
312,"2018-12-17 20:28:23.9960","2018-12-17 20:33:36.7040",3183,"Exchange Place",40.7162469,-74.0334588,3267,"Morris Canal",40.7124188237569,-74.03852552175522,26157,"Subscriber",1960,1
162,"2018-12-17 20:29:29.8290","2018-12-17 20:32:12.5670",3183,"Exchange Place",40.7162469,-74.0334588,3214,"Essex Light Rail",40.7127742,-74.0364857,26203,"Subscriber",1987,1
525,"2018-12-17 20:39:21.8550","2018-12-17 20:48:07.2050",3183,"Exchange Place",40.7162469,-74.0334588,3278,"Monmouth and 6th",40.72568548362901,-74.04879033565521,26296,"Subscriber",1985,1
527,"2018-12-17 23:21:24.8380","2018-12-17 23:30:12.0890",3183,"Exchange Place",40.7162469,-74.0334588,3278,"Monmouth and 6th",40.72568548362901,-74.04879033565521,29520,"Subscriber",1969,0
287,"2018-12-18 07:55:45.1620","2018-12-18 08:00:32.7930",3183,"Exchange Place",40.7162469,-74.0334588,3214,"Essex Light Rail",40.7127742,-74.0364857,26295,"Subscriber",1973,1
80,"2018-12-18 08:29:12.8180","2018-12-18 08:30:33.4490",3183,"Exchange Place",40.7162469,-74.0334588,3184,"Paulus Hook",40.7141454,-74.0335519,29507,"Subscriber",1975,1
566,"2018-12-18 11:10:15.0630","2018-12-18 11:19:41.2660",3183,"Exchange Place",40.7162469,-74.0334588,3270,"Jersey & 6th St",40.72528910781132,-74.04557168483734,26198,"Subscriber",1987,2
218,"2018-12-18 12:24:59.6880","2018-12-18 12:28:38.4280",3183,"Exchange Place",40.7162469,-74.0334588,3187,"Warren St",40.7211236,-74.03805095,29212,"Subscriber",1971,1
207,"2018-12-18 14:05:32.9360","2018-12-18 14:09:00.0930",3183,"Exchange Place",40.7162469,-74.0334588,3187,"Warren St",40.7211236,-74.03805095,26295,"Subscriber",1981,1
269,"2018-12-18 15:25:00.3570","2018-12-18 15:29:30.1040",3183,"Exchange Place",40.7162469,-74.0334588,3276,"Marin Light Rail",40.71458403535893,-74.04281705617905,29245,"Subscriber",1981,1
956,"2018-12-18 15:25:42.6210","2018-12-18 15:41:39.4630",3183,"Exchange Place",40.7162469,-74.0334588,3203,"Hamilton Park",40.727595966,-74.044247311,29254,"Subscriber",1965,1
247,"2018-12-18 16:19:56.8850","2018-12-18 16:24:04.3890",3183,"Exchange Place",40.7162469,-74.0334588,3276,"Marin Light Rail",40.71458403535893,-74.04281705617905,26280,"Subscriber",1988,1
428,"2018-12-18 17:05:26.2940","2018-12-18 17:12:35.2910",3183,"Exchange Place",40.7162469,-74.0334588,3199,"Newport Pkwy",40.7287448,-74.0321082,29126,"Subscriber",1941,2
2045,"2018-12-18 17:17:51.4990","2018-12-18 17:51:57.4930",3183,"Exchange Place",40.7162469,-74.0334588,3186,"Grove St PATH",40.71958611647166,-74.04311746358871,29499,"Subscriber",1993,1
278,"2018-12-18 17:23:32.9710","2018-12-18 17:28:11.7510",3183,"Exchange Place",40.7162469,-74.0334588,3267,"Morris Canal",40.7124188237569,-74.03852552175522,26208,"Subscriber",1980,1
441,"2018-12-18 17:28:53.4100","2018-12-18 17:36:14.5860",3183,"Exchange Place",40.7162469,-74.0334588,3270,"Jersey & 6th St",40.72528910781132,-74.04557168483734,29672,"Subscriber",1988,1
167,"2018-12-18 17:35:39.3530","2018-12-18 17:38:27.2800",3183,"Exchange Place",40.7162469,-74.0334588,3214,"Essex Light Rail",40.7127742,-74.0364857,29264,"Subscriber",1960,1
540,"2018-12-18 17:37:25.9350","2018-12-18 17:46:26.6240",3183,"Exchange Place",40.7162469,-74.0334588,3203,"Hamilton Park",40.727595966,-74.044247311,29221,"Subscriber",1987,1
308,"2018-12-18 17:44:32.2580","2018-12-18 17:49:40.9720",3183,"Exchange Place",40.7162469,-74.0334588,3187,"Warren St",40.7211236,-74.03805095,29602,"Subscriber",1975,1
248,"2018-12-18 17:48:33.7550","2018-12-18 17:52:42.2140",3183,"Exchange Place",40.7162469,-74.0334588,3214,"Essex Light Rail",40.7127742,-74.0364857,29569,"Subscriber",1967,1
322,"2018-12-18 17:50:01.4880","2018-12-18 17:55:24.1930",3183,"Exchange Place",40.7162469,-74.0334588,3186,"Grove St PATH",40.71958611647166,-74.04311746358871,26268,"Subscriber",1980,1
610,"2018-12-18 18:00:20.0620","2018-12-18 18:10:31.0460",3183,"Exchange Place",40.7162469,-74.0334588,3192,"Liberty Light Rail",40.7112423,-74.0557013,29276,"Subscriber",1985,1
269,"2018-12-18 18:05:26.3160","2018-12-18 18:09:55.5950",3183,"Exchange Place",40.7162469,-74.0334588,3185,"City Hall",40.7177325,-74.043845,29241,"Subscriber",1994,1
319,"2018-12-18 18:05:33.0890","2018-12-18 18:10:52.9830",3183,"Exchange Place",40.7162469,-74.0334588,3267,"Morris Canal",40.7124188237569,-74.03852552175522,29616,"Subscriber",1985,1
544,"2018-12-18 18:08:57.3650","2018-12-18 18:18:02.3520",3183,"Exchange Place",40.7162469,-74.0334588,3269,"Brunswick & 6th",40.72601172964625,-74.05038893222809,29230,"Subscriber",1976,1
270,"2018-12-18 18:21:15.7040","2018-12-18 18:25:45.8960",3183,"Exchange Place",40.7162469,-74.0334588,3187,"Warren St",40.7211236,-74.03805095,26296,"Subscriber",1990,1
370,"2018-12-18 18:21:15.5380","2018-12-18 18:27:26.4230",3183,"Exchange Place",40.7162469,-74.0334588,3186,"Grove St PATH",40.71958611647166,-74.04311746358871,29246,"Subscriber",1970,1
335,"2018-12-18 18:21:56.0740","2018-12-18 18:27:32.0160",3183,"Exchange Place",40.7162469,-74.0334588,3267,"Morris Canal",40.7124188237569,-74.03852552175522,29553,"Subscriber",1973,1
638,"2018-12-18 18:26:59.5990","2018-12-18 18:37:38.0730",3183,"Exchange Place",40.7162469,-74.0334588,3192,"Liberty Light Rail",40.7112423,-74.0557013,33744,"Subscriber",1990,1
226,"2018-12-18 18:30:35.5330","2018-12-18 18:34:22.3890",3183,"Exchange Place",40.7162469,-74.0334588,3267,"Morris Canal",40.7124188237569,-74.03852552175522,29212,"Subscriber",1981,0
135,"2018-12-18 18:53:30.9950","2018-12-18 18:55:46.3370",3183,"Exchange Place",40.7162469,-74.0334588,3681,"Grand St",40.71517767732029,-74.03768330812454,26293,"Subscriber",1985,1
316,"2018-12-18 19:05:51.7440","2018-12-18 19:11:07.8770",3183,"Exchange Place",40.7162469,-74.0334588,3481,"York St",40.71649,-74.04105,29586,"Subscriber",1968,2
168,"2018-12-18 19:11:23.2680","2018-12-18 19:14:11.9590",3183,"Exchange Place",40.7162469,-74.0334588,3639,"Harborside",40.7192517,-74.034234,26247,"Subscriber",1988,1
236,"2018-12-18 19:29:04.9490","2018-12-18 19:33:01.5890",3183,"Exchange Place",40.7162469,-74.0334588,3267,"Morris Canal",40.7124188237569,-74.03852552175522,26303,"Subscriber",1955,1
225,"2018-12-18 19:43:00.9020","2018-12-18 19:46:46.4800",3183,"Exchange Place",40.7162469,-74.0334588,3214,"Essex Light Rail",40.7127742,-74.0364857,29529,"Subscriber",1973,1
271,"2018-12-18 20:08:58.8380","2018-12-18 20:13:30.3760",3183,"Exchange Place",40.7162469,-74.0334588,3187,"Warren St",40.7211236,-74.03805095,29665,"Subscriber",1972,1
263,"2018-12-18 20:18:56.0320","2018-12-18 20:23:19.3610",3183,"Exchange Place",40.7162469,-74.0334588,3481,"York St",40.71649,-74.04105,29487,"Subscriber",1986,1
228,"2018-12-18 21:09:04.2750","2018-12-18 21:12:52.4530",3183,"Exchange Place",40.7162469,-74.0334588,3267,"Morris Canal",40.7124188237569,-74.03852552175522,26189,"Subscriber",1985,1
141,"2018-12-18 21:18:14.5370","2018-12-18 21:20:35.8870",3183,"Exchange Place",40.7162469,-74.0334588,3681,"Grand St",40.71517767732029,-74.03768330812454,29480,"Subscriber",1994,1
209,"2018-12-18 22:09:35.0700","2018-12-18 22:13:04.5160",3183,"Exchange Place",40.7162469,-74.0334588,3481,"York St",40.71649,-74.04105,26271,"Subscriber",1961,1
331,"2018-12-18 22:48:31.0140","2018-12-18 22:54:02.2570",3183,"Exchange Place",40.7162469,-74.0334588,3267,"Morris Canal",40.7124188237569,-74.03852552175522,29285,"Subscriber",1994,2
149,"2018-12-18 23:09:27.0380","2018-12-18 23:11:56.1090",3183,"Exchange Place",40.7162469,-74.0334588,3681,"Grand St",40.71517767732029,-74.03768330812454,29125,"Subscriber",1982,1
210,"2018-12-19 00:38:04.6450","2018-12-19 00:41:34.8180",3183,"Exchange Place",40.7162469,-74.0334588,3267,"Morris Canal",40.7124188237569,-74.03852552175522,26197,"Subscriber",1980,1
476,"2018-12-19 01:13:20.1910","2018-12-19 01:21:16.4940",3183,"Exchange Place",40.7162469,-74.0334588,3199,"Newport Pkwy",40.7287448,-74.0321082,29263,"Subscriber",1987,1
76,"2018-12-19 08:34:29.7600","2018-12-19 08:35:46.6830",3183,"Exchange Place",40.7162469,-74.0334588,3184,"Paulus Hook",40.7141454,-74.0335519,26220,"Subscriber",1982,1
227,"2018-12-19 10:54:28.3320","2018-12-19 10:58:15.9320",3183,"Exchange Place",40.7162469,-74.0334588,3267,"Morris Canal",40.7124188237569,-74.03852552175522,26247,"Subscriber",1984,1
452,"2018-12-19 11:52:21.3600","2018-12-19 11:59:54.0880",3183,"Exchange Place",40.7162469,-74.0334588,3638,"Washington St",40.7242941,-74.0354826,29308,"Subscriber",1985,2
1408,"2018-12-19 12:50:47.2470","2018-12-19 13:14:15.8890",3183,"Exchange Place",40.7162469,-74.0334588,3183,"Exchange Place",40.7162469,-74.0334588,29254,"Customer",1969,0
328,"2018-12-19 13:18:04.1740","2018-12-19 13:23:32.9660",3183,"Exchange Place",40.7162469,-74.0334588,3185,"City Hall",40.7177325,-74.043845,29677,"Subscriber",1990,1
373,"2018-12-19 13:18:54.1340","2018-12-19 13:25:07.6050",3183,"Exchange Place",40.7162469,-74.0334588,3211,"Newark Ave",40.72152515,-74.046304543,29569,"Subscriber",1976,1
187,"2018-12-19 14:20:26.4580","2018-12-19 14:23:33.8780",3183,"Exchange Place",40.7162469,-74.0334588,3481,"York St",40.71649,-74.04105,26173,"Subscriber",1984,2
215,"2018-12-19 14:52:26.0430","2018-12-19 14:56:01.9570",3183,"Exchange Place",40.7162469,-74.0334588,3267,"Morris Canal",40.7124188237569,-74.03852552175522,26208,"Customer",1988,1
362,"2018-12-19 14:56:23.0580","2018-12-19 15:02:25.4330",3183,"Exchange Place",40.7162469,-74.0334588,3638,"Washington St",40.7242941,-74.0354826,29126,"Subscriber",1972,1
196,"2018-12-19 14:57:00.0470","2018-12-19 15:00:16.7200",3183,"Exchange Place",40.7162469,-74.0334588,3481,"York St",40.71649,-74.04105,29264,"Subscriber",1975,1
282,"2018-12-19 15:21:25.5830","2018-12-19 15:26:08.0480",3183,"Exchange Place",40.7162469,-74.0334588,3267,"Morris Canal",40.7124188237569,-74.03852552175522,33744,"Subscriber",1970,1
189,"2018-12-19 15:22:53.0130","2018-12-19 15:26:02.7990",3183,"Exchange Place",40.7162469,-74.0334588,3214,"Essex Light Rail",40.7127742,-74.0364857,26247,"Subscriber",1954,2
348,"2018-12-19 15:49:35.8840","2018-12-19 15:55:24.6060",3183,"Exchange Place",40.7162469,-74.0334588,3186,"Grove St PATH",40.71958611647166,-74.04311746358871,26170,"Subscriber",1958,1
299,"2018-12-19 16:00:18.1670","2018-12-19 16:05:17.5470",3183,"Exchange Place",40.7162469,-74.0334588,3639,"Harborside",40.7192517,-74.034234,29213,"Subscriber",1981,2
5632,"2018-12-19 16:22:54.7910","2018-12-19 17:56:47.2440",3183,"Exchange Place",40.7162469,-74.0334588,3681,"Grand St",40.71517767732029,-74.03768330812454,29254,"Subscriber",1962,1
623,"2018-12-19 16:41:47.3530","2018-12-19 16:52:10.7390",3183,"Exchange Place",40.7162469,-74.0334588,3192,"Liberty Light Rail",40.7112423,-74.0557013,26255,"Subscriber",1980,1
256,"2018-12-19 16:49:23.2550","2018-12-19 16:53:40.2040",3183,"Exchange Place",40.7162469,-74.0334588,3213,"Van Vorst Park",40.71848892,-74.047726625,29593,"Subscriber",1962,1
1098,"2018-12-19 16:51:30.7420","2018-12-19 17:09:48.8730",3183,"Exchange Place",40.7162469,-74.0334588,3267,"Morris Canal",40.7124188237569,-74.03852552175522,26189,"Subscriber",1976,2
200,"2018-12-19 16:55:36.2370","2018-12-19 16:58:57.1500",3183,"Exchange Place",40.7162469,-74.0334588,3214,"Essex Light Rail",40.7127742,-74.0364857,29675,"Subscriber",1974,1
531,"2018-12-19 17:04:48.8630","2018-12-19 17:13:39.9450",3183,"Exchange Place",40.7162469,-74.0334588,3192,"Liberty Light Rail",40.7112423,-74.0557013,29598,"Subscriber",1985,1
214,"2018-12-19 17:09:31.2320","2018-12-19 17:13:05.6880",3183,"Exchange Place",40.7162469,-74.0334588,3214,"Essex Light Rail",40.7127742,-74.0364857,29284,"Subscriber",1960,1
672,"2018-12-19 17:38:13.3960","2018-12-19 17:49:25.4300",3183,"Exchange Place",40.7162469,-74.0334588,3192,"Liberty Light Rail",40.7112423,-74.0557013,29484,"Subscriber",1990,1
190,"2018-12-19 17:49:17.6040","2018-12-19 17:52:28.4200",3183,"Exchange Place",40.7162469,-74.0334588,3639,"Harborside",40.7192517,-74.034234,26157,"Subscriber",1963,1
253,"2018-12-19 17:50:56.6710","2018-12-19 17:55:10.6560",3183,"Exchange Place",40.7162469,-74.0334588,3187,"Warren St",40.7211236,-74.03805095,26295,"Subscriber",1971,1
308,"2018-12-19 17:53:21.1680","2018-12-19 17:58:29.9360",3183,"Exchange Place",40.7162469,-74.0334588,3187,"Warren St",40.7211236,-74.03805095,29459,"Subscriber",1975,1
225,"2018-12-19 17:53:33.9770","2018-12-19 17:57:19.3320",3183,"Exchange Place",40.7162469,-74.0334588,3214,"Essex Light Rail",40.7127742,-74.0364857,29504,"Subscriber",1967,1
309,"2018-12-19 17:57:45.7890","2018-12-19 18:02:55.4020",3183,"Exchange Place",40.7162469,-74.0334588,3267,"Morris Canal",40.7124188237569,-74.03852552175522,29205,"Subscriber",1994,2
558,"2018-12-19 18:00:19.9000","2018-12-19 18:09:38.2900",3183,"Exchange Place",40.7162469,-74.0334588,3270,"Jersey & 6th St",40.72528910781132,-74.04557168483734,29536,"Subscriber",1984,1
237,"2018-12-19 18:09:28.7580","2018-12-19 18:13:26.5540",3183,"Exchange Place",40.7162469,-74.0334588,3214,"Essex Light Rail",40.7127742,-74.0364857,26188,"Subscriber",1993,1
292,"2018-12-19 18:19:07.9120","2018-12-19 18:24:00.8390",3183,"Exchange Place",40.7162469,-74.0334588,3187,"Warren St",40.7211236,-74.03805095,29437,"Subscriber",1979,1
280,"2018-12-19 18:28:48.6340","2018-12-19 18:33:28.9460",3183,"Exchange Place",40.7162469,-74.0334588,3638,"Washington St",40.7242941,-74.0354826,29572,"Subscriber",1977,1
256,"2018-12-19 18:40:01.9510","2018-12-19 18:44:18.6100",3183,"Exchange Place",40.7162469,-74.0334588,3681,"Grand St",40.71517767732029,-74.03768330812454,26271,"Subscriber",1982,1
336,"2018-12-19 18:48:45.0370","2018-12-19 18:54:21.8370",3183,"Exchange Place",40.7162469,-74.0334588,3186,"Grove St PATH",40.71958611647166,-74.04311746358871,29473,"Subscriber",1972,1
561,"2018-12-19 19:00:37.1340","2018-12-19 19:09:58.6910",3183,"Exchange Place",40.7162469,-74.0334588,3186,"Grove St PATH",40.71958611647166,-74.04311746358871,29285,"Subscriber",1979,2
631,"2018-12-19 19:04:23.3300","2018-12-19 19:14:54.3400",3183,"Exchange Place",40.7162469,-74.0334588,3202,"Newport PATH",40.7272235,-74.0337589,29261,"Subscriber",1977,1
264,"2018-12-19 19:10:37.5050","2018-12-19 19:15:01.6620",3183,"Exchange Place",40.7162469,-74.0334588,3187,"Warren St",40.7211236,-74.03805095,29262,"Subscriber",1990,1
230,"2018-12-19 19:13:54.5690","2018-12-19 19:17:45.5190",3183,"Exchange Place",40.7162469,-74.0334588,3187,"Warren St",40.7211236,-74.03805095,29616,"Subscriber",1974,1
143,"2018-12-19 19:19:12.6240","2018-12-19 19:21:35.8110",3183,"Exchange Place",40.7162469,-74.0334588,3214,"Essex Light Rail",40.7127742,-74.0364857,29586,"Subscriber",1987,1
331,"2018-12-19 19:19:34.1960","2018-12-19 19:25:05.7770",3183,"Exchange Place",40.7162469,-74.0334588,3185,"City Hall",40.7177325,-74.043845,29121,"Subscriber",1986,1
220,"2018-12-19 19:22:19.5100","2018-12-19 19:25:59.9000",3183,"Exchange Place",40.7162469,-74.0334588,3267,"Morris Canal",40.7124188237569,-74.03852552175522,29608,"Subscriber",1990,1
287,"2018-12-19 19:25:45.6280","2018-12-19 19:30:33.3220",3183,"Exchange Place",40.7162469,-74.0334588,3481,"York St",40.71649,-74.04105,29597,"Subscriber",1970,1
292,"2018-12-19 19:34:53.5040","2018-12-19 19:39:45.7020",3183,"Exchange Place",40.7162469,-74.0334588,3267,"Morris Canal",40.7124188237569,-74.03852552175522,29477,"Subscriber",1990,1
295,"2018-12-19 19:35:24.0290","2018-12-19 19:40:19.4650",3183,"Exchange Place",40.7162469,-74.0334588,3186,"Grove St PATH",40.71958611647166,-74.04311746358871,29290,"Subscriber",1969,0
98,"2018-12-19 19:46:00.8960","2018-12-19 19:47:39.6120",3183,"Exchange Place",40.7162469,-74.0334588,3639,"Harborside",40.7192517,-74.034234,29528,"Subscriber",1989,1
330,"2018-12-19 20:22:52.4200","2018-12-19 20:28:22.7900",3183,"Exchange Place",40.7162469,-74.0334588,3187,"Warren St",40.7211236,-74.03805095,29120,"Subscriber",1983,2
287,"2018-12-19 20:44:45.4110","2018-12-19 20:49:33.3350",3183,"Exchange Place",40.7162469,-74.0334588,3187,"Warren St",40.7211236,-74.03805095,29252,"Subscriber",1980,1
141,"2018-12-19 21:11:44.1420","2018-12-19 21:14:05.9270",3183,"Exchange Place",40.7162469,-74.0334588,3639,"Harborside",40.7192517,-74.034234,29658,"Subscriber",1988,1
159,"2018-12-20 00:01:52.5430","2018-12-20 00:04:31.6410",3183,"Exchange Place",40.7162469,-74.0334588,3214,"Essex Light Rail",40.7127742,-74.0364857,29528,"Subscriber",1980,1
278,"2018-12-20 07:58:05.2190","2018-12-20 08:02:43.4050",3183,"Exchange Place",40.7162469,-74.0334588,3187,"Warren St",40.7211236,-74.03805095,29512,"Subscriber",1971,2
345,"2018-12-20 08:06:50.9020","2018-12-20 08:12:36.1140",3183,"Exchange Place",40.7162469,-74.0334588,3213,"Van Vorst Park",40.71848892,-74.047726625,29205,"Subscriber",1986,1
299,"2018-12-20 08:18:18.6190","2018-12-20 08:23:18.3650",3183,"Exchange Place",40.7162469,-74.0334588,3202,"Newport PATH",40.7272235,-74.0337589,26188,"Subscriber",1984,1
188,"2018-12-20 08:19:31.4000","2018-12-20 08:22:39.5850",3183,"Exchange Place",40.7162469,-74.0334588,3214,"Essex Light Rail",40.7127742,-74.0364857,29493,"Subscriber",1975,2
448,"2018-12-20 08:37:05.3430","2018-12-20 08:44:34.2070",3183,"Exchange Place",40.7162469,-74.0334588,3199,"Newport Pkwy",40.7287448,-74.0321082,29457,"Subscriber",1970,1
465,"2018-12-20 13:36:30.8010","2018-12-20 13:44:16.3800",3183,"Exchange Place",40.7162469,-74.0334588,3272,"Jersey & 3rd",40.72333158646436,-74.04595255851744,26187,"Subscriber",1986,1
216,"2018-12-20 13:49:43.3060","2018-12-20 13:53:19.7050",3183,"Exchange Place",40.7162469,-74.0334588,3185,"City Hall",40.7177325,-74.043845,29484,"Subscriber",1962,1
1014,"2018-12-20 14:55:19.0250","2018-12-20 15:12:13.9080",3183,"Exchange Place",40.7162469,-74.0334588,3207,"Oakland Ave",40.7376037,-74.0524783,29554,"Subscriber",1981,1
245,"2018-12-20 16:16:08.7960","2018-12-20 16:20:14.3460",3183,"Exchange Place",40.7162469,-74.0334588,3638,"Washington St",40.7242941,-74.0354826,26157,"Subscriber",1977,1
283,"2018-12-20 16:59:13.5250","2018-12-20 17:03:56.8060",3183,"Exchange Place",40.7162469,-74.0334588,3267,"Morris Canal",40.7124188237569,-74.03852552175522,29504,"Subscriber",1976,2
316,"2018-12-20 18:03:05.0500","2018-12-20 18:08:21.6110",3183,"Exchange Place",40.7162469,-74.0334588,3273,"Manila & 1st",40.721650724879986,-74.04288411140442,29204,"Subscriber",1973,1
454,"2018-12-20 19:34:59.1970","2018-12-20 19:42:33.2960",3183,"Exchange Place",40.7162469,-74.0334588,3202,"Newport PATH",40.7272235,-74.0337589,29124,"Subscriber",1991,1
303,"2018-12-20 19:54:49.3200","2018-12-20 19:59:52.4130",3183,"Exchange Place",40.7162469,-74.0334588,3267,"Morris Canal",40.7124188237569,-74.03852552175522,29553,"Subscriber",1973,1
227,"2018-12-20 20:30:15.5230","2018-12-20 20:34:03.4720",3183,"Exchange Place",40.7162469,-74.0334588,3267,"Morris Canal",40.7124188237569,-74.03852552175522,29213,"Subscriber",1990,1
133,"2018-12-20 20:58:56.8410","2018-12-20 21:01:09.9680",3183,"Exchange Place",40.7162469,-74.0334588,3214,"Essex Light Rail",40.7127742,-74.0364857,29492,"Subscriber",1993,1
247,"2018-12-20 21:39:50.0150","2018-12-20 21:43:57.1490",3183,"Exchange Place",40.7162469,-74.0334588,3267,"Morris Canal",40.7124188237569,-74.03852552175522,29640,"Subscriber",1958,1
271,"2018-12-20 23:29:37.3760","2018-12-20 23:34:09.3170",3183,"Exchange Place",40.7162469,-74.0334588,3638,"Washington St",40.7242941,-74.0354826,29221,"Subscriber",1996,1
223,"2018-12-21 14:24:08.8840","2018-12-21 14:27:52.2630",3183,"Exchange Place",40.7162469,-74.0334588,3267,"Morris Canal",40.7124188237569,-74.03852552175522,26219,"Subscriber",1974,1
275,"2018-12-21 15:08:06.6310","2018-12-21 15:12:42.4330",3183,"Exchange Place",40.7162469,-74.0334588,3267,"Morris Canal",40.7124188237569,-74.03852552175522,29597,"Subscriber",1981,0
99,"2018-12-21 15:09:01.7100","2018-12-21 15:10:41.0140",3183,"Exchange Place",40.7162469,-74.0334588,3184,"Paulus Hook",40.7141454,-74.0335519,29675,"Subscriber",1985,1
295,"2018-12-21 15:09:52.5480","2018-12-21 15:14:48.4580",3183,"Exchange Place",40.7162469,-74.0334588,3267,"Morris Canal",40.7124188237569,-74.03852552175522,29304,"Subscriber",1968,1
435,"2018-12-21 16:04:25.9200","2018-12-21 16:11:41.0770",3183,"Exchange Place",40.7162469,-74.0334588,3270,"Jersey & 6th St",40.72528910781132,-74.04557168483734,26203,"Subscriber",1988,1
243,"2018-12-21 16:19:31.1630","2018-12-21 16:23:34.3810",3183,"Exchange Place",40.7162469,-74.0334588,3267,"Morris Canal",40.7124188237569,-74.03852552175522,29639,"Subscriber",1977,1
753,"2018-12-21 16:27:46.5890","2018-12-21 16:40:19.8080",3183,"Exchange Place",40.7162469,-74.0334588,3192,"Liberty Light Rail",40.7112423,-74.0557013,33744,"Subscriber",1990,1
131,"2018-12-21 17:02:05.2290","2018-12-21 17:04:16.8440",3183,"Exchange Place",40.7162469,-74.0334588,3639,"Harborside",40.7192517,-74.034234,26170,"Subscriber",1988,1
292,"2018-12-21 17:05:17.4210","2018-12-21 17:10:10.4070",3183,"Exchange Place",40.7162469,-74.0334588,3186,"Grove St PATH",40.71958611647166,-74.04311746358871,29207,"Subscriber",1970,1
2802,"2018-12-21 17:22:06.7250","2018-12-21 18:08:49.6260",3183,"Exchange Place",40.7162469,-74.0334588,3186,"Grove St PATH",40.71958611647166,-74.04311746358871,29528,"Subscriber",1993,1
321,"2018-12-21 18:08:48.8760","2018-12-21 18:14:10.3790",3183,"Exchange Place",40.7162469,-74.0334588,3187,"Warren St",40.7211236,-74.03805095,29675,"Subscriber",1984,1
268,"2018-12-21 18:09:21.8610","2018-12-21 18:13:50.2520",3183,"Exchange Place",40.7162469,-74.0334588,3186,"Grove St PATH",40.71958611647166,-74.04311746358871,26266,"Subscriber",1962,1
151,"2018-12-21 18:22:37.7770","2018-12-21 18:25:09.4130",3183,"Exchange Place",40.7162469,-74.0334588,3639,"Harborside",40.7192517,-74.034234,29264,"Subscriber",1988,1
506,"2018-12-21 19:06:12.2480","2018-12-21 19:14:38.3590",3183,"Exchange Place",40.7162469,-74.0334588,3202,"Newport PATH",40.7272235,-74.0337589,29198,"Subscriber",1970,1
210,"2018-12-21 19:11:46.4260","2018-12-21 19:15:17.4070",3183,"Exchange Place",40.7162469,-74.0334588,3275,"Columbus Drive",40.71835519823214,-74.03891444206238,26294,"Subscriber",1972,1
359,"2018-12-21 19:15:13.6010","2018-12-21 19:21:13.0400",3183,"Exchange Place",40.7162469,-74.0334588,3481,"York St",40.71649,-74.04105,26236,"Subscriber",1968,2
422,"2018-12-22 05:22:32.2770","2018-12-22 05:29:34.8920",3183,"Exchange Place",40.7162469,-74.0334588,3202,"Newport PATH",40.7272235,-74.0337589,29306,"Subscriber",1972,2
418,"2018-12-22 08:46:17.1810","2018-12-22 08:53:15.4620",3183,"Exchange Place",40.7162469,-74.0334588,3483,"Montgomery St",40.71942,-74.05099,29640,"Subscriber",1987,1
436,"2018-12-22 11:43:21.0030","2018-12-22 11:50:37.2710",3183,"Exchange Place",40.7162469,-74.0334588,3199,"Newport Pkwy",40.7287448,-74.0321082,29264,"Subscriber",1988,1
1062,"2018-12-22 11:43:22.9260","2018-12-22 12:01:05.6350",3183,"Exchange Place",40.7162469,-74.0334588,3639,"Harborside",40.7192517,-74.034234,26175,"Subscriber",1949,1
1107,"2018-12-22 12:21:21.5410","2018-12-22 12:39:49.1870",3183,"Exchange Place",40.7162469,-74.0334588,3199,"Newport Pkwy",40.7287448,-74.0321082,29662,"Subscriber",1993,1
208,"2018-12-22 12:21:50.0100","2018-12-22 12:25:18.9940",3183,"Exchange Place",40.7162469,-74.0334588,3481,"York St",40.71649,-74.04105,26244,"Subscriber",1968,1
519,"2018-12-22 12:22:59.3600","2018-12-22 12:31:38.7490",3183,"Exchange Place",40.7162469,-74.0334588,3199,"Newport Pkwy",40.7287448,-74.0321082,29222,"Subscriber",1985,2
925,"2018-12-22 13:04:49.5140","2018-12-22 13:20:15.4680",3183,"Exchange Place",40.7162469,-74.0334588,3192,"Liberty Light Rail",40.7112423,-74.0557013,29204,"Subscriber",1992,2
108,"2018-12-22 13:16:38.7200","2018-12-22 13:18:27.3840",3183,"Exchange Place",40.7162469,-74.0334588,3639,"Harborside",40.7192517,-74.034234,29619,"Subscriber",1988,1
411,"2018-12-22 15:27:15.8830","2018-12-22 15:34:07.2830",3183,"Exchange Place",40.7162469,-74.0334588,3267,"Morris Canal",40.7124188237569,-74.03852552175522,29506,"Subscriber",1977,1
415,"2018-12-22 15:34:29.2850","2018-12-22 15:41:25.1600",3183,"Exchange Place",40.7162469,-74.0334588,3638,"Washington St",40.7242941,-74.0354826,26201,"Subscriber",1973,2
138,"2018-12-22 15:43:28.1300","2018-12-22 15:45:46.2000",3183,"Exchange Place",40.7162469,-74.0334588,3681,"Grand St",40.71517767732029,-74.03768330812454,29301,"Subscriber",1982,1
2485,"2018-12-22 17:01:57.0460","2018-12-22 17:43:22.5980",3183,"Exchange Place",40.7162469,-74.0334588,3183,"Exchange Place",40.7162469,-74.0334588,29308,"Subscriber",1969,0
111,"2018-12-22 17:34:46.4650","2018-12-22 17:36:37.7280",3183,"Exchange Place",40.7162469,-74.0334588,3183,"Exchange Place",40.7162469,-74.0334588,26189,"Subscriber",1979,1
757,"2018-12-22 17:44:06.5000","2018-12-22 17:56:44.2870",3183,"Exchange Place",40.7162469,-74.0334588,3202,"Newport PATH",40.7272235,-74.0337589,29308,"Subscriber",1969,0
247,"2018-12-22 18:22:11.5090","2018-12-22 18:26:19.2910",3183,"Exchange Place",40.7162469,-74.0334588,3267,"Morris Canal",40.7124188237569,-74.03852552175522,29646,"Subscriber",1990,1
234,"2018-12-22 18:41:43.8300","2018-12-22 18:45:38.1780",3183,"Exchange Place",40.7162469,-74.0334588,3267,"Morris Canal",40.7124188237569,-74.03852552175522,29594,"Subscriber",1981,0
635,"2018-12-22 19:45:47.8460","2018-12-22 19:56:23.5130",3183,"Exchange Place",40.7162469,-74.0334588,3214,"Essex Light Rail",40.7127742,-74.0364857,29239,"Subscriber",1961,2
163,"2018-12-22 21:02:50.1570","2018-12-22 21:05:33.2490",3183,"Exchange Place",40.7162469,-74.0334588,3267,"Morris Canal",40.7124188237569,-74.03852552175522,29598,"Subscriber",1980,1
182,"2018-12-22 22:03:37.2770","2018-12-22 22:06:39.6420",3183,"Exchange Place",40.7162469,-74.0334588,3267,"Morris Canal",40.7124188237569,-74.03852552175522,29549,"Subscriber",1980,1
227,"2018-12-22 22:22:52.7980","2018-12-22 22:26:40.6400",3183,"Exchange Place",40.7162469,-74.0334588,3481,"York St",40.71649,-74.04105,26236,"Subscriber",1954,2
261,"2018-12-22 23:02:58.6950","2018-12-22 23:07:20.0290",3183,"Exchange Place",40.7162469,-74.0334588,3214,"Essex Light Rail",40.7127742,-74.0364857,29516,"Subscriber",1983,2
583,"2018-12-23 08:43:43.2620","2018-12-23 08:53:26.6330",3183,"Exchange Place",40.7162469,-74.0334588,3270,"Jersey & 6th St",40.72528910781132,-74.04557168483734,34791,"Subscriber",1977,1
266,"2018-12-23 10:34:07.2690","2018-12-23 10:38:33.8140",3183,"Exchange Place",40.7162469,-74.0334588,3481,"York St",40.71649,-74.04105,29616,"Subscriber",1961,1
1285,"2018-12-23 12:32:58.5740","2018-12-23 12:54:24.5040",3183,"Exchange Place",40.7162469,-74.0334588,3220,"5 Corners Library",40.734961020009514,-74.0595030784607,29582,"Subscriber",1993,1
92,"2018-12-23 13:01:25.5470","2018-12-23 13:02:58.1680",3183,"Exchange Place",40.7162469,-74.0334588,3184,"Paulus Hook",40.7141454,-74.0335519,29293,"Subscriber",1987,1
527,"2018-12-23 14:09:40.7010","2018-12-23 14:18:27.7670",3183,"Exchange Place",40.7162469,-74.0334588,3199,"Newport Pkwy",40.7287448,-74.0321082,29547,"Subscriber",1990,1
418,"2018-12-23 14:43:59.7980","2018-12-23 14:50:57.8500",3183,"Exchange Place",40.7162469,-74.0334588,3638,"Washington St",40.7242941,-74.0354826,29681,"Subscriber",1991,1
340,"2018-12-23 14:54:07.5860","2018-12-23 14:59:48.2030",3183,"Exchange Place",40.7162469,-74.0334588,3213,"Van Vorst Park",40.71848892,-74.047726625,29640,"Subscriber",1967,2
166,"2018-12-23 15:43:53.6650","2018-12-23 15:46:40.2040",3183,"Exchange Place",40.7162469,-74.0334588,3681,"Grand St",40.71517767732029,-74.03768330812454,26200,"Subscriber",1990,1
267,"2018-12-23 16:45:34.4870","2018-12-23 16:50:02.3670",3183,"Exchange Place",40.7162469,-74.0334588,3481,"York St",40.71649,-74.04105,29499,"Subscriber",1960,2
2075,"2018-12-23 16:58:05.9880","2018-12-23 17:32:41.9720",3183,"Exchange Place",40.7162469,-74.0334588,3202,"Newport PATH",40.7272235,-74.0337589,26175,"Subscriber",1969,0
255,"2018-12-23 17:01:18.1130","2018-12-23 17:05:33.3530",3183,"Exchange Place",40.7162469,-74.0334588,3267,"Morris Canal",40.7124188237569,-74.03852552175522,29661,"Subscriber",1993,1
274,"2018-12-23 17:26:35.2450","2018-12-23 17:31:09.7400",3183,"Exchange Place",40.7162469,-74.0334588,3481,"York St",40.71649,-74.04105,29658,"Subscriber",1968,2
221,"2018-12-23 17:42:59.3590","2018-12-23 17:46:40.4100",3183,"Exchange Place",40.7162469,-74.0334588,3681,"Grand St",40.71517767732029,-74.03768330812454,26197,"Subscriber",1997,1
588,"2018-12-23 21:29:35.3740","2018-12-23 21:39:23.9600",3183,"Exchange Place",40.7162469,-74.0334588,3267,"Morris Canal",40.7124188237569,-74.03852552175522,26208,"Customer",1998,1
567,"2018-12-23 21:30:03.4140","2018-12-23 21:39:31.2890",3183,"Exchange Place",40.7162469,-74.0334588,3267,"Morris Canal",40.7124188237569,-74.03852552175522,29668,"Customer",1998,2
69,"2018-12-24 07:59:37.9010","2018-12-24 08:00:47.2600",3183,"Exchange Place",40.7162469,-74.0334588,3184,"Paulus Hook",40.7141454,-74.0335519,26163,"Subscriber",1975,1
245,"2018-12-24 12:23:48.7030","2018-12-24 12:27:53.8440",3183,"Exchange Place",40.7162469,-74.0334588,3267,"Morris Canal",40.7124188237569,-74.03852552175522,26208,"Subscriber",1980,1
771,"2018-12-24 12:30:30.0270","2018-12-24 12:43:21.3040",3183,"Exchange Place",40.7162469,-74.0334588,3203,"Hamilton Park",40.727595966,-74.044247311,29277,"Subscriber",1986,1
351,"2018-12-24 12:33:24.1350","2018-12-24 12:39:15.6350",3183,"Exchange Place",40.7162469,-74.0334588,3276,"Marin Light Rail",40.71458403535893,-74.04281705617905,29675,"Subscriber",1988,1
379,"2018-12-24 12:57:15.3620","2018-12-24 13:03:35.2580",3183,"Exchange Place",40.7162469,-74.0334588,3202,"Newport PATH",40.7272235,-74.0337589,26208,"Subscriber",1958,1
722,"2018-12-24 13:05:08.4940","2018-12-24 13:17:10.5560",3183,"Exchange Place",40.7162469,-74.0334588,3187,"Warren St",40.7211236,-74.03805095,29661,"Subscriber",1965,2
167,"2018-12-24 13:26:07.8550","2018-12-24 13:28:55.0290",3183,"Exchange Place",40.7162469,-74.0334588,3214,"Essex Light Rail",40.7127742,-74.0364857,29222,"Subscriber",1993,1
144,"2018-12-24 13:33:10.2150","2018-12-24 13:35:34.7430",3183,"Exchange Place",40.7162469,-74.0334588,3214,"Essex Light Rail",40.7127742,-74.0364857,29593,"Subscriber",1987,1
166,"2018-12-24 13:38:13.7300","2018-12-24 13:41:00.1440",3183,"Exchange Place",40.7162469,-74.0334588,3214,"Essex Light Rail",40.7127742,-74.0364857,29199,"Subscriber",1987,1
296,"2018-12-24 13:59:45.9100","2018-12-24 14:04:42.4750",3183,"Exchange Place",40.7162469,-74.0334588,3481,"York St",40.71649,-74.04105,29493,"Subscriber",1968,2
149,"2018-12-24 14:12:29.4930","2018-12-24 14:14:58.8320",3183,"Exchange Place",40.7162469,-74.0334588,3214,"Essex Light Rail",40.7127742,-74.0364857,29635,"Subscriber",1985,1
191,"2018-12-24 14:16:05.7340","2018-12-24 14:19:17.0200",3183,"Exchange Place",40.7162469,-74.0334588,3214,"Essex Light Rail",40.7127742,-74.0364857,29207,"Subscriber",1986,1
972,"2018-12-24 14:29:58.2440","2018-12-24 14:46:11.0550",3183,"Exchange Place",40.7162469,-74.0334588,3203,"Hamilton Park",40.727595966,-74.044247311,29217,"Subscriber",1981,1
251,"2018-12-24 14:38:29.1810","2018-12-24 14:42:40.1840",3183,"Exchange Place",40.7162469,-74.0334588,3267,"Morris Canal",40.7124188237569,-74.03852552175522,29668,"Subscriber",1973,1
197,"2018-12-24 14:58:19.4780","2018-12-24 15:01:37.1930",3183,"Exchange Place",40.7162469,-74.0334588,3187,"Warren St",40.7211236,-74.03805095,29640,"Subscriber",1980,1
118,"2018-12-24 15:08:15.3270","2018-12-24 15:10:14.2090",3183,"Exchange Place",40.7162469,-74.0334588,3639,"Harborside",40.7192517,-74.034234,29500,"Subscriber",1971,2
306,"2018-12-24 15:10:23.8850","2018-12-24 15:15:30.5700",3183,"Exchange Place",40.7162469,-74.0334588,3214,"Essex Light Rail",40.7127742,-74.0364857,26211,"Subscriber",1985,1
274,"2018-12-24 15:35:21.3300","2018-12-24 15:39:55.5090",3183,"Exchange Place",40.7162469,-74.0334588,3187,"Warren St",40.7211236,-74.03805095,29220,"Subscriber",1980,1
260,"2018-12-24 15:59:20.1640","2018-12-24 16:03:40.9520",3183,"Exchange Place",40.7162469,-74.0334588,3214,"Essex Light Rail",40.7127742,-74.0364857,29601,"Subscriber",1980,2
115,"2018-12-24 16:19:37.4570","2018-12-24 16:21:33.0290",3183,"Exchange Place",40.7162469,-74.0334588,3184,"Paulus Hook",40.7141454,-74.0335519,26189,"Subscriber",1969,0
287,"2018-12-24 16:44:40.8870","2018-12-24 16:49:28.8680",3183,"Exchange Place",40.7162469,-74.0334588,3214,"Essex Light Rail",40.7127742,-74.0364857,26242,"Subscriber",1984,1
104,"2018-12-24 17:20:23.8360","2018-12-24 17:22:08.8330",3183,"Exchange Place",40.7162469,-74.0334588,3639,"Harborside",40.7192517,-74.034234,29273,"Subscriber",1989,1
225,"2018-12-24 17:28:29.7710","2018-12-24 17:32:15.6580",3183,"Exchange Place",40.7162469,-74.0334588,3267,"Morris Canal",40.7124188237569,-74.03852552175522,29230,"Subscriber",1994,2
671,"2018-12-24 21:20:25.4090","2018-12-24 21:31:37.3640",3183,"Exchange Place",40.7162469,-74.0334588,3192,"Liberty Light Rail",40.7112423,-74.0557013,29273,"Subscriber",1975,1
488,"2018-12-25 12:57:56.0100","2018-12-25 13:06:04.8400",3183,"Exchange Place",40.7162469,-74.0334588,3199,"Newport Pkwy",40.7287448,-74.0321082,26208,"Subscriber",1990,1
405,"2018-12-25 14:15:13.8010","2018-12-25 14:21:58.8280",3183,"Exchange Place",40.7162469,-74.0334588,3638,"Washington St",40.7242941,-74.0354826,29534,"Subscriber",1973,2
268,"2018-12-25 17:14:28.3770","2018-12-25 17:18:56.7860",3183,"Exchange Place",40.7162469,-74.0334588,3276,"Marin Light Rail",40.71458403535893,-74.04281705617905,29307,"Subscriber",1986,1
1574,"2018-12-25 19:56:42.3840","2018-12-25 20:22:57.3690",3183,"Exchange Place",40.7162469,-74.0334588,3183,"Exchange Place",40.7162469,-74.0334588,29661,"Subscriber",1987,1
3029,"2018-12-25 20:25:29.0880","2018-12-25 21:15:58.2590",3183,"Exchange Place",40.7162469,-74.0334588,3183,"Exchange Place",40.7162469,-74.0334588,29661,"Subscriber",1987,1
576,"2018-12-26 05:19:07.4280","2018-12-26 05:28:44.3620",3183,"Exchange Place",40.7162469,-74.0334588,3202,"Newport PATH",40.7272235,-74.0337589,26211,"Subscriber",1972,2
94,"2018-12-26 08:18:37.8940","2018-12-26 08:20:12.7040",3183,"Exchange Place",40.7162469,-74.0334588,3184,"Paulus Hook",40.7141454,-74.0335519,29275,"Subscriber",1975,2
166,"2018-12-26 09:31:11.3480","2018-12-26 09:33:57.9460",3183,"Exchange Place",40.7162469,-74.0334588,3681,"Grand St",40.71517767732029,-74.03768330812454,29296,"Subscriber",1973,1
996,"2018-12-26 15:23:47.4130","2018-12-26 15:40:23.9630",3183,"Exchange Place",40.7162469,-74.0334588,3186,"Grove St PATH",40.71958611647166,-74.04311746358871,29126,"Subscriber",1985,1
449,"2018-12-26 16:33:43.7180","2018-12-26 16:41:13.5120",3183,"Exchange Place",40.7162469,-74.0334588,3199,"Newport Pkwy",40.7287448,-74.0321082,29661,"Subscriber",1990,1
226,"2018-12-26 16:39:18.1950","2018-12-26 16:43:05.0410",3183,"Exchange Place",40.7162469,-74.0334588,3214,"Essex Light Rail",40.7127742,-74.0364857,29500,"Subscriber",1993,1
230,"2018-12-26 16:46:30.5460","2018-12-26 16:50:21.4870",3183,"Exchange Place",40.7162469,-74.0334588,3187,"Warren St",40.7211236,-74.03805095,29635,"Subscriber",1980,1
1059,"2018-12-26 16:50:38.6510","2018-12-26 17:08:18.6240",3183,"Exchange Place",40.7162469,-74.0334588,3638,"Washington St",40.7242941,-74.0354826,29259,"Subscriber",1986,1
288,"2018-12-26 16:56:08.7200","2018-12-26 17:00:57.3180",3183,"Exchange Place",40.7162469,-74.0334588,3185,"City Hall",40.7177325,-74.043845,26245,"Subscriber",1987,1
230,"2018-12-26 17:00:34.7070","2018-12-26 17:04:24.8510",3183,"Exchange Place",40.7162469,-74.0334588,3186,"Grove St PATH",40.71958611647166,-74.04311746358871,29307,"Subscriber",1984,2
736,"2018-12-26 17:14:29.8900","2018-12-26 17:26:46.2940",3183,"Exchange Place",40.7162469,-74.0334588,3192,"Liberty Light Rail",40.7112423,-74.0557013,29225,"Subscriber",1990,1
102,"2018-12-26 17:21:07.3610","2018-12-26 17:22:49.7830",3183,"Exchange Place",40.7162469,-74.0334588,3639,"Harborside",40.7192517,-74.034234,29655,"Subscriber",1969,0
187,"2018-12-26 17:24:34.8340","2018-12-26 17:27:42.6450",3183,"Exchange Place",40.7162469,-74.0334588,3275,"Columbus Drive",40.71835519823214,-74.03891444206238,29512,"Subscriber",1993,1
292,"2018-12-26 17:44:20.8140","2018-12-26 17:49:12.8330",3183,"Exchange Place",40.7162469,-74.0334588,3267,"Morris Canal",40.7124188237569,-74.03852552175522,26264,"Subscriber",1993,1
350,"2018-12-26 17:49:12.1720","2018-12-26 17:55:03.1580",3183,"Exchange Place",40.7162469,-74.0334588,3187,"Warren St",40.7211236,-74.03805095,29250,"Subscriber",1984,1
492,"2018-12-26 17:52:04.4080","2018-12-26 18:00:16.6450",3183,"Exchange Place",40.7162469,-74.0334588,3203,"Hamilton Park",40.727595966,-74.044247311,29437,"Subscriber",1982,1
104,"2018-12-26 17:52:10.4030","2018-12-26 17:53:55.2010",3183,"Exchange Place",40.7162469,-74.0334588,3184,"Paulus Hook",40.7141454,-74.0335519,29207,"Subscriber",1969,0
215,"2018-12-26 17:52:18.2850","2018-12-26 17:55:53.6840",3183,"Exchange Place",40.7162469,-74.0334588,3214,"Essex Light Rail",40.7127742,-74.0364857,26157,"Subscriber",1987,1
377,"2018-12-26 17:53:15.4720","2018-12-26 17:59:32.7140",3183,"Exchange Place",40.7162469,-74.0334588,3267,"Morris Canal",40.7124188237569,-74.03852552175522,29640,"Subscriber",1985,1
128,"2018-12-26 17:55:07.8790","2018-12-26 17:57:15.9040",3183,"Exchange Place",40.7162469,-74.0334588,3214,"Essex Light Rail",40.7127742,-74.0364857,29233,"Subscriber",1987,1
920,"2018-12-26 17:57:24.0670","2018-12-26 18:12:44.1460",3183,"Exchange Place",40.7162469,-74.0334588,3267,"Morris Canal",40.7124188237569,-74.03852552175522,26203,"Subscriber",1961,2
83,"2018-12-26 18:46:06.9840","2018-12-26 18:47:30.5260",3183,"Exchange Place",40.7162469,-74.0334588,3184,"Paulus Hook",40.7141454,-74.0335519,29595,"Subscriber",1980,1
235,"2018-12-26 18:51:02.0030","2018-12-26 18:54:57.0810",3183,"Exchange Place",40.7162469,-74.0334588,3267,"Morris Canal",40.7124188237569,-74.03852552175522,29602,"Subscriber",1955,1
102,"2018-12-26 19:28:49.4920","2018-12-26 19:30:31.6510",3183,"Exchange Place",40.7162469,-74.0334588,3639,"Harborside",40.7192517,-74.034234,29547,"Subscriber",1971,2
232,"2018-12-26 20:45:30.0240","2018-12-26 20:49:22.5810",3183,"Exchange Place",40.7162469,-74.0334588,3481,"York St",40.71649,-74.04105,29250,"Subscriber",1986,1
163,"2018-12-26 21:19:52.2500","2018-12-26 21:22:36.1060",3183,"Exchange Place",40.7162469,-74.0334588,3187,"Warren St",40.7211236,-74.03805095,29593,"Subscriber",1987,1
210,"2018-12-26 22:24:20.4860","2018-12-26 22:27:50.8500",3183,"Exchange Place",40.7162469,-74.0334588,3481,"York St",40.71649,-74.04105,26225,"Subscriber",1988,2
368,"2018-12-27 00:38:52.4080","2018-12-27 00:45:01.0910",3183,"Exchange Place",40.7162469,-74.0334588,3681,"Grand St",40.71517767732029,-74.03768330812454,26153,"Subscriber",1977,1
141,"2018-12-27 01:12:58.7870","2018-12-27 01:15:20.2180",3183,"Exchange Place",40.7162469,-74.0334588,3214,"Essex Light Rail",40.7127742,-74.0364857,26297,"Subscriber",1987,1
145,"2018-12-27 01:47:33.6250","2018-12-27 01:49:58.7170",3183,"Exchange Place",40.7162469,-74.0334588,3214,"Essex Light Rail",40.7127742,-74.0364857,26264,"Subscriber",1989,1
420,"2018-12-27 04:44:24.5220","2018-12-27 04:51:25.4120",3183,"Exchange Place",40.7162469,-74.0334588,3202,"Newport PATH",40.7272235,-74.0337589,29499,"Subscriber",1972,2
75,"2018-12-27 08:29:47.9090","2018-12-27 08:31:03.5730",3183,"Exchange Place",40.7162469,-74.0334588,3184,"Paulus Hook",40.7141454,-74.0335519,29602,"Subscriber",1975,1
599,"2018-12-27 11:55:18.1790","2018-12-27 12:05:17.7320",3183,"Exchange Place",40.7162469,-74.0334588,3203,"Hamilton Park",40.727595966,-74.044247311,29439,"Subscriber",1979,2
250,"2018-12-27 12:11:51.3390","2018-12-27 12:16:02.2170",3183,"Exchange Place",40.7162469,-74.0334588,3187,"Warren St",40.7211236,-74.03805095,26298,"Subscriber",1965,2
879,"2018-12-27 13:04:49.4770","2018-12-27 13:19:29.3220",3183,"Exchange Place",40.7162469,-74.0334588,3183,"Exchange Place",40.7162469,-74.0334588,26197,"Subscriber",1969,0
130,"2018-12-27 13:37:34.5920","2018-12-27 13:39:45.2640",3183,"Exchange Place",40.7162469,-74.0334588,3214,"Essex Light Rail",40.7127742,-74.0364857,29502,"Subscriber",1981,0
228,"2018-12-27 14:09:33.3500","2018-12-27 14:13:21.9010",3183,"Exchange Place",40.7162469,-74.0334588,3187,"Warren St",40.7211236,-74.03805095,29676,"Subscriber",1970,1
246,"2018-12-27 14:47:10.2450","2018-12-27 14:51:17.1480",3183,"Exchange Place",40.7162469,-74.0334588,3267,"Morris Canal",40.7124188237569,-74.03852552175522,29499,"Subscriber",1980,1
571,"2018-12-27 14:47:11.7870","2018-12-27 14:56:43.5720",3183,"Exchange Place",40.7162469,-74.0334588,3268,"Lafayette Park",40.71346382669195,-74.06285852193832,26197,"Subscriber",1984,1
109,"2018-12-27 15:22:14.9490","2018-12-27 15:24:04.4750",3183,"Exchange Place",40.7162469,-74.0334588,3639,"Harborside",40.7192517,-74.034234,29298,"Subscriber",1971,2
237,"2018-12-27 15:23:33.4720","2018-12-27 15:27:30.8480",3183,"Exchange Place",40.7162469,-74.0334588,3267,"Morris Canal",40.7124188237569,-74.03852552175522,26163,"Subscriber",1990,1
197,"2018-12-27 15:23:38.1020","2018-12-27 15:26:55.3820",3183,"Exchange Place",40.7162469,-74.0334588,3214,"Essex Light Rail",40.7127742,-74.0364857,29250,"Subscriber",1986,1
166,"2018-12-27 15:36:13.1600","2018-12-27 15:38:59.4710",3183,"Exchange Place",40.7162469,-74.0334588,3481,"York St",40.71649,-74.04105,29592,"Subscriber",1984,2
180,"2018-12-27 15:38:50.7270","2018-12-27 15:41:51.6300",3183,"Exchange Place",40.7162469,-74.0334588,3214,"Essex Light Rail",40.7127742,-74.0364857,29233,"Subscriber",1993,1
483,"2018-12-27 15:52:41.6830","2018-12-27 16:00:45.1180",3183,"Exchange Place",40.7162469,-74.0334588,3270,"Jersey & 6th St",40.72528910781132,-74.04557168483734,29292,"Subscriber",1987,2
234,"2018-12-27 17:04:38.2540","2018-12-27 17:08:32.5040",3183,"Exchange Place",40.7162469,-74.0334588,3267,"Morris Canal",40.7124188237569,-74.03852552175522,26166,"Subscriber",1992,1
422,"2018-12-27 17:05:59.6950","2018-12-27 17:13:02.4850",3183,"Exchange Place",40.7162469,-74.0334588,3199,"Newport Pkwy",40.7287448,-74.0321082,29198,"Subscriber",1941,2
194,"2018-12-27 17:13:25.5210","2018-12-27 17:16:39.5550",3183,"Exchange Place",40.7162469,-74.0334588,3214,"Essex Light Rail",40.7127742,-74.0364857,29283,"Subscriber",1967,1
2745,"2018-12-27 17:18:37.2310","2018-12-27 18:04:22.3700",3183,"Exchange Place",40.7162469,-74.0334588,3185,"City Hall",40.7177325,-74.043845,29619,"Subscriber",1993,1
223,"2018-12-27 17:20:21.7360","2018-12-27 17:24:05.4010",3183,"Exchange Place",40.7162469,-74.0334588,3267,"Morris Canal",40.7124188237569,-74.03852552175522,29247,"Subscriber",1987,1
301,"2018-12-27 17:20:22.5790","2018-12-27 17:25:23.7730",3183,"Exchange Place",40.7162469,-74.0334588,3186,"Grove St PATH",40.71958611647166,-74.04311746358871,29474,"Subscriber",1977,1
727,"2018-12-27 17:21:29.7060","2018-12-27 17:33:37.1610",3183,"Exchange Place",40.7162469,-74.0334588,3192,"Liberty Light Rail",40.7112423,-74.0557013,29124,"Subscriber",1990,1
100,"2018-12-27 17:28:15.0200","2018-12-27 17:29:55.0730",3183,"Exchange Place",40.7162469,-74.0334588,3639,"Harborside",40.7192517,-74.034234,29219,"Subscriber",1969,0
301,"2018-12-27 17:31:48.5160","2018-12-27 17:36:49.5690",3183,"Exchange Place",40.7162469,-74.0334588,3267,"Morris Canal",40.7124188237569,-74.03852552175522,29197,"Customer",1994,2
181,"2018-12-27 17:32:06.8980","2018-12-27 17:35:08.2340",3183,"Exchange Place",40.7162469,-74.0334588,3275,"Columbus Drive",40.71835519823214,-74.03891444206238,29534,"Subscriber",1994,1
283,"2018-12-27 18:12:46.1070","2018-12-27 18:17:29.5750",3183,"Exchange Place",40.7162469,-74.0334588,3267,"Morris Canal",40.7124188237569,-74.03852552175522,26261,"Subscriber",1993,1
168,"2018-12-27 18:22:17.0620","2018-12-27 18:25:06.0520",3183,"Exchange Place",40.7162469,-74.0334588,3214,"Essex Light Rail",40.7127742,-74.0364857,29592,"Subscriber",1994,1
215,"2018-12-27 18:31:22.8020","2018-12-27 18:34:58.7170",3183,"Exchange Place",40.7162469,-74.0334588,3267,"Morris Canal",40.7124188237569,-74.03852552175522,29209,"Subscriber",1987,1
181,"2018-12-27 18:58:55.3580","2018-12-27 19:01:56.5300",3183,"Exchange Place",40.7162469,-74.0334588,3187,"Warren St",40.7211236,-74.03805095,29278,"Subscriber",1987,1
226,"2018-12-27 19:00:15.5870","2018-12-27 19:04:02.2090",3183,"Exchange Place",40.7162469,-74.0334588,3185,"City Hall",40.7177325,-74.043845,29635,"Subscriber",1983,1
607,"2018-12-27 19:20:13.2160","2018-12-27 19:30:20.7800",3183,"Exchange Place",40.7162469,-74.0334588,3638,"Washington St",40.7242941,-74.0354826,26244,"Subscriber",1977,1
114,"2018-12-27 19:20:55.1050","2018-12-27 19:22:49.5240",3183,"Exchange Place",40.7162469,-74.0334588,3639,"Harborside",40.7192517,-74.034234,29299,"Subscriber",1989,1
222,"2018-12-27 20:03:03.5600","2018-12-27 20:06:46.2560",3183,"Exchange Place",40.7162469,-74.0334588,3185,"City Hall",40.7177325,-74.043845,29655,"Subscriber",1985,1
417,"2018-12-27 22:23:44.4780","2018-12-27 22:30:41.6320",3183,"Exchange Place",40.7162469,-74.0334588,3203,"Hamilton Park",40.727595966,-74.044247311,26163,"Subscriber",1982,1
139,"2018-12-27 22:37:43.4230","2018-12-27 22:40:02.7500",3183,"Exchange Place",40.7162469,-74.0334588,3214,"Essex Light Rail",40.7127742,-74.0364857,29435,"Subscriber",1954,2
240,"2018-12-28 11:10:05.9330","2018-12-28 11:14:05.9570",3183,"Exchange Place",40.7162469,-74.0334588,3267,"Morris Canal",40.7124188237569,-74.03852552175522,26166,"Subscriber",1974,1
370,"2018-12-28 12:51:54.2110","2018-12-28 12:58:04.6160",3183,"Exchange Place",40.7162469,-74.0334588,3211,"Newark Ave",40.72152515,-74.046304543,26216,"Customer",1986,1
280,"2018-12-28 14:20:47.2820","2018-12-28 14:25:27.3050",3183,"Exchange Place",40.7162469,-74.0334588,3267,"Morris Canal",40.7124188237569,-74.03852552175522,29207,"Subscriber",1980,1
219,"2018-12-28 18:01:00.1810","2018-12-28 18:04:39.2250",3183,"Exchange Place",40.7162469,-74.0334588,3187,"Warren St",40.7211236,-74.03805095,29264,"Subscriber",1987,1
377,"2018-12-28 18:29:18.0460","2018-12-28 18:35:35.5810",3183,"Exchange Place",40.7162469,-74.0334588,3275,"Columbus Drive",40.71835519823214,-74.03891444206238,29570,"Subscriber",1989,1
266,"2018-12-28 18:59:08.5270","2018-12-28 19:03:35.4730",3183,"Exchange Place",40.7162469,-74.0334588,3481,"York St",40.71649,-74.04105,26200,"Subscriber",1986,1
143,"2018-12-28 19:49:32.2690","2018-12-28 19:51:55.8150",3183,"Exchange Place",40.7162469,-74.0334588,3214,"Essex Light Rail",40.7127742,-74.0364857,29215,"Subscriber",1987,1
144,"2018-12-28 21:09:17.7800","2018-12-28 21:11:42.3240",3183,"Exchange Place",40.7162469,-74.0334588,3214,"Essex Light Rail",40.7127742,-74.0364857,26186,"Subscriber",1987,1
383,"2018-12-29 07:31:22.4640","2018-12-29 07:37:45.6340",3183,"Exchange Place",40.7162469,-74.0334588,3202,"Newport PATH",40.7272235,-74.0337589,29476,"Subscriber",1969,1
766,"2018-12-29 10:01:46.1110","2018-12-29 10:14:32.4450",3183,"Exchange Place",40.7162469,-74.0334588,3270,"Jersey & 6th St",40.72528910781132,-74.04557168483734,29598,"Subscriber",1977,1
538,"2018-12-29 10:16:25.7430","2018-12-29 10:25:24.7400",3183,"Exchange Place",40.7162469,-74.0334588,3279,"Dixon Mills",40.721630142638354,-74.04996782541275,29297,"Subscriber",1978,1
307,"2018-12-29 11:42:58.7680","2018-12-29 11:48:05.8270",3183,"Exchange Place",40.7162469,-74.0334588,3187,"Warren St",40.7211236,-74.03805095,29608,"Subscriber",1982,1
149,"2018-12-29 11:43:51.2370","2018-12-29 11:46:20.6670",3183,"Exchange Place",40.7162469,-74.0334588,3639,"Harborside",40.7192517,-74.034234,29530,"Subscriber",1971,2
278,"2018-12-29 13:43:27.2540","2018-12-29 13:48:05.5870",3183,"Exchange Place",40.7162469,-74.0334588,3187,"Warren St",40.7211236,-74.03805095,29522,"Subscriber",1981,1
317,"2018-12-29 13:43:38.0240","2018-12-29 13:48:56.0010",3183,"Exchange Place",40.7162469,-74.0334588,3481,"York St",40.71649,-74.04105,29435,"Subscriber",1968,2
226,"2018-12-29 14:20:40.5940","2018-12-29 14:24:27.1920",3183,"Exchange Place",40.7162469,-74.0334588,3187,"Warren St",40.7211236,-74.03805095,29126,"Subscriber",1987,1
423,"2018-12-29 15:35:02.5200","2018-12-29 15:42:06.4580",3183,"Exchange Place",40.7162469,-74.0334588,3213,"Van Vorst Park",40.71848892,-74.047726625,26247,"Subscriber",1967,2
193,"2018-12-29 15:43:06.1360","2018-12-29 15:46:19.7390",3183,"Exchange Place",40.7162469,-74.0334588,3214,"Essex Light Rail",40.7127742,-74.0364857,29257,"Subscriber",1985,1
1378,"2018-12-29 16:02:33.8400","2018-12-29 16:25:31.8700",3183,"Exchange Place",40.7162469,-74.0334588,3202,"Newport PATH",40.7272235,-74.0337589,29499,"Subscriber",1994,1
499,"2018-12-29 16:25:42.4080","2018-12-29 16:34:01.9490",3183,"Exchange Place",40.7162469,-74.0334588,3276,"Marin Light Rail",40.71458403535893,-74.04281705617905,29236,"Customer",1992,2
172,"2018-12-29 16:55:59.6710","2018-12-29 16:58:52.0040",3183,"Exchange Place",40.7162469,-74.0334588,3639,"Harborside",40.7192517,-74.034234,29298,"Subscriber",1988,1
225,"2018-12-29 17:02:33.6730","2018-12-29 17:06:18.8440",3183,"Exchange Place",40.7162469,-74.0334588,3267,"Morris Canal",40.7124188237569,-74.03852552175522,29263,"Subscriber",1990,1
294,"2018-12-29 17:23:25.8980","2018-12-29 17:28:20.5970",3183,"Exchange Place",40.7162469,-74.0334588,3267,"Morris Canal",40.7124188237569,-74.03852552175522,26212,"Subscriber",1973,1
707,"2018-12-29 18:06:34.7740","2018-12-29 18:18:22.3040",3183,"Exchange Place",40.7162469,-74.0334588,3209,"Brunswick St",40.7241765,-74.0506564,26291,"Subscriber",1984,1
261,"2018-12-29 19:42:13.6390","2018-12-29 19:46:35.0410",3183,"Exchange Place",40.7162469,-74.0334588,3267,"Morris Canal",40.7124188237569,-74.03852552175522,29197,"Subscriber",1981,0
172,"2018-12-30 13:34:32.8460","2018-12-30 13:37:25.0090",3183,"Exchange Place",40.7162469,-74.0334588,3639,"Harborside",40.7192517,-74.034234,29485,"Subscriber",1981,1
255,"2018-12-30 15:01:59.3010","2018-12-30 15:06:14.9340",3183,"Exchange Place",40.7162469,-74.0334588,3267,"Morris Canal",40.7124188237569,-74.03852552175522,29677,"Subscriber",1973,1
1284,"2018-12-30 15:36:57.6250","2018-12-30 15:58:21.6400",3183,"Exchange Place",40.7162469,-74.0334588,3210,"Pershing Field",40.742677141,-74.051788633,29198,"Subscriber",1991,1
1385,"2018-12-30 15:54:34.7060","2018-12-30 16:17:39.8940",3183,"Exchange Place",40.7162469,-74.0334588,3267,"Morris Canal",40.7124188237569,-74.03852552175522,26184,"Customer",1969,0
291,"2018-12-30 16:04:14.5950","2018-12-30 16:09:05.9790",3183,"Exchange Place",40.7162469,-74.0334588,3267,"Morris Canal",40.7124188237569,-74.03852552175522,29675,"Subscriber",1984,1
259,"2018-12-30 16:36:25.6750","2018-12-30 16:40:45.1130",3183,"Exchange Place",40.7162469,-74.0334588,3267,"Morris Canal",40.7124188237569,-74.03852552175522,26300,"Subscriber",1993,1
526,"2018-12-30 17:03:49.6300","2018-12-30 17:12:35.7340",3183,"Exchange Place",40.7162469,-74.0334588,3199,"Newport Pkwy",40.7287448,-74.0321082,29508,"Customer",1986,1
333,"2018-12-30 17:22:30.7200","2018-12-30 17:28:04.4680",3183,"Exchange Place",40.7162469,-74.0334588,3638,"Washington St",40.7242941,-74.0354826,29197,"Subscriber",1992,1
281,"2018-12-30 18:03:17.7370","2018-12-30 18:07:58.9150",3183,"Exchange Place",40.7162469,-74.0334588,3481,"York St",40.71649,-74.04105,29292,"Subscriber",1968,2
113,"2018-12-30 19:22:52.2590","2018-12-30 19:24:46.1910",3183,"Exchange Place",40.7162469,-74.0334588,3639,"Harborside",40.7192517,-74.034234,29221,"Subscriber",1972,1
165,"2018-12-30 19:43:24.6110","2018-12-30 19:46:09.8450",3183,"Exchange Place",40.7162469,-74.0334588,3639,"Harborside",40.7192517,-74.034234,29438,"Subscriber",1991,1
172,"2018-12-30 19:58:50.9730","2018-12-30 20:01:43.5100",3183,"Exchange Place",40.7162469,-74.0334588,3214,"Essex Light Rail",40.7127742,-74.0364857,29495,"Subscriber",1978,1
147,"2018-12-30 20:10:19.2430","2018-12-30 20:12:46.4520",3183,"Exchange Place",40.7162469,-74.0334588,3214,"Essex Light Rail",40.7127742,-74.0364857,29298,"Subscriber",1978,1
803,"2018-12-30 20:54:03.6480","2018-12-30 21:07:27.5280",3183,"Exchange Place",40.7162469,-74.0334588,3681,"Grand St",40.71517767732029,-74.03768330812454,29522,"Subscriber",1973,1
153,"2018-12-30 21:41:54.5940","2018-12-30 21:44:27.9900",3183,"Exchange Place",40.7162469,-74.0334588,3214,"Essex Light Rail",40.7127742,-74.0364857,26278,"Subscriber",1984,2
293,"2018-12-30 23:28:58.9540","2018-12-30 23:33:52.8060",3183,"Exchange Place",40.7162469,-74.0334588,3267,"Morris Canal",40.7124188237569,-74.03852552175522,26208,"Customer",1994,2
272,"2018-12-30 23:29:22.6150","2018-12-30 23:33:54.8420",3183,"Exchange Place",40.7162469,-74.0334588,3267,"Morris Canal",40.7124188237569,-74.03852552175522,29545,"Customer",1995,2
147,"2018-12-31 03:32:57.8510","2018-12-31 03:35:24.8650",3183,"Exchange Place",40.7162469,-74.0334588,3214,"Essex Light Rail",40.7127742,-74.0364857,26221,"Subscriber",1993,1
102,"2018-12-31 07:32:22.2480","2018-12-31 07:34:04.8870",3183,"Exchange Place",40.7162469,-74.0334588,3639,"Harborside",40.7192517,-74.034234,29201,"Subscriber",1971,2
78,"2018-12-31 08:29:52.7380","2018-12-31 08:31:11.6150",3183,"Exchange Place",40.7162469,-74.0334588,3184,"Paulus Hook",40.7141454,-74.0335519,26279,"Subscriber",1975,1
635,"2018-12-31 12:22:30.0800","2018-12-31 12:33:05.4440",3183,"Exchange Place",40.7162469,-74.0334588,3183,"Exchange Place",40.7162469,-74.0334588,29307,"Subscriber",1996,1
231,"2018-12-31 12:39:29.8850","2018-12-31 12:43:21.7000",3183,"Exchange Place",40.7162469,-74.0334588,3187,"Warren St",40.7211236,-74.03805095,29219,"Subscriber",1965,2
229,"2018-12-31 13:47:03.0260","2018-12-31 13:50:52.7260",3183,"Exchange Place",40.7162469,-74.0334588,3214,"Essex Light Rail",40.7127742,-74.0364857,26221,"Subscriber",1989,1
543,"2018-12-31 14:01:17.5260","2018-12-31 14:10:21.0700",3183,"Exchange Place",40.7162469,-74.0334588,3199,"Newport Pkwy",40.7287448,-74.0321082,29292,"Subscriber",1996,2
367,"2018-12-31 16:40:47.6740","2018-12-31 16:46:54.8560",3183,"Exchange Place",40.7162469,-74.0334588,3211,"Newark Ave",40.72152515,-74.046304543,26279,"Subscriber",1985,1
179,"2018-12-31 16:42:48.3410","2018-12-31 16:45:47.4110",3183,"Exchange Place",40.7162469,-74.0334588,3267,"Morris Canal",40.7124188237569,-74.03852552175522,26208,"Subscriber",1974,1
150,"2018-12-01 12:23:13.7270","2018-12-01 12:25:44.6620",3184,"Paulus Hook",40.7141454,-74.0335519,3267,"Morris Canal",40.7124188237569,-74.03852552175522,29542,"Subscriber",1977,1
1215,"2018-12-01 12:56:24.8200","2018-12-01 13:16:39.9260",3184,"Paulus Hook",40.7141454,-74.0335519,3483,"Montgomery St",40.71942,-74.05099,29640,"Subscriber",1990,1
195,"2018-12-01 15:51:38.2270","2018-12-01 15:54:53.6770",3184,"Paulus Hook",40.7141454,-74.0335519,3681,"Grand St",40.71517767732029,-74.03768330812454,26161,"Subscriber",1962,1
270,"2018-12-01 17:53:45.0710","2018-12-01 17:58:16.0660",3184,"Paulus Hook",40.7141454,-74.0335519,3275,"Columbus Drive",40.71835519823214,-74.03891444206238,29593,"Subscriber",1994,1
182,"2018-12-01 20:55:42.9740","2018-12-01 20:58:45.5730",3184,"Paulus Hook",40.7141454,-74.0335519,3267,"Morris Canal",40.7124188237569,-74.03852552175522,26303,"Subscriber",1993,1
302,"2018-12-02 21:26:49.0640","2018-12-02 21:31:51.4730",3184,"Paulus Hook",40.7141454,-74.0335519,3267,"Morris Canal",40.7124188237569,-74.03852552175522,29457,"Subscriber",1979,1
168,"2018-12-02 22:04:58.9790","2018-12-02 22:07:47.8640",3184,"Paulus Hook",40.7141454,-74.0335519,3267,"Morris Canal",40.7124188237569,-74.03852552175522,26182,"Subscriber",1984,1
363,"2018-12-03 08:03:53.5770","2018-12-03 08:09:56.6010",3184,"Paulus Hook",40.7141454,-74.0335519,3185,"City Hall",40.7177325,-74.043845,26253,"Subscriber",1986,1
323,"2018-12-03 11:37:36.1380","2018-12-03 11:42:59.8350",3184,"Paulus Hook",40.7141454,-74.0335519,3185,"City Hall",40.7177325,-74.043845,29453,"Subscriber",1983,1
170,"2018-12-03 12:05:18.7780","2018-12-03 12:08:09.4440",3184,"Paulus Hook",40.7141454,-74.0335519,3639,"Harborside",40.7192517,-74.034234,29485,"Subscriber",1984,1
162,"2018-12-03 12:05:27.3020","2018-12-03 12:08:09.3730",3184,"Paulus Hook",40.7141454,-74.0335519,3639,"Harborside",40.7192517,-74.034234,29210,"Subscriber",1981,1
969,"2018-12-03 12:16:45.9220","2018-12-03 12:32:55.0960",3184,"Paulus Hook",40.7141454,-74.0335519,3203,"Hamilton Park",40.727595966,-74.044247311,26287,"Subscriber",1983,1
583,"2018-12-03 12:57:43.8160","2018-12-03 13:07:26.8320",3184,"Paulus Hook",40.7141454,-74.0335519,3202,"Newport PATH",40.7272235,-74.0337589,29207,"Subscriber",1971,1
524,"2018-12-03 13:30:55.7810","2018-12-03 13:39:40.3040",3184,"Paulus Hook",40.7141454,-74.0335519,3186,"Grove St PATH",40.71958611647166,-74.04311746358871,29532,"Subscriber",1987,1
941,"2018-12-03 13:37:30.4070","2018-12-03 13:53:11.4710",3184,"Paulus Hook",40.7141454,-74.0335519,3184,"Paulus Hook",40.7141454,-74.0335519,26216,"Subscriber",1977,1
333,"2018-12-03 13:38:07.8490","2018-12-03 13:43:41.1450",3184,"Paulus Hook",40.7141454,-74.0335519,3186,"Grove St PATH",40.71958611647166,-74.04311746358871,26303,"Subscriber",1982,1
645,"2018-12-03 14:15:36.9940","2018-12-03 14:26:22.8620",3184,"Paulus Hook",40.7141454,-74.0335519,3203,"Hamilton Park",40.727595966,-74.044247311,29640,"Subscriber",1977,1
741,"2018-12-03 15:34:43.8100","2018-12-03 15:47:05.6780",3184,"Paulus Hook",40.7141454,-74.0335519,3192,"Liberty Light Rail",40.7112423,-74.0557013,29123,"Subscriber",1971,1
605,"2018-12-03 16:39:33.8360","2018-12-03 16:49:39.2800",3184,"Paulus Hook",40.7141454,-74.0335519,3203,"Hamilton Park",40.727595966,-74.044247311,29675,"Subscriber",1969,1
84,"2018-12-03 17:02:30.2360","2018-12-03 17:03:55.0640",3184,"Paulus Hook",40.7141454,-74.0335519,3183,"Exchange Place",40.7162469,-74.0334588,26164,"Subscriber",1975,1
333,"2018-12-03 17:06:34.3470","2018-12-03 17:12:07.9030",3184,"Paulus Hook",40.7141454,-74.0335519,3213,"Van Vorst Park",40.71848892,-74.047726625,26293,"Subscriber",1995,1
233,"2018-12-03 17:33:41.9620","2018-12-03 17:37:35.5670",3184,"Paulus Hook",40.7141454,-74.0335519,3275,"Columbus Drive",40.71835519823214,-74.03891444206238,29227,"Subscriber",1981,1
2318,"2018-12-03 17:42:54.9180","2018-12-03 18:21:33.3960",3184,"Paulus Hook",40.7141454,-74.0335519,3192,"Liberty Light Rail",40.7112423,-74.0557013,26216,"Subscriber",1988,1
574,"2018-12-03 17:43:27.8800","2018-12-03 17:53:01.9930",3184,"Paulus Hook",40.7141454,-74.0335519,3269,"Brunswick & 6th",40.72601172964625,-74.05038893222809,26155,"Subscriber",1976,1
406,"2018-12-03 17:43:41.8420","2018-12-03 17:50:28.1030",3184,"Paulus Hook",40.7141454,-74.0335519,3205,"JC Medical Center",40.71653978099194,-74.0496379137039,29532,"Subscriber",1988,1
515,"2018-12-03 17:49:30.4590","2018-12-03 17:58:05.4780",3184,"Paulus Hook",40.7141454,-74.0335519,3211,"Newark Ave",40.72152515,-74.046304543,29676,"Subscriber",1983,1
177,"2018-12-03 18:11:33.6390","2018-12-03 18:14:31.1900",3184,"Paulus Hook",40.7141454,-74.0335519,3267,"Morris Canal",40.7124188237569,-74.03852552175522,29635,"Subscriber",1993,1
174,"2018-12-03 18:26:25.0850","2018-12-03 18:29:19.2160",3184,"Paulus Hook",40.7141454,-74.0335519,3267,"Morris Canal",40.7124188237569,-74.03852552175522,33744,"Subscriber",1980,1
970,"2018-12-03 18:43:08.2210","2018-12-03 18:59:18.2870",3184,"Paulus Hook",40.7141454,-74.0335519,3276,"Marin Light Rail",40.71458403535893,-74.04281705617905,29527,"Subscriber",1984,1
604,"2018-12-03 18:46:13.3410","2018-12-03 18:56:18.2960",3184,"Paulus Hook",40.7141454,-74.0335519,3202,"Newport PATH",40.7272235,-74.0337589,29656,"Subscriber",1991,1
48533,"2018-12-03 18:50:09.7360","2018-12-04 08:19:02.9960",3184,"Paulus Hook",40.7141454,-74.0335519,3184,"Paulus Hook",40.7141454,-74.0335519,26197,"Subscriber",1981,2
476,"2018-12-03 19:02:08.6980","2018-12-03 19:10:05.2950",3184,"Paulus Hook",40.7141454,-74.0335519,3211,"Newark Ave",40.72152515,-74.046304543,26236,"Subscriber",1995,1
555,"2018-12-03 19:09:21.7260","2018-12-03 19:18:37.0480",3184,"Paulus Hook",40.7141454,-74.0335519,3203,"Hamilton Park",40.727595966,-74.044247311,26188,"Subscriber",1985,1
809,"2018-12-03 19:20:01.6950","2018-12-03 19:33:31.3080",3184,"Paulus Hook",40.7141454,-74.0335519,3213,"Van Vorst Park",40.71848892,-74.047726625,29487,"Customer",1984,1
649,"2018-12-03 19:50:03.7850","2018-12-03 20:00:53.6680",3184,"Paulus Hook",40.7141454,-74.0335519,3199,"Newport Pkwy",40.7287448,-74.0321082,26224,"Subscriber",1991,1
93,"2018-12-03 20:16:46.5930","2018-12-03 20:18:19.6150",3184,"Paulus Hook",40.7141454,-74.0335519,3184,"Paulus Hook",40.7141454,-74.0335519,29496,"Subscriber",1991,1
494,"2018-12-03 20:26:09.4780","2018-12-03 20:34:24.0670",3184,"Paulus Hook",40.7141454,-74.0335519,3202,"Newport PATH",40.7272235,-74.0337589,29496,"Subscriber",1991,1
766,"2018-12-03 20:39:13.8270","2018-12-03 20:52:00.1600",3184,"Paulus Hook",40.7141454,-74.0335519,3211,"Newark Ave",40.72152515,-74.046304543,29467,"Subscriber",1989,1
139,"2018-12-03 22:31:18.4420","2018-12-03 22:33:37.7490",3184,"Paulus Hook",40.7141454,-74.0335519,3267,"Morris Canal",40.7124188237569,-74.03852552175522,29587,"Subscriber",1969,0
748,"2018-12-04 06:43:57.1490","2018-12-04 06:56:25.2630",3184,"Paulus Hook",40.7141454,-74.0335519,3194,"McGinley Square",40.7253399253558,-74.06762212514877,29587,"Subscriber",1983,1
379,"2018-12-04 06:44:17.6510","2018-12-04 06:50:37.5420",3184,"Paulus Hook",40.7141454,-74.0335519,3202,"Newport PATH",40.7272235,-74.0337589,29532,"Subscriber",1981,1
447,"2018-12-04 07:50:04.2610","2018-12-04 07:57:31.4510",3184,"Paulus Hook",40.7141454,-74.0335519,3202,"Newport PATH",40.7272235,-74.0337589,29513,"Subscriber",1970,1
454,"2018-12-04 08:05:29.7570","2018-12-04 08:13:03.9100",3184,"Paulus Hook",40.7141454,-74.0335519,3185,"City Hall",40.7177325,-74.043845,31443,"Subscriber",1986,1
85,"2018-12-04 09:08:48.0480","2018-12-04 09:10:13.1790",3184,"Paulus Hook",40.7141454,-74.0335519,3183,"Exchange Place",40.7162469,-74.0334588,29123,"Subscriber",1986,1
94,"2018-12-04 10:09:16.1790","2018-12-04 10:10:50.3700",3184,"Paulus Hook",40.7141454,-74.0335519,3183,"Exchange Place",40.7162469,-74.0334588,29531,"Subscriber",1987,1
598,"2018-12-04 10:49:16.0040","2018-12-04 10:59:14.8650",3184,"Paulus Hook",40.7141454,-74.0335519,3269,"Brunswick & 6th",40.72601172964625,-74.05038893222809,29667,"Subscriber",1990,1
260,"2018-12-04 11:53:27.1360","2018-12-04 11:57:47.1650",3184,"Paulus Hook",40.7141454,-74.0335519,3186,"Grove St PATH",40.71958611647166,-74.04311746358871,29593,"Subscriber",1995,1
362,"2018-12-04 11:55:05.8600","2018-12-04 12:01:08.0350",3184,"Paulus Hook",40.7141454,-74.0335519,3202,"Newport PATH",40.7272235,-74.0337589,29120,"Subscriber",1971,1
610,"2018-12-04 12:16:08.6330","2018-12-04 12:26:19.3050",3184,"Paulus Hook",40.7141454,-74.0335519,3639,"Harborside",40.7192517,-74.034234,29623,"Subscriber",1991,1
219,"2018-12-04 13:47:48.0100","2018-12-04 13:51:27.9750",3184,"Paulus Hook",40.7141454,-74.0335519,3275,"Columbus Drive",40.71835519823214,-74.03891444206238,29669,"Subscriber",1981,1
192,"2018-12-04 13:55:50.6840","2018-12-04 13:59:03.5610",3184,"Paulus Hook",40.7141454,-74.0335519,3639,"Harborside",40.7192517,-74.034234,29235,"Subscriber",1983,1
434,"2018-12-04 15:37:19.4390","2018-12-04 15:44:34.2320",3184,"Paulus Hook",40.7141454,-74.0335519,3185,"City Hall",40.7177325,-74.043845,29214,"Subscriber",1977,2
100258,"2018-12-04 16:17:02.7310","2018-12-05 20:08:01.2280",3184,"Paulus Hook",40.7141454,-74.0335519,3183,"Exchange Place",40.7162469,-74.0334588,26197,"Subscriber",1954,1
189,"2018-12-04 16:17:51.1110","2018-12-04 16:21:00.7150",3184,"Paulus Hook",40.7141454,-74.0335519,3267,"Morris Canal",40.7124188237569,-74.03852552175522,15947,"Subscriber",1954,1
2113,"2018-12-04 16:59:31.1080","2018-12-04 17:34:44.4540",3184,"Paulus Hook",40.7141454,-74.0335519,3202,"Newport PATH",40.7272235,-74.0337589,26203,"Subscriber",1986,1
174,"2018-12-04 17:04:26.7630","2018-12-04 17:07:21.0660",3184,"Paulus Hook",40.7141454,-74.0335519,3639,"Harborside",40.7192517,-74.034234,29235,"Subscriber",1995,1
177,"2018-12-04 17:22:59.7540","2018-12-04 17:25:57.0180",3184,"Paulus Hook",40.7141454,-74.0335519,3267,"Morris Canal",40.7124188237569,-74.03852552175522,29573,"Subscriber",1981,0
413,"2018-12-04 17:24:16.3790","2018-12-04 17:31:09.9710",3184,"Paulus Hook",40.7141454,-74.0335519,3185,"City Hall",40.7177325,-74.043845,29483,"Subscriber",1982,2
636,"2018-12-04 18:01:42.0390","2018-12-04 18:12:18.5520",3184,"Paulus Hook",40.7141454,-74.0335519,3211,"Newark Ave",40.72152515,-74.046304543,29623,"Subscriber",1983,1
146,"2018-12-04 18:14:53.2990","2018-12-04 18:17:19.5220",3184,"Paulus Hook",40.7141454,-74.0335519,3267,"Morris Canal",40.7124188237569,-74.03852552175522,29224,"Subscriber",1961,1
200,"2018-12-04 18:25:57.2240","2018-12-04 18:29:18.2040",3184,"Paulus Hook",40.7141454,-74.0335519,3481,"York St",40.71649,-74.04105,29127,"Subscriber",1949,1
201,"2018-12-04 19:24:45.9180","2018-12-04 19:28:07.5510",3184,"Paulus Hook",40.7141454,-74.0335519,3267,"Morris Canal",40.7124188237569,-74.03852552175522,29269,"Subscriber",1980,1
415,"2018-12-04 19:27:00.7210","2018-12-04 19:33:56.1740",3184,"Paulus Hook",40.7141454,-74.0335519,3211,"Newark Ave",40.72152515,-74.046304543,26255,"Subscriber",1995,1
305,"2018-12-05 08:03:17.5490","2018-12-05 08:08:22.8110",3184,"Paulus Hook",40.7141454,-74.0335519,3185,"City Hall",40.7177325,-74.043845,29457,"Subscriber",1986,1
182,"2018-12-05 08:26:56.7320","2018-12-05 08:29:59.1300",3184,"Paulus Hook",40.7141454,-74.0335519,3267,"Morris Canal",40.7124188237569,-74.03852552175522,26302,"Subscriber",1984,1
85,"2018-12-05 09:04:27.0800","2018-12-05 09:05:52.2280",3184,"Paulus Hook",40.7141454,-74.0335519,3183,"Exchange Place",40.7162469,-74.0334588,29508,"Subscriber",1986,1
345,"2018-12-05 10:05:42.1280","2018-12-05 10:11:27.3660",3184,"Paulus Hook",40.7141454,-74.0335519,3185,"City Hall",40.7177325,-74.043845,26234,"Subscriber",1986,2
522,"2018-12-05 12:28:54.5970","2018-12-05 12:37:36.8090",3184,"Paulus Hook",40.7141454,-74.0335519,3638,"Washington St",40.7242941,-74.0354826,26206,"Subscriber",1976,1
375,"2018-12-05 12:29:29.8970","2018-12-05 12:35:45.0310",3184,"Paulus Hook",40.7141454,-74.0335519,3202,"Newport PATH",40.7272235,-74.0337589,29489,"Subscriber",1971,1
395,"2018-12-05 16:54:28.7790","2018-12-05 17:01:04.3820",3184,"Paulus Hook",40.7141454,-74.0335519,3183,"Exchange Place",40.7162469,-74.0334588,29455,"Subscriber",1976,1
471,"2018-12-05 16:54:47.8000","2018-12-05 17:02:39.7180",3184,"Paulus Hook",40.7141454,-74.0335519,3186,"Grove St PATH",40.71958611647166,-74.04311746358871,26206,"Subscriber",1991,1
346,"2018-12-05 17:10:09.2550","2018-12-05 17:15:55.7230",3184,"Paulus Hook",40.7141454,-74.0335519,3186,"Grove St PATH",40.71958611647166,-74.04311746358871,29228,"Subscriber",1981,1
387,"2018-12-05 17:20:29.0340","2018-12-05 17:26:56.3470",3184,"Paulus Hook",40.7141454,-74.0335519,3205,"JC Medical Center",40.71653978099194,-74.0496379137039,29275,"Subscriber",1988,1
1124,"2018-12-05 17:27:14.1450","2018-12-05 17:45:58.8950",3184,"Paulus Hook",40.7141454,-74.0335519,3269,"Brunswick & 6th",40.72601172964625,-74.05038893222809,29575,"Subscriber",1982,2
503,"2018-12-05 17:45:17.4810","2018-12-05 17:53:40.8060",3184,"Paulus Hook",40.7141454,-74.0335519,3186,"Grove St PATH",40.71958611647166,-74.04311746358871,29489,"Subscriber",1990,1
172,"2018-12-05 19:25:22.2520","2018-12-05 19:28:15.0310",3184,"Paulus Hook",40.7141454,-74.0335519,3267,"Morris Canal",40.7124188237569,-74.03852552175522,29606,"Subscriber",1980,1
196,"2018-12-05 19:59:52.7810","2018-12-05 20:03:09.1560",3184,"Paulus Hook",40.7141454,-74.0335519,3481,"York St",40.71649,-74.04105,26179,"Subscriber",1979,1
359,"2018-12-06 07:49:11.0640","2018-12-06 07:55:10.2950",3184,"Paulus Hook",40.7141454,-74.0335519,3202,"Newport PATH",40.7272235,-74.0337589,26155,"Subscriber",1980,1
322,"2018-12-06 08:01:27.9130","2018-12-06 08:06:50.2410",3184,"Paulus Hook",40.7141454,-74.0335519,3185,"City Hall",40.7177325,-74.043845,29606,"Subscriber",1986,1
100,"2018-12-06 09:28:48.3800","2018-12-06 09:30:28.7740",3184,"Paulus Hook",40.7141454,-74.0335519,3183,"Exchange Place",40.7162469,-74.0334588,29288,"Subscriber",1986,1
2438,"2018-12-06 11:33:45.8870","2018-12-06 12:14:24.4000",3184,"Paulus Hook",40.7141454,-74.0335519,3184,"Paulus Hook",40.7141454,-74.0335519,29292,"Subscriber",1994,1
231,"2018-12-06 11:52:00.6850","2018-12-06 11:55:52.4110",3184,"Paulus Hook",40.7141454,-74.0335519,3275,"Columbus Drive",40.71835519823214,-74.03891444206238,26246,"Subscriber",1981,1
326,"2018-12-06 11:54:23.5090","2018-12-06 11:59:49.6230",3184,"Paulus Hook",40.7141454,-74.0335519,3202,"Newport PATH",40.7272235,-74.0337589,29482,"Subscriber",1971,1
363,"2018-12-06 11:57:44.0130","2018-12-06 12:03:47.1160",3184,"Paulus Hook",40.7141454,-74.0335519,3202,"Newport PATH",40.7272235,-74.0337589,26296,"Subscriber",1981,1
518,"2018-12-06 12:45:11.8850","2018-12-06 12:53:50.5400",3184,"Paulus Hook",40.7141454,-74.0335519,3199,"Newport Pkwy",40.7287448,-74.0321082,26155,"Subscriber",1980,1
1709,"2018-12-06 13:17:20.7730","2018-12-06 13:45:50.3840",3184,"Paulus Hook",40.7141454,-74.0335519,3638,"Washington St",40.7242941,-74.0354826,26160,"Subscriber",1980,1
405,"2018-12-06 14:16:50.2110","2018-12-06 14:23:35.4770",3184,"Paulus Hook",40.7141454,-74.0335519,3483,"Montgomery St",40.71942,-74.05099,29653,"Subscriber",1982,1
122,"2018-12-06 16:55:00.8020","2018-12-06 16:57:03.5270",3184,"Paulus Hook",40.7141454,-74.0335519,3183,"Exchange Place",40.7162469,-74.0334588,26160,"Subscriber",1976,1
374,"2018-12-06 17:04:50.6980","2018-12-06 17:11:05.1900",3184,"Paulus Hook",40.7141454,-74.0335519,3186,"Grove St PATH",40.71958611647166,-74.04311746358871,29596,"Subscriber",1977,1
589,"2018-12-06 17:26:07.5070","2018-12-06 17:35:57.1050",3184,"Paulus Hook",40.7141454,-74.0335519,3269,"Brunswick & 6th",40.72601172964625,-74.05038893222809,26273,"Subscriber",1976,1
357,"2018-12-06 18:01:17.1760","2018-12-06 18:07:14.4150",3184,"Paulus Hook",40.7141454,-74.0335519,3205,"JC Medical Center",40.71653978099194,-74.0496379137039,29292,"Subscriber",1988,1
141,"2018-12-06 18:40:48.9590","2018-12-06 18:43:10.7290",3184,"Paulus Hook",40.7141454,-74.0335519,3214,"Essex Light Rail",40.7127742,-74.0364857,29530,"Subscriber",1993,1
253,"2018-12-06 18:42:19.9750","2018-12-06 18:46:33.6200",3184,"Paulus Hook",40.7141454,-74.0335519,3275,"Columbus Drive",40.71835519823214,-74.03891444206238,29197,"Subscriber",1981,1
355,"2018-12-06 19:05:55.3200","2018-12-06 19:11:51.0030",3184,"Paulus Hook",40.7141454,-74.0335519,3211,"Newark Ave",40.72152515,-74.046304543,29214,"Subscriber",1995,1
180,"2018-12-06 19:19:29.0500","2018-12-06 19:22:29.9770",3184,"Paulus Hook",40.7141454,-74.0335519,3276,"Marin Light Rail",40.71458403535893,-74.04281705617905,29642,"Subscriber",1988,1
413,"2018-12-06 19:22:25.3120","2018-12-06 19:29:18.3400",3184,"Paulus Hook",40.7141454,-74.0335519,3187,"Warren St",40.7211236,-74.03805095,29308,"Subscriber",1984,1
535,"2018-12-06 19:26:39.8190","2018-12-06 19:35:34.9900",3184,"Paulus Hook",40.7141454,-74.0335519,3211,"Newark Ave",40.72152515,-74.046304543,26294,"Subscriber",1989,1
444,"2018-12-06 20:05:20.4670","2018-12-06 20:12:44.4970",3184,"Paulus Hook",40.7141454,-74.0335519,3202,"Newport PATH",40.7272235,-74.0337589,29482,"Subscriber",1991,1
401,"2018-12-06 22:06:01.3170","2018-12-06 22:12:42.9370",3184,"Paulus Hook",40.7141454,-74.0335519,3199,"Newport Pkwy",40.7287448,-74.0321082,29619,"Subscriber",1989,1
300,"2018-12-06 22:07:03.6430","2018-12-06 22:12:04.3600",3184,"Paulus Hook",40.7141454,-74.0335519,3638,"Washington St",40.7242941,-74.0354826,29523,"Subscriber",1986,2
198,"2018-12-06 22:41:50.9560","2018-12-06 22:45:09.0570",3184,"Paulus Hook",40.7141454,-74.0335519,3267,"Morris Canal",40.7124188237569,-74.03852552175522,26206,"Subscriber",1977,1
190,"2018-12-07 01:14:54.3240","2018-12-07 01:18:05.2530",3184,"Paulus Hook",40.7141454,-74.0335519,3267,"Morris Canal",40.7124188237569,-74.03852552175522,26209,"Subscriber",1977,1
766,"2018-12-07 06:43:37.1280","2018-12-07 06:56:23.5030",3184,"Paulus Hook",40.7141454,-74.0335519,3194,"McGinley Square",40.7253399253558,-74.06762212514877,29604,"Subscriber",1983,1
601,"2018-12-07 06:44:12.7050","2018-12-07 06:54:14.0590",3184,"Paulus Hook",40.7141454,-74.0335519,3202,"Newport PATH",40.7272235,-74.0337589,29654,"Subscriber",1964,1
357,"2018-12-07 08:03:57.4470","2018-12-07 08:09:54.5650",3184,"Paulus Hook",40.7141454,-74.0335519,3185,"City Hall",40.7177325,-74.043845,29507,"Subscriber",1986,1
645,"2018-12-07 08:10:25.9420","2018-12-07 08:21:11.4640",3184,"Paulus Hook",40.7141454,-74.0335519,3206,"Hilltop",40.7311689,-74.0575736,29653,"Subscriber",1980,1
102,"2018-12-07 08:23:33.2940","2018-12-07 08:25:15.3980",3184,"Paulus Hook",40.7141454,-74.0335519,3183,"Exchange Place",40.7162469,-74.0334588,26242,"Subscriber",1986,1
345,"2018-12-07 10:55:42.1590","2018-12-07 11:01:27.2640",3184,"Paulus Hook",40.7141454,-74.0335519,3185,"City Hall",40.7177325,-74.043845,29608,"Subscriber",1971,1
148,"2018-12-07 11:45:42.5500","2018-12-07 11:48:10.5800",3184,"Paulus Hook",40.7141454,-74.0335519,3481,"York St",40.71649,-74.04105,29587,"Subscriber",1977,1
553,"2018-12-07 12:31:25.3880","2018-12-07 12:40:39.0080",3184,"Paulus Hook",40.7141454,-74.0335519,3638,"Washington St",40.7242941,-74.0354826,29553,"Subscriber",1981,1
372,"2018-12-07 12:31:24.2830","2018-12-07 12:37:36.7950",3184,"Paulus Hook",40.7141454,-74.0335519,3202,"Newport PATH",40.7272235,-74.0337589,29670,"Subscriber",1991,1
559,"2018-12-07 12:31:27.0750","2018-12-07 12:40:46.4430",3184,"Paulus Hook",40.7141454,-74.0335519,3638,"Washington St",40.7242941,-74.0354826,29479,"Subscriber",1971,1
257,"2018-12-07 12:48:10.1970","2018-12-07 12:52:27.5580",3184,"Paulus Hook",40.7141454,-74.0335519,3275,"Columbus Drive",40.71835519823214,-74.03891444206238,29572,"Subscriber",1981,1
616,"2018-12-07 13:38:10.3250","2018-12-07 13:48:27.2230",3184,"Paulus Hook",40.7141454,-74.0335519,3279,"Dixon Mills",40.721630142638354,-74.04996782541275,29487,"Subscriber",1982,1
346,"2018-12-07 14:24:32.9000","2018-12-07 14:30:19.0220",3184,"Paulus Hook",40.7141454,-74.0335519,3186,"Grove St PATH",40.71958611647166,-74.04311746358871,29215,"Subscriber",1979,1
313,"2018-12-07 15:01:08.5640","2018-12-07 15:06:21.5820",3184,"Paulus Hook",40.7141454,-74.0335519,3276,"Marin Light Rail",40.71458403535893,-74.04281705617905,28164,"Subscriber",1977,1
601,"2018-12-07 15:43:12.2180","2018-12-07 15:53:13.8350",3184,"Paulus Hook",40.7141454,-74.0335519,3203,"Hamilton Park",40.727595966,-74.044247311,29474,"Subscriber",1969,1
333,"2018-12-07 15:46:00.0940","2018-12-07 15:51:34.0900",3184,"Paulus Hook",40.7141454,-74.0335519,3213,"Van Vorst Park",40.71848892,-74.047726625,29570,"Subscriber",1969,0
196,"2018-12-07 16:14:09.2270","2018-12-07 16:17:25.7020",3184,"Paulus Hook",40.7141454,-74.0335519,3183,"Exchange Place",40.7162469,-74.0334588,26209,"Subscriber",1989,1
104,"2018-12-07 16:34:35.4330","2018-12-07 16:36:19.6630",3184,"Paulus Hook",40.7141454,-74.0335519,3183,"Exchange Place",40.7162469,-74.0334588,26243,"Subscriber",1976,1
78,"2018-12-07 17:06:28.6690","2018-12-07 17:07:47.4970",3184,"Paulus Hook",40.7141454,-74.0335519,3183,"Exchange Place",40.7162469,-74.0334588,26216,"Subscriber",1975,1
155,"2018-12-07 17:19:39.8320","2018-12-07 17:22:14.8370",3184,"Paulus Hook",40.7141454,-74.0335519,3267,"Morris Canal",40.7124188237569,-74.03852552175522,29497,"Subscriber",1993,1
215,"2018-12-07 17:24:56.9740","2018-12-07 17:28:32.2650",3184,"Paulus Hook",40.7141454,-74.0335519,3276,"Marin Light Rail",40.71458403535893,-74.04281705617905,29595,"Subscriber",1965,1
93,"2018-12-07 17:33:04.9670","2018-12-07 17:34:38.2830",3184,"Paulus Hook",40.7141454,-74.0335519,3183,"Exchange Place",40.7162469,-74.0334588,29545,"Subscriber",1988,1
195,"2018-12-07 17:38:47.4930","2018-12-07 17:42:03.4230",3184,"Paulus Hook",40.7141454,-74.0335519,3481,"York St",40.71649,-74.04105,29523,"Subscriber",1949,1
739,"2018-12-07 17:43:48.8400","2018-12-07 17:56:08.1660",3184,"Paulus Hook",40.7141454,-74.0335519,3192,"Liberty Light Rail",40.7112423,-74.0557013,26159,"Subscriber",1960,1
461,"2018-12-07 17:59:31.7190","2018-12-07 18:07:13.2910",3184,"Paulus Hook",40.7141454,-74.0335519,3276,"Marin Light Rail",40.71458403535893,-74.04281705617905,26187,"Subscriber",1972,1
314,"2018-12-07 19:00:30.0040","2018-12-07 19:05:44.3560",3184,"Paulus Hook",40.7141454,-74.0335519,3211,"Newark Ave",40.72152515,-74.046304543,29227,"Subscriber",1995,1
244,"2018-12-07 19:14:27.5260","2018-12-07 19:18:31.8750",3184,"Paulus Hook",40.7141454,-74.0335519,3267,"Morris Canal",40.7124188237569,-74.03852552175522,29197,"Subscriber",1980,1
434,"2018-12-07 19:18:18.7000","2018-12-07 19:25:32.7160",3184,"Paulus Hook",40.7141454,-74.0335519,3202,"Newport PATH",40.7272235,-74.0337589,29225,"Subscriber",1989,1
612,"2018-12-08 10:09:30.6690","2018-12-08 10:19:42.8710",3184,"Paulus Hook",40.7141454,-74.0335519,3199,"Newport Pkwy",40.7287448,-74.0321082,29471,"Subscriber",1988,1
85,"2018-12-08 13:11:48.5040","2018-12-08 13:13:14.4600",3184,"Paulus Hook",40.7141454,-74.0335519,3183,"Exchange Place",40.7162469,-74.0334588,29607,"Subscriber",1981,2
252,"2018-12-08 14:11:50.1840","2018-12-08 14:16:02.8340",3184,"Paulus Hook",40.7141454,-74.0335519,3267,"Morris Canal",40.7124188237569,-74.03852552175522,29492,"Subscriber",1977,1
177,"2018-12-08 15:07:09.9140","2018-12-08 15:10:07.1960",3184,"Paulus Hook",40.7141454,-74.0335519,3267,"Morris Canal",40.7124188237569,-74.03852552175522,29215,"Subscriber",1993,1
200,"2018-12-09 20:47:19.6260","2018-12-09 20:50:40.1220",3184,"Paulus Hook",40.7141454,-74.0335519,3267,"Morris Canal",40.7124188237569,-74.03852552175522,26234,"Subscriber",1961,2
167,"2018-12-09 21:44:26.6500","2018-12-09 21:47:13.7330",3184,"Paulus Hook",40.7141454,-74.0335519,3267,"Morris Canal",40.7124188237569,-74.03852552175522,29284,"Subscriber",1982,1
183,"2018-12-09 21:47:20.6820","2018-12-09 21:50:24.6170",3184,"Paulus Hook",40.7141454,-74.0335519,3267,"Morris Canal",40.7124188237569,-74.03852552175522,29588,"Subscriber",1993,1
405,"2018-12-10 10:39:25.3670","2018-12-10 10:46:10.9580",3184,"Paulus Hook",40.7141454,-74.0335519,3202,"Newport PATH",40.7272235,-74.0337589,29679,"Subscriber",1970,1
168,"2018-12-10 11:56:26.9940","2018-12-10 11:59:15.5540",3184,"Paulus Hook",40.7141454,-74.0335519,3481,"York St",40.71649,-74.04105,29614,"Subscriber",1995,1
367,"2018-12-10 11:59:50.4240","2018-12-10 12:05:58.2980",3184,"Paulus Hook",40.7141454,-74.0335519,3483,"Montgomery St",40.71942,-74.05099,29301,"Subscriber",1982,1
362,"2018-12-10 12:10:38.8330","2018-12-10 12:16:41.3600",3184,"Paulus Hook",40.7141454,-74.0335519,3186,"Grove St PATH",40.71958611647166,-74.04311746358871,29587,"Subscriber",1980,1
364,"2018-12-10 12:10:39.1920","2018-12-10 12:16:43.7260",3184,"Paulus Hook",40.7141454,-74.0335519,3186,"Grove St PATH",40.71958611647166,-74.04311746358871,26208,"Subscriber",1987,1
342,"2018-12-10 12:59:00.6400","2018-12-10 13:04:43.4990",3184,"Paulus Hook",40.7141454,-74.0335519,3638,"Washington St",40.7242941,-74.0354826,29503,"Subscriber",1971,1
232,"2018-12-10 12:59:55.1660","2018-12-10 13:03:47.9390",3184,"Paulus Hook",40.7141454,-74.0335519,3276,"Marin Light Rail",40.71458403535893,-74.04281705617905,29201,"Subscriber",1988,1
887,"2018-12-10 13:36:48.8010","2018-12-10 13:51:36.4340",3184,"Paulus Hook",40.7141454,-74.0335519,3205,"JC Medical Center",40.71653978099194,-74.0496379137039,29440,"Customer",1969,0
98,"2018-12-10 13:48:19.6700","2018-12-10 13:49:57.9930",3184,"Paulus Hook",40.7141454,-74.0335519,3183,"Exchange Place",40.7162469,-74.0334588,29536,"Subscriber",1987,1
108,"2018-12-10 16:45:30.9850","2018-12-10 16:47:19.8630",3184,"Paulus Hook",40.7141454,-74.0335519,3681,"Grand St",40.71517767732029,-74.03768330812454,26270,"Subscriber",1986,1
303,"2018-12-10 17:06:57.3550","2018-12-10 17:12:00.5010",3184,"Paulus Hook",40.7141454,-74.0335519,3213,"Van Vorst Park",40.71848892,-74.047726625,29601,"Subscriber",1995,1
1233,"2018-12-10 17:07:15.6660","2018-12-10 17:27:49.0300",3184,"Paulus Hook",40.7141454,-74.0335519,3212,"Christ Hospital",40.734785818,-74.050443636,29276,"Subscriber",1981,1
105,"2018-12-10 17:25:44.5590","2018-12-10 17:27:29.5860",3184,"Paulus Hook",40.7141454,-74.0335519,3681,"Grand St",40.71517767732029,-74.03768330812454,29602,"Subscriber",1972,1
990,"2018-12-10 17:40:17.3570","2018-12-10 17:56:48.1900",3184,"Paulus Hook",40.7141454,-74.0335519,3203,"Hamilton Park",40.727595966,-74.044247311,26255,"Subscriber",1982,2
356,"2018-12-10 17:41:56.1780","2018-12-10 17:47:52.5000",3184,"Paulus Hook",40.7141454,-74.0335519,3186,"Grove St PATH",40.71958611647166,-74.04311746358871,29678,"Subscriber",1977,1
511,"2018-12-10 17:48:35.6500","2018-12-10 17:57:06.6710",3184,"Paulus Hook",40.7141454,-74.0335519,3278,"Monmouth and 6th",40.72568548362901,-74.04879033565521,29503,"Subscriber",1976,1
207,"2018-12-10 17:59:24.0000","2018-12-10 18:02:51.4380",3184,"Paulus Hook",40.7141454,-74.0335519,3267,"Morris Canal",40.7124188237569,-74.03852552175522,26246,"Subscriber",1979,1
520,"2018-12-10 18:01:50.1120","2018-12-10 18:10:30.9430",3184,"Paulus Hook",40.7141454,-74.0335519,3186,"Grove St PATH",40.71958611647166,-74.04311746358871,29484,"Subscriber",1991,1
153,"2018-12-10 18:03:03.3580","2018-12-10 18:05:36.7430",3184,"Paulus Hook",40.7141454,-74.0335519,3184,"Paulus Hook",40.7141454,-74.0335519,29214,"Subscriber",1975,1
357,"2018-12-10 18:32:54.8170","2018-12-10 18:38:52.0340",3184,"Paulus Hook",40.7141454,-74.0335519,3205,"JC Medical Center",40.71653978099194,-74.0496379137039,26199,"Subscriber",1988,1
245,"2018-12-10 18:46:11.2310","2018-12-10 18:50:16.6140",3184,"Paulus Hook",40.7141454,-74.0335519,3639,"Harborside",40.7192517,-74.034234,29595,"Subscriber",1983,1
341,"2018-12-10 19:27:33.1330","2018-12-10 19:33:14.9030",3184,"Paulus Hook",40.7141454,-74.0335519,3211,"Newark Ave",40.72152515,-74.046304543,29214,"Subscriber",1995,1
152,"2018-12-10 20:42:36.9010","2018-12-10 20:45:09.4010",3184,"Paulus Hook",40.7141454,-74.0335519,3267,"Morris Canal",40.7124188237569,-74.03852552175522,29588,"Subscriber",1980,1
768,"2018-12-10 21:17:47.1990","2018-12-10 21:30:36.0380",3184,"Paulus Hook",40.7141454,-74.0335519,3276,"Marin Light Rail",40.71458403535893,-74.04281705617905,29250,"Subscriber",1984,1
614,"2018-12-10 22:50:52.3730","2018-12-10 23:01:06.4620",3184,"Paulus Hook",40.7141454,-74.0335519,3199,"Newport Pkwy",40.7287448,-74.0321082,29123,"Subscriber",1989,1
95,"2018-12-11 06:29:34.4920","2018-12-11 06:31:10.4470",3184,"Paulus Hook",40.7141454,-74.0335519,3183,"Exchange Place",40.7162469,-74.0334588,29475,"Subscriber",1969,0
809,"2018-12-11 06:46:27.0450","2018-12-11 06:59:56.2330",3184,"Paulus Hook",40.7141454,-74.0335519,3194,"McGinley Square",40.7253399253558,-74.06762212514877,29613,"Subscriber",1983,1
135,"2018-12-11 08:03:59.2550","2018-12-11 08:06:14.8570",3184,"Paulus Hook",40.7141454,-74.0335519,3681,"Grand St",40.71517767732029,-74.03768330812454,29597,"Subscriber",1986,1
86,"2018-12-11 09:53:30.7670","2018-12-11 09:54:57.3430",3184,"Paulus Hook",40.7141454,-74.0335519,3183,"Exchange Place",40.7162469,-74.0334588,26246,"Subscriber",1983,1
519,"2018-12-11 11:50:15.6290","2018-12-11 11:58:55.2060",3184,"Paulus Hook",40.7141454,-74.0335519,3199,"Newport Pkwy",40.7287448,-74.0321082,29479,"Subscriber",1971,1
252,"2018-12-11 12:12:20.7710","2018-12-11 12:16:32.7950",3184,"Paulus Hook",40.7141454,-74.0335519,3275,"Columbus Drive",40.71835519823214,-74.03891444206238,29593,"Subscriber",1982,1
239,"2018-12-11 12:12:31.9250","2018-12-11 12:16:31.7730",3184,"Paulus Hook",40.7141454,-74.0335519,3275,"Columbus Drive",40.71835519823214,-74.03891444206238,29608,"Subscriber",1983,1
177,"2018-12-11 13:55:03.2530","2018-12-11 13:58:01.1850",3184,"Paulus Hook",40.7141454,-74.0335519,3639,"Harborside",40.7192517,-74.034234,29490,"Subscriber",1983,1
719,"2018-12-11 16:17:41.8750","2018-12-11 16:29:41.5770",3184,"Paulus Hook",40.7141454,-74.0335519,3278,"Monmouth and 6th",40.72568548362901,-74.04879033565521,29286,"Subscriber",1980,1
297,"2018-12-11 16:37:43.4660","2018-12-11 16:42:40.8760",3184,"Paulus Hook",40.7141454,-74.0335519,3187,"Warren St",40.7211236,-74.03805095,26254,"Subscriber",1988,1
1340,"2018-12-11 16:40:00.4660","2018-12-11 17:02:21.0910",3184,"Paulus Hook",40.7141454,-74.0335519,3681,"Grand St",40.71517767732029,-74.03768330812454,26234,"Subscriber",1980,2
178,"2018-12-11 16:50:01.9660","2018-12-11 16:53:00.2270",3184,"Paulus Hook",40.7141454,-74.0335519,3267,"Morris Canal",40.7124188237569,-74.03852552175522,26251,"Subscriber",1954,1
308,"2018-12-11 17:09:06.3110","2018-12-11 17:14:14.7580",3184,"Paulus Hook",40.7141454,-74.0335519,3213,"Van Vorst Park",40.71848892,-74.047726625,29465,"Subscriber",1995,1
546,"2018-12-11 17:12:16.9160","2018-12-11 17:21:23.7680",3184,"Paulus Hook",40.7141454,-74.0335519,3203,"Hamilton Park",40.727595966,-74.044247311,26174,"Subscriber",1977,1
637,"2018-12-11 17:41:26.9810","2018-12-11 17:52:04.2050",3184,"Paulus Hook",40.7141454,-74.0335519,3269,"Brunswick & 6th",40.72601172964625,-74.05038893222809,29581,"Subscriber",1976,1
431,"2018-12-11 18:01:30.6320","2018-12-11 18:08:41.9950",3184,"Paulus Hook",40.7141454,-74.0335519,3205,"JC Medical Center",40.71653978099194,-74.0496379137039,29214,"Subscriber",1988,1
928,"2018-12-11 18:13:19.2050","2018-12-11 18:28:48.0130",3184,"Paulus Hook",40.7141454,-74.0335519,3681,"Grand St",40.71517767732029,-74.03768330812454,29465,"Subscriber",1977,1
200,"2018-12-11 18:22:10.8780","2018-12-11 18:25:31.3640",3184,"Paulus Hook",40.7141454,-74.0335519,3267,"Morris Canal",40.7124188237569,-74.03852552175522,26251,"Subscriber",1979,1
514,"2018-12-11 18:33:15.2290","2018-12-11 18:41:49.5560",3184,"Paulus Hook",40.7141454,-74.0335519,3483,"Montgomery St",40.71942,-74.05099,29656,"Subscriber",1983,1
517,"2018-12-11 18:59:34.0930","2018-12-11 19:08:11.5330",3184,"Paulus Hook",40.7141454,-74.0335519,3203,"Hamilton Park",40.727595966,-74.044247311,29221,"Subscriber",1971,1
420,"2018-12-11 19:08:42.5010","2018-12-11 19:15:42.5150",3184,"Paulus Hook",40.7141454,-74.0335519,3211,"Newark Ave",40.72152515,-74.046304543,29531,"Subscriber",1995,1
250,"2018-12-11 19:53:58.0360","2018-12-11 19:58:09.0180",3184,"Paulus Hook",40.7141454,-74.0335519,3276,"Marin Light Rail",40.71458403535893,-74.04281705617905,29225,"Subscriber",1988,1
79,"2018-12-12 06:29:22.1100","2018-12-12 06:30:41.7800",3184,"Paulus Hook",40.7141454,-74.0335519,3183,"Exchange Place",40.7162469,-74.0334588,29247,"Subscriber",1969,0
349,"2018-12-12 08:06:10.5560","2018-12-12 08:11:59.7110",3184,"Paulus Hook",40.7141454,-74.0335519,3202,"Newport PATH",40.7272235,-74.0337589,26251,"Subscriber",1965,1
452,"2018-12-12 08:55:12.2470","2018-12-12 09:02:44.8670",3184,"Paulus Hook",40.7141454,-74.0335519,3638,"Washington St",40.7242941,-74.0354826,29602,"Subscriber",1969,0
327,"2018-12-12 11:36:01.0150","2018-12-12 11:41:28.0550",3184,"Paulus Hook",40.7141454,-74.0335519,3213,"Van Vorst Park",40.71848892,-74.047726625,26198,"Subscriber",1995,1
426,"2018-12-12 13:38:32.3120","2018-12-12 13:45:38.6170",3184,"Paulus Hook",40.7141454,-74.0335519,3483,"Montgomery St",40.71942,-74.05099,26191,"Subscriber",1982,1
205,"2018-12-12 13:44:45.7240","2018-12-12 13:48:10.7570",3184,"Paulus Hook",40.7141454,-74.0335519,3481,"York St",40.71649,-74.04105,29495,"Subscriber",1949,1
202,"2018-12-12 14:34:11.9000","2018-12-12 14:37:34.7070",3184,"Paulus Hook",40.7141454,-74.0335519,3267,"Morris Canal",40.7124188237569,-74.03852552175522,29233,"Subscriber",1968,1
166,"2018-12-12 14:46:11.1250","2018-12-12 14:48:57.4260",3184,"Paulus Hook",40.7141454,-74.0335519,3639,"Harborside",40.7192517,-74.034234,29217,"Subscriber",1993,1
414,"2018-12-12 15:37:25.5840","2018-12-12 15:44:19.9070",3184,"Paulus Hook",40.7141454,-74.0335519,3185,"City Hall",40.7177325,-74.043845,29542,"Subscriber",1983,1
303,"2018-12-12 17:08:25.4000","2018-12-12 17:13:28.4740",3184,"Paulus Hook",40.7141454,-74.0335519,3213,"Van Vorst Park",40.71848892,-74.047726625,26316,"Subscriber",1995,1
238,"2018-12-12 17:23:59.4230","2018-12-12 17:27:58.1440",3184,"Paulus Hook",40.7141454,-74.0335519,3275,"Columbus Drive",40.71835519823214,-74.03891444206238,29674,"Subscriber",1977,1
658,"2018-12-12 17:42:09.2310","2018-12-12 17:53:08.1040",3184,"Paulus Hook",40.7141454,-74.0335519,3211,"Newark Ave",40.72152515,-74.046304543,29243,"Subscriber",1983,1
277,"2018-12-12 17:43:05.4070","2018-12-12 17:47:43.2170",3184,"Paulus Hook",40.7141454,-74.0335519,3275,"Columbus Drive",40.71835519823214,-74.03891444206238,29542,"Subscriber",1973,1
68,"2018-12-12 17:54:22.4550","2018-12-12 17:55:30.9640",3184,"Paulus Hook",40.7141454,-74.0335519,3183,"Exchange Place",40.7162469,-74.0334588,26246,"Subscriber",1975,1
293,"2018-12-12 17:57:59.6200","2018-12-12 18:02:52.8700",3184,"Paulus Hook",40.7141454,-74.0335519,3185,"City Hall",40.7177325,-74.043845,29307,"Subscriber",1994,1
468,"2018-12-12 18:36:44.6070","2018-12-12 18:44:33.3790",3184,"Paulus Hook",40.7141454,-74.0335519,3186,"Grove St PATH",40.71958611647166,-74.04311746358871,29291,"Subscriber",1991,1
194,"2018-12-12 18:52:00.9500","2018-12-12 18:55:15.0570",3184,"Paulus Hook",40.7141454,-74.0335519,3276,"Marin Light Rail",40.71458403535893,-74.04281705617905,26184,"Subscriber",1988,1
397,"2018-12-12 18:53:30.7390","2018-12-12 19:00:08.1140",3184,"Paulus Hook",40.7141454,-74.0335519,3211,"Newark Ave",40.72152515,-74.046304543,29664,"Subscriber",1995,1
517,"2018-12-12 19:19:12.7380","2018-12-12 19:27:50.4990",3184,"Paulus Hook",40.7141454,-74.0335519,3272,"Jersey & 3rd",40.72333158646436,-74.04595255851744,29517,"Subscriber",1988,1
210,"2018-12-12 19:23:51.4590","2018-12-12 19:27:22.2090",3184,"Paulus Hook",40.7141454,-74.0335519,3267,"Morris Canal",40.7124188237569,-74.03852552175522,29595,"Subscriber",1970,1
806,"2018-12-12 22:51:45.8890","2018-12-12 23:05:12.2270",3184,"Paulus Hook",40.7141454,-74.0335519,3205,"JC Medical Center",40.71653978099194,-74.0496379137039,29494,"Customer",1969,0
81,"2018-12-13 08:51:55.0750","2018-12-13 08:53:16.2940",3184,"Paulus Hook",40.7141454,-74.0335519,3183,"Exchange Place",40.7162469,-74.0334588,29459,"Subscriber",1987,1
609,"2018-12-13 09:30:57.6290","2018-12-13 09:41:06.6490",3184,"Paulus Hook",40.7141454,-74.0335519,3192,"Liberty Light Rail",40.7112423,-74.0557013,29221,"Subscriber",1960,1
411,"2018-12-13 13:54:43.0830","2018-12-13 14:01:34.6640",3184,"Paulus Hook",40.7141454,-74.0335519,3483,"Montgomery St",40.71942,-74.05099,26219,"Subscriber",1982,1
551,"2018-12-13 17:17:30.3920","2018-12-13 17:26:41.6570",3184,"Paulus Hook",40.7141454,-74.0335519,3202,"Newport PATH",40.7272235,-74.0337589,29551,"Subscriber",1988,1
425,"2018-12-13 17:53:15.5520","2018-12-13 18:00:20.6140",3184,"Paulus Hook",40.7141454,-74.0335519,3205,"JC Medical Center",40.71653978099194,-74.0496379137039,29661,"Subscriber",1988,1
315,"2018-12-13 17:55:53.5770","2018-12-13 18:01:08.9050",3184,"Paulus Hook",40.7141454,-74.0335519,3186,"Grove St PATH",40.71958611647166,-74.04311746358871,26199,"Subscriber",1995,1
311,"2018-12-13 18:50:08.7050","2018-12-13 18:55:19.7830",3184,"Paulus Hook",40.7141454,-74.0335519,3185,"City Hall",40.7177325,-74.043845,29222,"Subscriber",1987,1
149,"2018-12-13 18:52:03.1290","2018-12-13 18:54:32.3340",3184,"Paulus Hook",40.7141454,-74.0335519,3267,"Morris Canal",40.7124188237569,-74.03852552175522,29537,"Subscriber",1994,2
212,"2018-12-13 18:55:10.9990","2018-12-13 18:58:43.8800",3184,"Paulus Hook",40.7141454,-74.0335519,3183,"Exchange Place",40.7162469,-74.0334588,29269,"Subscriber",1990,1
165,"2018-12-13 19:38:22.2170","2018-12-13 19:41:07.3790",3184,"Paulus Hook",40.7141454,-74.0335519,3267,"Morris Canal",40.7124188237569,-74.03852552175522,29212,"Subscriber",1969,0
580,"2018-12-13 19:38:51.1480","2018-12-13 19:48:31.2220",3184,"Paulus Hook",40.7141454,-74.0335519,3202,"Newport PATH",40.7272235,-74.0337589,29595,"Subscriber",1991,1
185,"2018-12-13 22:07:13.3610","2018-12-13 22:10:18.5530",3184,"Paulus Hook",40.7141454,-74.0335519,3275,"Columbus Drive",40.71835519823214,-74.03891444206238,29289,"Subscriber",1994,1
249,"2018-12-14 11:53:39.6040","2018-12-14 11:57:49.1440",3184,"Paulus Hook",40.7141454,-74.0335519,3187,"Warren St",40.7211236,-74.03805095,26247,"Subscriber",1989,1
522,"2018-12-14 12:18:18.5030","2018-12-14 12:27:00.8110",3184,"Paulus Hook",40.7141454,-74.0335519,3211,"Newark Ave",40.72152515,-74.046304543,29484,"Customer",1969,0
537,"2018-12-14 12:18:20.9460","2018-12-14 12:27:18.5140",3184,"Paulus Hook",40.7141454,-74.0335519,3211,"Newark Ave",40.72152515,-74.046304543,29445,"Customer",1969,0
383,"2018-12-14 12:25:17.6070","2018-12-14 12:31:40.8700",3184,"Paulus Hook",40.7141454,-74.0335519,3202,"Newport PATH",40.7272235,-74.0337589,29460,"Subscriber",1971,1
307,"2018-12-14 13:04:19.6580","2018-12-14 13:09:27.5410",3184,"Paulus Hook",40.7141454,-74.0335519,3638,"Washington St",40.7242941,-74.0354826,29247,"Subscriber",1976,1
571,"2018-12-14 13:30:28.1140","2018-12-14 13:39:59.3360",3184,"Paulus Hook",40.7141454,-74.0335519,3279,"Dixon Mills",40.721630142638354,-74.04996782541275,26275,"Subscriber",1982,1
820,"2018-12-14 15:14:41.9970","2018-12-14 15:28:22.2850",3184,"Paulus Hook",40.7141454,-74.0335519,3203,"Hamilton Park",40.727595966,-74.044247311,26283,"Subscriber",1969,1
151,"2018-12-14 16:09:58.0940","2018-12-14 16:12:29.1700",3184,"Paulus Hook",40.7141454,-74.0335519,3267,"Morris Canal",40.7124188237569,-74.03852552175522,26302,"Subscriber",1972,1
364,"2018-12-14 16:29:30.7570","2018-12-14 16:35:35.4130",3184,"Paulus Hook",40.7141454,-74.0335519,3187,"Warren St",40.7211236,-74.03805095,29453,"Subscriber",1988,1
701,"2018-12-14 16:55:44.7420","2018-12-14 17:07:25.9830",3184,"Paulus Hook",40.7141454,-74.0335519,3270,"Jersey & 6th St",40.72528910781132,-74.04557168483734,29281,"Subscriber",1977,1
298,"2018-12-14 17:23:35.0230","2018-12-14 17:28:33.6550",3184,"Paulus Hook",40.7141454,-74.0335519,3186,"Grove St PATH",40.71958611647166,-74.04311746358871,29258,"Subscriber",1977,1
189,"2018-12-14 17:59:57.0430","2018-12-14 18:03:06.9320",3184,"Paulus Hook",40.7141454,-74.0335519,3267,"Morris Canal",40.7124188237569,-74.03852552175522,29639,"Subscriber",1993,1
401,"2018-12-14 18:53:40.6900","2018-12-14 19:00:22.6810",3184,"Paulus Hook",40.7141454,-74.0335519,3211,"Newark Ave",40.72152515,-74.046304543,29512,"Subscriber",1995,1
809,"2018-12-14 19:49:43.9270","2018-12-14 20:03:13.9120",3184,"Paulus Hook",40.7141454,-74.0335519,3202,"Newport PATH",40.7272235,-74.0337589,29548,"Subscriber",1991,1
658,"2018-12-15 13:59:31.3450","2018-12-15 14:10:30.0440",3184,"Paulus Hook",40.7141454,-74.0335519,3203,"Hamilton Park",40.727595966,-74.044247311,29439,"Subscriber",1983,2
622,"2018-12-15 13:59:57.5820","2018-12-15 14:10:20.0910",3184,"Paulus Hook",40.7141454,-74.0335519,3203,"Hamilton Park",40.727595966,-74.044247311,26233,"Subscriber",1981,1
658,"2018-12-15 15:44:38.2160","2018-12-15 15:55:36.4560",3184,"Paulus Hook",40.7141454,-74.0335519,3270,"Jersey & 6th St",40.72528910781132,-74.04557168483734,29486,"Subscriber",1977,2
164,"2018-12-15 16:20:56.1460","2018-12-15 16:23:41.0600",3184,"Paulus Hook",40.7141454,-74.0335519,3267,"Morris Canal",40.7124188237569,-74.03852552175522,26203,"Subscriber",1967,1
518,"2018-12-15 17:21:42.9830","2018-12-15 17:30:21.3320",3184,"Paulus Hook",40.7141454,-74.0335519,3211,"Newark Ave",40.72152515,-74.046304543,29532,"Subscriber",1974,1
354,"2018-12-17 09:41:24.1680","2018-12-17 09:47:18.5900",3184,"Paulus Hook",40.7141454,-74.0335519,3638,"Washington St",40.7242941,-74.0354826,29244,"Subscriber",1958,1
685,"2018-12-17 12:48:56.3930","2018-12-17 13:00:22.1050",3184,"Paulus Hook",40.7141454,-74.0335519,3270,"Jersey & 6th St",40.72528910781132,-74.04557168483734,26159,"Subscriber",1977,1
290,"2018-12-17 13:47:47.5600","2018-12-17 13:52:38.5000",3184,"Paulus Hook",40.7141454,-74.0335519,3186,"Grove St PATH",40.71958611647166,-74.04311746358871,26271,"Subscriber",1982,1
404,"2018-12-17 13:57:43.8710","2018-12-17 14:04:28.4840",3184,"Paulus Hook",40.7141454,-74.0335519,3186,"Grove St PATH",40.71958611647166,-74.04311746358871,29465,"Subscriber",1977,1
242,"2018-12-17 16:36:56.6510","2018-12-17 16:40:58.8850",3184,"Paulus Hook",40.7141454,-74.0335519,3275,"Columbus Drive",40.71835519823214,-74.03891444206238,29553,"Subscriber",1975,1
353,"2018-12-17 17:07:38.7760","2018-12-17 17:13:32.3300",3184,"Paulus Hook",40.7141454,-74.0335519,3213,"Van Vorst Park",40.71848892,-74.047726625,26294,"Subscriber",1995,1
58632,"2018-12-17 17:08:01.5900","2018-12-18 09:25:14.2000",3184,"Paulus Hook",40.7141454,-74.0335519,3203,"Hamilton Park",40.727595966,-74.044247311,29284,"Customer",1964,1
253,"2018-12-17 17:19:13.5310","2018-12-17 17:23:26.7980",3184,"Paulus Hook",40.7141454,-74.0335519,3275,"Columbus Drive",40.71835519823214,-74.03891444206238,26211,"Subscriber",1980,1
232,"2018-12-17 17:55:27.9640","2018-12-17 17:59:20.0150",3184,"Paulus Hook",40.7141454,-74.0335519,3275,"Columbus Drive",40.71835519823214,-74.03891444206238,26241,"Subscriber",1982,1
70,"2018-12-17 18:00:02.0140","2018-12-17 18:01:12.9040",3184,"Paulus Hook",40.7141454,-74.0335519,3183,"Exchange Place",40.7162469,-74.0334588,29499,"Subscriber",1975,1
389,"2018-12-17 18:01:04.7860","2018-12-17 18:07:34.1170",3184,"Paulus Hook",40.7141454,-74.0335519,3205,"JC Medical Center",40.71653978099194,-74.0496379137039,29207,"Subscriber",1988,1
498,"2018-12-17 18:09:45.4750","2018-12-17 18:18:04.2270",3184,"Paulus Hook",40.7141454,-74.0335519,3638,"Washington St",40.7242941,-74.0354826,29500,"Subscriber",1991,1
413,"2018-12-17 18:21:15.3510","2018-12-17 18:28:09.0220",3184,"Paulus Hook",40.7141454,-74.0335519,3276,"Marin Light Rail",40.71458403535893,-74.04281705617905,29652,"Subscriber",1988,1
331,"2018-12-17 18:41:15.7500","2018-12-17 18:46:47.6590",3184,"Paulus Hook",40.7141454,-74.0335519,3638,"Washington St",40.7242941,-74.0354826,26283,"Subscriber",1988,1
348,"2018-12-17 19:04:37.8410","2018-12-17 19:10:26.7440",3184,"Paulus Hook",40.7141454,-74.0335519,3186,"Grove St PATH",40.71958611647166,-74.04311746358871,26307,"Subscriber",1995,1
392,"2018-12-18 08:11:04.7750","2018-12-18 08:17:36.8480",3184,"Paulus Hook",40.7141454,-74.0335519,3185,"City Hall",40.7177325,-74.043845,26233,"Subscriber",1986,1
905,"2018-12-18 08:11:24.3160","2018-12-18 08:26:30.0430",3184,"Paulus Hook",40.7141454,-74.0335519,3194,"McGinley Square",40.7253399253558,-74.06762212514877,29550,"Subscriber",1983,1
570,"2018-12-18 12:29:54.0200","2018-12-18 12:39:24.6400",3184,"Paulus Hook",40.7141454,-74.0335519,3638,"Washington St",40.7242941,-74.0354826,26179,"Subscriber",1985,1
101,"2018-12-18 15:58:49.5000","2018-12-18 16:00:31.2480",3184,"Paulus Hook",40.7141454,-74.0335519,3214,"Essex Light Rail",40.7127742,-74.0364857,26241,"Subscriber",1979,1
263,"2018-12-18 16:50:44.9310","2018-12-18 16:55:08.7910",3184,"Paulus Hook",40.7141454,-74.0335519,3267,"Morris Canal",40.7124188237569,-74.03852552175522,29204,"Subscriber",1970,1
84,"2018-12-18 17:50:52.1270","2018-12-18 17:52:16.4180",3184,"Paulus Hook",40.7141454,-74.0335519,3183,"Exchange Place",40.7162469,-74.0334588,29212,"Subscriber",1988,1
439,"2018-12-18 18:15:04.2410","2018-12-18 18:22:23.5780",3184,"Paulus Hook",40.7141454,-74.0335519,3205,"JC Medical Center",40.71653978099194,-74.0496379137039,29296,"Subscriber",1988,1
329,"2018-12-18 19:32:44.7400","2018-12-18 19:38:14.6570",3184,"Paulus Hook",40.7141454,-74.0335519,3639,"Harborside",40.7192517,-74.034234,26236,"Subscriber",1985,1
669,"2018-12-18 19:38:01.3250","2018-12-18 19:49:10.5860",3184,"Paulus Hook",40.7141454,-74.0335519,3199,"Newport Pkwy",40.7287448,-74.0321082,26201,"Subscriber",1991,1
276,"2018-12-18 21:29:38.5290","2018-12-18 21:34:14.8950",3184,"Paulus Hook",40.7141454,-74.0335519,3183,"Exchange Place",40.7162469,-74.0334588,29263,"Subscriber",1975,1
450,"2018-12-19 08:04:07.9140","2018-12-19 08:11:38.6820",3184,"Paulus Hook",40.7141454,-74.0335519,3213,"Van Vorst Park",40.71848892,-74.047726625,29544,"Subscriber",1986,1
102,"2018-12-19 08:24:39.8910","2018-12-19 08:26:22.6950",3184,"Paulus Hook",40.7141454,-74.0335519,3183,"Exchange Place",40.7162469,-74.0334588,29296,"Subscriber",1974,1
331,"2018-12-19 09:38:23.6160","2018-12-19 09:43:55.0140",3184,"Paulus Hook",40.7141454,-74.0335519,3638,"Washington St",40.7242941,-74.0354826,26284,"Subscriber",1958,1
80,"2018-12-19 11:25:43.4880","2018-12-19 11:27:04.1840",3184,"Paulus Hook",40.7141454,-74.0335519,3183,"Exchange Place",40.7162469,-74.0334588,26244,"Subscriber",1954,2
166,"2018-12-19 12:28:15.3440","2018-12-19 12:31:01.6020",3184,"Paulus Hook",40.7141454,-74.0335519,3214,"Essex Light Rail",40.7127742,-74.0364857,26220,"Subscriber",1993,1
453,"2018-12-19 13:03:31.1330","2018-12-19 13:11:04.6780",3184,"Paulus Hook",40.7141454,-74.0335519,3199,"Newport Pkwy",40.7287448,-74.0321082,29542,"Subscriber",1976,1
676,"2018-12-19 13:44:25.7610","2018-12-19 13:55:41.8520",3184,"Paulus Hook",40.7141454,-74.0335519,3279,"Dixon Mills",40.721630142638354,-74.04996782541275,29542,"Subscriber",1982,1
191,"2018-12-19 15:08:30.7010","2018-12-19 15:11:42.4290",3184,"Paulus Hook",40.7141454,-74.0335519,3639,"Harborside",40.7192517,-74.034234,26212,"Subscriber",1983,1
311,"2018-12-19 16:14:00.8290","2018-12-19 16:19:12.2180",3184,"Paulus Hook",40.7141454,-74.0335519,3275,"Columbus Drive",40.71835519823214,-74.03891444206238,29480,"Subscriber",1991,1
294,"2018-12-19 16:17:02.2480","2018-12-19 16:21:56.7970",3184,"Paulus Hook",40.7141454,-74.0335519,3276,"Marin Light Rail",40.71458403535893,-74.04281705617905,29577,"Subscriber",1983,2
452,"2018-12-19 16:57:37.1030","2018-12-19 17:05:09.4750",3184,"Paulus Hook",40.7141454,-74.0335519,3199,"Newport Pkwy",40.7287448,-74.0321082,26248,"Subscriber",1980,1
773,"2018-12-19 17:15:17.7490","2018-12-19 17:28:10.8110",3184,"Paulus Hook",40.7141454,-74.0335519,3270,"Jersey & 6th St",40.72528910781132,-74.04557168483734,26187,"Subscriber",1977,1
592,"2018-12-19 17:45:40.7910","2018-12-19 17:55:33.4500",3184,"Paulus Hook",40.7141454,-74.0335519,3203,"Hamilton Park",40.727595966,-74.044247311,29612,"Customer",1964,1
371,"2018-12-19 18:05:41.5820","2018-12-19 18:11:53.1730",3184,"Paulus Hook",40.7141454,-74.0335519,3205,"JC Medical Center",40.71653978099194,-74.0496379137039,29525,"Subscriber",1988,1
363,"2018-12-19 18:45:10.1190","2018-12-19 18:51:13.6700",3184,"Paulus Hook",40.7141454,-74.0335519,3187,"Warren St",40.7211236,-74.03805095,26219,"Subscriber",1986,2
246,"2018-12-19 18:52:31.9020","2018-12-19 18:56:38.0750",3184,"Paulus Hook",40.7141454,-74.0335519,3186,"Grove St PATH",40.71958611647166,-74.04311746358871,29483,"Subscriber",1995,1
279,"2018-12-19 19:14:22.6590","2018-12-19 19:19:01.6920",3184,"Paulus Hook",40.7141454,-74.0335519,3275,"Columbus Drive",40.71835519823214,-74.03891444206238,29507,"Subscriber",1985,1
270,"2018-12-19 19:16:51.0250","2018-12-19 19:21:21.4580",3184,"Paulus Hook",40.7141454,-74.0335519,3481,"York St",40.71649,-74.04105,26211,"Subscriber",1968,2
201,"2018-12-19 20:00:22.5150","2018-12-19 20:03:44.2130",3184,"Paulus Hook",40.7141454,-74.0335519,3267,"Morris Canal",40.7124188237569,-74.03852552175522,29503,"Subscriber",1993,1
205,"2018-12-19 20:01:36.8450","2018-12-19 20:05:02.5500",3184,"Paulus Hook",40.7141454,-74.0335519,3267,"Morris Canal",40.7124188237569,-74.03852552175522,26236,"Subscriber",1989,1
347,"2018-12-20 09:45:54.8850","2018-12-20 09:51:42.7450",3184,"Paulus Hook",40.7141454,-74.0335519,3638,"Washington St",40.7242941,-74.0354826,29283,"Subscriber",1958,1
130,"2018-12-20 10:22:54.5820","2018-12-20 10:25:05.5750",3184,"Paulus Hook",40.7141454,-74.0335519,3267,"Morris Canal",40.7124188237569,-74.03852552175522,29207,"Subscriber",1993,1
294,"2018-12-20 12:48:44.4470","2018-12-20 12:53:38.8510",3184,"Paulus Hook",40.7141454,-74.0335519,3638,"Washington St",40.7242941,-74.0354826,29534,"Subscriber",1976,1
206,"2018-12-20 13:01:29.4810","2018-12-20 13:04:55.8650",3184,"Paulus Hook",40.7141454,-74.0335519,3639,"Harborside",40.7192517,-74.034234,29525,"Subscriber",1983,1
252,"2018-12-20 14:26:34.7430","2018-12-20 14:30:47.1570",3184,"Paulus Hook",40.7141454,-74.0335519,3267,"Morris Canal",40.7124188237569,-74.03852552175522,29552,"Subscriber",1961,2
579,"2018-12-20 14:59:43.3830","2018-12-20 15:09:23.2720",3184,"Paulus Hook",40.7141454,-74.0335519,3279,"Dixon Mills",40.721630142638354,-74.04996782541275,26264,"Subscriber",1982,1
211,"2018-12-20 16:39:20.4200","2018-12-20 16:42:51.9830",3184,"Paulus Hook",40.7141454,-74.0335519,3267,"Morris Canal",40.7124188237569,-74.03852552175522,26266,"Subscriber",1970,1
586,"2018-12-20 17:30:55.6230","2018-12-20 17:40:42.3020",3184,"Paulus Hook",40.7141454,-74.0335519,3203,"Hamilton Park",40.727595966,-74.044247311,29616,"Subscriber",1977,1
94,"2018-12-20 17:56:09.0700","2018-12-20 17:57:44.0620",3184,"Paulus Hook",40.7141454,-74.0335519,3183,"Exchange Place",40.7162469,-74.0334588,26201,"Subscriber",1988,1
130,"2018-12-20 21:43:49.4610","2018-12-20 21:45:59.9210",3184,"Paulus Hook",40.7141454,-74.0335519,3214,"Essex Light Rail",40.7127742,-74.0364857,29672,"Subscriber",1956,1
162,"2018-12-21 08:14:05.5900","2018-12-21 08:16:48.0140",3184,"Paulus Hook",40.7141454,-74.0335519,3267,"Morris Canal",40.7124188237569,-74.03852552175522,26311,"Subscriber",1993,1
836,"2018-12-21 12:54:19.2550","2018-12-21 13:08:15.3610",3184,"Paulus Hook",40.7141454,-74.0335519,3267,"Morris Canal",40.7124188237569,-74.03852552175522,29544,"Subscriber",1956,1
245,"2018-12-21 13:07:57.4680","2018-12-21 13:12:02.6480",3184,"Paulus Hook",40.7141454,-74.0335519,3481,"York St",40.71649,-74.04105,29534,"Subscriber",1949,1
484,"2018-12-21 14:11:33.2720","2018-12-21 14:19:38.1250",3184,"Paulus Hook",40.7141454,-74.0335519,3186,"Grove St PATH",40.71958611647166,-74.04311746358871,29602,"Subscriber",1981,1
178,"2018-12-21 14:41:34.6170","2018-12-21 14:44:33.3710",3184,"Paulus Hook",40.7141454,-74.0335519,3275,"Columbus Drive",40.71835519823214,-74.03891444206238,29205,"Subscriber",1994,1
368,"2018-12-21 14:44:33.3500","2018-12-21 14:50:42.3160",3184,"Paulus Hook",40.7141454,-74.0335519,3483,"Montgomery St",40.71942,-74.05099,26247,"Subscriber",1982,1
455,"2018-12-21 15:22:07.8180","2018-12-21 15:29:42.8260",3184,"Paulus Hook",40.7141454,-74.0335519,3638,"Washington St",40.7242941,-74.0354826,29619,"Subscriber",1985,1
122,"2018-12-21 17:04:09.4480","2018-12-21 17:06:11.8780",3184,"Paulus Hook",40.7141454,-74.0335519,3183,"Exchange Place",40.7162469,-74.0334588,29675,"Subscriber",1976,1
611,"2018-12-21 17:31:54.6590","2018-12-21 17:42:06.5460",3184,"Paulus Hook",40.7141454,-74.0335519,3203,"Hamilton Park",40.727595966,-74.044247311,29639,"Subscriber",1977,1
110,"2018-12-21 17:52:47.1360","2018-12-21 17:54:38.0890",3184,"Paulus Hook",40.7141454,-74.0335519,3267,"Morris Canal",40.7124188237569,-74.03852552175522,26175,"Subscriber",1980,1
591,"2018-12-21 19:12:43.3190","2018-12-21 19:22:34.6560",3184,"Paulus Hook",40.7141454,-74.0335519,3202,"Newport PATH",40.7272235,-74.0337589,29247,"Subscriber",1988,1
353,"2018-12-21 19:25:40.5750","2018-12-21 19:31:33.6890",3184,"Paulus Hook",40.7141454,-74.0335519,3211,"Newark Ave",40.72152515,-74.046304543,29537,"Subscriber",1995,1
405,"2018-12-22 12:55:25.5790","2018-12-22 13:02:11.0920",3184,"Paulus Hook",40.7141454,-74.0335519,3270,"Jersey & 6th St",40.72528910781132,-74.04557168483734,29502,"Subscriber",1995,1
242,"2018-12-22 15:59:19.5440","2018-12-22 16:03:22.1460",3184,"Paulus Hook",40.7141454,-74.0335519,3267,"Morris Canal",40.7124188237569,-74.03852552175522,29549,"Subscriber",1977,1
353,"2018-12-22 18:24:51.8510","2018-12-22 18:30:45.5090",3184,"Paulus Hook",40.7141454,-74.0335519,3211,"Newark Ave",40.72152515,-74.046304543,29502,"Subscriber",1995,1
2139,"2018-12-23 13:03:03.1650","2018-12-23 13:38:42.9770",3184,"Paulus Hook",40.7141454,-74.0335519,3184,"Paulus Hook",40.7141454,-74.0335519,29284,"Subscriber",1980,1
760,"2018-12-23 18:04:44.0880","2018-12-23 18:17:24.5120",3184,"Paulus Hook",40.7141454,-74.0335519,3209,"Brunswick St",40.7241765,-74.0506564,29646,"Subscriber",1967,1
449,"2018-12-24 09:43:11.3940","2018-12-24 09:50:40.4300",3184,"Paulus Hook",40.7141454,-74.0335519,3638,"Washington St",40.7242941,-74.0354826,29284,"Subscriber",1958,1
1620,"2018-12-24 12:31:30.8970","2018-12-24 12:58:31.2960",3184,"Paulus Hook",40.7141454,-74.0335519,3483,"Montgomery St",40.71942,-74.05099,29212,"Subscriber",1958,1
636,"2018-12-24 12:45:39.0910","2018-12-24 12:56:16.0820",3184,"Paulus Hook",40.7141454,-74.0335519,3203,"Hamilton Park",40.727595966,-74.044247311,26243,"Customer",1989,1
509,"2018-12-24 15:11:35.2940","2018-12-24 15:20:05.0890",3184,"Paulus Hook",40.7141454,-74.0335519,3211,"Newark Ave",40.72152515,-74.046304543,29438,"Subscriber",1959,1
440,"2018-12-24 15:12:54.9570","2018-12-24 15:20:15.1510",3184,"Paulus Hook",40.7141454,-74.0335519,3202,"Newport PATH",40.7272235,-74.0337589,26163,"Subscriber",1991,1
487,"2018-12-25 14:22:19.6450","2018-12-25 14:30:27.4940",3184,"Paulus Hook",40.7141454,-74.0335519,3483,"Montgomery St",40.71942,-74.05099,29283,"Subscriber",1958,1
3288,"2018-12-25 22:23:40.5810","2018-12-25 23:18:28.6180",3184,"Paulus Hook",40.7141454,-74.0335519,3203,"Hamilton Park",40.727595966,-74.044247311,29612,"Subscriber",1990,1
946,"2018-12-26 09:44:56.6410","2018-12-26 10:00:43.2200",3184,"Paulus Hook",40.7141454,-74.0335519,3198,"Heights Elevator",40.748715945380226,-74.04044330120087,29217,"Subscriber",1984,1
347,"2018-12-26 11:53:43.2800","2018-12-26 11:59:30.9870",3184,"Paulus Hook",40.7141454,-74.0335519,3186,"Grove St PATH",40.71958611647166,-74.04311746358871,29275,"Subscriber",1977,1
237,"2018-12-26 11:57:59.0560","2018-12-26 12:01:56.3190",3184,"Paulus Hook",40.7141454,-74.0335519,3187,"Warren St",40.7211236,-74.03805095,29264,"Subscriber",1992,2
344,"2018-12-26 12:03:34.7740","2018-12-26 12:09:18.8290",3184,"Paulus Hook",40.7141454,-74.0335519,3213,"Van Vorst Park",40.71848892,-74.047726625,29201,"Subscriber",1995,1
212,"2018-12-26 12:35:27.5840","2018-12-26 12:39:00.2090",3184,"Paulus Hook",40.7141454,-74.0335519,3275,"Columbus Drive",40.71835519823214,-74.03891444206238,29461,"Subscriber",1987,1
535,"2018-12-26 13:16:01.7380","2018-12-26 13:24:56.8330",3184,"Paulus Hook",40.7141454,-74.0335519,3203,"Hamilton Park",40.727595966,-74.044247311,26259,"Subscriber",1977,1
145,"2018-12-26 14:29:59.6850","2018-12-26 14:32:24.8380",3184,"Paulus Hook",40.7141454,-74.0335519,3639,"Harborside",40.7192517,-74.034234,26275,"Subscriber",1989,1
460,"2018-12-26 14:56:21.6970","2018-12-26 15:04:02.2670",3184,"Paulus Hook",40.7141454,-74.0335519,3211,"Newark Ave",40.72152515,-74.046304543,29609,"Subscriber",1959,1
1257,"2018-12-26 15:26:14.8640","2018-12-26 15:47:12.6630",3184,"Paulus Hook",40.7141454,-74.0335519,3199,"Newport Pkwy",40.7287448,-74.0321082,26259,"Subscriber",1982,1
444,"2018-12-26 15:29:04.2700","2018-12-26 15:36:28.5480",3184,"Paulus Hook",40.7141454,-74.0335519,3185,"City Hall",40.7177325,-74.043845,29520,"Subscriber",1972,1
356,"2018-12-26 16:20:43.4330","2018-12-26 16:26:39.6020",3184,"Paulus Hook",40.7141454,-74.0335519,3638,"Washington St",40.7242941,-74.0354826,29517,"Subscriber",1958,1
121,"2018-12-26 16:54:29.1000","2018-12-26 16:56:31.0080",3184,"Paulus Hook",40.7141454,-74.0335519,3183,"Exchange Place",40.7162469,-74.0334588,29307,"Subscriber",1976,1
8908,"2018-12-26 17:00:11.7270","2018-12-26 19:28:40.6240",3184,"Paulus Hook",40.7141454,-74.0335519,3638,"Washington St",40.7242941,-74.0354826,29520,"Subscriber",1977,1
310,"2018-12-26 17:06:06.2800","2018-12-26 17:11:16.5120",3184,"Paulus Hook",40.7141454,-74.0335519,3213,"Van Vorst Park",40.71848892,-74.047726625,26267,"Subscriber",1995,1
450,"2018-12-26 17:14:11.0700","2018-12-26 17:21:41.8010",3184,"Paulus Hook",40.7141454,-74.0335519,3187,"Warren St",40.7211236,-74.03805095,29197,"Subscriber",1969,0
398,"2018-12-26 18:57:17.5550","2018-12-26 19:03:56.1090",3184,"Paulus Hook",40.7141454,-74.0335519,3211,"Newark Ave",40.72152515,-74.046304543,29595,"Subscriber",1989,1
879,"2018-12-27 11:06:55.8390","2018-12-27 11:21:35.1980",3184,"Paulus Hook",40.7141454,-74.0335519,3202,"Newport PATH",40.7272235,-74.0337589,29207,"Customer",1991,1
210,"2018-12-27 12:05:40.8400","2018-12-27 12:09:11.4440",3184,"Paulus Hook",40.7141454,-74.0335519,3275,"Columbus Drive",40.71835519823214,-74.03891444206238,29602,"Subscriber",1992,2
505,"2018-12-27 12:26:00.8260","2018-12-27 12:34:25.9040",3184,"Paulus Hook",40.7141454,-74.0335519,3199,"Newport Pkwy",40.7287448,-74.0321082,29213,"Subscriber",1987,1
426,"2018-12-27 12:58:49.2940","2018-12-27 13:05:55.9220",3184,"Paulus Hook",40.7141454,-74.0335519,3202,"Newport PATH",40.7272235,-74.0337589,29607,"Subscriber",1971,1
571,"2018-12-27 13:14:49.8770","2018-12-27 13:24:21.3950",3184,"Paulus Hook",40.7141454,-74.0335519,3203,"Hamilton Park",40.727595966,-74.044247311,29455,"Subscriber",1969,1
228,"2018-12-27 14:48:05.3550","2018-12-27 14:51:54.1930",3184,"Paulus Hook",40.7141454,-74.0335519,3276,"Marin Light Rail",40.71458403535893,-74.04281705617905,29308,"Subscriber",1959,1
363,"2018-12-27 16:07:35.7380","2018-12-27 16:13:39.6410",3184,"Paulus Hook",40.7141454,-74.0335519,3205,"JC Medical Center",40.71653978099194,-74.0496379137039,26220,"Subscriber",1988,1
111,"2018-12-27 17:10:40.2320","2018-12-27 17:12:32.0360",3184,"Paulus Hook",40.7141454,-74.0335519,3183,"Exchange Place",40.7162469,-74.0334588,29236,"Subscriber",1976,1
181,"2018-12-27 18:24:36.0550","2018-12-27 18:27:37.5770",3184,"Paulus Hook",40.7141454,-74.0335519,3267,"Morris Canal",40.7124188237569,-74.03852552175522,29640,"Subscriber",1980,1
1646,"2018-12-27 18:51:55.1200","2018-12-27 19:19:21.5730",3184,"Paulus Hook",40.7141454,-74.0335519,3272,"Jersey & 3rd",40.72333158646436,-74.04595255851744,29213,"Subscriber",1989,1
157,"2018-12-27 22:12:09.7280","2018-12-27 22:14:47.5950",3184,"Paulus Hook",40.7141454,-74.0335519,3267,"Morris Canal",40.7124188237569,-74.03852552175522,26266,"Subscriber",1975,1
329,"2018-12-28 09:42:54.6540","2018-12-28 09:48:23.8500",3184,"Paulus Hook",40.7141454,-74.0335519,3638,"Washington St",40.7242941,-74.0354826,29247,"Subscriber",1958,1
172,"2018-12-28 16:38:32.5430","2018-12-28 16:41:25.1190",3184,"Paulus Hook",40.7141454,-74.0335519,3267,"Morris Canal",40.7124188237569,-74.03852552175522,29201,"Subscriber",1980,1
87,"2018-12-28 17:23:25.0350","2018-12-28 17:24:52.7320",3184,"Paulus Hook",40.7141454,-74.0335519,3183,"Exchange Place",40.7162469,-74.0334588,29264,"Subscriber",1988,1
261,"2018-12-28 18:20:12.4940","2018-12-28 18:24:34.0390",3184,"Paulus Hook",40.7141454,-74.0335519,3267,"Morris Canal",40.7124188237569,-74.03852552175522,29197,"Subscriber",1981,0
988,"2018-12-29 13:28:18.9260","2018-12-29 13:44:47.0500",3184,"Paulus Hook",40.7141454,-74.0335519,3192,"Liberty Light Rail",40.7112423,-74.0557013,26260,"Subscriber",1956,1
716,"2018-12-29 16:48:56.9210","2018-12-29 17:00:53.1160",3184,"Paulus Hook",40.7141454,-74.0335519,3203,"Hamilton Park",40.727595966,-74.044247311,29217,"Subscriber",1970,1
354,"2018-12-29 18:29:45.8440","2018-12-29 18:35:40.3250",3184,"Paulus Hook",40.7141454,-74.0335519,3276,"Marin Light Rail",40.71458403535893,-74.04281705617905,29677,"Subscriber",1958,1
696,"2018-12-30 13:34:03.4490","2018-12-30 13:45:39.5140",3184,"Paulus Hook",40.7141454,-74.0335519,3192,"Liberty Light Rail",40.7112423,-74.0557013,29263,"Subscriber",1991,1
284,"2018-12-30 18:06:49.3120","2018-12-30 18:11:33.6780",3184,"Paulus Hook",40.7141454,-74.0335519,3681,"Grand St",40.71517767732029,-74.03768330812454,29495,"Subscriber",1976,1
78,"2018-12-31 14:44:47.6550","2018-12-31 14:46:06.0810",3184,"Paulus Hook",40.7141454,-74.0335519,3183,"Exchange Place",40.7162469,-74.0334588,26279,"Subscriber",1975,1
250,"2018-12-31 16:03:42.0920","2018-12-31 16:07:52.9180",3184,"Paulus Hook",40.7141454,-74.0335519,3213,"Van Vorst Park",40.71848892,-74.047726625,26259,"Subscriber",1995,1
174,"2018-12-31 16:15:27.6720","2018-12-31 16:18:22.5050",3184,"Paulus Hook",40.7141454,-74.0335519,3267,"Morris Canal",40.7124188237569,-74.03852552175522,26163,"Subscriber",1994,2
322,"2018-12-31 16:19:29.2580","2018-12-31 16:24:51.8220",3184,"Paulus Hook",40.7141454,-74.0335519,3276,"Marin Light Rail",40.71458403535893,-74.04281705617905,29588,"Subscriber",1982,1
140,"2018-12-01 00:59:58.6320","2018-12-01 01:02:19.5930",3185,"City Hall",40.7177325,-74.043845,3276,"Marin Light Rail",40.71458403535893,-74.04281705617905,29531,"Subscriber",1989,1
170,"2018-12-01 01:53:18.2490","2018-12-01 01:56:08.5410",3185,"City Hall",40.7177325,-74.043845,3205,"JC Medical Center",40.71653978099194,-74.0496379137039,29588,"Subscriber",1992,1
2450,"2018-12-01 09:29:16.4760","2018-12-01 10:10:06.5380",3185,"City Hall",40.7177325,-74.043845,3267,"Morris Canal",40.7124188237569,-74.03852552175522,29465,"Subscriber",1962,1
301,"2018-12-01 11:40:02.5920","2018-12-01 11:45:04.4910",3185,"City Hall",40.7177325,-74.043845,3187,"Warren St",40.7211236,-74.03805095,29635,"Subscriber",1985,2
299,"2018-12-01 12:54:00.6050","2018-12-01 12:58:59.7670",3185,"City Hall",40.7177325,-74.043845,3214,"Essex Light Rail",40.7127742,-74.0364857,29618,"Subscriber",1986,1
959,"2018-12-01 13:08:12.3840","2018-12-01 13:24:11.7400",3185,"City Hall",40.7177325,-74.043845,3185,"City Hall",40.7177325,-74.043845,26157,"Subscriber",1986,1
388,"2018-12-01 13:16:56.8690","2018-12-01 13:23:25.1260",3185,"City Hall",40.7177325,-74.043845,3203,"Hamilton Park",40.727595966,-74.044247311,29611,"Subscriber",1968,1
308,"2018-12-01 13:21:37.9270","2018-12-01 13:26:46.0620",3185,"City Hall",40.7177325,-74.043845,3187,"Warren St",40.7211236,-74.03805095,29538,"Subscriber",1967,2
758,"2018-12-01 14:22:00.0390","2018-12-01 14:34:38.5700",3185,"City Hall",40.7177325,-74.043845,3278,"Monmouth and 6th",40.72568548362901,-74.04879033565521,29289,"Subscriber",1980,2
453,"2018-12-01 14:29:39.5740","2018-12-01 14:37:12.5890",3185,"City Hall",40.7177325,-74.043845,3203,"Hamilton Park",40.727595966,-74.044247311,29581,"Customer",1984,1
440,"2018-12-01 14:54:31.6220","2018-12-01 15:01:51.6440",3185,"City Hall",40.7177325,-74.043845,3639,"Harborside",40.7192517,-74.034234,29224,"Subscriber",1988,2
907,"2018-12-01 15:40:16.4900","2018-12-01 15:55:24.0820",3185,"City Hall",40.7177325,-74.043845,3210,"Pershing Field",40.742677141,-74.051788633,29674,"Subscriber",1988,1
403,"2018-12-01 16:29:50.8890","2018-12-01 16:36:34.4240",3185,"City Hall",40.7177325,-74.043845,3183,"Exchange Place",40.7162469,-74.0334588,26251,"Subscriber",1988,1
511,"2018-12-01 16:46:55.5280","2018-12-01 16:55:27.0060",3185,"City Hall",40.7177325,-74.043845,3268,"Lafayette Park",40.71346382669195,-74.06285852193832,26245,"Customer",1991,1
238,"2018-12-01 19:52:54.8020","2018-12-01 19:56:53.2580",3185,"City Hall",40.7177325,-74.043845,3681,"Grand St",40.71517767732029,-74.03768330812454,26158,"Subscriber",1970,1
370,"2018-12-02 13:56:17.7950","2018-12-02 14:02:27.9050",3185,"City Hall",40.7177325,-74.043845,3203,"Hamilton Park",40.727595966,-74.044247311,29297,"Subscriber",1991,2
456,"2018-12-02 14:59:53.0760","2018-12-02 15:07:29.9070",3185,"City Hall",40.7177325,-74.043845,3209,"Brunswick St",40.7241765,-74.0506564,29254,"Subscriber",1984,1
309,"2018-12-02 17:28:49.3650","2018-12-02 17:33:58.9230",3185,"City Hall",40.7177325,-74.043845,3279,"Dixon Mills",40.721630142638354,-74.04996782541275,26157,"Subscriber",1976,1
223,"2018-12-02 18:19:24.8290","2018-12-02 18:23:07.9870",3185,"City Hall",40.7177325,-74.043845,3267,"Morris Canal",40.7124188237569,-74.03852552175522,29653,"Subscriber",1980,1
275,"2018-12-02 18:26:24.5300","2018-12-02 18:30:59.8810",3185,"City Hall",40.7177325,-74.043845,3203,"Hamilton Park",40.727595966,-74.044247311,26312,"Subscriber",1987,1
220,"2018-12-02 20:46:36.4440","2018-12-02 20:50:16.6060",3185,"City Hall",40.7177325,-74.043845,3681,"Grand St",40.71517767732029,-74.03768330812454,26312,"Subscriber",1970,1
355,"2018-12-03 09:15:45.6720","2018-12-03 09:21:40.7670",3185,"City Hall",40.7177325,-74.043845,3638,"Washington St",40.7242941,-74.0354826,26254,"Subscriber",1975,2
274,"2018-12-03 09:36:24.5790","2018-12-03 09:40:58.6700",3185,"City Hall",40.7177325,-74.043845,3681,"Grand St",40.71517767732029,-74.03768330812454,26187,"Subscriber",1953,2
296,"2018-12-03 09:45:32.9870","2018-12-03 09:50:29.9040",3185,"City Hall",40.7177325,-74.043845,3184,"Paulus Hook",40.7141454,-74.0335519,26293,"Subscriber",1966,1
339,"2018-12-03 10:00:08.6600","2018-12-03 10:05:48.2440",3185,"City Hall",40.7177325,-74.043845,3483,"Montgomery St",40.71942,-74.05099,29297,"Subscriber",1989,1
234,"2018-12-03 11:52:22.7920","2018-12-03 11:56:17.1830",3185,"City Hall",40.7177325,-74.043845,3183,"Exchange Place",40.7162469,-74.0334588,29453,"Subscriber",1983,1
259,"2018-12-03 11:53:48.6080","2018-12-03 11:58:08.2080",3185,"City Hall",40.7177325,-74.043845,3272,"Jersey & 3rd",40.72333158646436,-74.04595255851744,26257,"Subscriber",1989,2
222,"2018-12-03 11:54:30.2540","2018-12-03 11:58:12.8190",3185,"City Hall",40.7177325,-74.043845,3272,"Jersey & 3rd",40.72333158646436,-74.04595255851744,29580,"Customer",1990,1
133,"2018-12-03 12:19:24.9330","2018-12-03 12:21:38.1340",3185,"City Hall",40.7177325,-74.043845,3481,"York St",40.71649,-74.04105,26273,"Subscriber",1962,1
561,"2018-12-03 12:45:49.1980","2018-12-03 12:55:10.3300",3185,"City Hall",40.7177325,-74.043845,3213,"Van Vorst Park",40.71848892,-74.047726625,26174,"Subscriber",1971,1
356,"2018-12-03 12:49:52.7170","2018-12-03 12:55:49.4320",3185,"City Hall",40.7177325,-74.043845,3639,"Harborside",40.7192517,-74.034234,26236,"Subscriber",1988,1
328,"2018-12-03 14:30:04.3970","2018-12-03 14:35:32.6170",3185,"City Hall",40.7177325,-74.043845,3638,"Washington St",40.7242941,-74.0354826,33781,"Subscriber",1975,2
1819,"2018-12-03 15:37:24.9330","2018-12-03 16:07:44.8360",3185,"City Hall",40.7177325,-74.043845,3194,"McGinley Square",40.7253399253558,-74.06762212514877,29259,"Subscriber",1973,2
474,"2018-12-03 16:36:33.7090","2018-12-03 16:44:28.3520",3185,"City Hall",40.7177325,-74.043845,3638,"Washington St",40.7242941,-74.0354826,33744,"Subscriber",1967,1
499,"2018-12-03 17:10:58.5810","2018-12-03 17:19:17.9230",3185,"City Hall",40.7177325,-74.043845,3202,"Newport PATH",40.7272235,-74.0337589,29681,"Subscriber",1981,1
464,"2018-12-03 18:12:17.6020","2018-12-03 18:20:02.3260",3185,"City Hall",40.7177325,-74.043845,3202,"Newport PATH",40.7272235,-74.0337589,29306,"Subscriber",1968,2
204,"2018-12-03 18:13:34.3780","2018-12-03 18:16:58.9250",3185,"City Hall",40.7177325,-74.043845,3205,"JC Medical Center",40.71653978099194,-74.0496379137039,29212,"Subscriber",1984,1
646,"2018-12-03 18:17:40.0730","2018-12-03 18:28:26.1610",3185,"City Hall",40.7177325,-74.043845,3277,"Communipaw & Berry Lane",40.71435836870427,-74.06661093235016,26191,"Subscriber",1982,1
427,"2018-12-03 18:18:01.1950","2018-12-03 18:25:09.1010",3185,"City Hall",40.7177325,-74.043845,3187,"Warren St",40.7211236,-74.03805095,29612,"Subscriber",1988,1
356,"2018-12-03 18:43:59.6970","2018-12-03 18:49:56.1540",3185,"City Hall",40.7177325,-74.043845,3638,"Washington St",40.7242941,-74.0354826,29244,"Subscriber",1988,1
382,"2018-12-03 18:48:21.3130","2018-12-03 18:54:43.9120",3185,"City Hall",40.7177325,-74.043845,3203,"Hamilton Park",40.727595966,-74.044247311,26253,"Subscriber",1994,1
339,"2018-12-03 19:21:05.0390","2018-12-03 19:26:44.1340",3185,"City Hall",40.7177325,-74.043845,3184,"Paulus Hook",40.7141454,-74.0335519,26224,"Subscriber",1988,1
141,"2018-12-03 19:26:44.7520","2018-12-03 19:29:06.5220",3185,"City Hall",40.7177325,-74.043845,3276,"Marin Light Rail",40.71458403535893,-74.04281705617905,29209,"Subscriber",1973,1
374,"2018-12-03 19:26:59.1930","2018-12-03 19:33:13.8140",3185,"City Hall",40.7177325,-74.043845,3279,"Dixon Mills",40.721630142638354,-74.04996782541275,29644,"Subscriber",1988,1
217,"2018-12-03 20:41:19.6870","2018-12-03 20:44:56.7420",3185,"City Hall",40.7177325,-74.043845,3267,"Morris Canal",40.7124188237569,-74.03852552175522,26275,"Subscriber",1980,1
292,"2018-12-03 20:59:08.1670","2018-12-03 21:04:00.1780",3185,"City Hall",40.7177325,-74.043845,3184,"Paulus Hook",40.7141454,-74.0335519,29587,"Subscriber",1970,1
108,"2018-12-03 21:11:49.0320","2018-12-03 21:13:37.5430",3185,"City Hall",40.7177325,-74.043845,3186,"Grove St PATH",40.71958611647166,-74.04311746358871,29459,"Subscriber",1983,1
114,"2018-12-03 21:22:50.9730","2018-12-03 21:24:45.6720",3185,"City Hall",40.7177325,-74.043845,3213,"Van Vorst Park",40.71848892,-74.047726625,29236,"Subscriber",1967,2
127,"2018-12-03 21:23:51.3930","2018-12-03 21:25:58.7200",3185,"City Hall",40.7177325,-74.043845,3275,"Columbus Drive",40.71835519823214,-74.03891444206238,29249,"Subscriber",1981,1
2569,"2018-12-03 21:52:42.3290","2018-12-03 22:35:31.9640",3185,"City Hall",40.7177325,-74.043845,3483,"Montgomery St",40.71942,-74.05099,29623,"Subscriber",1958,1
472,"2018-12-03 22:51:36.2470","2018-12-03 22:59:29.0040",3185,"City Hall",40.7177325,-74.043845,3192,"Liberty Light Rail",40.7112423,-74.0557013,26284,"Subscriber",1969,2
150,"2018-12-03 23:04:47.7280","2018-12-03 23:07:18.2930",3185,"City Hall",40.7177325,-74.043845,3205,"JC Medical Center",40.71653978099194,-74.0496379137039,26193,"Subscriber",1969,0
233,"2018-12-04 00:06:19.1250","2018-12-04 00:10:12.1270",3185,"City Hall",40.7177325,-74.043845,3279,"Dixon Mills",40.721630142638354,-74.04996782541275,29288,"Subscriber",1996,2
487,"2018-12-04 09:41:15.2690","2018-12-04 09:49:23.0260",3185,"City Hall",40.7177325,-74.043845,3183,"Exchange Place",40.7162469,-74.0334588,29584,"Subscriber",1992,2
174,"2018-12-04 11:54:40.6430","2018-12-04 11:57:34.9450",3185,"City Hall",40.7177325,-74.043845,3183,"Exchange Place",40.7162469,-74.0334588,26271,"Subscriber",1980,1
478,"2018-12-04 13:01:36.9090","2018-12-04 13:09:35.5900",3185,"City Hall",40.7177325,-74.043845,3268,"Lafayette Park",40.71346382669195,-74.06285852193832,29663,"Subscriber",1975,1
452,"2018-12-04 13:08:13.3240","2018-12-04 13:15:46.1040",3185,"City Hall",40.7177325,-74.043845,3203,"Hamilton Park",40.727595966,-74.044247311,29243,"Subscriber",1953,2
269,"2018-12-04 14:37:56.4260","2018-12-04 14:42:26.0510",3185,"City Hall",40.7177325,-74.043845,3279,"Dixon Mills",40.721630142638354,-74.04996782541275,26159,"Subscriber",1988,1
338,"2018-12-04 17:12:30.5830","2018-12-04 17:18:09.4460",3185,"City Hall",40.7177325,-74.043845,3187,"Warren St",40.7211236,-74.03805095,29500,"Subscriber",1988,1
306,"2018-12-04 18:10:06.2810","2018-12-04 18:15:12.9810",3185,"City Hall",40.7177325,-74.043845,3183,"Exchange Place",40.7162469,-74.0334588,29214,"Subscriber",1957,1
139,"2018-12-04 18:26:43.2390","2018-12-04 18:29:02.2810",3185,"City Hall",40.7177325,-74.043845,3276,"Marin Light Rail",40.71458403535893,-74.04281705617905,26290,"Subscriber",1979,1
468,"2018-12-04 18:28:47.6380","2018-12-04 18:36:36.4850",3185,"City Hall",40.7177325,-74.043845,3192,"Liberty Light Rail",40.7112423,-74.0557013,29239,"Subscriber",1978,1
182,"2018-12-04 18:32:11.6640","2018-12-04 18:35:13.7850",3185,"City Hall",40.7177325,-74.043845,3205,"JC Medical Center",40.71653978099194,-74.0496379137039,26274,"Subscriber",1984,1
110,"2018-12-04 19:23:26.5710","2018-12-04 19:25:17.4300",3185,"City Hall",40.7177325,-74.043845,3213,"Van Vorst Park",40.71848892,-74.047726625,26248,"Subscriber",1986,1
120,"2018-12-04 19:23:56.2360","2018-12-04 19:25:56.4800",3185,"City Hall",40.7177325,-74.043845,3276,"Marin Light Rail",40.71458403535893,-74.04281705617905,26152,"Subscriber",1980,1
618,"2018-12-04 19:28:20.9540","2018-12-04 19:38:39.6100",3185,"City Hall",40.7177325,-74.043845,3268,"Lafayette Park",40.71346382669195,-74.06285852193832,29483,"Subscriber",1989,1
222,"2018-12-04 19:42:21.1560","2018-12-04 19:46:03.3270",3185,"City Hall",40.7177325,-74.043845,3276,"Marin Light Rail",40.71458403535893,-74.04281705617905,29445,"Subscriber",1973,1
137,"2018-12-04 19:44:43.7490","2018-12-04 19:47:00.9760",3185,"City Hall",40.7177325,-74.043845,3273,"Manila & 1st",40.721650724879986,-74.04288411140442,29224,"Subscriber",1994,1
161,"2018-12-04 19:52:55.4630","2018-12-04 19:55:37.0340",3185,"City Hall",40.7177325,-74.043845,3276,"Marin Light Rail",40.71458403535893,-74.04281705617905,29639,"Subscriber",1986,1
155,"2018-12-04 19:54:49.1430","2018-12-04 19:57:24.7790",3185,"City Hall",40.7177325,-74.043845,3276,"Marin Light Rail",40.71458403535893,-74.04281705617905,26241,"Subscriber",1979,2
117,"2018-12-04 22:07:46.5140","2018-12-04 22:09:44.2800",3185,"City Hall",40.7177325,-74.043845,3276,"Marin Light Rail",40.71458403535893,-74.04281705617905,29297,"Subscriber",1967,1
359,"2018-12-04 23:06:51.3530","2018-12-04 23:12:51.0000",3185,"City Hall",40.7177325,-74.043845,3214,"Essex Light Rail",40.7127742,-74.0364857,29499,"Subscriber",1961,2
359,"2018-12-04 23:51:33.0980","2018-12-04 23:57:32.9190",3185,"City Hall",40.7177325,-74.043845,3192,"Liberty Light Rail",40.7112423,-74.0557013,29228,"Subscriber",1988,1
98,"2018-12-05 00:40:30.6180","2018-12-05 00:42:09.3560",3185,"City Hall",40.7177325,-74.043845,3276,"Marin Light Rail",40.71458403535893,-74.04281705617905,26275,"Subscriber",1986,1
207,"2018-12-05 01:17:27.8860","2018-12-05 01:20:55.1630",3185,"City Hall",40.7177325,-74.043845,3205,"JC Medical Center",40.71653978099194,-74.0496379137039,29460,"Subscriber",1992,1
124,"2018-12-05 02:36:57.2660","2018-12-05 02:39:01.3480",3185,"City Hall",40.7177325,-74.043845,3213,"Van Vorst Park",40.71848892,-74.047726625,31443,"Subscriber",1952,1
343,"2018-12-05 05:34:23.8870","2018-12-05 05:40:07.1530",3185,"City Hall",40.7177325,-74.043845,3639,"Harborside",40.7192517,-74.034234,29225,"Subscriber",1985,2
204,"2018-12-05 09:50:26.7430","2018-12-05 09:53:51.0360",3185,"City Hall",40.7177325,-74.043845,3183,"Exchange Place",40.7162469,-74.0334588,26283,"Subscriber",1980,1
378,"2018-12-05 09:59:50.9910","2018-12-05 10:06:09.8120",3185,"City Hall",40.7177325,-74.043845,3639,"Harborside",40.7192517,-74.034234,29457,"Subscriber",1986,1
427,"2018-12-05 11:18:50.4450","2018-12-05 11:25:58.4140",3185,"City Hall",40.7177325,-74.043845,3203,"Hamilton Park",40.727595966,-74.044247311,29487,"Subscriber",1991,1
895,"2018-12-05 11:51:37.5160","2018-12-05 12:06:33.2380",3185,"City Hall",40.7177325,-74.043845,3185,"City Hall",40.7177325,-74.043845,26173,"Subscriber",1986,1
509,"2018-12-05 12:30:36.1660","2018-12-05 12:39:05.5190",3185,"City Hall",40.7177325,-74.043845,3186,"Grove St PATH",40.71958611647166,-74.04311746358871,29225,"Subscriber",1989,2
189,"2018-12-05 13:17:35.1390","2018-12-05 13:20:44.2770",3185,"City Hall",40.7177325,-74.043845,3275,"Columbus Drive",40.71835519823214,-74.03891444206238,26234,"Subscriber",1994,1
1167,"2018-12-05 13:34:52.6210","2018-12-05 13:54:20.2590",3185,"City Hall",40.7177325,-74.043845,3275,"Columbus Drive",40.71835519823214,-74.03891444206238,26192,"Subscriber",1962,1
297,"2018-12-05 14:27:22.5660","2018-12-05 14:32:20.0820",3185,"City Hall",40.7177325,-74.043845,3213,"Van Vorst Park",40.71848892,-74.047726625,29297,"Subscriber",1962,1
378,"2018-12-05 15:25:45.1970","2018-12-05 15:32:04.1780",3185,"City Hall",40.7177325,-74.043845,3267,"Morris Canal",40.7124188237569,-74.03852552175522,29677,"Subscriber",1988,2
289,"2018-12-05 16:25:15.9650","2018-12-05 16:30:05.0570",3185,"City Hall",40.7177325,-74.043845,3203,"Hamilton Park",40.727595966,-74.044247311,29258,"Subscriber",1990,1
242,"2018-12-05 17:20:44.2740","2018-12-05 17:24:46.6850",3185,"City Hall",40.7177325,-74.043845,3187,"Warren St",40.7211236,-74.03805095,26173,"Subscriber",1988,1
180,"2018-12-05 17:52:38.8660","2018-12-05 17:55:39.0690",3185,"City Hall",40.7177325,-74.043845,3205,"JC Medical Center",40.71653978099194,-74.0496379137039,29306,"Subscriber",1984,1
427,"2018-12-05 18:50:11.6290","2018-12-05 18:57:19.0710",3185,"City Hall",40.7177325,-74.043845,3638,"Washington St",40.7242941,-74.0354826,31443,"Subscriber",1988,1
281,"2018-12-05 19:47:09.5430","2018-12-05 19:51:50.7050",3185,"City Hall",40.7177325,-74.043845,3279,"Dixon Mills",40.721630142638354,-74.04996782541275,26170,"Subscriber",1988,1
115,"2018-12-05 19:49:57.1640","2018-12-05 19:51:53.0510",3185,"City Hall",40.7177325,-74.043845,3186,"Grove St PATH",40.71958611647166,-74.04311746358871,26276,"Subscriber",1983,1
89,"2018-12-05 20:08:14.1560","2018-12-05 20:09:43.3540",3185,"City Hall",40.7177325,-74.043845,3213,"Van Vorst Park",40.71848892,-74.047726625,29288,"Subscriber",1986,1
332,"2018-12-05 20:25:47.5180","2018-12-05 20:31:20.1680",3185,"City Hall",40.7177325,-74.043845,3203,"Hamilton Park",40.727595966,-74.044247311,29266,"Subscriber",1956,2
88,"2018-12-05 22:11:06.0920","2018-12-05 22:12:34.1020",3185,"City Hall",40.7177325,-74.043845,3213,"Van Vorst Park",40.71848892,-74.047726625,29289,"Subscriber",1988,1
406,"2018-12-05 22:19:06.3120","2018-12-05 22:25:52.7760",3185,"City Hall",40.7177325,-74.043845,3192,"Liberty Light Rail",40.7112423,-74.0557013,29298,"Subscriber",1988,1
139,"2018-12-05 22:59:51.9150","2018-12-05 23:02:11.3250",3185,"City Hall",40.7177325,-74.043845,3276,"Marin Light Rail",40.71458403535893,-74.04281705617905,29662,"Subscriber",1992,1
292,"2018-12-06 00:44:11.7480","2018-12-06 00:49:04.0730",3185,"City Hall",40.7177325,-74.043845,3269,"Brunswick & 6th",40.72601172964625,-74.05038893222809,29548,"Subscriber",1986,1
604,"2018-12-06 09:16:19.3820","2018-12-06 09:26:24.1310",3185,"City Hall",40.7177325,-74.043845,3269,"Brunswick & 6th",40.72601172964625,-74.05038893222809,29613,"Subscriber",1956,1
408,"2018-12-06 09:16:47.4060","2018-12-06 09:23:35.4220",3185,"City Hall",40.7177325,-74.043845,3214,"Essex Light Rail",40.7127742,-74.0364857,29293,"Subscriber",1988,2
309,"2018-12-06 09:49:30.0720","2018-12-06 09:54:39.9730",3185,"City Hall",40.7177325,-74.043845,3184,"Paulus Hook",40.7141454,-74.0335519,26296,"Subscriber",1969,0
482,"2018-12-06 09:52:59.1880","2018-12-06 10:01:01.6310",3185,"City Hall",40.7177325,-74.043845,3183,"Exchange Place",40.7162469,-74.0334588,29224,"Subscriber",1992,2
145,"2018-12-06 10:50:57.0570","2018-12-06 10:53:22.7670",3185,"City Hall",40.7177325,-74.043845,3481,"York St",40.71649,-74.04105,29483,"Subscriber",1962,1
259,"2018-12-06 11:24:15.2680","2018-12-06 11:28:35.0370",3185,"City Hall",40.7177325,-74.043845,3205,"JC Medical Center",40.71653978099194,-74.0496379137039,29507,"Subscriber",1972,1
293,"2018-12-06 12:20:06.2670","2018-12-06 12:24:59.7830",3185,"City Hall",40.7177325,-74.043845,3203,"Hamilton Park",40.727595966,-74.044247311,29201,"Subscriber",1958,1
1198,"2018-12-06 12:37:14.4500","2018-12-06 12:57:12.8930",3185,"City Hall",40.7177325,-74.043845,3212,"Christ Hospital",40.734785818,-74.050443636,29606,"Subscriber",1973,1
129,"2018-12-06 13:48:11.6600","2018-12-06 13:50:21.0120",3185,"City Hall",40.7177325,-74.043845,3481,"York St",40.71649,-74.04105,29519,"Subscriber",1961,1
85,"2018-12-06 13:54:03.7240","2018-12-06 13:55:28.8190",3185,"City Hall",40.7177325,-74.043845,3481,"York St",40.71649,-74.04105,29507,"Subscriber",1988,1
266,"2018-12-06 14:06:23.3170","2018-12-06 14:10:49.5540",3185,"City Hall",40.7177325,-74.043845,3183,"Exchange Place",40.7162469,-74.0334588,29500,"Subscriber",1987,1
176,"2018-12-06 17:15:36.5900","2018-12-06 17:18:32.8680",3185,"City Hall",40.7177325,-74.043845,3211,"Newark Ave",40.72152515,-74.046304543,29126,"Subscriber",1982,2
348,"2018-12-06 18:49:01.6440","2018-12-06 18:54:50.0790",3185,"City Hall",40.7177325,-74.043845,3192,"Liberty Light Rail",40.7112423,-74.0557013,29544,"Subscriber",1988,1
144,"2018-12-06 18:52:20.9850","2018-12-06 18:54:45.8030",3185,"City Hall",40.7177325,-74.043845,3205,"JC Medical Center",40.71653978099194,-74.0496379137039,26251,"Subscriber",1984,1
365,"2018-12-06 18:56:14.4080","2018-12-06 19:02:20.0970",3185,"City Hall",40.7177325,-74.043845,3184,"Paulus Hook",40.7141454,-74.0335519,26294,"Subscriber",1988,1
505,"2018-12-06 18:59:23.0380","2018-12-06 19:07:48.5310",3185,"City Hall",40.7177325,-74.043845,3203,"Hamilton Park",40.727595966,-74.044247311,29123,"Customer",1989,2
504,"2018-12-06 19:00:29.8320","2018-12-06 19:08:54.4210",3185,"City Hall",40.7177325,-74.043845,3192,"Liberty Light Rail",40.7112423,-74.0557013,26318,"Subscriber",1979,1
434,"2018-12-06 19:05:45.4690","2018-12-06 19:12:59.7370",3185,"City Hall",40.7177325,-74.043845,3269,"Brunswick & 6th",40.72601172964625,-74.05038893222809,29605,"Subscriber",1985,2
541,"2018-12-06 21:05:37.3690","2018-12-06 21:14:39.3490",3185,"City Hall",40.7177325,-74.043845,3202,"Newport PATH",40.7272235,-74.0337589,26260,"Subscriber",1981,1
548,"2018-12-06 21:51:01.0840","2018-12-06 22:00:09.6590",3185,"City Hall",40.7177325,-74.043845,3277,"Communipaw & Berry Lane",40.71435836870427,-74.06661093235016,29601,"Customer",1991,2
161,"2018-12-06 22:21:27.8330","2018-12-06 22:24:08.9940",3185,"City Hall",40.7177325,-74.043845,3483,"Montgomery St",40.71942,-74.05099,29262,"Subscriber",1958,1
121,"2018-12-06 22:22:02.3340","2018-12-06 22:24:03.6040",3185,"City Hall",40.7177325,-74.043845,3213,"Van Vorst Park",40.71848892,-74.047726625,29641,"Subscriber",1990,1
87,"2018-12-06 22:28:17.8340","2018-12-06 22:29:45.5960",3185,"City Hall",40.7177325,-74.043845,3213,"Van Vorst Park",40.71848892,-74.047726625,26159,"Subscriber",1989,2
246,"2018-12-07 08:42:03.7460","2018-12-07 08:46:09.9250",3185,"City Hall",40.7177325,-74.043845,3184,"Paulus Hook",40.7141454,-74.0335519,29608,"Subscriber",1977,1
258,"2018-12-07 10:36:01.2000","2018-12-07 10:40:19.3100",3185,"City Hall",40.7177325,-74.043845,3205,"JC Medical Center",40.71653978099194,-74.0496379137039,29487,"Subscriber",1972,1
160,"2018-12-07 11:14:40.9300","2018-12-07 11:17:20.9650",3185,"City Hall",40.7177325,-74.043845,3183,"Exchange Place",40.7162469,-74.0334588,29198,"Subscriber",1980,1
184,"2018-12-07 11:26:00.9830","2018-12-07 11:29:05.0930",3185,"City Hall",40.7177325,-74.043845,3276,"Marin Light Rail",40.71458403535893,-74.04281705617905,29594,"Subscriber",1992,0
274,"2018-12-07 12:50:19.1080","2018-12-07 12:54:53.8190",3185,"City Hall",40.7177325,-74.043845,3267,"Morris Canal",40.7124188237569,-74.03852552175522,29483,"Subscriber",1989,2
1428,"2018-12-07 15:40:12.6700","2018-12-07 16:04:01.4470",3185,"City Hall",40.7177325,-74.043845,3185,"City Hall",40.7177325,-74.043845,29484,"Subscriber",1968,1
368,"2018-12-07 17:14:32.9200","2018-12-07 17:20:41.6250",3185,"City Hall",40.7177325,-74.043845,3203,"Hamilton Park",40.727595966,-74.044247311,29484,"Subscriber",1988,1
779,"2018-12-07 17:15:13.3130","2018-12-07 17:28:12.3600",3185,"City Hall",40.7177325,-74.043845,3187,"Warren St",40.7211236,-74.03805095,29589,"Subscriber",1988,1
309,"2018-12-07 17:15:14.1260","2018-12-07 17:20:23.9880",3185,"City Hall",40.7177325,-74.043845,3681,"Grand St",40.71517767732029,-74.03768330812454,26206,"Subscriber",1978,1
191,"2018-12-07 17:52:05.4800","2018-12-07 17:55:16.6030",3185,"City Hall",40.7177325,-74.043845,3205,"JC Medical Center",40.71653978099194,-74.0496379137039,29296,"Subscriber",1984,1
221,"2018-12-07 17:55:55.9190","2018-12-07 17:59:37.2690",3185,"City Hall",40.7177325,-74.043845,3681,"Grand St",40.71517767732029,-74.03768330812454,26282,"Subscriber",1981,1
218,"2018-12-07 18:31:39.6730","2018-12-07 18:35:18.6160",3185,"City Hall",40.7177325,-74.043845,3205,"JC Medical Center",40.71653978099194,-74.0496379137039,29507,"Subscriber",1992,1
462,"2018-12-07 18:40:44.5220","2018-12-07 18:48:27.0480",3185,"City Hall",40.7177325,-74.043845,3268,"Lafayette Park",40.71346382669195,-74.06285852193832,26248,"Customer",1986,1
152,"2018-12-07 18:47:01.3720","2018-12-07 18:49:33.8210",3185,"City Hall",40.7177325,-74.043845,3213,"Van Vorst Park",40.71848892,-74.047726625,29450,"Subscriber",1965,2
545,"2018-12-07 18:54:19.1650","2018-12-07 19:03:24.9520",3185,"City Hall",40.7177325,-74.043845,3268,"Lafayette Park",40.71346382669195,-74.06285852193832,29254,"Subscriber",1989,1
64,"2018-12-07 18:58:27.1560","2018-12-07 18:59:32.0890",3185,"City Hall",40.7177325,-74.043845,3185,"City Hall",40.7177325,-74.043845,29639,"Subscriber",1969,0
215,"2018-12-07 19:29:04.8180","2018-12-07 19:32:40.3130",3185,"City Hall",40.7177325,-74.043845,3276,"Marin Light Rail",40.71458403535893,-74.04281705617905,29639,"Subscriber",1990,1
178,"2018-12-07 19:35:19.1920","2018-12-07 19:38:17.5430",3185,"City Hall",40.7177325,-74.043845,3276,"Marin Light Rail",40.71458403535893,-74.04281705617905,29443,"Subscriber",1979,1
488,"2018-12-08 16:28:56.6130","2018-12-08 16:37:05.3120",3185,"City Hall",40.7177325,-74.043845,3268,"Lafayette Park",40.71346382669195,-74.06285852193832,26152,"Customer",1991,1
150,"2018-12-08 16:30:28.1300","2018-12-08 16:32:58.7310",3185,"City Hall",40.7177325,-74.043845,3276,"Marin Light Rail",40.71458403535893,-74.04281705617905,29271,"Subscriber",1973,1
195,"2018-12-08 17:14:07.2320","2018-12-08 17:17:22.2880",3185,"City Hall",40.7177325,-74.043845,3275,"Columbus Drive",40.71835519823214,-74.03891444206238,29123,"Subscriber",1994,1
257,"2018-12-08 17:29:58.6400","2018-12-08 17:34:16.1090",3185,"City Hall",40.7177325,-74.043845,3276,"Marin Light Rail",40.71458403535893,-74.04281705617905,29583,"Subscriber",1985,2
235,"2018-12-08 18:25:16.9640","2018-12-08 18:29:12.9550",3185,"City Hall",40.7177325,-74.043845,3203,"Hamilton Park",40.727595966,-74.044247311,29595,"Subscriber",1987,1
513,"2018-12-08 19:15:40.8210","2018-12-08 19:24:14.0280",3185,"City Hall",40.7177325,-74.043845,3199,"Newport Pkwy",40.7287448,-74.0321082,26234,"Subscriber",1981,1
172,"2018-12-09 00:20:13.4620","2018-12-09 00:23:05.6430",3185,"City Hall",40.7177325,-74.043845,3276,"Marin Light Rail",40.71458403535893,-74.04281705617905,29544,"Subscriber",1984,1
428,"2018-12-09 01:18:05.9810","2018-12-09 01:25:14.0430",3185,"City Hall",40.7177325,-74.043845,3267,"Morris Canal",40.7124188237569,-74.03852552175522,29283,"Subscriber",1977,1
368,"2018-12-09 10:23:20.4820","2018-12-09 10:29:28.7820",3185,"City Hall",40.7177325,-74.043845,3183,"Exchange Place",40.7162469,-74.0334588,29453,"Subscriber",1992,1
150,"2018-12-09 11:42:32.2720","2018-12-09 11:45:02.3590",3185,"City Hall",40.7177325,-74.043845,3275,"Columbus Drive",40.71835519823214,-74.03891444206238,29658,"Subscriber",1994,1
212,"2018-12-09 12:29:33.6800","2018-12-09 12:33:06.2480",3185,"City Hall",40.7177325,-74.043845,3272,"Jersey & 3rd",40.72333158646436,-74.04595255851744,26205,"Subscriber",1978,1
383,"2018-12-09 13:22:33.4670","2018-12-09 13:28:56.8120",3185,"City Hall",40.7177325,-74.043845,3184,"Paulus Hook",40.7141454,-74.0335519,29588,"Subscriber",1988,1
320,"2018-12-09 13:31:18.2290","2018-12-09 13:36:38.9930",3185,"City Hall",40.7177325,-74.043845,3203,"Hamilton Park",40.727595966,-74.044247311,29641,"Subscriber",1987,1
654,"2018-12-09 13:39:05.7160","2018-12-09 13:50:00.3250",3185,"City Hall",40.7177325,-74.043845,3225,"Baldwin at Montgomery",40.7236589,-74.0641943,26280,"Subscriber",1983,1
542,"2018-12-09 14:10:48.6680","2018-12-09 14:19:51.1310",3185,"City Hall",40.7177325,-74.043845,3639,"Harborside",40.7192517,-74.034234,26153,"Subscriber",1988,1
450,"2018-12-09 14:12:08.5260","2018-12-09 14:19:39.4630",3185,"City Hall",40.7177325,-74.043845,3639,"Harborside",40.7192517,-74.034234,26171,"Subscriber",1988,2
281,"2018-12-09 14:35:43.0310","2018-12-09 14:40:24.3930",3185,"City Hall",40.7177325,-74.043845,3214,"Essex Light Rail",40.7127742,-74.0364857,29490,"Subscriber",1988,1
209,"2018-12-09 16:04:11.8440","2018-12-09 16:07:41.1930",3185,"City Hall",40.7177325,-74.043845,3272,"Jersey & 3rd",40.72333158646436,-74.04595255851744,29583,"Subscriber",1984,1
520,"2018-12-09 16:49:20.4020","2018-12-09 16:58:00.4930",3185,"City Hall",40.7177325,-74.043845,3269,"Brunswick & 6th",40.72601172964625,-74.05038893222809,29532,"Subscriber",1985,2
429,"2018-12-09 19:03:48.2780","2018-12-09 19:10:57.5090",3185,"City Hall",40.7177325,-74.043845,3202,"Newport PATH",40.7272235,-74.0337589,26281,"Subscriber",1981,1
955,"2018-12-09 20:25:21.1540","2018-12-09 20:41:16.6990",3185,"City Hall",40.7177325,-74.043845,3202,"Newport PATH",40.7272235,-74.0337589,29643,"Subscriber",1981,1
616,"2018-12-09 22:06:57.6520","2018-12-09 22:17:14.4390",3185,"City Hall",40.7177325,-74.043845,3225,"Baldwin at Montgomery",40.7236589,-74.0641943,29239,"Subscriber",1972,1
275,"2018-12-10 08:55:08.1390","2018-12-10 08:59:43.3180",3185,"City Hall",40.7177325,-74.043845,3214,"Essex Light Rail",40.7127742,-74.0364857,29212,"Subscriber",1988,2
206,"2018-12-10 09:16:45.1590","2018-12-10 09:20:11.2010",3185,"City Hall",40.7177325,-74.043845,3183,"Exchange Place",40.7162469,-74.0334588,29450,"Subscriber",1980,1
185,"2018-12-10 11:43:11.8200","2018-12-10 11:46:17.5860",3185,"City Hall",40.7177325,-74.043845,3681,"Grand St",40.71517767732029,-74.03768330812454,26302,"Subscriber",1986,1
340,"2018-12-10 12:10:26.6380","2018-12-10 12:16:07.4790",3185,"City Hall",40.7177325,-74.043845,3184,"Paulus Hook",40.7141454,-74.0335519,26255,"Subscriber",1995,1
402,"2018-12-10 13:34:53.6670","2018-12-10 13:41:36.3350",3185,"City Hall",40.7177325,-74.043845,3185,"City Hall",40.7177325,-74.043845,29284,"Subscriber",1986,1
1707,"2018-12-10 16:05:20.3560","2018-12-10 16:33:47.8970",3185,"City Hall",40.7177325,-74.043845,3205,"JC Medical Center",40.71653978099194,-74.0496379137039,29284,"Subscriber",1976,1
1382,"2018-12-10 17:09:18.5600","2018-12-10 17:32:20.6000",3185,"City Hall",40.7177325,-74.043845,3199,"Newport Pkwy",40.7287448,-74.0321082,29250,"Subscriber",1981,1
817,"2018-12-10 17:11:47.2800","2018-12-10 17:25:24.8510",3185,"City Hall",40.7177325,-74.043845,3202,"Newport PATH",40.7272235,-74.0337589,29547,"Subscriber",1980,2
424,"2018-12-10 17:26:26.7540","2018-12-10 17:33:31.3370",3185,"City Hall",40.7177325,-74.043845,3639,"Harborside",40.7192517,-74.034234,29672,"Subscriber",1982,2
93,"2018-12-10 17:28:32.7180","2018-12-10 17:30:05.9920",3185,"City Hall",40.7177325,-74.043845,3213,"Van Vorst Park",40.71848892,-74.047726625,26246,"Subscriber",1971,1
98,"2018-12-10 18:01:57.9020","2018-12-10 18:03:36.6250",3185,"City Hall",40.7177325,-74.043845,3481,"York St",40.71649,-74.04105,26173,"Subscriber",1988,1
213,"2018-12-10 18:04:07.7910","2018-12-10 18:07:40.7980",3185,"City Hall",40.7177325,-74.043845,3205,"JC Medical Center",40.71653978099194,-74.0496379137039,29645,"Subscriber",1984,1
228,"2018-12-10 18:10:51.2770","2018-12-10 18:14:39.5140",3185,"City Hall",40.7177325,-74.043845,3279,"Dixon Mills",40.721630142638354,-74.04996782541275,26283,"Subscriber",1988,1
1219,"2018-12-10 18:24:33.4040","2018-12-10 18:44:52.4890",3185,"City Hall",40.7177325,-74.043845,3268,"Lafayette Park",40.71346382669195,-74.06285852193832,29471,"Subscriber",1992,1
286,"2018-12-10 18:24:55.5540","2018-12-10 18:29:42.5150",3185,"City Hall",40.7177325,-74.043845,3681,"Grand St",40.71517767732029,-74.03768330812454,29532,"Subscriber",1956,1
329,"2018-12-10 18:51:25.5730","2018-12-10 18:56:55.4050",3185,"City Hall",40.7177325,-74.043845,3638,"Washington St",40.7242941,-74.0354826,26153,"Subscriber",1988,1
398,"2018-12-10 18:58:42.8470","2018-12-10 19:05:21.5830",3185,"City Hall",40.7177325,-74.043845,3203,"Hamilton Park",40.727595966,-74.044247311,26266,"Subscriber",1994,1
139,"2018-12-10 19:58:30.1840","2018-12-10 20:00:49.4540",3185,"City Hall",40.7177325,-74.043845,3276,"Marin Light Rail",40.71458403535893,-74.04281705617905,29652,"Subscriber",1973,1
233,"2018-12-10 20:48:39.5030","2018-12-10 20:52:32.6730",3185,"City Hall",40.7177325,-74.043845,3681,"Grand St",40.71517767732029,-74.03768330812454,29507,"Subscriber",1970,1
140,"2018-12-10 21:38:41.2770","2018-12-10 21:41:01.5480",3185,"City Hall",40.7177325,-74.043845,3276,"Marin Light Rail",40.71458403535893,-74.04281705617905,29656,"Subscriber",1991,1
122,"2018-12-10 21:59:24.1630","2018-12-10 22:01:27.1380",3185,"City Hall",40.7177325,-74.043845,3481,"York St",40.71649,-74.04105,26247,"Subscriber",1961,1
307,"2018-12-10 22:08:12.3030","2018-12-10 22:13:19.8760",3185,"City Hall",40.7177325,-74.043845,3267,"Morris Canal",40.7124188237569,-74.03852552175522,29675,"Subscriber",1981,2
115,"2018-12-10 22:18:40.8520","2018-12-10 22:20:36.6490",3185,"City Hall",40.7177325,-74.043845,3213,"Van Vorst Park",40.71848892,-74.047726625,29244,"Subscriber",1990,1
199,"2018-12-11 07:26:24.9060","2018-12-11 07:29:44.1000",3185,"City Hall",40.7177325,-74.043845,3184,"Paulus Hook",40.7141454,-74.0335519,29465,"Subscriber",1995,1
297,"2018-12-11 08:50:15.6350","2018-12-11 08:55:13.1150",3185,"City Hall",40.7177325,-74.043845,3214,"Essex Light Rail",40.7127742,-74.0364857,26153,"Subscriber",1988,2
605,"2018-12-11 10:36:29.9460","2018-12-11 10:46:35.6810",3185,"City Hall",40.7177325,-74.043845,3203,"Hamilton Park",40.727595966,-74.044247311,26318,"Subscriber",1953,2
1362,"2018-12-11 14:38:03.2310","2018-12-11 15:00:45.8030",3185,"City Hall",40.7177325,-74.043845,3185,"City Hall",40.7177325,-74.043845,29516,"Subscriber",1956,1
760,"2018-12-11 16:37:04.4830","2018-12-11 16:49:44.8910",3185,"City Hall",40.7177325,-74.043845,3220,"5 Corners Library",40.734961020009514,-74.0595030784607,29236,"Subscriber",1988,1
214,"2018-12-11 17:16:41.4150","2018-12-11 17:20:15.9770",3185,"City Hall",40.7177325,-74.043845,3187,"Warren St",40.7211236,-74.03805095,26175,"Subscriber",1988,1
255,"2018-12-11 17:56:13.9120","2018-12-11 18:00:28.9930",3185,"City Hall",40.7177325,-74.043845,3681,"Grand St",40.71517767732029,-74.03768330812454,29623,"Subscriber",1985,1
166,"2018-12-11 18:07:31.5430","2018-12-11 18:10:18.0320",3185,"City Hall",40.7177325,-74.043845,3205,"JC Medical Center",40.71653978099194,-74.0496379137039,26160,"Subscriber",1984,1
553,"2018-12-11 18:19:50.5080","2018-12-11 18:29:04.0200",3185,"City Hall",40.7177325,-74.043845,3268,"Lafayette Park",40.71346382669195,-74.06285852193832,29516,"Customer",1969,0
621,"2018-12-11 18:20:39.9740","2018-12-11 18:31:01.2880",3185,"City Hall",40.7177325,-74.043845,3192,"Liberty Light Rail",40.7112423,-74.0557013,26197,"Subscriber",1982,1
461,"2018-12-11 18:25:51.5930","2018-12-11 18:33:33.2800",3185,"City Hall",40.7177325,-74.043845,3192,"Liberty Light Rail",40.7112423,-74.0557013,29636,"Subscriber",1974,1
96,"2018-12-11 18:39:37.2340","2018-12-11 18:41:13.7360",3185,"City Hall",40.7177325,-74.043845,3213,"Van Vorst Park",40.71848892,-74.047726625,26219,"Subscriber",1986,1
378,"2018-12-11 18:50:54.0700","2018-12-11 18:57:13.0160",3185,"City Hall",40.7177325,-74.043845,3192,"Liberty Light Rail",40.7112423,-74.0557013,29551,"Subscriber",1988,1
163,"2018-12-11 18:52:38.8730","2018-12-11 18:55:21.8750",3185,"City Hall",40.7177325,-74.043845,3205,"JC Medical Center",40.71653978099194,-74.0496379137039,26165,"Subscriber",1992,1
147,"2018-12-11 18:53:17.7380","2018-12-11 18:55:45.1300",3185,"City Hall",40.7177325,-74.043845,3276,"Marin Light Rail",40.71458403535893,-74.04281705617905,29255,"Subscriber",1989,1
127,"2018-12-11 19:04:51.4650","2018-12-11 19:06:58.9110",3185,"City Hall",40.7177325,-74.043845,3276,"Marin Light Rail",40.71458403535893,-74.04281705617905,29201,"Subscriber",1986,1
512,"2018-12-11 19:07:12.5250","2018-12-11 19:15:45.2400",3185,"City Hall",40.7177325,-74.043845,3214,"Essex Light Rail",40.7127742,-74.0364857,29682,"Subscriber",1963,1
457,"2018-12-11 20:09:12.2460","2018-12-11 20:16:49.8780",3185,"City Hall",40.7177325,-74.043845,3202,"Newport PATH",40.7272235,-74.0337589,29262,"Subscriber",1981,1
344,"2018-12-11 20:12:05.7670","2018-12-11 20:17:50.3050",3185,"City Hall",40.7177325,-74.043845,3638,"Washington St",40.7242941,-74.0354826,29306,"Subscriber",1994,1
103,"2018-12-11 20:27:20.5840","2018-12-11 20:29:03.7450",3185,"City Hall",40.7177325,-74.043845,3186,"Grove St PATH",40.71958611647166,-74.04311746358871,29198,"Subscriber",1984,1
862,"2018-12-11 20:40:46.1140","2018-12-11 20:55:08.6890",3185,"City Hall",40.7177325,-74.043845,3681,"Grand St",40.71517767732029,-74.03768330812454,29593,"Subscriber",1970,1
131,"2018-12-11 23:07:25.4620","2018-12-11 23:09:37.3270",3185,"City Hall",40.7177325,-74.043845,3276,"Marin Light Rail",40.71458403535893,-74.04281705617905,29581,"Subscriber",1980,1
95,"2018-12-11 23:07:40.1440","2018-12-11 23:09:15.2470",3185,"City Hall",40.7177325,-74.043845,3213,"Van Vorst Park",40.71848892,-74.047726625,26198,"Subscriber",1989,2
188,"2018-12-12 07:35:49.7340","2018-12-12 07:38:58.1700",3185,"City Hall",40.7177325,-74.043845,3183,"Exchange Place",40.7162469,-74.0334588,29597,"Subscriber",1983,1
278,"2018-12-12 08:42:23.8850","2018-12-12 08:47:02.3440",3185,"City Hall",40.7177325,-74.043845,3214,"Essex Light Rail",40.7127742,-74.0364857,29268,"Subscriber",1988,2
86,"2018-12-12 08:47:11.3150","2018-12-12 08:48:38.1670",3185,"City Hall",40.7177325,-74.043845,3186,"Grove St PATH",40.71958611647166,-74.04311746358871,29225,"Subscriber",1983,1
258,"2018-12-12 09:07:43.9640","2018-12-12 09:12:02.5250",3185,"City Hall",40.7177325,-74.043845,3272,"Jersey & 3rd",40.72333158646436,-74.04595255851744,29660,"Subscriber",1973,2
432,"2018-12-12 10:15:25.3100","2018-12-12 10:22:38.1560",3185,"City Hall",40.7177325,-74.043845,3184,"Paulus Hook",40.7141454,-74.0335519,29291,"Subscriber",1983,1
225,"2018-12-12 10:45:28.3590","2018-12-12 10:49:14.2170",3185,"City Hall",40.7177325,-74.043845,3184,"Paulus Hook",40.7141454,-74.0335519,26191,"Subscriber",1973,1
125,"2018-12-12 11:22:05.9890","2018-12-12 11:24:11.5440",3185,"City Hall",40.7177325,-74.043845,3273,"Manila & 1st",40.721650724879986,-74.04288411140442,29533,"Subscriber",1958,1
124,"2018-12-12 11:36:18.6260","2018-12-12 11:38:23.4040",3185,"City Hall",40.7177325,-74.043845,3481,"York St",40.71649,-74.04105,29284,"Subscriber",1988,1
226,"2018-12-12 13:00:22.1850","2018-12-12 13:04:08.4290",3185,"City Hall",40.7177325,-74.043845,3211,"Newark Ave",40.72152515,-74.046304543,29534,"Subscriber",1970,2
561,"2018-12-12 14:27:12.5440","2018-12-12 14:36:34.1140",3185,"City Hall",40.7177325,-74.043845,3192,"Liberty Light Rail",40.7112423,-74.0557013,26165,"Subscriber",1974,2
400,"2018-12-12 15:49:19.7810","2018-12-12 15:56:00.6820",3185,"City Hall",40.7177325,-74.043845,3184,"Paulus Hook",40.7141454,-74.0335519,29542,"Subscriber",1983,1
216,"2018-12-12 16:49:44.6150","2018-12-12 16:53:21.4520",3185,"City Hall",40.7177325,-74.043845,3276,"Marin Light Rail",40.71458403535893,-74.04281705617905,29534,"Subscriber",1972,1
1116,"2018-12-12 17:26:38.6230","2018-12-12 17:45:14.6950",3185,"City Hall",40.7177325,-74.043845,3210,"Pershing Field",40.742677141,-74.051788633,29675,"Subscriber",1992,1
104,"2018-12-12 17:30:10.1460","2018-12-12 17:31:54.2930",3185,"City Hall",40.7177325,-74.043845,3186,"Grove St PATH",40.71958611647166,-74.04311746358871,29272,"Subscriber",1972,1
161,"2018-12-12 17:32:11.8080","2018-12-12 17:34:53.5860",3185,"City Hall",40.7177325,-74.043845,3205,"JC Medical Center",40.71653978099194,-74.0496379137039,29551,"Subscriber",1984,1
97,"2018-12-12 18:05:52.1640","2018-12-12 18:07:29.5240",3185,"City Hall",40.7177325,-74.043845,3213,"Van Vorst Park",40.71848892,-74.047726625,26248,"Subscriber",1971,1
90,"2018-12-12 18:33:31.5360","2018-12-12 18:35:02.0820",3185,"City Hall",40.7177325,-74.043845,3213,"Van Vorst Park",40.71848892,-74.047726625,26205,"Subscriber",1986,1
548,"2018-12-12 18:37:28.2630","2018-12-12 18:46:36.8760",3185,"City Hall",40.7177325,-74.043845,3268,"Lafayette Park",40.71346382669195,-74.06285852193832,26260,"Subscriber",1989,1
365,"2018-12-12 18:47:42.4360","2018-12-12 18:53:48.0110",3185,"City Hall",40.7177325,-74.043845,3638,"Washington St",40.7242941,-74.0354826,29607,"Subscriber",1988,1
499,"2018-12-12 18:50:44.6000","2018-12-12 18:59:03.9950",3185,"City Hall",40.7177325,-74.043845,3192,"Liberty Light Rail",40.7112423,-74.0557013,29254,"Subscriber",1988,1
270,"2018-12-12 18:51:38.2720","2018-12-12 18:56:08.6520",3185,"City Hall",40.7177325,-74.043845,3276,"Marin Light Rail",40.71458403535893,-74.04281705617905,29594,"Subscriber",1989,1
147,"2018-12-12 18:59:51.5960","2018-12-12 19:02:19.0050",3185,"City Hall",40.7177325,-74.043845,3276,"Marin Light Rail",40.71458403535893,-74.04281705617905,29587,"Subscriber",1989,1
286,"2018-12-12 19:04:43.3980","2018-12-12 19:09:29.7510",3185,"City Hall",40.7177325,-74.043845,3276,"Marin Light Rail",40.71458403535893,-74.04281705617905,29237,"Subscriber",1984,1
148,"2018-12-12 19:22:22.7680","2018-12-12 19:24:51.6460",3185,"City Hall",40.7177325,-74.043845,3276,"Marin Light Rail",40.71458403535893,-74.04281705617905,26318,"Subscriber",1973,1
5862,"2018-12-12 19:47:16.7910","2018-12-12 21:24:59.0320",3185,"City Hall",40.7177325,-74.043845,3681,"Grand St",40.71517767732029,-74.03768330812454,26298,"Customer",1969,0
455,"2018-12-12 19:47:31.0820","2018-12-12 19:55:07.0320",3185,"City Hall",40.7177325,-74.043845,3681,"Grand St",40.71517767732029,-74.03768330812454,29307,"Customer",1969,0
431,"2018-12-12 19:47:56.9030","2018-12-12 19:55:08.7570",3185,"City Hall",40.7177325,-74.043845,3681,"Grand St",40.71517767732029,-74.03768330812454,26276,"Customer",1969,0
1006,"2018-12-12 19:50:13.9040","2018-12-12 20:07:00.4890",3185,"City Hall",40.7177325,-74.043845,3640,"Journal Square",40.73367,-74.0625,26191,"Subscriber",1987,1
380,"2018-12-12 20:18:39.5470","2018-12-12 20:25:00.2780",3185,"City Hall",40.7177325,-74.043845,3268,"Lafayette Park",40.71346382669195,-74.06285852193832,29445,"Subscriber",1984,1
719,"2018-12-12 20:37:58.3740","2018-12-12 20:49:58.0900",3185,"City Hall",40.7177325,-74.043845,3269,"Brunswick & 6th",40.72601172964625,-74.05038893222809,29492,"Subscriber",1964,1
1575,"2018-12-12 20:38:39.9920","2018-12-12 21:04:55.5950",3185,"City Hall",40.7177325,-74.043845,3206,"Hilltop",40.7311689,-74.0575736,29598,"Subscriber",1984,1
247,"2018-12-12 22:17:58.0800","2018-12-12 22:22:05.1440",3185,"City Hall",40.7177325,-74.043845,3205,"JC Medical Center",40.71653978099194,-74.0496379137039,29507,"Subscriber",1995,2
233,"2018-12-12 22:18:10.9110","2018-12-12 22:22:04.5020",3185,"City Hall",40.7177325,-74.043845,3205,"JC Medical Center",40.71653978099194,-74.0496379137039,26275,"Subscriber",1990,1
309,"2018-12-13 08:31:35.1830","2018-12-13 08:36:44.2120",3185,"City Hall",40.7177325,-74.043845,3183,"Exchange Place",40.7162469,-74.0334588,29278,"Subscriber",1970,1
187,"2018-12-13 08:42:41.6620","2018-12-13 08:45:48.6880",3185,"City Hall",40.7177325,-74.043845,3681,"Grand St",40.71517767732029,-74.03768330812454,29234,"Subscriber",1980,1
330,"2018-12-13 08:45:46.8030","2018-12-13 08:51:17.1290",3185,"City Hall",40.7177325,-74.043845,3183,"Exchange Place",40.7162469,-74.0334588,29294,"Subscriber",1951,1
86,"2018-12-13 13:20:07.2810","2018-12-13 13:21:33.8330",3185,"City Hall",40.7177325,-74.043845,3213,"Van Vorst Park",40.71848892,-74.047726625,29262,"Subscriber",1987,1
92,"2018-12-13 13:25:35.3640","2018-12-13 13:27:08.0310",3185,"City Hall",40.7177325,-74.043845,3213,"Van Vorst Park",40.71848892,-74.047726625,26295,"Subscriber",1987,1
493,"2018-12-13 14:27:34.8970","2018-12-13 14:35:47.9190",3185,"City Hall",40.7177325,-74.043845,3192,"Liberty Light Rail",40.7112423,-74.0557013,29452,"Subscriber",1974,2
192,"2018-12-13 15:07:31.9990","2018-12-13 15:10:44.3130",3185,"City Hall",40.7177325,-74.043845,3276,"Marin Light Rail",40.71458403535893,-74.04281705617905,29502,"Subscriber",1992,1
194,"2018-12-13 15:57:13.9890","2018-12-13 16:00:28.1220",3185,"City Hall",40.7177325,-74.043845,3211,"Newark Ave",40.72152515,-74.046304543,26282,"Subscriber",1984,1
264,"2018-12-13 16:23:30.7220","2018-12-13 16:27:54.7870",3185,"City Hall",40.7177325,-74.043845,3272,"Jersey & 3rd",40.72333158646436,-74.04595255851744,29619,"Subscriber",1984,1
100,"2018-12-13 16:30:15.2140","2018-12-13 16:31:55.7930",3185,"City Hall",40.7177325,-74.043845,3213,"Van Vorst Park",40.71848892,-74.047726625,29544,"Subscriber",1971,1
416,"2018-12-13 17:03:58.3510","2018-12-13 17:10:55.1890",3185,"City Hall",40.7177325,-74.043845,3192,"Liberty Light Rail",40.7112423,-74.0557013,26255,"Subscriber",1985,1
773,"2018-12-13 17:13:43.5860","2018-12-13 17:26:37.3040",3185,"City Hall",40.7177325,-74.043845,3187,"Warren St",40.7211236,-74.03805095,26270,"Subscriber",1988,1
203,"2018-12-13 18:28:40.7600","2018-12-13 18:32:04.0960",3185,"City Hall",40.7177325,-74.043845,3205,"JC Medical Center",40.71653978099194,-74.0496379137039,29512,"Subscriber",1992,1
566,"2018-12-13 18:31:21.5910","2018-12-13 18:40:48.3370",3185,"City Hall",40.7177325,-74.043845,3268,"Lafayette Park",40.71346382669195,-74.06285852193832,26179,"Subscriber",1991,1
102,"2018-12-13 18:41:23.9130","2018-12-13 18:43:06.7350",3185,"City Hall",40.7177325,-74.043845,3213,"Van Vorst Park",40.71848892,-74.047726625,29294,"Subscriber",1986,1
185,"2018-12-13 18:46:45.4070","2018-12-13 18:49:50.6310",3185,"City Hall",40.7177325,-74.043845,3483,"Montgomery St",40.71942,-74.05099,26215,"Subscriber",1994,1
414,"2018-12-13 18:51:40.5970","2018-12-13 18:58:35.5490",3185,"City Hall",40.7177325,-74.043845,3192,"Liberty Light Rail",40.7112423,-74.0557013,26201,"Subscriber",1988,1
566,"2018-12-13 19:17:51.2160","2018-12-13 19:27:17.2570",3185,"City Hall",40.7177325,-74.043845,3192,"Liberty Light Rail",40.7112423,-74.0557013,29222,"Subscriber",1978,1
216,"2018-12-13 19:42:17.7650","2018-12-13 19:45:54.2370",3185,"City Hall",40.7177325,-74.043845,3276,"Marin Light Rail",40.71458403535893,-74.04281705617905,26187,"Subscriber",1973,1
965,"2018-12-13 20:12:13.0040","2018-12-13 20:28:18.9880",3185,"City Hall",40.7177325,-74.043845,3199,"Newport Pkwy",40.7287448,-74.0321082,29283,"Subscriber",1986,1
399,"2018-12-13 20:17:29.4470","2018-12-13 20:24:08.8610",3185,"City Hall",40.7177325,-74.043845,3209,"Brunswick St",40.7241765,-74.0506564,26160,"Subscriber",1986,1
199,"2018-12-13 21:58:58.5800","2018-12-13 22:02:17.7630",3185,"City Hall",40.7177325,-74.043845,3483,"Montgomery St",40.71942,-74.05099,29439,"Subscriber",1958,1
471,"2018-12-13 23:12:58.8790","2018-12-13 23:20:50.6110",3185,"City Hall",40.7177325,-74.043845,3268,"Lafayette Park",40.71346382669195,-74.06285852193832,29646,"Subscriber",1978,1
1777,"2018-12-14 02:08:33.7880","2018-12-14 02:38:11.7170",3185,"City Hall",40.7177325,-74.043845,3279,"Dixon Mills",40.721630142638354,-74.04996782541275,29500,"Subscriber",1971,1
343,"2018-12-14 09:03:19.3330","2018-12-14 09:09:02.4280",3185,"City Hall",40.7177325,-74.043845,3639,"Harborside",40.7192517,-74.034234,29261,"Subscriber",1987,1
444,"2018-12-14 11:48:03.7170","2018-12-14 11:55:27.7420",3185,"City Hall",40.7177325,-74.043845,3203,"Hamilton Park",40.727595966,-74.044247311,26197,"Subscriber",1953,2
428,"2018-12-14 13:39:00.4670","2018-12-14 13:46:08.4800",3185,"City Hall",40.7177325,-74.043845,3203,"Hamilton Park",40.727595966,-74.044247311,29576,"Subscriber",1966,1
543,"2018-12-14 15:12:05.2760","2018-12-14 15:21:09.0400",3185,"City Hall",40.7177325,-74.043845,3213,"Van Vorst Park",40.71848892,-74.047726625,26260,"Subscriber",1988,1
2815,"2018-12-14 15:58:15.7570","2018-12-14 16:45:11.0170",3185,"City Hall",40.7177325,-74.043845,3213,"Van Vorst Park",40.71848892,-74.047726625,29245,"Subscriber",1956,1
420,"2018-12-14 16:59:32.6090","2018-12-14 17:06:33.0140",3185,"City Hall",40.7177325,-74.043845,3202,"Newport PATH",40.7272235,-74.0337589,26234,"Subscriber",1980,1
179,"2018-12-14 16:59:38.7690","2018-12-14 17:02:38.6260",3185,"City Hall",40.7177325,-74.043845,3205,"JC Medical Center",40.71653978099194,-74.0496379137039,26266,"Subscriber",1984,1
1100,"2018-12-14 17:03:50.8520","2018-12-14 17:22:11.8500",3185,"City Hall",40.7177325,-74.043845,3679,"Bergen Ave",40.722103786686034,-74.07145500183105,29294,"Customer",1991,2
235,"2018-12-14 17:23:06.4990","2018-12-14 17:27:01.9630",3185,"City Hall",40.7177325,-74.043845,3187,"Warren St",40.7211236,-74.03805095,26260,"Subscriber",1988,1
83,"2018-12-14 18:09:46.4950","2018-12-14 18:11:10.3460",3185,"City Hall",40.7177325,-74.043845,3213,"Van Vorst Park",40.71848892,-74.047726625,26184,"Subscriber",1971,1
532,"2018-12-14 18:27:22.4610","2018-12-14 18:36:15.3610",3185,"City Hall",40.7177325,-74.043845,3192,"Liberty Light Rail",40.7112423,-74.0557013,29236,"Subscriber",1978,1
565,"2018-12-14 18:30:50.2430","2018-12-14 18:40:15.5410",3185,"City Hall",40.7177325,-74.043845,3268,"Lafayette Park",40.71346382669195,-74.06285852193832,29459,"Subscriber",1989,1
388,"2018-12-14 19:37:41.5160","2018-12-14 19:44:09.7850",3185,"City Hall",40.7177325,-74.043845,3211,"Newark Ave",40.72152515,-74.046304543,29452,"Subscriber",1994,1
168,"2018-12-14 22:01:06.6610","2018-12-14 22:03:54.7190",3185,"City Hall",40.7177325,-74.043845,3481,"York St",40.71649,-74.04105,29297,"Subscriber",1988,1
80,"2018-12-15 00:44:56.3760","2018-12-15 00:46:16.4920",3185,"City Hall",40.7177325,-74.043845,3213,"Van Vorst Park",40.71848892,-74.047726625,26300,"Subscriber",1986,1
474,"2018-12-15 12:15:34.4750","2018-12-15 12:23:28.6630",3185,"City Hall",40.7177325,-74.043845,3278,"Monmouth and 6th",40.72568548362901,-74.04879033565521,29494,"Subscriber",1983,2
271,"2018-12-15 12:19:25.9410","2018-12-15 12:23:56.9980",3185,"City Hall",40.7177325,-74.043845,3214,"Essex Light Rail",40.7127742,-74.0364857,29201,"Subscriber",1983,1
505,"2018-12-15 13:21:12.2350","2018-12-15 13:29:38.1500",3185,"City Hall",40.7177325,-74.043845,3270,"Jersey & 6th St",40.72528910781132,-74.04557168483734,29246,"Subscriber",1988,1
160,"2018-12-15 13:35:50.8800","2018-12-15 13:38:31.8540",3185,"City Hall",40.7177325,-74.043845,3483,"Montgomery St",40.71942,-74.05099,29663,"Subscriber",1987,1
313,"2018-12-15 14:23:21.6530","2018-12-15 14:28:35.5080",3185,"City Hall",40.7177325,-74.043845,3209,"Brunswick St",40.7241765,-74.0506564,29289,"Subscriber",1989,2
1982,"2018-12-15 14:44:11.5940","2018-12-15 15:17:14.2550",3185,"City Hall",40.7177325,-74.043845,3213,"Van Vorst Park",40.71848892,-74.047726625,26187,"Subscriber",1992,2
422,"2018-12-15 16:04:46.2840","2018-12-15 16:11:48.6330",3185,"City Hall",40.7177325,-74.043845,3186,"Grove St PATH",40.71958611647166,-74.04311746358871,29581,"Subscriber",1966,1
725,"2018-12-15 16:55:03.9280","2018-12-15 17:07:09.2660",3185,"City Hall",40.7177325,-74.043845,3202,"Newport PATH",40.7272235,-74.0337589,26283,"Subscriber",1990,1
226,"2018-12-15 17:34:02.6580","2018-12-15 17:37:49.1630",3185,"City Hall",40.7177325,-74.043845,3276,"Marin Light Rail",40.71458403535893,-74.04281705617905,29239,"Subscriber",1979,2
580,"2018-12-15 18:32:00.2650","2018-12-15 18:41:40.3490",3185,"City Hall",40.7177325,-74.043845,3277,"Communipaw & Berry Lane",40.71435836870427,-74.06661093235016,26267,"Subscriber",1986,1
86,"2018-12-15 19:10:35.2720","2018-12-15 19:12:02.2320",3185,"City Hall",40.7177325,-74.043845,3481,"York St",40.71649,-74.04105,29491,"Subscriber",1987,1
391,"2018-12-15 21:33:39.4040","2018-12-15 21:40:10.8660",3185,"City Hall",40.7177325,-74.043845,3187,"Warren St",40.7211236,-74.03805095,26193,"Subscriber",1987,2
351,"2018-12-15 21:34:17.2490","2018-12-15 21:40:08.7250",3185,"City Hall",40.7177325,-74.043845,3187,"Warren St",40.7211236,-74.03805095,26173,"Subscriber",1984,1
289,"2018-12-16 01:19:09.7350","2018-12-16 01:23:58.7930",3185,"City Hall",40.7177325,-74.043845,3270,"Jersey & 6th St",40.72528910781132,-74.04557168483734,29306,"Subscriber",1978,1
280,"2018-12-16 01:19:24.3080","2018-12-16 01:24:05.1140",3185,"City Hall",40.7177325,-74.043845,3270,"Jersey & 6th St",40.72528910781132,-74.04557168483734,29205,"Subscriber",1976,2
610,"2018-12-16 07:28:28.6850","2018-12-16 07:38:39.4110",3185,"City Hall",40.7177325,-74.043845,3638,"Washington St",40.7242941,-74.0354826,29544,"Subscriber",1985,2
211,"2018-12-16 10:19:55.3900","2018-12-16 10:23:27.1270",3185,"City Hall",40.7177325,-74.043845,3272,"Jersey & 3rd",40.72333158646436,-74.04595255851744,29672,"Subscriber",1988,1
373,"2018-12-16 12:02:04.1350","2018-12-16 12:08:17.3600",3185,"City Hall",40.7177325,-74.043845,3638,"Washington St",40.7242941,-74.0354826,26225,"Subscriber",1985,1
203,"2018-12-16 19:15:11.0130","2018-12-16 19:18:35.0060",3185,"City Hall",40.7177325,-74.043845,3273,"Manila & 1st",40.721650724879986,-74.04288411140442,29672,"Subscriber",1977,2
224,"2018-12-16 21:14:08.4390","2018-12-16 21:17:52.7270",3185,"City Hall",40.7177325,-74.043845,3272,"Jersey & 3rd",40.72333158646436,-74.04595255851744,29619,"Subscriber",1957,1
132,"2018-12-17 10:31:20.9690","2018-12-17 10:33:33.6950",3185,"City Hall",40.7177325,-74.043845,3276,"Marin Light Rail",40.71458403535893,-74.04281705617905,29219,"Subscriber",1994,1
1395,"2018-12-17 11:10:05.4370","2018-12-17 11:33:20.5520",3185,"City Hall",40.7177325,-74.043845,3191,"Union St",40.7182113,-74.0836394,29450,"Subscriber",1991,1
439,"2018-12-17 11:24:57.7410","2018-12-17 11:32:17.3930",3185,"City Hall",40.7177325,-74.043845,3203,"Hamilton Park",40.727595966,-74.044247311,29306,"Subscriber",1953,2
249,"2018-12-17 11:40:15.3550","2018-12-17 11:44:24.7550",3185,"City Hall",40.7177325,-74.043845,3272,"Jersey & 3rd",40.72333158646436,-74.04595255851744,29597,"Subscriber",1981,1
617,"2018-12-17 12:22:24.8850","2018-12-17 12:32:42.8100",3185,"City Hall",40.7177325,-74.043845,3638,"Washington St",40.7242941,-74.0354826,29126,"Subscriber",1983,2
302,"2018-12-17 13:36:37.0820","2018-12-17 13:41:39.5440",3185,"City Hall",40.7177325,-74.043845,3269,"Brunswick & 6th",40.72601172964625,-74.05038893222809,29489,"Subscriber",1958,1
415,"2018-12-17 13:40:58.4030","2018-12-17 13:47:54.0600",3185,"City Hall",40.7177325,-74.043845,3214,"Essex Light Rail",40.7127742,-74.0364857,29544,"Subscriber",1985,1
497,"2018-12-17 15:00:14.1860","2018-12-17 15:08:31.5550",3185,"City Hall",40.7177325,-74.043845,3268,"Lafayette Park",40.71346382669195,-74.06285852193832,29219,"Customer",1991,1
446,"2018-12-17 17:29:45.3350","2018-12-17 17:37:11.4900",3185,"City Hall",40.7177325,-74.043845,3192,"Liberty Light Rail",40.7112423,-74.0557013,29523,"Subscriber",1980,1
371,"2018-12-17 18:01:15.4820","2018-12-17 18:07:26.7650",3185,"City Hall",40.7177325,-74.043845,3192,"Liberty Light Rail",40.7112423,-74.0557013,26208,"Subscriber",1982,1
94,"2018-12-17 18:02:31.5540","2018-12-17 18:04:06.0810",3185,"City Hall",40.7177325,-74.043845,3213,"Van Vorst Park",40.71848892,-74.047726625,29513,"Subscriber",1971,1
178,"2018-12-17 18:08:07.2470","2018-12-17 18:11:05.7850",3185,"City Hall",40.7177325,-74.043845,3205,"JC Medical Center",40.71653978099194,-74.0496379137039,29616,"Subscriber",1984,1
277,"2018-12-17 18:13:54.9410","2018-12-17 18:18:32.8800",3185,"City Hall",40.7177325,-74.043845,3187,"Warren St",40.7211236,-74.03805095,29212,"Subscriber",1987,2
561,"2018-12-17 18:22:02.5280","2018-12-17 18:31:23.6150",3185,"City Hall",40.7177325,-74.043845,3202,"Newport PATH",40.7272235,-74.0337589,29489,"Subscriber",1981,1
744,"2018-12-17 18:38:52.5380","2018-12-17 18:51:17.0660",3185,"City Hall",40.7177325,-74.043845,3192,"Liberty Light Rail",40.7112423,-74.0557013,26206,"Subscriber",1990,1
436,"2018-12-17 18:39:50.5150","2018-12-17 18:47:07.1710",3185,"City Hall",40.7177325,-74.043845,3192,"Liberty Light Rail",40.7112423,-74.0557013,29678,"Subscriber",1954,1
106,"2018-12-17 18:41:03.2460","2018-12-17 18:42:49.2770",3185,"City Hall",40.7177325,-74.043845,3276,"Marin Light Rail",40.71458403535893,-74.04281705617905,29277,"Subscriber",1991,1
179,"2018-12-17 18:42:37.3900","2018-12-17 18:45:37.1270",3185,"City Hall",40.7177325,-74.043845,3205,"JC Medical Center",40.71653978099194,-74.0496379137039,26244,"Subscriber",1992,1
97,"2018-12-17 18:46:25.4500","2018-12-17 18:48:02.5000",3185,"City Hall",40.7177325,-74.043845,3213,"Van Vorst Park",40.71848892,-74.047726625,29524,"Subscriber",1986,1
133,"2018-12-17 18:55:09.8450","2018-12-17 18:57:23.0830",3185,"City Hall",40.7177325,-74.043845,3276,"Marin Light Rail",40.71458403535893,-74.04281705617905,29619,"Subscriber",1989,1
195,"2018-12-17 18:56:28.6890","2018-12-17 18:59:44.0040",3185,"City Hall",40.7177325,-74.043845,3276,"Marin Light Rail",40.71458403535893,-74.04281705617905,29297,"Subscriber",1986,1
505,"2018-12-17 18:56:41.1020","2018-12-17 19:05:06.7300",3185,"City Hall",40.7177325,-74.043845,3192,"Liberty Light Rail",40.7112423,-74.0557013,29502,"Subscriber",1978,1
696,"2018-12-17 18:57:36.3240","2018-12-17 19:09:12.5280",3185,"City Hall",40.7177325,-74.043845,3268,"Lafayette Park",40.71346382669195,-74.06285852193832,29491,"Subscriber",1998,1
102,"2018-12-17 19:01:00.3210","2018-12-17 19:02:42.8200",3185,"City Hall",40.7177325,-74.043845,3276,"Marin Light Rail",40.71458403535893,-74.04281705617905,29442,"Subscriber",1980,1
347,"2018-12-17 19:03:35.7490","2018-12-17 19:09:23.5630",3185,"City Hall",40.7177325,-74.043845,3279,"Dixon Mills",40.721630142638354,-74.04996782541275,29450,"Subscriber",1988,1
179,"2018-12-17 19:42:04.1840","2018-12-17 19:45:03.6760",3185,"City Hall",40.7177325,-74.043845,3275,"Columbus Drive",40.71835519823214,-74.03891444206238,29533,"Subscriber",1994,1
97,"2018-12-17 21:56:28.7270","2018-12-17 21:58:06.2480",3185,"City Hall",40.7177325,-74.043845,3213,"Van Vorst Park",40.71848892,-74.047726625,29250,"Subscriber",1988,1
266,"2018-12-18 08:27:18.9730","2018-12-18 08:31:45.3780",3185,"City Hall",40.7177325,-74.043845,3184,"Paulus Hook",40.7141454,-74.0335519,29296,"Subscriber",1995,1
393,"2018-12-18 09:24:15.5670","2018-12-18 09:30:49.2950",3185,"City Hall",40.7177325,-74.043845,3203,"Hamilton Park",40.727595966,-74.044247311,29210,"Subscriber",1973,2
666,"2018-12-18 12:15:19.2940","2018-12-18 12:26:25.3490",3185,"City Hall",40.7177325,-74.043845,3269,"Brunswick & 6th",40.72601172964625,-74.05038893222809,29483,"Subscriber",1956,1
712,"2018-12-18 12:40:44.4150","2018-12-18 12:52:36.4520",3185,"City Hall",40.7177325,-74.043845,3267,"Morris Canal",40.7124188237569,-74.03852552175522,29305,"Subscriber",1967,1
113,"2018-12-18 12:44:58.6660","2018-12-18 12:46:52.2510",3185,"City Hall",40.7177325,-74.043845,3481,"York St",40.71649,-74.04105,29214,"Subscriber",1988,1
275,"2018-12-18 13:52:56.0500","2018-12-18 13:57:31.1810",3185,"City Hall",40.7177325,-74.043845,3639,"Harborside",40.7192517,-74.034234,29502,"Subscriber",1972,1
277,"2018-12-18 14:27:01.8380","2018-12-18 14:31:38.8840",3185,"City Hall",40.7177325,-74.043845,3279,"Dixon Mills",40.721630142638354,-74.04996782541275,26245,"Subscriber",1992,2
418,"2018-12-18 14:32:00.1760","2018-12-18 14:38:58.7400",3185,"City Hall",40.7177325,-74.043845,3203,"Hamilton Park",40.727595966,-74.044247311,29639,"Subscriber",1953,2
265,"2018-12-18 17:46:01.4540","2018-12-18 17:50:26.5150",3185,"City Hall",40.7177325,-74.043845,3184,"Paulus Hook",40.7141454,-74.0335519,26211,"Subscriber",1986,1
89,"2018-12-18 18:06:09.0410","2018-12-18 18:07:38.6670",3185,"City Hall",40.7177325,-74.043845,3213,"Van Vorst Park",40.71848892,-74.047726625,29546,"Subscriber",1971,1
238,"2018-12-18 18:19:08.9800","2018-12-18 18:23:07.2260",3185,"City Hall",40.7177325,-74.043845,3187,"Warren St",40.7211236,-74.03805095,29241,"Subscriber",1988,1
526,"2018-12-18 18:35:21.1320","2018-12-18 18:44:08.0720",3185,"City Hall",40.7177325,-74.043845,3279,"Dixon Mills",40.721630142638354,-74.04996782541275,26295,"Subscriber",1987,1
331,"2018-12-18 19:10:46.5430","2018-12-18 19:16:17.7780",3185,"City Hall",40.7177325,-74.043845,3203,"Hamilton Park",40.727595966,-74.044247311,26241,"Subscriber",1968,1
599,"2018-12-18 19:15:49.6580","2018-12-18 19:25:48.7020",3185,"City Hall",40.7177325,-74.043845,3186,"Grove St PATH",40.71958611647166,-74.04311746358871,26293,"Subscriber",1973,1
334,"2018-12-18 20:39:58.6650","2018-12-18 20:45:33.3080",3185,"City Hall",40.7177325,-74.043845,3275,"Columbus Drive",40.71835519823214,-74.03891444206238,29554,"Subscriber",1972,1
120,"2018-12-19 00:47:16.0270","2018-12-19 00:49:16.9700",3185,"City Hall",40.7177325,-74.043845,3276,"Marin Light Rail",40.71458403535893,-74.04281705617905,29286,"Subscriber",1989,1
441,"2018-12-19 08:03:12.3980","2018-12-19 08:10:34.1090",3185,"City Hall",40.7177325,-74.043845,3214,"Essex Light Rail",40.7127742,-74.0364857,29583,"Subscriber",1994,1
265,"2018-12-19 08:04:56.0380","2018-12-19 08:09:21.7150",3185,"City Hall",40.7177325,-74.043845,3183,"Exchange Place",40.7162469,-74.0334588,29254,"Subscriber",1983,1
205,"2018-12-19 12:50:45.7100","2018-12-19 12:54:11.4690",3185,"City Hall",40.7177325,-74.043845,3211,"Newark Ave",40.72152515,-74.046304543,29124,"Subscriber",1970,2
154,"2018-12-19 13:17:37.0530","2018-12-19 13:20:11.7860",3185,"City Hall",40.7177325,-74.043845,3681,"Grand St",40.71517767732029,-74.03768330812454,29296,"Subscriber",1985,1
105,"2018-12-19 15:04:44.6230","2018-12-19 15:06:29.8460",3185,"City Hall",40.7177325,-74.043845,3481,"York St",40.71649,-74.04105,29677,"Subscriber",1988,1
2497,"2018-12-19 16:10:10.6680","2018-12-19 16:51:48.1570",3185,"City Hall",40.7177325,-74.043845,3185,"City Hall",40.7177325,-74.043845,29516,"Subscriber",1973,1
167,"2018-12-19 17:27:07.1450","2018-12-19 17:29:54.4430",3185,"City Hall",40.7177325,-74.043845,3275,"Columbus Drive",40.71835519823214,-74.03891444206238,29676,"Subscriber",1994,1
330,"2018-12-19 17:36:19.9810","2018-12-19 17:41:50.0230",3185,"City Hall",40.7177325,-74.043845,3638,"Washington St",40.7242941,-74.0354826,29516,"Subscriber",1988,1
322,"2018-12-19 17:46:31.1480","2018-12-19 17:51:53.6000",3185,"City Hall",40.7177325,-74.043845,3184,"Paulus Hook",40.7141454,-74.0335519,29483,"Subscriber",1986,1
256,"2018-12-19 17:56:07.6800","2018-12-19 18:00:24.1130",3185,"City Hall",40.7177325,-74.043845,3205,"JC Medical Center",40.71653978099194,-74.0496379137039,29493,"Subscriber",1984,1
123,"2018-12-19 18:11:48.8620","2018-12-19 18:13:52.8180",3185,"City Hall",40.7177325,-74.043845,3276,"Marin Light Rail",40.71458403535893,-74.04281705617905,29619,"Subscriber",1979,1
213,"2018-12-19 18:25:59.1730","2018-12-19 18:29:32.6290",3185,"City Hall",40.7177325,-74.043845,3276,"Marin Light Rail",40.71458403535893,-74.04281705617905,26183,"Subscriber",1989,1
354,"2018-12-19 19:38:03.3420","2018-12-19 19:43:58.1290",3185,"City Hall",40.7177325,-74.043845,3192,"Liberty Light Rail",40.7112423,-74.0557013,29208,"Subscriber",1988,1
157,"2018-12-19 19:42:46.9270","2018-12-19 19:45:24.1110",3185,"City Hall",40.7177325,-74.043845,3276,"Marin Light Rail",40.71458403535893,-74.04281705617905,26159,"Subscriber",1986,1
292,"2018-12-19 19:52:49.5840","2018-12-19 19:57:41.8060",3185,"City Hall",40.7177325,-74.043845,3209,"Brunswick St",40.7241765,-74.0506564,29257,"Subscriber",1967,1
228,"2018-12-19 20:45:21.6200","2018-12-19 20:49:10.0420",3185,"City Hall",40.7177325,-74.043845,3209,"Brunswick St",40.7241765,-74.0506564,29450,"Subscriber",1986,1
98,"2018-12-19 20:58:37.5910","2018-12-19 21:00:16.3510",3185,"City Hall",40.7177325,-74.043845,3213,"Van Vorst Park",40.71848892,-74.047726625,29659,"Subscriber",1986,1
700,"2018-12-19 21:35:48.5580","2018-12-19 21:47:29.4620",3185,"City Hall",40.7177325,-74.043845,3277,"Communipaw & Berry Lane",40.71435836870427,-74.06661093235016,29121,"Customer",1991,2
165,"2018-12-19 21:58:04.0190","2018-12-19 22:00:49.6760",3185,"City Hall",40.7177325,-74.043845,3276,"Marin Light Rail",40.71458403535893,-74.04281705617905,29275,"Subscriber",1983,1
109,"2018-12-19 22:11:38.6840","2018-12-19 22:13:28.3660",3185,"City Hall",40.7177325,-74.043845,3276,"Marin Light Rail",40.71458403535893,-74.04281705617905,29298,"Subscriber",1989,1
234,"2018-12-20 09:51:42.7510","2018-12-20 09:55:37.1400",3185,"City Hall",40.7177325,-74.043845,3483,"Montgomery St",40.71942,-74.05099,29551,"Subscriber",1985,2
962,"2018-12-20 11:41:57.4690","2018-12-20 11:58:00.2170",3185,"City Hall",40.7177325,-74.043845,3185,"City Hall",40.7177325,-74.043845,29498,"Subscriber",1985,1
340,"2018-12-20 11:55:15.7610","2018-12-20 12:00:56.5390",3185,"City Hall",40.7177325,-74.043845,3209,"Brunswick St",40.7241765,-74.0506564,26268,"Subscriber",1988,1
327,"2018-12-20 13:21:20.7010","2018-12-20 13:26:48.3780",3185,"City Hall",40.7177325,-74.043845,3187,"Warren St",40.7211236,-74.03805095,29491,"Subscriber",1953,2
1384,"2018-12-20 18:01:40.7400","2018-12-20 18:24:45.3950",3185,"City Hall",40.7177325,-74.043845,3187,"Warren St",40.7211236,-74.03805095,26268,"Subscriber",1988,1
206,"2018-12-20 18:28:37.8020","2018-12-20 18:32:04.5190",3185,"City Hall",40.7177325,-74.043845,3205,"JC Medical Center",40.71653978099194,-74.0496379137039,26309,"Subscriber",1984,1
419,"2018-12-20 20:41:40.4880","2018-12-20 20:48:40.0440",3185,"City Hall",40.7177325,-74.043845,3192,"Liberty Light Rail",40.7112423,-74.0557013,29498,"Subscriber",1991,1
204,"2018-12-20 20:50:28.2510","2018-12-20 20:53:52.8850",3185,"City Hall",40.7177325,-74.043845,3681,"Grand St",40.71517767732029,-74.03768330812454,29484,"Subscriber",1970,1
106,"2018-12-21 08:35:16.6390","2018-12-21 08:37:03.3970",3185,"City Hall",40.7177325,-74.043845,3186,"Grove St PATH",40.71958611647166,-74.04311746358871,29546,"Subscriber",1987,1
285,"2018-12-21 14:10:23.0340","2018-12-21 14:15:08.3160",3185,"City Hall",40.7177325,-74.043845,3267,"Morris Canal",40.7124188237569,-74.03852552175522,29640,"Subscriber",1970,1
432,"2018-12-21 14:38:43.1530","2018-12-21 14:45:55.2910",3185,"City Hall",40.7177325,-74.043845,3192,"Liberty Light Rail",40.7112423,-74.0557013,29639,"Subscriber",1981,2
188,"2018-12-21 15:29:27.4590","2018-12-21 15:32:35.9490",3185,"City Hall",40.7177325,-74.043845,3205,"JC Medical Center",40.71653978099194,-74.0496379137039,29450,"Subscriber",1984,1
226,"2018-12-21 17:04:30.9160","2018-12-21 17:08:17.8070",3185,"City Hall",40.7177325,-74.043845,3681,"Grand St",40.71517767732029,-74.03768330812454,29445,"Subscriber",1988,1
491,"2018-12-21 18:59:42.4100","2018-12-21 19:07:54.0850",3185,"City Hall",40.7177325,-74.043845,3202,"Newport PATH",40.7272235,-74.0337589,29222,"Subscriber",1981,1
205,"2018-12-21 19:08:45.2570","2018-12-21 19:12:10.9920",3185,"City Hall",40.7177325,-74.043845,3275,"Columbus Drive",40.71835519823214,-74.03891444206238,29491,"Subscriber",1994,1
415,"2018-12-22 02:30:06.0680","2018-12-22 02:37:01.2350",3185,"City Hall",40.7177325,-74.043845,3267,"Morris Canal",40.7124188237569,-74.03852552175522,29549,"Subscriber",1984,1
257,"2018-12-22 02:32:52.3800","2018-12-22 02:37:09.7830",3185,"City Hall",40.7177325,-74.043845,3267,"Morris Canal",40.7124188237569,-74.03852552175522,29469,"Customer",1981,1
279,"2018-12-22 07:57:31.7950","2018-12-22 08:02:11.1290",3185,"City Hall",40.7177325,-74.043845,3483,"Montgomery St",40.71942,-74.05099,29297,"Subscriber",1985,2
366,"2018-12-22 10:24:03.7990","2018-12-22 10:30:10.0270",3185,"City Hall",40.7177325,-74.043845,3209,"Brunswick St",40.7241765,-74.0506564,29207,"Subscriber",1985,2
578,"2018-12-22 11:58:31.4920","2018-12-22 12:08:09.6840",3185,"City Hall",40.7177325,-74.043845,3203,"Hamilton Park",40.727595966,-74.044247311,29283,"Subscriber",1986,1
120,"2018-12-22 12:32:29.1780","2018-12-22 12:34:30.0890",3185,"City Hall",40.7177325,-74.043845,3275,"Columbus Drive",40.71835519823214,-74.03891444206238,29554,"Subscriber",1994,1
274,"2018-12-22 12:47:16.7160","2018-12-22 12:51:51.2620",3185,"City Hall",40.7177325,-74.043845,3267,"Morris Canal",40.7124188237569,-74.03852552175522,29273,"Subscriber",1990,1
881,"2018-12-22 13:51:59.8850","2018-12-22 14:06:41.1030",3185,"City Hall",40.7177325,-74.043845,3199,"Newport Pkwy",40.7287448,-74.0321082,29277,"Subscriber",1993,2
523,"2018-12-22 14:29:06.2580","2018-12-22 14:37:50.1050",3185,"City Hall",40.7177325,-74.043845,3214,"Essex Light Rail",40.7127742,-74.0364857,29212,"Subscriber",1985,2
1065,"2018-12-22 15:37:36.7770","2018-12-22 15:55:22.4660",3185,"City Hall",40.7177325,-74.043845,3185,"City Hall",40.7177325,-74.043845,26203,"Subscriber",1992,2
113,"2018-12-22 15:43:52.2930","2018-12-22 15:45:46.0560",3185,"City Hall",40.7177325,-74.043845,3276,"Marin Light Rail",40.71458403535893,-74.04281705617905,29645,"Subscriber",1986,1
498,"2018-12-22 19:03:33.7230","2018-12-22 19:11:51.8610",3185,"City Hall",40.7177325,-74.043845,3202,"Newport PATH",40.7272235,-74.0337589,29536,"Subscriber",1981,1
1339,"2018-12-22 19:11:50.8500","2018-12-22 19:34:10.1850",3185,"City Hall",40.7177325,-74.043845,3280,"Astor Place",40.71928220070702,-74.07126188278198,29306,"Subscriber",1953,2
326,"2018-12-22 21:18:28.1550","2018-12-22 21:23:54.6050",3185,"City Hall",40.7177325,-74.043845,3279,"Dixon Mills",40.721630142638354,-74.04996782541275,26203,"Subscriber",1985,2
416,"2018-12-22 22:47:32.2210","2018-12-22 22:54:28.7490",3185,"City Hall",40.7177325,-74.043845,3192,"Liberty Light Rail",40.7112423,-74.0557013,29215,"Subscriber",1986,1
187,"2018-12-23 09:25:31.0780","2018-12-23 09:28:38.7480",3185,"City Hall",40.7177325,-74.043845,3205,"JC Medical Center",40.71653978099194,-74.0496379137039,26183,"Subscriber",1964,1
569,"2018-12-23 11:24:45.0740","2018-12-23 11:34:14.3040",3185,"City Hall",40.7177325,-74.043845,3202,"Newport PATH",40.7272235,-74.0337589,29288,"Subscriber",1986,2
279,"2018-12-23 13:09:52.2530","2018-12-23 13:14:31.7450",3185,"City Hall",40.7177325,-74.043845,3186,"Grove St PATH",40.71958611647166,-74.04311746358871,26212,"Subscriber",1962,1
247,"2018-12-23 13:17:30.4410","2018-12-23 13:21:37.6340",3185,"City Hall",40.7177325,-74.043845,3272,"Jersey & 3rd",40.72333158646436,-74.04595255851744,29662,"Subscriber",1986,1
1608,"2018-12-23 13:18:21.1800","2018-12-23 13:45:09.9040",3185,"City Hall",40.7177325,-74.043845,3192,"Liberty Light Rail",40.7112423,-74.0557013,26179,"Customer",1993,1
1380,"2018-12-23 13:23:52.1180","2018-12-23 13:46:52.3620",3185,"City Hall",40.7177325,-74.043845,3192,"Liberty Light Rail",40.7112423,-74.0557013,26298,"Customer",1992,1
256,"2018-12-23 16:29:35.8030","2018-12-23 16:33:52.2320",3185,"City Hall",40.7177325,-74.043845,3681,"Grand St",40.71517767732029,-74.03768330812454,26292,"Subscriber",1957,1
1098,"2018-12-23 17:01:54.3740","2018-12-23 17:20:12.8190",3185,"City Hall",40.7177325,-74.043845,3203,"Hamilton Park",40.727595966,-74.044247311,26233,"Subscriber",1981,1
820,"2018-12-23 17:22:30.6690","2018-12-23 17:36:11.4910",3185,"City Hall",40.7177325,-74.043845,3210,"Pershing Field",40.742677141,-74.051788633,29124,"Subscriber",1988,1
135,"2018-12-23 17:55:30.3380","2018-12-23 17:57:45.6070",3185,"City Hall",40.7177325,-74.043845,3275,"Columbus Drive",40.71835519823214,-74.03891444206238,26202,"Subscriber",1994,1
438,"2018-12-23 22:37:41.0150","2018-12-23 22:44:59.6650",3185,"City Hall",40.7177325,-74.043845,3268,"Lafayette Park",40.71346382669195,-74.06285852193832,26286,"Subscriber",1992,1
449,"2018-12-24 12:07:58.9080","2018-12-24 12:15:28.4400",3185,"City Hall",40.7177325,-74.043845,3202,"Newport PATH",40.7272235,-74.0337589,26311,"Subscriber",1962,1
271,"2018-12-24 12:57:24.6190","2018-12-24 13:01:56.5220",3185,"City Hall",40.7177325,-74.043845,3214,"Essex Light Rail",40.7127742,-74.0364857,26294,"Subscriber",1988,2
589,"2018-12-24 13:39:17.6380","2018-12-24 13:49:07.1190",3185,"City Hall",40.7177325,-74.043845,3192,"Liberty Light Rail",40.7112423,-74.0557013,29215,"Subscriber",1989,1
228,"2018-12-24 14:04:16.0140","2018-12-24 14:08:04.9890",3185,"City Hall",40.7177325,-74.043845,3483,"Montgomery St",40.71942,-74.05099,29487,"Subscriber",1988,1
475,"2018-12-24 16:20:38.4200","2018-12-24 16:28:33.8710",3185,"City Hall",40.7177325,-74.043845,3202,"Newport PATH",40.7272235,-74.0337589,26213,"Subscriber",1981,1
168,"2018-12-24 17:34:12.3720","2018-12-24 17:37:00.7310",3185,"City Hall",40.7177325,-74.043845,3483,"Montgomery St",40.71942,-74.05099,29254,"Subscriber",1988,1
77,"2018-12-24 18:43:50.4910","2018-12-24 18:45:07.9080",3185,"City Hall",40.7177325,-74.043845,3186,"Grove St PATH",40.71958611647166,-74.04311746358871,26282,"Subscriber",1987,1
62,"2018-12-24 18:56:18.5250","2018-12-24 18:57:21.5200",3185,"City Hall",40.7177325,-74.043845,3186,"Grove St PATH",40.71958611647166,-74.04311746358871,29608,"Subscriber",1987,1
370,"2018-12-24 21:09:19.0780","2018-12-24 21:15:29.5830",3185,"City Hall",40.7177325,-74.043845,3209,"Brunswick St",40.7241765,-74.0506564,29670,"Subscriber",1986,1
643,"2018-12-25 14:01:16.4550","2018-12-25 14:11:59.7060",3185,"City Hall",40.7177325,-74.043845,3192,"Liberty Light Rail",40.7112423,-74.0557013,29127,"Subscriber",1979,1
589,"2018-12-25 14:02:18.6470","2018-12-25 14:12:07.9530",3185,"City Hall",40.7177325,-74.043845,3192,"Liberty Light Rail",40.7112423,-74.0557013,26157,"Subscriber",1982,0
133,"2018-12-25 14:28:32.0170","2018-12-25 14:30:45.3610",3185,"City Hall",40.7177325,-74.043845,3276,"Marin Light Rail",40.71458403535893,-74.04281705617905,29122,"Subscriber",1973,1
360,"2018-12-25 18:47:08.0020","2018-12-25 18:53:08.5310",3185,"City Hall",40.7177325,-74.043845,3185,"City Hall",40.7177325,-74.043845,29528,"Subscriber",1973,1
804,"2018-12-26 06:56:33.0480","2018-12-26 07:09:57.1280",3185,"City Hall",40.7177325,-74.043845,3277,"Communipaw & Berry Lane",40.71435836870427,-74.06661093235016,26254,"Subscriber",1988,1
270,"2018-12-26 09:06:34.4060","2018-12-26 09:11:05.3540",3185,"City Hall",40.7177325,-74.043845,3214,"Essex Light Rail",40.7127742,-74.0364857,26261,"Subscriber",1988,2
344,"2018-12-26 09:24:38.7300","2018-12-26 09:30:23.0720",3185,"City Hall",40.7177325,-74.043845,3203,"Hamilton Park",40.727595966,-74.044247311,29506,"Subscriber",1973,2
698,"2018-12-26 11:39:47.9360","2018-12-26 11:51:26.0580",3185,"City Hall",40.7177325,-74.043845,3213,"Van Vorst Park",40.71848892,-74.047726625,29609,"Subscriber",1984,2
417,"2018-12-26 12:48:39.0900","2018-12-26 12:55:36.7210",3185,"City Hall",40.7177325,-74.043845,3269,"Brunswick & 6th",40.72601172964625,-74.05038893222809,29645,"Subscriber",1986,2
621,"2018-12-26 14:13:53.4190","2018-12-26 14:24:14.7720",3185,"City Hall",40.7177325,-74.043845,3638,"Washington St",40.7242941,-74.0354826,29215,"Subscriber",1990,1
207,"2018-12-26 14:41:22.0530","2018-12-26 14:44:50.0040",3185,"City Hall",40.7177325,-74.043845,3272,"Jersey & 3rd",40.72333158646436,-74.04595255851744,29595,"Subscriber",1962,1
205,"2018-12-26 15:14:54.7690","2018-12-26 15:18:20.4590",3185,"City Hall",40.7177325,-74.043845,3279,"Dixon Mills",40.721630142638354,-74.04996782541275,26184,"Subscriber",1984,2
155,"2018-12-26 16:19:14.5770","2018-12-26 16:21:49.9630",3185,"City Hall",40.7177325,-74.043845,3275,"Columbus Drive",40.71835519823214,-74.03891444206238,26271,"Subscriber",1994,1
400,"2018-12-26 16:29:56.2030","2018-12-26 16:36:36.5880",3185,"City Hall",40.7177325,-74.043845,3184,"Paulus Hook",40.7141454,-74.0335519,29520,"Subscriber",1972,1
311,"2018-12-26 17:04:55.8480","2018-12-26 17:10:07.6870",3185,"City Hall",40.7177325,-74.043845,3267,"Morris Canal",40.7124188237569,-74.03852552175522,26245,"Subscriber",1987,1
360,"2018-12-26 18:51:42.6990","2018-12-26 18:57:43.5820",3185,"City Hall",40.7177325,-74.043845,3638,"Washington St",40.7242941,-74.0354826,26267,"Subscriber",1988,1
373,"2018-12-26 20:07:31.7410","2018-12-26 20:13:44.9340",3185,"City Hall",40.7177325,-74.043845,3209,"Brunswick St",40.7241765,-74.0506564,29616,"Subscriber",1986,1
181,"2018-12-26 21:44:54.4630","2018-12-26 21:47:56.2380",3185,"City Hall",40.7177325,-74.043845,3681,"Grand St",40.71517767732029,-74.03768330812454,29569,"Subscriber",1973,1
207,"2018-12-27 07:57:11.6030","2018-12-27 08:00:39.1430",3185,"City Hall",40.7177325,-74.043845,3184,"Paulus Hook",40.7141454,-74.0335519,29455,"Subscriber",1983,1
261,"2018-12-27 08:09:21.2080","2018-12-27 08:13:43.1440",3185,"City Hall",40.7177325,-74.043845,3205,"JC Medical Center",40.71653978099194,-74.0496379137039,29495,"Subscriber",1964,1
473,"2018-12-27 10:20:09.3820","2018-12-27 10:28:03.1180",3185,"City Hall",40.7177325,-74.043845,3267,"Morris Canal",40.7124188237569,-74.03852552175522,29476,"Subscriber",1963,2
149,"2018-12-27 12:19:58.1920","2018-12-27 12:22:27.6930",3185,"City Hall",40.7177325,-74.043845,3205,"JC Medical Center",40.71653978099194,-74.0496379137039,29517,"Subscriber",1984,1
309,"2018-12-27 14:06:27.3370","2018-12-27 14:11:37.2830",3185,"City Hall",40.7177325,-74.043845,3184,"Paulus Hook",40.7141454,-74.0335519,26266,"Subscriber",1970,1
303,"2018-12-27 14:06:50.2650","2018-12-27 14:11:53.3510",3185,"City Hall",40.7177325,-74.043845,3184,"Paulus Hook",40.7141454,-74.0335519,29655,"Subscriber",1982,2
129,"2018-12-27 17:03:15.2710","2018-12-27 17:05:24.3660",3185,"City Hall",40.7177325,-74.043845,3186,"Grove St PATH",40.71958611647166,-74.04311746358871,26230,"Subscriber",1982,1
157,"2018-12-27 17:41:49.1160","2018-12-27 17:44:26.4550",3185,"City Hall",40.7177325,-74.043845,3205,"JC Medical Center",40.71653978099194,-74.0496379137039,29517,"Subscriber",1982,2
147,"2018-12-27 17:41:49.6210","2018-12-27 17:44:17.3200",3185,"City Hall",40.7177325,-74.043845,3205,"JC Medical Center",40.71653978099194,-74.0496379137039,29273,"Subscriber",1970,1
770,"2018-12-27 17:48:09.0550","2018-12-27 18:00:59.9150",3185,"City Hall",40.7177325,-74.043845,3276,"Marin Light Rail",40.71458403535893,-74.04281705617905,29463,"Subscriber",1985,1
720,"2018-12-27 17:49:06.1170","2018-12-27 18:01:06.3150",3185,"City Hall",40.7177325,-74.043845,3202,"Newport PATH",40.7272235,-74.0337589,29234,"Subscriber",1985,2
285,"2018-12-27 18:17:17.5610","2018-12-27 18:22:03.1170",3185,"City Hall",40.7177325,-74.043845,3213,"Van Vorst Park",40.71848892,-74.047726625,29676,"Subscriber",1992,1
96,"2018-12-27 18:31:16.1220","2018-12-27 18:32:52.4000",3185,"City Hall",40.7177325,-74.043845,3186,"Grove St PATH",40.71958611647166,-74.04311746358871,29619,"Subscriber",1957,1
189,"2018-12-27 18:57:13.4330","2018-12-27 19:00:22.9230",3185,"City Hall",40.7177325,-74.043845,3205,"JC Medical Center",40.71653978099194,-74.0496379137039,29667,"Subscriber",1992,1
499,"2018-12-27 20:13:00.9500","2018-12-27 20:21:20.6940",3185,"City Hall",40.7177325,-74.043845,3192,"Liberty Light Rail",40.7112423,-74.0557013,29443,"Subscriber",1985,1
527,"2018-12-27 20:38:47.3500","2018-12-27 20:47:34.8160",3185,"City Hall",40.7177325,-74.043845,3681,"Grand St",40.71517767732029,-74.03768330812454,26268,"Subscriber",1970,1
72,"2018-12-27 20:47:57.5810","2018-12-27 20:49:09.8130",3185,"City Hall",40.7177325,-74.043845,3186,"Grove St PATH",40.71958611647166,-74.04311746358871,29231,"Subscriber",1983,1
410,"2018-12-27 21:07:46.2680","2018-12-27 21:14:36.9880",3185,"City Hall",40.7177325,-74.043845,3202,"Newport PATH",40.7272235,-74.0337589,29676,"Subscriber",1981,1
163,"2018-12-27 22:18:37.2570","2018-12-27 22:21:21.1530",3185,"City Hall",40.7177325,-74.043845,3276,"Marin Light Rail",40.71458403535893,-74.04281705617905,29286,"Subscriber",1988,1
80,"2018-12-28 13:42:33.1850","2018-12-28 13:43:53.2250",3185,"City Hall",40.7177325,-74.043845,3186,"Grove St PATH",40.71958611647166,-74.04311746358871,26244,"Subscriber",1987,1
427,"2018-12-28 14:33:17.5290","2018-12-28 14:40:25.1130",3185,"City Hall",40.7177325,-74.043845,3268,"Lafayette Park",40.71346382669195,-74.06285852193832,29655,"Subscriber",1975,1
65,"2018-12-28 17:56:49.7510","2018-12-28 17:57:55.2800",3185,"City Hall",40.7177325,-74.043845,3186,"Grove St PATH",40.71958611647166,-74.04311746358871,29293,"Subscriber",1987,1
69,"2018-12-28 18:04:52.6260","2018-12-28 18:06:02.1380",3185,"City Hall",40.7177325,-74.043845,3186,"Grove St PATH",40.71958611647166,-74.04311746358871,29635,"Subscriber",1987,1
625,"2018-12-28 18:11:20.9060","2018-12-28 18:21:46.1210",3185,"City Hall",40.7177325,-74.043845,3202,"Newport PATH",40.7272235,-74.0337589,29480,"Subscriber",1981,1
109,"2018-12-28 18:12:54.4590","2018-12-28 18:14:43.5780",3185,"City Hall",40.7177325,-74.043845,3186,"Grove St PATH",40.71958611647166,-74.04311746358871,29126,"Subscriber",1987,1
359,"2018-12-29 00:19:48.8530","2018-12-29 00:25:48.1150",3185,"City Hall",40.7177325,-74.043845,3184,"Paulus Hook",40.7141454,-74.0335519,26259,"Subscriber",1988,1
1866,"2018-12-29 11:36:55.1390","2018-12-29 12:08:02.0130",3185,"City Hall",40.7177325,-74.043845,3199,"Newport Pkwy",40.7287448,-74.0321082,29250,"Subscriber",1962,1
136,"2018-12-29 12:31:23.6320","2018-12-29 12:33:39.6760",3185,"City Hall",40.7177325,-74.043845,3275,"Columbus Drive",40.71835519823214,-74.03891444206238,29534,"Subscriber",1994,1
585,"2018-12-29 12:53:53.1230","2018-12-29 13:03:38.2720",3185,"City Hall",40.7177325,-74.043845,3202,"Newport PATH",40.7272235,-74.0337589,29474,"Subscriber",1986,1
129,"2018-12-29 16:07:37.0180","2018-12-29 16:09:46.9380",3185,"City Hall",40.7177325,-74.043845,3273,"Manila & 1st",40.721650724879986,-74.04288411140442,26192,"Subscriber",1994,1
216,"2018-12-29 16:54:48.0400","2018-12-29 16:58:24.6500",3185,"City Hall",40.7177325,-74.043845,3681,"Grand St",40.71517767732029,-74.03768330812454,29127,"Subscriber",1985,1
217,"2018-12-29 17:45:54.6110","2018-12-29 17:49:31.6170",3185,"City Hall",40.7177325,-74.043845,3276,"Marin Light Rail",40.71458403535893,-74.04281705617905,29207,"Subscriber",1986,1
683,"2018-12-29 19:00:49.8880","2018-12-29 19:12:13.4070",3185,"City Hall",40.7177325,-74.043845,3202,"Newport PATH",40.7272235,-74.0337589,29554,"Subscriber",1981,1
1154,"2018-12-30 09:22:40.9660","2018-12-30 09:41:55.2200",3185,"City Hall",40.7177325,-74.043845,3202,"Newport PATH",40.7272235,-74.0337589,29286,"Subscriber",1962,1
367,"2018-12-30 10:38:19.2160","2018-12-30 10:44:26.5930",3185,"City Hall",40.7177325,-74.043845,3214,"Essex Light Rail",40.7127742,-74.0364857,29502,"Subscriber",1983,2
86,"2018-12-30 13:19:05.8480","2018-12-30 13:20:32.4760",3185,"City Hall",40.7177325,-74.043845,3186,"Grove St PATH",40.71958611647166,-74.04311746358871,29657,"Subscriber",1957,1
478,"2018-12-30 13:43:53.4800","2018-12-30 13:51:52.1170",3185,"City Hall",40.7177325,-74.043845,3269,"Brunswick & 6th",40.72601172964625,-74.05038893222809,29546,"Subscriber",1978,1
627,"2018-12-30 14:16:57.9300","2018-12-30 14:27:25.3480",3185,"City Hall",40.7177325,-74.043845,3194,"McGinley Square",40.7253399253558,-74.06762212514877,29448,"Customer",1990,1
1264,"2018-12-30 16:00:26.7780","2018-12-30 16:21:31.6180",3185,"City Hall",40.7177325,-74.043845,3185,"City Hall",40.7177325,-74.043845,29267,"Subscriber",1984,2
391,"2018-12-30 16:01:27.9670","2018-12-30 16:07:59.3390",3185,"City Hall",40.7177325,-74.043845,3639,"Harborside",40.7192517,-74.034234,26266,"Subscriber",1985,2
215,"2018-12-30 18:42:54.6440","2018-12-30 18:46:30.4010",3185,"City Hall",40.7177325,-74.043845,3211,"Newark Ave",40.72152515,-74.046304543,29297,"Subscriber",1994,1
446,"2018-12-30 18:58:14.8460","2018-12-30 19:05:41.4050",3185,"City Hall",40.7177325,-74.043845,3202,"Newport PATH",40.7272235,-74.0337589,29288,"Subscriber",1981,1
266,"2018-12-30 20:21:33.0130","2018-12-30 20:25:59.9560",3185,"City Hall",40.7177325,-74.043845,3270,"Jersey & 6th St",40.72528910781132,-74.04557168483734,29297,"Subscriber",1978,1
295,"2018-12-31 08:58:51.9920","2018-12-31 09:03:47.7130",3185,"City Hall",40.7177325,-74.043845,3184,"Paulus Hook",40.7141454,-74.0335519,29448,"Subscriber",1988,2
313,"2018-12-31 09:22:05.7320","2018-12-31 09:27:18.8250",3185,"City Hall",40.7177325,-74.043845,3184,"Paulus Hook",40.7141454,-74.0335519,29529,"Subscriber",1995,1
675,"2018-12-31 09:24:50.0520","2018-12-31 09:36:05.3870",3185,"City Hall",40.7177325,-74.043845,3276,"Marin Light Rail",40.71458403535893,-74.04281705617905,29121,"Subscriber",1976,2
294,"2018-12-31 10:09:04.2980","2018-12-31 10:13:58.9280",3185,"City Hall",40.7177325,-74.043845,3278,"Monmouth and 6th",40.72568548362901,-74.04879033565521,29525,"Subscriber",1968,1
465,"2018-12-31 12:14:29.1900","2018-12-31 12:22:14.6490",3185,"City Hall",40.7177325,-74.043845,3638,"Washington St",40.7242941,-74.0354826,29670,"Customer",1990,1
1232,"2018-12-31 13:12:27.2950","2018-12-31 13:32:59.7190",3185,"City Hall",40.7177325,-74.043845,3185,"City Hall",40.7177325,-74.043845,29121,"Subscriber",1984,2
176,"2018-12-31 14:11:08.6500","2018-12-31 14:14:05.6280",3185,"City Hall",40.7177325,-74.043845,3276,"Marin Light Rail",40.71458403535893,-74.04281705617905,29267,"Subscriber",1985,1
465,"2018-12-31 17:07:36.4210","2018-12-31 17:15:21.6660",3185,"City Hall",40.7177325,-74.043845,3209,"Brunswick St",40.7241765,-74.0506564,29290,"Subscriber",1985,2
346,"2018-12-01 00:17:52.0590","2018-12-01 00:23:38.9050",3186,"Grove St PATH",40.71958611647166,-74.04311746358871,3267,"Morris Canal",40.7124188237569,-74.03852552175522,26200,"Subscriber",1981,1
376,"2018-12-01 00:43:00.4120","2018-12-01 00:49:16.7520",3186,"Grove St PATH",40.71958611647166,-74.04311746358871,3270,"Jersey & 6th St",40.72528910781132,-74.04557168483734,29605,"Subscriber",1983,1
358,"2018-12-01 07:22:04.7620","2018-12-01 07:28:03.0190",3186,"Grove St PATH",40.71958611647166,-74.04311746358871,3270,"Jersey & 6th St",40.72528910781132,-74.04557168483734,29243,"Subscriber",1992,2
680,"2018-12-01 08:31:36.2710","2018-12-01 08:42:56.2900",3186,"Grove St PATH",40.71958611647166,-74.04311746358871,3185,"City Hall",40.7177325,-74.043845,29635,"Subscriber",1986,1
299,"2018-12-01 09:11:04.9330","2018-12-01 09:16:04.1350",3186,"Grove St PATH",40.71958611647166,-74.04311746358871,3269,"Brunswick & 6th",40.72601172964625,-74.05038893222809,29223,"Subscriber",1986,1
233,"2018-12-01 09:17:13.2830","2018-12-01 09:21:06.6680",3186,"Grove St PATH",40.71958611647166,-74.04311746358871,3183,"Exchange Place",40.7162469,-74.0334588,29623,"Subscriber",1992,2
275,"2018-12-01 09:26:07.0050","2018-12-01 09:30:42.5250",3186,"Grove St PATH",40.71958611647166,-74.04311746358871,3209,"Brunswick St",40.7241765,-74.0506564,29448,"Subscriber",1977,2
161,"2018-12-01 09:53:14.8230","2018-12-01 09:55:56.7510",3186,"Grove St PATH",40.71958611647166,-74.04311746358871,3279,"Dixon Mills",40.721630142638354,-74.04996782541275,29263,"Subscriber",1980,2
218,"2018-12-01 10:01:28.2750","2018-12-01 10:05:07.2280",3186,"Grove St PATH",40.71958611647166,-74.04311746358871,3209,"Brunswick St",40.7241765,-74.0506564,29286,"Subscriber",1980,1
704,"2018-12-01 11:43:22.3550","2018-12-01 11:55:06.3830",3186,"Grove St PATH",40.71958611647166,-74.04311746358871,3194,"McGinley Square",40.7253399253558,-74.06762212514877,29465,"Customer",1992,1
255,"2018-12-01 11:48:12.0050","2018-12-01 11:52:27.3600",3186,"Grove St PATH",40.71958611647166,-74.04311746358871,3279,"Dixon Mills",40.721630142638354,-74.04996782541275,26254,"Subscriber",1980,2
903,"2018-12-01 11:49:08.8520","2018-12-01 12:04:12.7000",3186,"Grove St PATH",40.71958611647166,-74.04311746358871,3207,"Oakland Ave",40.7376037,-74.0524783,29485,"Subscriber",1968,1
2563,"2018-12-01 12:50:06.4200","2018-12-01 13:32:49.4270",3186,"Grove St PATH",40.71958611647166,-74.04311746358871,3213,"Van Vorst Park",40.71848892,-74.047726625,26206,"Customer",1993,1
641,"2018-12-01 12:55:30.0350","2018-12-01 13:06:11.8410",3186,"Grove St PATH",40.71958611647166,-74.04311746358871,3192,"Liberty Light Rail",40.7112423,-74.0557013,29658,"Subscriber",1983,1
736,"2018-12-01 13:41:09.4600","2018-12-01 13:53:25.8760",3186,"Grove St PATH",40.71958611647166,-74.04311746358871,3225,"Baldwin at Montgomery",40.7236589,-74.0641943,26293,"Subscriber",1987,1
381,"2018-12-01 13:41:16.4370","2018-12-01 13:47:37.6060",3186,"Grove St PATH",40.71958611647166,-74.04311746358871,3203,"Hamilton Park",40.727595966,-74.044247311,29455,"Customer",1969,0
3452,"2018-12-01 13:41:18.4550","2018-12-01 14:38:50.8270",3186,"Grove St PATH",40.71958611647166,-74.04311746358871,3203,"Hamilton Park",40.727595966,-74.044247311,26159,"Customer",1969,0
339,"2018-12-01 13:52:45.2730","2018-12-01 13:58:25.2410",3186,"Grove St PATH",40.71958611647166,-74.04311746358871,3278,"Monmouth and 6th",40.72568548362901,-74.04879033565521,29552,"Subscriber",1990,2
379,"2018-12-01 14:09:03.1500","2018-12-01 14:15:22.2430",3186,"Grove St PATH",40.71958611647166,-74.04311746358871,3272,"Jersey & 3rd",40.72333158646436,-74.04595255851744,29442,"Subscriber",1980,1
170,"2018-12-01 14:24:16.2300","2018-12-01 14:27:06.3030",3186,"Grove St PATH",40.71958611647166,-74.04311746358871,3279,"Dixon Mills",40.721630142638354,-74.04996782541275,26158,"Subscriber",1993,1
299,"2018-12-01 14:39:00.0070","2018-12-01 14:43:59.3970",3186,"Grove St PATH",40.71958611647166,-74.04311746358871,3639,"Harborside",40.7192517,-74.034234,29678,"Subscriber",1992,1
109,"2018-12-01 15:05:36.1810","2018-12-01 15:07:25.2970",3186,"Grove St PATH",40.71958611647166,-74.04311746358871,3211,"Newark Ave",40.72152515,-74.046304543,29491,"Subscriber",1969,1
271,"2018-12-01 15:24:59.8780","2018-12-01 15:29:31.8620",3186,"Grove St PATH",40.71958611647166,-74.04311746358871,3483,"Montgomery St",40.71942,-74.05099,29281,"Subscriber",1991,1
132,"2018-12-01 15:31:43.1290","2018-12-01 15:33:55.3260",3186,"Grove St PATH",40.71958611647166,-74.04311746358871,3211,"Newark Ave",40.72152515,-74.046304543,29532,"Subscriber",1995,1
256,"2018-12-01 15:36:58.1800","2018-12-01 15:41:14.6020",3186,"Grove St PATH",40.71958611647166,-74.04311746358871,3209,"Brunswick St",40.7241765,-74.0506564,26174,"Subscriber",1991,2
257,"2018-12-01 15:45:13.0420","2018-12-01 15:49:30.8060",3186,"Grove St PATH",40.71958611647166,-74.04311746358871,3276,"Marin Light Rail",40.71458403535893,-74.04281705617905,26190,"Subscriber",1979,1
967,"2018-12-01 15:48:08.2390","2018-12-01 16:04:15.9110",3186,"Grove St PATH",40.71958611647166,-74.04311746358871,3483,"Montgomery St",40.71942,-74.05099,29448,"Subscriber",1958,1
210,"2018-12-01 15:54:59.2510","2018-12-01 15:58:29.9110",3186,"Grove St PATH",40.71958611647166,-74.04311746358871,3278,"Monmouth and 6th",40.72568548362901,-74.04879033565521,26276,"Subscriber",1972,1
207,"2018-12-01 16:15:13.3500","2018-12-01 16:18:40.9210",3186,"Grove St PATH",40.71958611647166,-74.04311746358871,3205,"JC Medical Center",40.71653978099194,-74.0496379137039,29300,"Customer",1981,1
529,"2018-12-01 16:28:54.5260","2018-12-01 16:37:44.1550",3186,"Grove St PATH",40.71958611647166,-74.04311746358871,3214,"Essex Light Rail",40.7127742,-74.0364857,29288,"Subscriber",1976,2
160,"2018-12-01 16:32:13.8780","2018-12-01 16:34:54.5260",3186,"Grove St PATH",40.71958611647166,-74.04311746358871,3272,"Jersey & 3rd",40.72333158646436,-74.04595255851744,29535,"Subscriber",1983,1
233,"2018-12-01 16:46:01.6750","2018-12-01 16:49:54.8280",3186,"Grove St PATH",40.71958611647166,-74.04311746358871,3270,"Jersey & 6th St",40.72528910781132,-74.04557168483734,29531,"Subscriber",1958,2
373,"2018-12-01 16:48:21.8530","2018-12-01 16:54:35.2750",3186,"Grove St PATH",40.71958611647166,-74.04311746358871,3269,"Brunswick & 6th",40.72601172964625,-74.05038893222809,29678,"Subscriber",1992,1
277,"2018-12-01 17:03:54.8390","2018-12-01 17:08:32.4840",3186,"Grove St PATH",40.71958611647166,-74.04311746358871,3203,"Hamilton Park",40.727595966,-74.044247311,26187,"Subscriber",1981,1
431,"2018-12-01 17:47:58.7920","2018-12-01 17:55:09.8030",3186,"Grove St PATH",40.71958611647166,-74.04311746358871,3203,"Hamilton Park",40.727595966,-74.044247311,26152,"Subscriber",1987,1
575,"2018-12-01 18:02:26.2530","2018-12-01 18:12:01.4650",3186,"Grove St PATH",40.71958611647166,-74.04311746358871,3277,"Communipaw & Berry Lane",40.71435836870427,-74.06661093235016,29584,"Subscriber",1975,1
288,"2018-12-01 18:24:03.8820","2018-12-01 18:28:52.2010",3186,"Grove St PATH",40.71958611647166,-74.04311746358871,3279,"Dixon Mills",40.721630142638354,-74.04996782541275,29201,"Subscriber",1991,1
516,"2018-12-01 18:31:06.6560","2018-12-01 18:39:43.4380",3186,"Grove St PATH",40.71958611647166,-74.04311746358871,3192,"Liberty Light Rail",40.7112423,-74.0557013,29244,"Subscriber",1990,1
519,"2018-12-01 18:31:09.1350","2018-12-01 18:39:49.1220",3186,"Grove St PATH",40.71958611647166,-74.04311746358871,3192,"Liberty Light Rail",40.7112423,-74.0557013,29644,"Subscriber",1960,1
118,"2018-12-01 20:14:12.2520","2018-12-01 20:16:10.2840",3186,"Grove St PATH",40.71958611647166,-74.04311746358871,3185,"City Hall",40.7177325,-74.043845,29233,"Subscriber",1957,1
1785,"2018-12-01 20:22:08.7790","2018-12-01 20:51:53.8480",3186,"Grove St PATH",40.71958611647166,-74.04311746358871,3186,"Grove St PATH",40.71958611647166,-74.04311746358871,29452,"Subscriber",1976,1
1309,"2018-12-01 20:54:00.1410","2018-12-01 21:15:50.0880",3186,"Grove St PATH",40.71958611647166,-74.04311746358871,3268,"Lafayette Park",40.71346382669195,-74.06285852193832,29586,"Subscriber",1978,1
261,"2018-12-01 21:05:53.3780","2018-12-01 21:10:14.9350",3186,"Grove St PATH",40.71958611647166,-74.04311746358871,3203,"Hamilton Park",40.727595966,-74.044247311,26205,"Subscriber",1990,2
247,"2018-12-01 21:44:22.2980","2018-12-01 21:48:29.9680",3186,"Grove St PATH",40.71958611647166,-74.04311746358871,3278,"Monmouth and 6th",40.72568548362901,-74.04879033565521,29207,"Subscriber",1988,1
239,"2018-12-01 21:46:07.4960","2018-12-01 21:50:06.7470",3186,"Grove St PATH",40.71958611647166,-74.04311746358871,3209,"Brunswick St",40.7241765,-74.0506564,29452,"Subscriber",1990,1
906,"2018-12-01 22:03:09.7670","2018-12-01 22:18:15.8500",3186,"Grove St PATH",40.71958611647166,-74.04311746358871,3192,"Liberty Light Rail",40.7112423,-74.0557013,26302,"Subscriber",1978,1
158,"2018-12-01 23:15:02.8780","2018-12-01 23:17:41.6600",3186,"Grove St PATH",40.71958611647166,-74.04311746358871,3279,"Dixon Mills",40.721630142638354,-74.04996782541275,26264,"Subscriber",1981,1
183,"2018-12-01 23:24:53.2940","2018-12-01 23:27:56.5070",3186,"Grove St PATH",40.71958611647166,-74.04311746358871,3279,"Dixon Mills",40.721630142638354,-74.04996782541275,29528,"Subscriber",1977,1
177,"2018-12-01 23:45:14.0040","2018-12-01 23:48:11.5000",3186,"Grove St PATH",40.71958611647166,-74.04311746358871,3276,"Marin Light Rail",40.71458403535893,-74.04281705617905,29258,"Subscriber",1967,1
143,"2018-12-02 00:08:43.3910","2018-12-02 00:11:06.5770",3186,"Grove St PATH",40.71958611647166,-74.04311746358871,3270,"Jersey & 6th St",40.72528910781132,-74.04557168483734,29678,"Subscriber",1985,1
214,"2018-12-02 00:21:45.2180","2018-12-02 00:25:20.1810",3186,"Grove St PATH",40.71958611647166,-74.04311746358871,3639,"Harborside",40.7192517,-74.034234,29201,"Subscriber",1989,1
182,"2018-12-02 01:05:41.7280","2018-12-02 01:08:43.7560",3186,"Grove St PATH",40.71958611647166,-74.04311746358871,3272,"Jersey & 3rd",40.72333158646436,-74.04595255851744,29506,"Subscriber",1961,1
316,"2018-12-02 01:06:04.1750","2018-12-02 01:11:20.1930",3186,"Grove St PATH",40.71958611647166,-74.04311746358871,3267,"Morris Canal",40.7124188237569,-74.03852552175522,26159,"Subscriber",1981,0
297,"2018-12-02 01:29:25.6380","2018-12-02 01:34:23.4900",3186,"Grove St PATH",40.71958611647166,-74.04311746358871,3481,"York St",40.71649,-74.04105,26273,"Subscriber",1962,1
195,"2018-12-02 02:27:12.7650","2018-12-02 02:30:28.3920",3186,"Grove St PATH",40.71958611647166,-74.04311746358871,3279,"Dixon Mills",40.721630142638354,-74.04996782541275,20783,"Subscriber",1996,2
326,"2018-12-02 02:59:09.1960","2018-12-02 03:04:35.9810",3186,"Grove St PATH",40.71958611647166,-74.04311746358871,3269,"Brunswick & 6th",40.72601172964625,-74.05038893222809,29289,"Subscriber",1992,1
957,"2018-12-02 05:21:33.4230","2018-12-02 05:37:30.7990",3186,"Grove St PATH",40.71958611647166,-74.04311746358871,3277,"Communipaw & Berry Lane",40.71435836870427,-74.06661093235016,26224,"Subscriber",1988,1
353,"2018-12-02 06:29:47.6620","2018-12-02 06:35:41.6400",3186,"Grove St PATH",40.71958611647166,-74.04311746358871,3269,"Brunswick & 6th",40.72601172964625,-74.05038893222809,29492,"Subscriber",1966,1
322,"2018-12-02 09:24:06.7940","2018-12-02 09:29:28.9060",3186,"Grove St PATH",40.71958611647166,-74.04311746358871,3278,"Monmouth and 6th",40.72568548362901,-74.04879033565521,29284,"Subscriber",1991,1
308,"2018-12-02 09:24:23.5200","2018-12-02 09:29:32.0860",3186,"Grove St PATH",40.71958611647166,-74.04311746358871,3278,"Monmouth and 6th",40.72568548362901,-74.04879033565521,29496,"Subscriber",1987,2
249,"2018-12-02 11:03:24.8880","2018-12-02 11:07:34.8440",3186,"Grove St PATH",40.71958611647166,-74.04311746358871,3483,"Montgomery St",40.71942,-74.05099,26224,"Subscriber",1995,1
1475,"2018-12-02 11:08:47.0400","2018-12-02 11:33:22.8960",3186,"Grove St PATH",40.71958611647166,-74.04311746358871,3206,"Hilltop",40.7311689,-74.0575736,29660,"Subscriber",1984,1
220,"2018-12-02 11:56:43.5430","2018-12-02 12:00:23.8120",3186,"Grove St PATH",40.71958611647166,-74.04311746358871,3205,"JC Medical Center",40.71653978099194,-74.0496379137039,29459,"Subscriber",1969,0
373,"2018-12-02 12:19:05.2050","2018-12-02 12:25:18.4180",3186,"Grove St PATH",40.71958611647166,-74.04311746358871,3278,"Monmouth and 6th",40.72568548362901,-74.04879033565521,26164,"Subscriber",1984,1
341,"2018-12-02 12:19:25.6150","2018-12-02 12:25:07.2050",3186,"Grove St PATH",40.71958611647166,-74.04311746358871,3278,"Monmouth and 6th",40.72568548362901,-74.04879033565521,29512,"Subscriber",1990,2
471,"2018-12-02 13:05:22.6950","2018-12-02 13:13:14.0110",3186,"Grove St PATH",40.71958611647166,-74.04311746358871,3192,"Liberty Light Rail",40.7112423,-74.0557013,29619,"Subscriber",1992,1
217,"2018-12-02 13:05:32.2770","2018-12-02 13:09:09.3770",3186,"Grove St PATH",40.71958611647166,-74.04311746358871,3276,"Marin Light Rail",40.71458403535893,-74.04281705617905,29538,"Subscriber",1986,1
228,"2018-12-02 13:30:11.7960","2018-12-02 13:34:00.6320",3186,"Grove St PATH",40.71958611647166,-74.04311746358871,3205,"JC Medical Center",40.71653978099194,-74.0496379137039,29292,"Subscriber",1976,2
174,"2018-12-02 13:43:55.0610","2018-12-02 13:46:49.3450",3186,"Grove St PATH",40.71958611647166,-74.04311746358871,3213,"Van Vorst Park",40.71848892,-74.047726625,26227,"Subscriber",1988,1
118,"2018-12-02 14:07:57.5920","2018-12-02 14:09:56.4090",3186,"Grove St PATH",40.71958611647166,-74.04311746358871,3211,"Newark Ave",40.72152515,-74.046304543,29678,"Subscriber",1964,1
269,"2018-12-02 14:58:22.6040","2018-12-02 15:02:51.7240",3186,"Grove St PATH",40.71958611647166,-74.04311746358871,3279,"Dixon Mills",40.721630142638354,-74.04996782541275,29510,"Subscriber",1990,1
221,"2018-12-02 17:00:42.3580","2018-12-02 17:04:23.7640",3186,"Grove St PATH",40.71958611647166,-74.04311746358871,3278,"Monmouth and 6th",40.72568548362901,-74.04879033565521,29512,"Subscriber",1983,2
273,"2018-12-02 17:54:55.7950","2018-12-02 17:59:29.7300",3186,"Grove St PATH",40.71958611647166,-74.04311746358871,3267,"Morris Canal",40.7124188237569,-74.03852552175522,29584,"Subscriber",1990,1
158,"2018-12-02 18:32:13.1540","2018-12-02 18:34:51.4670",3186,"Grove St PATH",40.71958611647166,-74.04311746358871,3211,"Newark Ave",40.72152515,-74.046304543,20783,"Subscriber",1995,1
1370,"2018-12-02 19:22:22.7680","2018-12-02 19:45:13.6960",3186,"Grove St PATH",40.71958611647166,-74.04311746358871,3196,"Riverview Park",40.7443187,-74.0439909,29610,"Customer",1969,0
1319,"2018-12-02 19:22:57.7510","2018-12-02 19:44:57.0300",3186,"Grove St PATH",40.71958611647166,-74.04311746358871,3196,"Riverview Park",40.7443187,-74.0439909,26243,"Customer",1969,0
182,"2018-12-02 20:28:56.7450","2018-12-02 20:31:59.0070",3186,"Grove St PATH",40.71958611647166,-74.04311746358871,3272,"Jersey & 3rd",40.72333158646436,-74.04595255851744,26158,"Subscriber",1989,2
187,"2018-12-02 20:38:56.4520","2018-12-02 20:42:04.4500",3186,"Grove St PATH",40.71958611647166,-74.04311746358871,3213,"Van Vorst Park",40.71848892,-74.047726625,29623,"Subscriber",1952,1
185,"2018-12-02 20:48:40.2420","2018-12-02 20:51:46.0150",3186,"Grove St PATH",40.71958611647166,-74.04311746358871,3279,"Dixon Mills",40.721630142638354,-74.04996782541275,29443,"Subscriber",1976,1
315,"2018-12-02 21:02:14.6990","2018-12-02 21:07:30.3380",3186,"Grove St PATH",40.71958611647166,-74.04311746358871,3481,"York St",40.71649,-74.04105,29644,"Subscriber",1962,1
280,"2018-12-02 21:04:12.2650","2018-12-02 21:08:52.9140",3186,"Grove St PATH",40.71958611647166,-74.04311746358871,3269,"Brunswick & 6th",40.72601172964625,-74.05038893222809,29223,"Subscriber",1981,1
171,"2018-12-02 22:23:08.8800","2018-12-02 22:26:00.3470",3186,"Grove St PATH",40.71958611647166,-74.04311746358871,3213,"Van Vorst Park",40.71848892,-74.047726625,26170,"Subscriber",1990,1
439,"2018-12-02 22:58:48.3290","2018-12-02 23:06:07.5180",3186,"Grove St PATH",40.71958611647166,-74.04311746358871,3192,"Liberty Light Rail",40.7112423,-74.0557013,29289,"Subscriber",1986,1
325,"2018-12-03 07:16:31.1670","2018-12-03 07:21:56.6740",3186,"Grove St PATH",40.71958611647166,-74.04311746358871,3639,"Harborside",40.7192517,-74.034234,29595,"Subscriber",1969,1
251,"2018-12-03 07:38:02.3970","2018-12-03 07:42:14.0200",3186,"Grove St PATH",40.71958611647166,-74.04311746358871,3205,"JC Medical Center",40.71653978099194,-74.0496379137039,26273,"Subscriber",1989,1
219,"2018-12-03 07:48:37.2460","2018-12-03 07:52:16.7040",3186,"Grove St PATH",40.71958611647166,-74.04311746358871,3205,"JC Medical Center",40.71653978099194,-74.0496379137039,26295,"Subscriber",1976,2
191,"2018-12-03 08:28:01.7010","2018-12-03 08:31:12.8800",3186,"Grove St PATH",40.71958611647166,-74.04311746358871,3279,"Dixon Mills",40.721630142638354,-74.04996782541275,29580,"Subscriber",1970,1
542,"2018-12-03 08:47:21.3380","2018-12-03 08:56:23.8530",3186,"Grove St PATH",40.71958611647166,-74.04311746358871,3268,"Lafayette Park",40.71346382669195,-74.06285852193832,29254,"Subscriber",1975,1
242,"2018-12-03 08:49:35.9950","2018-12-03 08:53:38.6740",3186,"Grove St PATH",40.71958611647166,-74.04311746358871,3681,"Grand St",40.71517767732029,-74.03768330812454,26292,"Subscriber",1980,1
1541,"2018-12-03 08:51:21.1760","2018-12-03 09:17:03.1710",3186,"Grove St PATH",40.71958611647166,-74.04311746358871,3186,"Grove St PATH",40.71958611647166,-74.04311746358871,29455,"Subscriber",1971,2
333,"2018-12-03 08:59:36.3130","2018-12-03 09:05:09.6740",3186,"Grove St PATH",40.71958611647166,-74.04311746358871,3214,"Essex Light Rail",40.7127742,-74.0364857,29126,"Subscriber",1981,1
246,"2018-12-03 09:06:25.8150","2018-12-03 09:10:32.5860",3186,"Grove St PATH",40.71958611647166,-74.04311746358871,3639,"Harborside",40.7192517,-74.034234,26282,"Subscriber",1989,1
264,"2018-12-03 09:12:26.4000","2018-12-03 09:16:50.8950",3186,"Grove St PATH",40.71958611647166,-74.04311746358871,3209,"Brunswick St",40.7241765,-74.0506564,26187,"Subscriber",1977,2
245,"2018-12-03 10:31:32.0320","2018-12-03 10:35:37.5540",3186,"Grove St PATH",40.71958611647166,-74.04311746358871,3205,"JC Medical Center",40.71653978099194,-74.0496379137039,29198,"Subscriber",1956,1
261,"2018-12-03 11:07:02.1910","2018-12-03 11:11:23.1990",3186,"Grove St PATH",40.71958611647166,-74.04311746358871,3681,"Grand St",40.71517767732029,-74.03768330812454,29605,"Subscriber",1968,2
242,"2018-12-03 11:26:29.1700","2018-12-03 11:30:31.4160",3186,"Grove St PATH",40.71958611647166,-74.04311746358871,3203,"Hamilton Park",40.727595966,-74.044247311,29490,"Subscriber",1971,1
169,"2018-12-03 12:32:04.6820","2018-12-03 12:34:54.4220",3186,"Grove St PATH",40.71958611647166,-74.04311746358871,3272,"Jersey & 3rd",40.72333158646436,-74.04595255851744,29441,"Subscriber",1976,1
304,"2018-12-03 12:39:05.3240","2018-12-03 12:44:09.7090",3186,"Grove St PATH",40.71958611647166,-74.04311746358871,3205,"JC Medical Center",40.71653978099194,-74.0496379137039,29266,"Subscriber",1976,2
1108,"2018-12-03 13:09:17.3080","2018-12-03 13:27:45.8220",3186,"Grove St PATH",40.71958611647166,-74.04311746358871,3184,"Paulus Hook",40.7141454,-74.0335519,29123,"Subscriber",1995,1
461,"2018-12-03 13:10:19.0740","2018-12-03 13:18:00.1630",3186,"Grove St PATH",40.71958611647166,-74.04311746358871,3192,"Liberty Light Rail",40.7112423,-74.0557013,29446,"Subscriber",1981,2
145,"2018-12-03 13:26:37.5850","2018-12-03 13:29:02.9710",3186,"Grove St PATH",40.71958611647166,-74.04311746358871,3279,"Dixon Mills",40.721630142638354,-74.04996782541275,29291,"Subscriber",1982,1
248,"2018-12-03 13:27:05.5880","2018-12-03 13:31:13.7220",3186,"Grove St PATH",40.71958611647166,-74.04311746358871,3276,"Marin Light Rail",40.71458403535893,-74.04281705617905,29490,"Subscriber",1967,1
425,"2018-12-03 13:42:32.2080","2018-12-03 13:49:37.5220",3186,"Grove St PATH",40.71958611647166,-74.04311746358871,3184,"Paulus Hook",40.7141454,-74.0335519,29532,"Subscriber",1971,1
161,"2018-12-03 13:47:43.7780","2018-12-03 13:50:24.8160",3186,"Grove St PATH",40.71958611647166,-74.04311746358871,3279,"Dixon Mills",40.721630142638354,-74.04996782541275,26303,"Subscriber",1982,1
235,"2018-12-03 14:10:02.2000","2018-12-03 14:13:57.9110",3186,"Grove St PATH",40.71958611647166,-74.04311746358871,3209,"Brunswick St",40.7241765,-74.0506564,29291,"Subscriber",1970,1
153,"2018-12-03 14:57:34.2590","2018-12-03 15:00:07.5820",3186,"Grove St PATH",40.71958611647166,-74.04311746358871,3279,"Dixon Mills",40.721630142638354,-74.04996782541275,29455,"Subscriber",1981,2
252,"2018-12-03 15:21:23.7100","2018-12-03 15:25:36.6060",3186,"Grove St PATH",40.71958611647166,-74.04311746358871,3183,"Exchange Place",40.7162469,-74.0334588,29198,"Subscriber",1958,1
464,"2018-12-03 15:27:18.2990","2018-12-03 15:35:03.0900",3186,"Grove St PATH",40.71958611647166,-74.04311746358871,3192,"Liberty Light Rail",40.7112423,-74.0557013,29604,"Subscriber",1992,1
1004,"2018-12-03 15:51:59.7850","2018-12-03 16:08:44.7840",3186,"Grove St PATH",40.71958611647166,-74.04311746358871,3186,"Grove St PATH",40.71958611647166,-74.04311746358871,29500,"Subscriber",1972,1
310,"2018-12-03 16:09:57.1140","2018-12-03 16:15:07.4150",3186,"Grove St PATH",40.71958611647166,-74.04311746358871,3203,"Hamilton Park",40.727595966,-74.044247311,26193,"Subscriber",1992,1
218,"2018-12-03 16:16:17.6480","2018-12-03 16:19:56.3610",3186,"Grove St PATH",40.71958611647166,-74.04311746358871,3209,"Brunswick St",40.7241765,-74.0506564,26183,"Subscriber",1989,1
302,"2018-12-03 16:16:51.8050","2018-12-03 16:21:53.9010",3186,"Grove St PATH",40.71958611647166,-74.04311746358871,3269,"Brunswick & 6th",40.72601172964625,-74.05038893222809,29308,"Subscriber",1981,1
671,"2018-12-03 16:20:03.4010","2018-12-03 16:31:14.8060",3186,"Grove St PATH",40.71958611647166,-74.04311746358871,3483,"Montgomery St",40.71942,-74.05099,29275,"Subscriber",1977,2
214,"2018-12-03 16:22:02.3150","2018-12-03 16:25:36.7390",3186,"Grove St PATH",40.71958611647166,-74.04311746358871,3279,"Dixon Mills",40.721630142638354,-74.04996782541275,29506,"Subscriber",1986,1
228,"2018-12-03 16:25:27.7330","2018-12-03 16:29:16.0090",3186,"Grove St PATH",40.71958611647166,-74.04311746358871,3276,"Marin Light Rail",40.71458403535893,-74.04281705617905,29605,"Subscriber",1994,1
226,"2018-12-03 16:26:23.4740","2018-12-03 16:30:10.0670",3186,"Grove St PATH",40.71958611647166,-74.04311746358871,3278,"Monmouth and 6th",40.72568548362901,-74.04879033565521,29535,"Subscriber",1991,1
290,"2018-12-03 16:35:59.2280","2018-12-03 16:40:49.9880",3186,"Grove St PATH",40.71958611647166,-74.04311746358871,3203,"Hamilton Park",40.727595966,-74.044247311,29298,"Subscriber",1978,1
1111,"2018-12-03 16:35:59.2910","2018-12-03 16:54:31.0720",3186,"Grove St PATH",40.71958611647166,-74.04311746358871,3191,"Union St",40.7182113,-74.0836394,29216,"Subscriber",1983,1
184,"2018-12-03 16:46:04.2680","2018-12-03 16:49:08.9900",3186,"Grove St PATH",40.71958611647166,-74.04311746358871,3272,"Jersey & 3rd",40.72333158646436,-74.04595255851744,26301,"Subscriber",1980,1
357,"2018-12-03 16:55:18.5470","2018-12-03 17:01:16.1260",3186,"Grove St PATH",40.71958611647166,-74.04311746358871,3269,"Brunswick & 6th",40.72601172964625,-74.05038893222809,29555,"Subscriber",1982,1
265,"2018-12-03 16:55:42.9710","2018-12-03 17:00:08.4810",3186,"Grove St PATH",40.71958611647166,-74.04311746358871,3278,"Monmouth and 6th",40.72568548362901,-74.04879033565521,26159,"Subscriber",1982,1
525,"2018-12-03 16:55:45.0060","2018-12-03 17:04:30.0780",3186,"Grove St PATH",40.71958611647166,-74.04311746358871,3213,"Van Vorst Park",40.71848892,-74.047726625,26312,"Subscriber",1989,2
225,"2018-12-03 17:13:09.1150","2018-12-03 17:16:55.0230",3186,"Grove St PATH",40.71958611647166,-74.04311746358871,3270,"Jersey & 6th St",40.72528910781132,-74.04557168483734,29490,"Subscriber",1985,1
181,"2018-12-03 17:17:59.5930","2018-12-03 17:21:01.0070",3186,"Grove St PATH",40.71958611647166,-74.04311746358871,3279,"Dixon Mills",40.721630142638354,-74.04996782541275,29493,"Subscriber",1989,1
424,"2018-12-03 17:20:38.9350","2018-12-03 17:27:42.9560",3186,"Grove St PATH",40.71958611647166,-74.04311746358871,3214,"Essex Light Rail",40.7127742,-74.0364857,26261,"Subscriber",1974,1
233,"2018-12-03 17:25:18.6270","2018-12-03 17:29:11.8740",3186,"Grove St PATH",40.71958611647166,-74.04311746358871,3276,"Marin Light Rail",40.71458403535893,-74.04281705617905,26188,"Subscriber",1987,1
170,"2018-12-03 17:26:44.0960","2018-12-03 17:29:34.7330",3186,"Grove St PATH",40.71958611647166,-74.04311746358871,3481,"York St",40.71649,-74.04105,29547,"Subscriber",1983,1
370,"2018-12-03 17:27:48.1580","2018-12-03 17:33:59.0560",3186,"Grove St PATH",40.71958611647166,-74.04311746358871,3209,"Brunswick St",40.7241765,-74.0506564,26258,"Subscriber",1981,1
207,"2018-12-03 17:28:21.6340","2018-12-03 17:31:49.1250",3186,"Grove St PATH",40.71958611647166,-74.04311746358871,3279,"Dixon Mills",40.721630142638354,-74.04996782541275,26208,"Subscriber",1987,2
575,"2018-12-03 17:29:45.3260","2018-12-03 17:39:20.9100",3186,"Grove St PATH",40.71958611647166,-74.04311746358871,3192,"Liberty Light Rail",40.7112423,-74.0557013,29535,"Subscriber",1969,1
344,"2018-12-03 17:34:15.4450","2018-12-03 17:40:00.1150",3186,"Grove St PATH",40.71958611647166,-74.04311746358871,3209,"Brunswick St",40.7241765,-74.0506564,29304,"Subscriber",1969,0
472,"2018-12-03 17:36:23.7800","2018-12-03 17:44:15.9120",3186,"Grove St PATH",40.71958611647166,-74.04311746358871,3269,"Brunswick & 6th",40.72601172964625,-74.05038893222809,26290,"Subscriber",1982,1
263,"2018-12-03 17:36:38.7790","2018-12-03 17:41:01.9920",3186,"Grove St PATH",40.71958611647166,-74.04311746358871,3209,"Brunswick St",40.7241765,-74.0506564,29596,"Subscriber",1990,1
238,"2018-12-03 17:37:22.0690","2018-12-03 17:41:20.2610",3186,"Grove St PATH",40.71958611647166,-74.04311746358871,3278,"Monmouth and 6th",40.72568548362901,-74.04879033565521,29484,"Subscriber",1988,1
173,"2018-12-03 17:37:31.7060","2018-12-03 17:40:25.6830",3186,"Grove St PATH",40.71958611647166,-74.04311746358871,3270,"Jersey & 6th St",40.72528910781132,-74.04557168483734,29653,"Subscriber",1968,1
234,"2018-12-03 17:39:47.6170","2018-12-03 17:43:41.8650",3186,"Grove St PATH",40.71958611647166,-74.04311746358871,3278,"Monmouth and 6th",40.72568548362901,-74.04879033565521,26282,"Subscriber",1956,1
256,"2018-12-03 17:40:15.4030","2018-12-03 17:44:31.9260",3186,"Grove St PATH",40.71958611647166,-74.04311746358871,3209,"Brunswick St",40.7241765,-74.0506564,29457,"Subscriber",1978,2
428,"2018-12-03 17:40:44.8480","2018-12-03 17:47:53.5060",3186,"Grove St PATH",40.71958611647166,-74.04311746358871,3267,"Morris Canal",40.7124188237569,-74.03852552175522,29235,"Subscriber",1981,2
269,"2018-12-03 17:40:54.0480","2018-12-03 17:45:23.8240",3186,"Grove St PATH",40.71958611647166,-74.04311746358871,3205,"JC Medical Center",40.71653978099194,-74.0496379137039,29521,"Subscriber",1992,1
206,"2018-12-03 17:41:05.7740","2018-12-03 17:44:32.2610",3186,"Grove St PATH",40.71958611647166,-74.04311746358871,3209,"Brunswick St",40.7241765,-74.0506564,29299,"Subscriber",1965,1
254,"2018-12-03 17:41:34.8350","2018-12-03 17:45:49.0610",3186,"Grove St PATH",40.71958611647166,-74.04311746358871,3278,"Monmouth and 6th",40.72568548362901,-74.04879033565521,29586,"Subscriber",1983,2
649,"2018-12-03 17:45:07.5710","2018-12-03 17:55:56.8640",3186,"Grove St PATH",40.71958611647166,-74.04311746358871,3192,"Liberty Light Rail",40.7112423,-74.0557013,29500,"Subscriber",1983,1
297,"2018-12-03 17:45:22.9080","2018-12-03 17:50:20.7760",3186,"Grove St PATH",40.71958611647166,-74.04311746358871,3267,"Morris Canal",40.7124188237569,-74.03852552175522,29288,"Subscriber",1990,1
170,"2018-12-03 17:45:23.3880","2018-12-03 17:48:14.2290",3186,"Grove St PATH",40.71958611647166,-74.04311746358871,3276,"Marin Light Rail",40.71458403535893,-74.04281705617905,29443,"Subscriber",1986,1
281,"2018-12-03 17:49:44.7330","2018-12-03 17:54:26.3000",3186,"Grove St PATH",40.71958611647166,-74.04311746358871,3203,"Hamilton Park",40.727595966,-74.044247311,26295,"Subscriber",1977,1
218,"2018-12-03 17:52:26.6440","2018-12-03 17:56:04.7320",3186,"Grove St PATH",40.71958611647166,-74.04311746358871,3276,"Marin Light Rail",40.71458403535893,-74.04281705617905,29497,"Subscriber",1991,1
257,"2018-12-03 17:52:52.0580","2018-12-03 17:57:09.3790",3186,"Grove St PATH",40.71958611647166,-74.04311746358871,3203,"Hamilton Park",40.727595966,-74.044247311,29664,"Subscriber",1979,1
205,"2018-12-03 17:58:44.9560","2018-12-03 18:02:10.0120",3186,"Grove St PATH",40.71958611647166,-74.04311746358871,3279,"Dixon Mills",40.721630142638354,-74.04996782541275,29537,"Subscriber",1986,1
462,"2018-12-03 17:58:49.8290","2018-12-03 18:06:32.3750",3186,"Grove St PATH",40.71958611647166,-74.04311746358871,3192,"Liberty Light Rail",40.7112423,-74.0557013,26316,"Subscriber",1982,1
277,"2018-12-03 18:02:19.1420","2018-12-03 18:06:56.3380",3186,"Grove St PATH",40.71958611647166,-74.04311746358871,3209,"Brunswick St",40.7241765,-74.0506564,29682,"Subscriber",1982,1
231,"2018-12-03 18:04:14.3330","2018-12-03 18:08:05.4250",3186,"Grove St PATH",40.71958611647166,-74.04311746358871,3269,"Brunswick & 6th",40.72601172964625,-74.05038893222809,29292,"Subscriber",1992,1
282,"2018-12-03 18:04:51.3750","2018-12-03 18:09:33.9780",3186,"Grove St PATH",40.71958611647166,-74.04311746358871,3269,"Brunswick & 6th",40.72601172964625,-74.05038893222809,29588,"Subscriber",1983,1
236,"2018-12-03 18:05:19.2240","2018-12-03 18:09:15.9380",3186,"Grove St PATH",40.71958611647166,-74.04311746358871,3205,"JC Medical Center",40.71653978099194,-74.0496379137039,29206,"Subscriber",1983,1
372,"2018-12-03 18:05:23.0690","2018-12-03 18:11:35.6600",3186,"Grove St PATH",40.71958611647166,-74.04311746358871,3278,"Monmouth and 6th",40.72568548362901,-74.04879033565521,29127,"Subscriber",1978,1
464,"2018-12-03 18:11:09.2170","2018-12-03 18:18:53.7290",3186,"Grove St PATH",40.71958611647166,-74.04311746358871,3205,"JC Medical Center",40.71653978099194,-74.0496379137039,29499,"Subscriber",1989,1
159,"2018-12-03 18:12:53.5770","2018-12-03 18:15:33.1540",3186,"Grove St PATH",40.71958611647166,-74.04311746358871,3270,"Jersey & 6th St",40.72528910781132,-74.04557168483734,33781,"Subscriber",1970,1
232,"2018-12-03 18:13:35.2270","2018-12-03 18:17:27.5240",3186,"Grove St PATH",40.71958611647166,-74.04311746358871,3203,"Hamilton Park",40.727595966,-74.044247311,26267,"Subscriber",1984,1
288,"2018-12-03 18:13:42.1670","2018-12-03 18:18:30.3060",3186,"Grove St PATH",40.71958611647166,-74.04311746358871,3203,"Hamilton Park",40.727595966,-74.044247311,29289,"Subscriber",1968,1
297,"2018-12-03 18:17:16.0250","2018-12-03 18:22:13.4940",3186,"Grove St PATH",40.71958611647166,-74.04311746358871,3209,"Brunswick St",40.7241765,-74.0506564,29606,"Subscriber",1990,1
224,"2018-12-03 18:17:38.7690","2018-12-03 18:21:23.7220",3186,"Grove St PATH",40.71958611647166,-74.04311746358871,3209,"Brunswick St",40.7241765,-74.0506564,26248,"Subscriber",1984,1
561,"2018-12-03 18:23:38.1800","2018-12-03 18:33:00.1220",3186,"Grove St PATH",40.71958611647166,-74.04311746358871,3267,"Morris Canal",40.7124188237569,-74.03852552175522,29523,"Subscriber",1994,2
239,"2018-12-03 18:23:48.4180","2018-12-03 18:27:47.7210",3186,"Grove St PATH",40.71958611647166,-74.04311746358871,3276,"Marin Light Rail",40.71458403535893,-74.04281705617905,26158,"Subscriber",1986,1
271,"2018-12-03 18:25:01.2350","2018-12-03 18:29:32.3490",3186,"Grove St PATH",40.71958611647166,-74.04311746358871,3269,"Brunswick & 6th",40.72601172964625,-74.05038893222809,26276,"Subscriber",1978,1
126,"2018-12-03 18:25:32.7290","2018-12-03 18:27:39.5740",3186,"Grove St PATH",40.71958611647166,-74.04311746358871,3272,"Jersey & 3rd",40.72333158646436,-74.04595255851744,29269,"Subscriber",1993,1
543,"2018-12-03 18:29:05.1840","2018-12-03 18:38:08.7300",3186,"Grove St PATH",40.71958611647166,-74.04311746358871,3192,"Liberty Light Rail",40.7112423,-74.0557013,29584,"Subscriber",1985,1
310,"2018-12-03 18:30:14.8020","2018-12-03 18:35:25.0840",3186,"Grove St PATH",40.71958611647166,-74.04311746358871,3270,"Jersey & 6th St",40.72528910781132,-74.04557168483734,29126,"Subscriber",1996,2
254,"2018-12-03 18:31:14.6960","2018-12-03 18:35:28.7320",3186,"Grove St PATH",40.71958611647166,-74.04311746358871,3278,"Monmouth and 6th",40.72568548362901,-74.04879033565521,29619,"Subscriber",1980,1
2117,"2018-12-03 18:31:17.1790","2018-12-03 19:06:35.1520",3186,"Grove St PATH",40.71958611647166,-74.04311746358871,3196,"Riverview Park",40.7443187,-74.0439909,29284,"Subscriber",1990,2
198,"2018-12-03 18:31:31.7550","2018-12-03 18:34:50.5560",3186,"Grove St PATH",40.71958611647166,-74.04311746358871,3279,"Dixon Mills",40.721630142638354,-74.04996782541275,29528,"Subscriber",1973,1
220,"2018-12-03 18:31:57.9490","2018-12-03 18:35:38.1530",3186,"Grove St PATH",40.71958611647166,-74.04311746358871,3270,"Jersey & 6th St",40.72528910781132,-74.04557168483734,29484,"Subscriber",1956,1
236,"2018-12-03 18:32:01.4820","2018-12-03 18:35:58.2600",3186,"Grove St PATH",40.71958611647166,-74.04311746358871,3270,"Jersey & 6th St",40.72528910781132,-74.04557168483734,26282,"Subscriber",1951,1
211,"2018-12-03 18:34:45.8030","2018-12-03 18:38:17.4440",3186,"Grove St PATH",40.71958611647166,-74.04311746358871,3278,"Monmouth and 6th",40.72568548362901,-74.04879033565521,26293,"Subscriber",1993,1
118,"2018-12-03 18:34:48.1200","2018-12-03 18:36:46.8180",3186,"Grove St PATH",40.71958611647166,-74.04311746358871,3211,"Newark Ave",40.72152515,-74.046304543,29285,"Subscriber",1987,2
170,"2018-12-03 18:35:27.1770","2018-12-03 18:38:17.8720",3186,"Grove St PATH",40.71958611647166,-74.04311746358871,3276,"Marin Light Rail",40.71458403535893,-74.04281705617905,26152,"Subscriber",1989,1
228,"2018-12-03 18:35:43.1210","2018-12-03 18:39:31.2900",3186,"Grove St PATH",40.71958611647166,-74.04311746358871,3209,"Brunswick St",40.7241765,-74.0506564,26223,"Subscriber",1980,1
498,"2018-12-03 18:40:18.7660","2018-12-03 18:48:37.1500",3186,"Grove St PATH",40.71958611647166,-74.04311746358871,3205,"JC Medical Center",40.71653978099194,-74.0496379137039,29245,"Subscriber",1992,1
653,"2018-12-03 18:40:32.8960","2018-12-03 18:51:25.9550",3186,"Grove St PATH",40.71958611647166,-74.04311746358871,3192,"Liberty Light Rail",40.7112423,-74.0557013,29607,"Subscriber",1990,1
500,"2018-12-03 18:40:43.2230","2018-12-03 18:49:03.2480",3186,"Grove St PATH",40.71958611647166,-74.04311746358871,3269,"Brunswick & 6th",40.72601172964625,-74.05038893222809,29438,"Subscriber",1986,1
196,"2018-12-03 18:44:23.1310","2018-12-03 18:47:39.4430",3186,"Grove St PATH",40.71958611647166,-74.04311746358871,3279,"Dixon Mills",40.721630142638354,-74.04996782541275,29273,"Subscriber",1986,1
355,"2018-12-03 18:46:34.5510","2018-12-03 18:52:30.2460",3186,"Grove St PATH",40.71958611647166,-74.04311746358871,3276,"Marin Light Rail",40.71458403535893,-74.04281705617905,26290,"Subscriber",1979,1
178,"2018-12-03 18:55:02.4130","2018-12-03 18:58:01.3420",3186,"Grove St PATH",40.71958611647166,-74.04311746358871,3276,"Marin Light Rail",40.71458403535893,-74.04281705617905,29592,"Subscriber",1980,1
175,"2018-12-03 19:01:35.7330","2018-12-03 19:04:31.4710",3186,"Grove St PATH",40.71958611647166,-74.04311746358871,3272,"Jersey & 3rd",40.72333158646436,-74.04595255851744,26186,"Subscriber",1979,1
190,"2018-12-03 19:03:20.0780","2018-12-03 19:06:30.6200",3186,"Grove St PATH",40.71958611647166,-74.04311746358871,3209,"Brunswick St",40.7241765,-74.0506564,29515,"Subscriber",1981,1
145,"2018-12-03 19:03:38.8010","2018-12-03 19:06:03.8550",3186,"Grove St PATH",40.71958611647166,-74.04311746358871,3279,"Dixon Mills",40.721630142638354,-74.04996782541275,26159,"Subscriber",1981,1
306,"2018-12-03 19:03:54.0160","2018-12-03 19:09:00.9800",3186,"Grove St PATH",40.71958611647166,-74.04311746358871,3203,"Hamilton Park",40.727595966,-74.044247311,29548,"Subscriber",1980,2
521,"2018-12-03 19:04:48.5340","2018-12-03 19:13:30.2890",3186,"Grove St PATH",40.71958611647166,-74.04311746358871,3192,"Liberty Light Rail",40.7112423,-74.0557013,29198,"Subscriber",1978,1
385,"2018-12-03 19:07:34.1100","2018-12-03 19:13:59.9850",3186,"Grove St PATH",40.71958611647166,-74.04311746358871,3203,"Hamilton Park",40.727595966,-74.044247311,26206,"Subscriber",1984,2
164,"2018-12-03 19:10:17.0060","2018-12-03 19:13:01.9320",3186,"Grove St PATH",40.71958611647166,-74.04311746358871,3272,"Jersey & 3rd",40.72333158646436,-74.04595255851744,29201,"Subscriber",1993,1
187,"2018-12-03 19:13:21.1210","2018-12-03 19:16:28.7820",3186,"Grove St PATH",40.71958611647166,-74.04311746358871,3270,"Jersey & 6th St",40.72528910781132,-74.04557168483734,29225,"Subscriber",1981,1
271,"2018-12-03 19:13:38.7470","2018-12-03 19:18:09.9100",3186,"Grove St PATH",40.71958611647166,-74.04311746358871,3269,"Brunswick & 6th",40.72601172964625,-74.05038893222809,29258,"Subscriber",1988,1
365,"2018-12-03 19:14:09.7080","2018-12-03 19:20:15.1370",3186,"Grove St PATH",40.71958611647166,-74.04311746358871,3269,"Brunswick & 6th",40.72601172964625,-74.05038893222809,29555,"Subscriber",1982,1
286,"2018-12-03 19:17:24.1160","2018-12-03 19:22:10.6020",3186,"Grove St PATH",40.71958611647166,-74.04311746358871,3279,"Dixon Mills",40.721630142638354,-74.04996782541275,29636,"Subscriber",1978,1
224,"2018-12-03 19:18:34.1480","2018-12-03 19:22:18.5720",3186,"Grove St PATH",40.71958611647166,-74.04311746358871,3270,"Jersey & 6th St",40.72528910781132,-74.04557168483734,26211,"Subscriber",1967,1
197,"2018-12-03 19:19:11.3690","2018-12-03 19:22:28.6170",3186,"Grove St PATH",40.71958611647166,-74.04311746358871,3279,"Dixon Mills",40.721630142638354,-74.04996782541275,29276,"Subscriber",1976,1
315,"2018-12-03 19:20:30.4460","2018-12-03 19:25:46.0270",3186,"Grove St PATH",40.71958611647166,-74.04311746358871,3267,"Morris Canal",40.7124188237569,-74.03852552175522,29639,"Subscriber",1984,1
127,"2018-12-03 19:21:37.6920","2018-12-03 19:23:44.9880",3186,"Grove St PATH",40.71958611647166,-74.04311746358871,3279,"Dixon Mills",40.721630142638354,-74.04996782541275,29640,"Subscriber",1982,1
152,"2018-12-03 19:26:19.1710","2018-12-03 19:28:51.5750",3186,"Grove St PATH",40.71958611647166,-74.04311746358871,3272,"Jersey & 3rd",40.72333158646436,-74.04595255851744,26155,"Subscriber",1988,2
231,"2018-12-03 19:26:40.9990","2018-12-03 19:30:32.5560",3186,"Grove St PATH",40.71958611647166,-74.04311746358871,3205,"JC Medical Center",40.71653978099194,-74.0496379137039,29451,"Subscriber",1975,1
166,"2018-12-03 19:30:24.9780","2018-12-03 19:33:11.2900",3186,"Grove St PATH",40.71958611647166,-74.04311746358871,3276,"Marin Light Rail",40.71458403535893,-74.04281705617905,29214,"Subscriber",1980,1
378,"2018-12-03 19:32:07.5840","2018-12-03 19:38:26.5450",3186,"Grove St PATH",40.71958611647166,-74.04311746358871,3278,"Monmouth and 6th",40.72568548362901,-74.04879033565521,29441,"Subscriber",1986,2
249,"2018-12-03 19:33:34.5700","2018-12-03 19:37:44.1390",3186,"Grove St PATH",40.71958611647166,-74.04311746358871,3272,"Jersey & 3rd",40.72333158646436,-74.04595255851744,29659,"Subscriber",1973,1
221,"2018-12-03 19:37:18.7610","2018-12-03 19:40:59.8880",3186,"Grove St PATH",40.71958611647166,-74.04311746358871,3279,"Dixon Mills",40.721630142638354,-74.04996782541275,29297,"Subscriber",1989,1
280,"2018-12-03 19:38:35.5160","2018-12-03 19:43:15.9880",3186,"Grove St PATH",40.71958611647166,-74.04311746358871,3203,"Hamilton Park",40.727595966,-74.044247311,29589,"Subscriber",1973,1
228,"2018-12-03 19:39:56.8680","2018-12-03 19:43:44.9210",3186,"Grove St PATH",40.71958611647166,-74.04311746358871,3278,"Monmouth and 6th",40.72568548362901,-74.04879033565521,29204,"Subscriber",1977,1
261,"2018-12-03 19:40:31.4390","2018-12-03 19:44:52.9140",3186,"Grove St PATH",40.71958611647166,-74.04311746358871,3209,"Brunswick St",40.7241765,-74.0506564,26251,"Subscriber",1991,2
249,"2018-12-03 19:46:44.2370","2018-12-03 19:50:54.1470",3186,"Grove St PATH",40.71958611647166,-74.04311746358871,3269,"Brunswick & 6th",40.72601172964625,-74.05038893222809,26209,"Subscriber",1991,1
153,"2018-12-03 19:47:55.0220","2018-12-03 19:50:28.7850",3186,"Grove St PATH",40.71958611647166,-74.04311746358871,3272,"Jersey & 3rd",40.72333158646436,-74.04595255851744,29645,"Subscriber",1960,1
239,"2018-12-03 19:48:16.8840","2018-12-03 19:52:16.8110",3186,"Grove St PATH",40.71958611647166,-74.04311746358871,3269,"Brunswick & 6th",40.72601172964625,-74.05038893222809,29201,"Subscriber",1988,1
294,"2018-12-03 19:48:52.4390","2018-12-03 19:53:47.2780",3186,"Grove St PATH",40.71958611647166,-74.04311746358871,3209,"Brunswick St",40.7241765,-74.0506564,26257,"Subscriber",1980,2
179,"2018-12-03 19:51:56.1240","2018-12-03 19:54:55.5200",3186,"Grove St PATH",40.71958611647166,-74.04311746358871,3187,"Warren St",40.7211236,-74.03805095,29587,"Subscriber",1989,1
327,"2018-12-03 19:51:59.1320","2018-12-03 19:57:26.2590",3186,"Grove St PATH",40.71958611647166,-74.04311746358871,3279,"Dixon Mills",40.721630142638354,-74.04996782541275,29626,"Subscriber",1988,2
596,"2018-12-03 19:57:05.2870","2018-12-03 20:07:02.0190",3186,"Grove St PATH",40.71958611647166,-74.04311746358871,3268,"Lafayette Park",40.71346382669195,-74.06285852193832,29580,"Subscriber",1989,1
519,"2018-12-03 19:58:14.4320","2018-12-03 20:06:54.2520",3186,"Grove St PATH",40.71958611647166,-74.04311746358871,3192,"Liberty Light Rail",40.7112423,-74.0557013,29507,"Subscriber",1986,1
318,"2018-12-03 19:58:19.2220","2018-12-03 20:03:38.2100",3186,"Grove St PATH",40.71958611647166,-74.04311746358871,3276,"Marin Light Rail",40.71458403535893,-74.04281705617905,26186,"Subscriber",1991,1
239,"2018-12-03 20:03:37.4660","2018-12-03 20:07:36.5890",3186,"Grove St PATH",40.71958611647166,-74.04311746358871,3279,"Dixon Mills",40.721630142638354,-74.04996782541275,29298,"Subscriber",1993,1
550,"2018-12-03 20:03:37.7950","2018-12-03 20:12:48.1780",3186,"Grove St PATH",40.71958611647166,-74.04311746358871,3203,"Hamilton Park",40.727595966,-74.044247311,26247,"Subscriber",1968,1
180,"2018-12-03 20:04:03.6840","2018-12-03 20:07:03.8200",3186,"Grove St PATH",40.71958611647166,-74.04311746358871,3213,"Van Vorst Park",40.71848892,-74.047726625,26245,"Subscriber",1984,1
258,"2018-12-03 20:05:37.7570","2018-12-03 20:09:56.5590",3186,"Grove St PATH",40.71958611647166,-74.04311746358871,3203,"Hamilton Park",40.727595966,-74.044247311,29455,"Subscriber",1990,2
724,"2018-12-03 20:05:39.8840","2018-12-03 20:17:43.9510",3186,"Grove St PATH",40.71958611647166,-74.04311746358871,3277,"Communipaw & Berry Lane",40.71435836870427,-74.06661093235016,29292,"Subscriber",1983,1
279,"2018-12-03 20:08:58.3410","2018-12-03 20:13:37.3850",3186,"Grove St PATH",40.71958611647166,-74.04311746358871,3483,"Montgomery St",40.71942,-74.05099,29540,"Subscriber",1995,2
202,"2018-12-03 20:14:46.9250","2018-12-03 20:18:09.0810",3186,"Grove St PATH",40.71958611647166,-74.04311746358871,3270,"Jersey & 6th St",40.72528910781132,-74.04557168483734,26211,"Subscriber",1959,1
323,"2018-12-03 20:27:39.3240","2018-12-03 20:33:02.4070",3186,"Grove St PATH",40.71958611647166,-74.04311746358871,3203,"Hamilton Park",40.727595966,-74.044247311,29126,"Subscriber",1991,2
228,"2018-12-03 20:28:14.6100","2018-12-03 20:32:03.2520",3186,"Grove St PATH",40.71958611647166,-74.04311746358871,3203,"Hamilton Park",40.727595966,-74.044247311,33781,"Subscriber",1983,1
203,"2018-12-03 20:35:58.0960","2018-12-03 20:39:21.0980",3186,"Grove St PATH",40.71958611647166,-74.04311746358871,3203,"Hamilton Park",40.727595966,-74.044247311,29484,"Subscriber",1986,1
304,"2018-12-03 20:37:05.7640","2018-12-03 20:42:10.5200",3186,"Grove St PATH",40.71958611647166,-74.04311746358871,3203,"Hamilton Park",40.727595966,-74.044247311,29228,"Subscriber",1985,1
310,"2018-12-03 20:37:05.1760","2018-12-03 20:42:15.8450",3186,"Grove St PATH",40.71958611647166,-74.04311746358871,3203,"Hamilton Park",40.727595966,-74.044247311,29225,"Subscriber",1988,2
229,"2018-12-03 20:38:03.1160","2018-12-03 20:41:52.8530",3186,"Grove St PATH",40.71958611647166,-74.04311746358871,3278,"Monmouth and 6th",40.72568548362901,-74.04879033565521,26254,"Subscriber",1978,1
244,"2018-12-03 20:42:57.1600","2018-12-03 20:47:01.4060",3186,"Grove St PATH",40.71958611647166,-74.04311746358871,3205,"JC Medical Center",40.71653978099194,-74.0496379137039,29252,"Subscriber",1989,1
286,"2018-12-03 20:49:10.9400","2018-12-03 20:53:57.6750",3186,"Grove St PATH",40.71958611647166,-74.04311746358871,3203,"Hamilton Park",40.727595966,-74.044247311,29201,"Subscriber",1971,2
190,"2018-12-03 20:50:42.6080","2018-12-03 20:53:52.8420",3186,"Grove St PATH",40.71958611647166,-74.04311746358871,3276,"Marin Light Rail",40.71458403535893,-74.04281705617905,26209,"Subscriber",1986,1
171,"2018-12-03 20:56:38.7100","2018-12-03 20:59:30.0440",3186,"Grove St PATH",40.71958611647166,-74.04311746358871,3279,"Dixon Mills",40.721630142638354,-74.04996782541275,29291,"Subscriber",1977,1
377,"2018-12-03 20:59:04.4760","2018-12-03 21:05:21.6770",3186,"Grove St PATH",40.71958611647166,-74.04311746358871,3269,"Brunswick & 6th",40.72601172964625,-74.05038893222809,26276,"Subscriber",1980,1
612,"2018-12-03 21:02:16.0340","2018-12-03 21:12:28.9730",3186,"Grove St PATH",40.71958611647166,-74.04311746358871,3268,"Lafayette Park",40.71346382669195,-74.06285852193832,29653,"Subscriber",1979,1
171,"2018-12-03 21:16:39.2790","2018-12-03 21:19:30.4520",3186,"Grove St PATH",40.71958611647166,-74.04311746358871,3276,"Marin Light Rail",40.71458403535893,-74.04281705617905,29459,"Subscriber",1984,1
171,"2018-12-03 21:27:30.4860","2018-12-03 21:30:21.7590",3186,"Grove St PATH",40.71958611647166,-74.04311746358871,3279,"Dixon Mills",40.721630142638354,-74.04996782541275,26234,"Subscriber",1975,1
180,"2018-12-03 21:35:48.6400","2018-12-03 21:38:48.9240",3186,"Grove St PATH",40.71958611647166,-74.04311746358871,3279,"Dixon Mills",40.721630142638354,-74.04996782541275,29203,"Subscriber",1976,1
310,"2018-12-03 21:37:09.4200","2018-12-03 21:42:19.8350",3186,"Grove St PATH",40.71958611647166,-74.04311746358871,3209,"Brunswick St",40.7241765,-74.0506564,26186,"Subscriber",1979,2
193,"2018-12-03 21:40:04.7390","2018-12-03 21:43:18.6740",3186,"Grove St PATH",40.71958611647166,-74.04311746358871,3209,"Brunswick St",40.7241765,-74.0506564,29608,"Subscriber",1975,1
301,"2018-12-03 21:41:38.0990","2018-12-03 21:46:39.7250",3186,"Grove St PATH",40.71958611647166,-74.04311746358871,3279,"Dixon Mills",40.721630142638354,-74.04996782541275,29524,"Subscriber",1949,1
165,"2018-12-03 21:56:51.3140","2018-12-03 21:59:36.6110",3186,"Grove St PATH",40.71958611647166,-74.04311746358871,3276,"Marin Light Rail",40.71458403535893,-74.04281705617905,26291,"Subscriber",1979,1
83,"2018-12-03 22:03:16.9050","2018-12-03 22:04:40.7330",3186,"Grove St PATH",40.71958611647166,-74.04311746358871,3185,"City Hall",40.7177325,-74.043845,29288,"Subscriber",1957,1
189,"2018-12-03 22:06:24.4150","2018-12-03 22:09:34.2700",3186,"Grove St PATH",40.71958611647166,-74.04311746358871,3270,"Jersey & 6th St",40.72528910781132,-74.04557168483734,29592,"Subscriber",1970,1
306,"2018-12-03 22:09:40.1730","2018-12-03 22:14:46.4720",3186,"Grove St PATH",40.71958611647166,-74.04311746358871,3269,"Brunswick & 6th",40.72601172964625,-74.05038893222809,26209,"Subscriber",1978,1
336,"2018-12-03 22:09:43.6360","2018-12-03 22:15:20.2360",3186,"Grove St PATH",40.71958611647166,-74.04311746358871,3269,"Brunswick & 6th",40.72601172964625,-74.05038893222809,29487,"Subscriber",1988,2
265,"2018-12-03 22:24:12.3660","2018-12-03 22:28:37.5700",3186,"Grove St PATH",40.71958611647166,-74.04311746358871,3269,"Brunswick & 6th",40.72601172964625,-74.05038893222809,29209,"Subscriber",1986,1
230,"2018-12-03 22:24:27.7160","2018-12-03 22:28:18.4050",3186,"Grove St PATH",40.71958611647166,-74.04311746358871,3209,"Brunswick St",40.7241765,-74.0506564,26274,"Subscriber",1980,1
221,"2018-12-03 22:26:38.0010","2018-12-03 22:30:19.0980",3186,"Grove St PATH",40.71958611647166,-74.04311746358871,3205,"JC Medical Center",40.71653978099194,-74.0496379137039,29482,"Subscriber",1986,1
245,"2018-12-03 22:35:19.7990","2018-12-03 22:39:25.3040",3186,"Grove St PATH",40.71958611647166,-74.04311746358871,3203,"Hamilton Park",40.727595966,-74.044247311,29668,"Subscriber",1990,1
697,"2018-12-04 06:52:15.4960","2018-12-04 07:03:53.2060",3186,"Grove St PATH",40.71958611647166,-74.04311746358871,3205,"JC Medical Center",40.71653978099194,-74.0496379137039,29608,"Subscriber",1956,1
194,"2018-12-04 06:52:44.8340","2018-12-04 06:55:58.8490",3186,"Grove St PATH",40.71958611647166,-74.04311746358871,3279,"Dixon Mills",40.721630142638354,-74.04996782541275,29535,"Subscriber",1970,1
64,"2018-12-04 08:32:07.9130","2018-12-04 08:33:12.3080",3186,"Grove St PATH",40.71958611647166,-74.04311746358871,3185,"City Hall",40.7177325,-74.043845,29243,"Subscriber",1987,1
116,"2018-12-04 08:36:10.1520","2018-12-04 08:38:06.8940",3186,"Grove St PATH",40.71958611647166,-74.04311746358871,3211,"Newark Ave",40.72152515,-74.046304543,29235,"Subscriber",1987,1
270,"2018-12-04 08:37:57.0940","2018-12-04 08:42:27.5710",3186,"Grove St PATH",40.71958611647166,-74.04311746358871,3183,"Exchange Place",40.7162469,-74.0334588,29497,"Subscriber",1991,1
61,"2018-12-04 08:42:05.9050","2018-12-04 08:43:07.4390",3186,"Grove St PATH",40.71958611647166,-74.04311746358871,3185,"City Hall",40.7177325,-74.043845,26221,"Subscriber",1987,1
253,"2018-12-04 08:45:30.6880","2018-12-04 08:49:44.3470",3186,"Grove St PATH",40.71958611647166,-74.04311746358871,3483,"Montgomery St",40.71942,-74.05099,26271,"Subscriber",1987,1
286,"2018-12-04 08:46:18.5790","2018-12-04 08:51:05.3590",3186,"Grove St PATH",40.71958611647166,-74.04311746358871,3639,"Harborside",40.7192517,-74.034234,26295,"Subscriber",1989,1
332,"2018-12-04 08:51:53.2230","2018-12-04 08:57:25.9220",3186,"Grove St PATH",40.71958611647166,-74.04311746358871,3203,"Hamilton Park",40.727595966,-74.044247311,29535,"Subscriber",1973,1
245,"2018-12-04 09:19:30.1840","2018-12-04 09:23:35.8240",3186,"Grove St PATH",40.71958611647166,-74.04311746358871,3209,"Brunswick St",40.7241765,-74.0506564,29658,"Subscriber",1982,1
150,"2018-12-04 09:48:07.7870","2018-12-04 09:50:38.1850",3186,"Grove St PATH",40.71958611647166,-74.04311746358871,3276,"Marin Light Rail",40.71458403535893,-74.04281705617905,26251,"Subscriber",1991,1
263,"2018-12-04 10:20:29.8970","2018-12-04 10:24:53.7640",3186,"Grove St PATH",40.71958611647166,-74.04311746358871,3203,"Hamilton Park",40.727595966,-74.044247311,28164,"Subscriber",1973,2
220,"2018-12-04 10:25:11.6850","2018-12-04 10:28:52.3970",3186,"Grove St PATH",40.71958611647166,-74.04311746358871,3205,"JC Medical Center",40.71653978099194,-74.0496379137039,26179,"Subscriber",1976,2
190,"2018-12-04 10:41:19.6950","2018-12-04 10:44:30.1420",3186,"Grove St PATH",40.71958611647166,-74.04311746358871,3183,"Exchange Place",40.7162469,-74.0334588,29675,"Subscriber",1982,1
601,"2018-12-04 11:22:14.6650","2018-12-04 11:32:16.0970",3186,"Grove St PATH",40.71958611647166,-74.04311746358871,3225,"Baldwin at Montgomery",40.7236589,-74.0641943,29602,"Subscriber",1993,1
2453,"2018-12-04 11:47:28.2260","2018-12-04 12:28:21.5200",3186,"Grove St PATH",40.71958611647166,-74.04311746358871,3193,"Lincoln Park",40.7246050998869,-74.07840594649315,29286,"Subscriber",1969,1
3757,"2018-12-04 11:56:20.5410","2018-12-04 12:58:58.1720",3186,"Grove St PATH",40.71958611647166,-74.04311746358871,3186,"Grove St PATH",40.71958611647166,-74.04311746358871,29197,"Subscriber",1988,1
159,"2018-12-04 12:34:47.9550","2018-12-04 12:37:27.5030",3186,"Grove St PATH",40.71958611647166,-74.04311746358871,3276,"Marin Light Rail",40.71458403535893,-74.04281705617905,29500,"Subscriber",1991,1
259,"2018-12-04 13:20:13.6790","2018-12-04 13:24:33.0910",3186,"Grove St PATH",40.71958611647166,-74.04311746358871,3278,"Monmouth and 6th",40.72568548362901,-74.04879033565521,26296,"Subscriber",1991,1
433,"2018-12-04 14:44:54.6800","2018-12-04 14:52:08.5730",3186,"Grove St PATH",40.71958611647166,-74.04311746358871,3267,"Morris Canal",40.7124188237569,-74.03852552175522,29472,"Subscriber",1978,1
254,"2018-12-04 14:45:57.1560","2018-12-04 14:50:11.7310",3186,"Grove St PATH",40.71958611647166,-74.04311746358871,3272,"Jersey & 3rd",40.72333158646436,-74.04595255851744,29467,"Subscriber",1953,2
219,"2018-12-04 14:57:20.5110","2018-12-04 15:01:00.0730",3186,"Grove St PATH",40.71958611647166,-74.04311746358871,3270,"Jersey & 6th St",40.72528910781132,-74.04557168483734,26173,"Subscriber",1970,1
159,"2018-12-04 15:09:57.0880","2018-12-04 15:12:36.6040",3186,"Grove St PATH",40.71958611647166,-74.04311746358871,3279,"Dixon Mills",40.721630142638354,-74.04996782541275,29231,"Subscriber",1981,2
1763,"2018-12-04 15:13:59.8390","2018-12-04 15:43:23.8100",3186,"Grove St PATH",40.71958611647166,-74.04311746358871,3186,"Grove St PATH",40.71958611647166,-74.04311746358871,29640,"Subscriber",1971,2
1639,"2018-12-04 15:23:54.2660","2018-12-04 15:51:14.1700",3186,"Grove St PATH",40.71958611647166,-74.04311746358871,3186,"Grove St PATH",40.71958611647166,-74.04311746358871,29608,"Subscriber",1958,1
193,"2018-12-04 15:29:11.9770","2018-12-04 15:32:25.2080",3186,"Grove St PATH",40.71958611647166,-74.04311746358871,3187,"Warren St",40.7211236,-74.03805095,33781,"Subscriber",1988,1
166,"2018-12-04 15:30:19.7210","2018-12-04 15:33:06.6790",3186,"Grove St PATH",40.71958611647166,-74.04311746358871,3272,"Jersey & 3rd",40.72333158646436,-74.04595255851744,29673,"Subscriber",1990,1
187,"2018-12-04 15:35:17.5040","2018-12-04 15:38:24.5120",3186,"Grove St PATH",40.71958611647166,-74.04311746358871,3270,"Jersey & 6th St",40.72528910781132,-74.04557168483734,29533,"Subscriber",1978,1
70,"2018-12-04 15:48:39.3850","2018-12-04 15:49:49.7340",3186,"Grove St PATH",40.71958611647166,-74.04311746358871,3185,"City Hall",40.7177325,-74.043845,29500,"Subscriber",1971,1
168,"2018-12-04 15:50:31.5680","2018-12-04 15:53:20.1810",3186,"Grove St PATH",40.71958611647166,-74.04311746358871,3279,"Dixon Mills",40.721630142638354,-74.04996782541275,29527,"Subscriber",1986,1
142,"2018-12-04 15:56:18.1220","2018-12-04 15:58:40.8920",3186,"Grove St PATH",40.71958611647166,-74.04311746358871,3272,"Jersey & 3rd",40.72333158646436,-74.04595255851744,29497,"Subscriber",1980,1
190,"2018-12-04 16:11:09.6430","2018-12-04 16:14:19.8910",3186,"Grove St PATH",40.71958611647166,-74.04311746358871,3279,"Dixon Mills",40.721630142638354,-74.04996782541275,26284,"Subscriber",1977,2
218,"2018-12-04 16:20:19.1270","2018-12-04 16:23:57.2260",3186,"Grove St PATH",40.71958611647166,-74.04311746358871,3205,"JC Medical Center",40.71653978099194,-74.0496379137039,26206,"Subscriber",1983,1
229,"2018-12-04 16:44:41.6050","2018-12-04 16:48:31.4670",3186,"Grove St PATH",40.71958611647166,-74.04311746358871,3209,"Brunswick St",40.7241765,-74.0506564,29667,"Subscriber",1980,1
188,"2018-12-04 16:56:07.5420","2018-12-04 16:59:16.1570",3186,"Grove St PATH",40.71958611647166,-74.04311746358871,3276,"Marin Light Rail",40.71458403535893,-74.04281705617905,29245,"Subscriber",1984,2
290,"2018-12-04 17:00:28.5210","2018-12-04 17:05:18.6050",3186,"Grove St PATH",40.71958611647166,-74.04311746358871,3203,"Hamilton Park",40.727595966,-74.044247311,29126,"Subscriber",1982,2
255,"2018-12-04 17:06:29.9940","2018-12-04 17:10:45.3630",3186,"Grove St PATH",40.71958611647166,-74.04311746358871,3269,"Brunswick & 6th",40.72601172964625,-74.05038893222809,29502,"Subscriber",1992,1
156,"2018-12-04 17:07:42.6100","2018-12-04 17:10:18.6310",3186,"Grove St PATH",40.71958611647166,-74.04311746358871,3272,"Jersey & 3rd",40.72333158646436,-74.04595255851744,26253,"Subscriber",1988,2
329,"2018-12-04 17:08:44.0640","2018-12-04 17:14:13.5980",3186,"Grove St PATH",40.71958611647166,-74.04311746358871,3269,"Brunswick & 6th",40.72601172964625,-74.05038893222809,29528,"Subscriber",1986,2
485,"2018-12-04 17:09:23.3500","2018-12-04 17:17:28.6890",3186,"Grove St PATH",40.71958611647166,-74.04311746358871,3267,"Morris Canal",40.7124188237569,-74.03852552175522,29640,"Subscriber",1967,1
251,"2018-12-04 17:09:28.7520","2018-12-04 17:13:40.3080",3186,"Grove St PATH",40.71958611647166,-74.04311746358871,3205,"JC Medical Center",40.71653978099194,-74.0496379137039,29508,"Subscriber",1969,0
269,"2018-12-04 17:09:29.2000","2018-12-04 17:13:59.1840",3186,"Grove St PATH",40.71958611647166,-74.04311746358871,3269,"Brunswick & 6th",40.72601172964625,-74.05038893222809,29593,"Subscriber",1980,1
342,"2018-12-04 17:12:29.8550","2018-12-04 17:18:11.9140",3186,"Grove St PATH",40.71958611647166,-74.04311746358871,3214,"Essex Light Rail",40.7127742,-74.0364857,29288,"Subscriber",1974,1
168,"2018-12-04 17:16:21.6910","2018-12-04 17:19:09.9660",3186,"Grove St PATH",40.71958611647166,-74.04311746358871,3276,"Marin Light Rail",40.71458403535893,-74.04281705617905,29123,"Subscriber",1991,1
260,"2018-12-04 17:25:23.6880","2018-12-04 17:29:44.6550",3186,"Grove St PATH",40.71958611647166,-74.04311746358871,3276,"Marin Light Rail",40.71458403535893,-74.04281705617905,29665,"Subscriber",1987,1
194,"2018-12-04 17:26:01.8930","2018-12-04 17:29:15.9270",3186,"Grove St PATH",40.71958611647166,-74.04311746358871,3279,"Dixon Mills",40.721630142638354,-74.04996782541275,29664,"Subscriber",1989,1
202,"2018-12-04 17:27:05.0990","2018-12-04 17:30:27.2310",3186,"Grove St PATH",40.71958611647166,-74.04311746358871,3278,"Monmouth and 6th",40.72568548362901,-74.04879033565521,29673,"Subscriber",1988,1
228,"2018-12-04 17:28:50.7700","2018-12-04 17:32:39.5140",3186,"Grove St PATH",40.71958611647166,-74.04311746358871,3270,"Jersey & 6th St",40.72528910781132,-74.04557168483734,29271,"Subscriber",1985,1
265,"2018-12-04 17:30:20.0270","2018-12-04 17:34:45.9190",3186,"Grove St PATH",40.71958611647166,-74.04311746358871,3209,"Brunswick St",40.7241765,-74.0506564,29471,"Subscriber",1989,1
499,"2018-12-04 17:31:20.5420","2018-12-04 17:39:39.7000",3186,"Grove St PATH",40.71958611647166,-74.04311746358871,3192,"Liberty Light Rail",40.7112423,-74.0557013,29289,"Subscriber",1969,1
261,"2018-12-04 17:31:26.2310","2018-12-04 17:35:47.3820",3186,"Grove St PATH",40.71958611647166,-74.04311746358871,3481,"York St",40.71649,-74.04105,29123,"Subscriber",1962,1
221,"2018-12-04 17:32:01.2530","2018-12-04 17:35:42.5770",3186,"Grove St PATH",40.71958611647166,-74.04311746358871,3276,"Marin Light Rail",40.71458403535893,-74.04281705617905,29487,"Subscriber",1989,1
292,"2018-12-04 17:34:12.3720","2018-12-04 17:39:04.5520",3186,"Grove St PATH",40.71958611647166,-74.04311746358871,3209,"Brunswick St",40.7241765,-74.0506564,29444,"Subscriber",1977,2
244,"2018-12-04 17:35:04.0610","2018-12-04 17:39:08.3410",3186,"Grove St PATH",40.71958611647166,-74.04311746358871,3209,"Brunswick St",40.7241765,-74.0506564,29659,"Subscriber",1984,1
332,"2018-12-04 17:36:54.7950","2018-12-04 17:42:27.4600",3186,"Grove St PATH",40.71958611647166,-74.04311746358871,3203,"Hamilton Park",40.727595966,-74.044247311,26213,"Subscriber",1978,1
245,"2018-12-04 17:38:11.5130","2018-12-04 17:42:16.9320",3186,"Grove St PATH",40.71958611647166,-74.04311746358871,3205,"JC Medical Center",40.71653978099194,-74.0496379137039,29285,"Subscriber",1989,1
539,"2018-12-04 17:43:52.2660","2018-12-04 17:52:51.6970",3186,"Grove St PATH",40.71958611647166,-74.04311746358871,3192,"Liberty Light Rail",40.7112423,-74.0557013,29446,"Subscriber",1983,1
192,"2018-12-04 17:48:59.9010","2018-12-04 17:52:12.1720",3186,"Grove St PATH",40.71958611647166,-74.04311746358871,3483,"Montgomery St",40.71942,-74.05099,29673,"Subscriber",1963,2
264,"2018-12-04 17:49:40.0250","2018-12-04 17:54:04.8240",3186,"Grove St PATH",40.71958611647166,-74.04311746358871,3278,"Monmouth and 6th",40.72568548362901,-74.04879033565521,29659,"Subscriber",1983,2
276,"2018-12-04 17:49:54.5710","2018-12-04 17:54:30.6450",3186,"Grove St PATH",40.71958611647166,-74.04311746358871,3203,"Hamilton Park",40.727595966,-74.044247311,29614,"Subscriber",1981,1
838,"2018-12-04 17:51:20.2450","2018-12-04 18:05:18.7620",3186,"Grove St PATH",40.71958611647166,-74.04311746358871,3194,"McGinley Square",40.7253399253558,-74.06762212514877,29490,"Subscriber",1981,1
202,"2018-12-04 17:51:24.7710","2018-12-04 17:54:47.6920",3186,"Grove St PATH",40.71958611647166,-74.04311746358871,3203,"Hamilton Park",40.727595966,-74.044247311,26291,"Subscriber",1979,1
370,"2018-12-04 17:58:22.5650","2018-12-04 18:04:32.7920",3186,"Grove St PATH",40.71958611647166,-74.04311746358871,3269,"Brunswick & 6th",40.72601172964625,-74.05038893222809,29596,"Subscriber",1978,1
235,"2018-12-04 17:58:48.1640","2018-12-04 18:02:43.4630",3186,"Grove St PATH",40.71958611647166,-74.04311746358871,3278,"Monmouth and 6th",40.72568548362901,-74.04879033565521,29455,"Subscriber",1971,1
382,"2018-12-04 17:58:58.4080","2018-12-04 18:05:20.5800",3186,"Grove St PATH",40.71958611647166,-74.04311746358871,3203,"Hamilton Park",40.727595966,-74.044247311,29538,"Subscriber",1976,2
485,"2018-12-04 17:59:49.8300","2018-12-04 18:07:55.0430",3186,"Grove St PATH",40.71958611647166,-74.04311746358871,3267,"Morris Canal",40.7124188237569,-74.03852552175522,29272,"Subscriber",1990,1
186,"2018-12-04 17:59:49.3890","2018-12-04 18:02:56.0180",3186,"Grove St PATH",40.71958611647166,-74.04311746358871,3276,"Marin Light Rail",40.71458403535893,-74.04281705617905,29484,"Subscriber",1986,1
96,"2018-12-04 18:00:26.5510","2018-12-04 18:02:03.4190",3186,"Grove St PATH",40.71958611647166,-74.04311746358871,3186,"Grove St PATH",40.71958611647166,-74.04311746358871,29548,"Subscriber",1968,1
196,"2018-12-04 18:02:43.2380","2018-12-04 18:05:59.3080",3186,"Grove St PATH",40.71958611647166,-74.04311746358871,3270,"Jersey & 6th St",40.72528910781132,-74.04557168483734,29245,"Subscriber",1968,1
313,"2018-12-04 18:04:32.1380","2018-12-04 18:09:45.7060",3186,"Grove St PATH",40.71958611647166,-74.04311746358871,3269,"Brunswick & 6th",40.72601172964625,-74.05038893222809,29210,"Subscriber",1982,1
237,"2018-12-04 18:04:59.1570","2018-12-04 18:08:56.3310",3186,"Grove St PATH",40.71958611647166,-74.04311746358871,3279,"Dixon Mills",40.721630142638354,-74.04996782541275,29263,"Subscriber",1986,1
342,"2018-12-04 18:05:14.1940","2018-12-04 18:10:56.4830",3186,"Grove St PATH",40.71958611647166,-74.04311746358871,3203,"Hamilton Park",40.727595966,-74.044247311,29664,"Subscriber",1985,1
289,"2018-12-04 18:06:33.8260","2018-12-04 18:11:23.4380",3186,"Grove St PATH",40.71958611647166,-74.04311746358871,3203,"Hamilton Park",40.727595966,-74.044247311,29197,"Subscriber",1970,2
217,"2018-12-04 18:07:19.4650","2018-12-04 18:10:56.9690",3186,"Grove St PATH",40.71958611647166,-74.04311746358871,3279,"Dixon Mills",40.721630142638354,-74.04996782541275,26209,"Subscriber",1976,1
254,"2018-12-04 18:09:33.1360","2018-12-04 18:13:47.4140",3186,"Grove St PATH",40.71958611647166,-74.04311746358871,3209,"Brunswick St",40.7241765,-74.0506564,26216,"Subscriber",1981,1
347,"2018-12-04 18:11:49.7450","2018-12-04 18:17:36.8830",3186,"Grove St PATH",40.71958611647166,-74.04311746358871,3269,"Brunswick & 6th",40.72601172964625,-74.05038893222809,26227,"Subscriber",1982,2
224,"2018-12-04 18:13:02.8670","2018-12-04 18:16:47.4470",3186,"Grove St PATH",40.71958611647166,-74.04311746358871,3270,"Jersey & 6th St",40.72528910781132,-74.04557168483734,26208,"Subscriber",1956,1
612,"2018-12-04 18:13:25.4930","2018-12-04 18:23:37.5620",3186,"Grove St PATH",40.71958611647166,-74.04311746358871,3192,"Liberty Light Rail",40.7112423,-74.0557013,26257,"Subscriber",1982,1
314,"2018-12-04 18:15:38.0940","2018-12-04 18:20:52.7460",3186,"Grove St PATH",40.71958611647166,-74.04311746358871,3203,"Hamilton Park",40.727595966,-74.044247311,26282,"Subscriber",1980,2
344,"2018-12-04 18:18:43.3740","2018-12-04 18:24:27.7020",3186,"Grove St PATH",40.71958611647166,-74.04311746358871,3269,"Brunswick & 6th",40.72601172964625,-74.05038893222809,29582,"Subscriber",1989,1
294,"2018-12-04 18:21:50.0280","2018-12-04 18:26:44.7160",3186,"Grove St PATH",40.71958611647166,-74.04311746358871,3203,"Hamilton Park",40.727595966,-74.044247311,29475,"Subscriber",1968,1
141,"2018-12-04 18:23:21.2170","2018-12-04 18:25:42.5380",3186,"Grove St PATH",40.71958611647166,-74.04311746358871,3272,"Jersey & 3rd",40.72333158646436,-74.04595255851744,29482,"Subscriber",1970,1
187,"2018-12-04 18:24:33.2820","2018-12-04 18:27:40.4890",3186,"Grove St PATH",40.71958611647166,-74.04311746358871,3279,"Dixon Mills",40.721630142638354,-74.04996782541275,29573,"Subscriber",1986,1
252,"2018-12-04 18:25:54.8220","2018-12-04 18:30:06.9140",3186,"Grove St PATH",40.71958611647166,-74.04311746358871,3269,"Brunswick & 6th",40.72601172964625,-74.05038893222809,29540,"Subscriber",1993,1
323,"2018-12-04 18:34:04.0930","2018-12-04 18:39:27.8400",3186,"Grove St PATH",40.71958611647166,-74.04311746358871,3278,"Monmouth and 6th",40.72568548362901,-74.04879033565521,29212,"Subscriber",1978,1
303,"2018-12-04 18:36:11.0950","2018-12-04 18:41:15.0830",3186,"Grove St PATH",40.71958611647166,-74.04311746358871,3278,"Monmouth and 6th",40.72568548362901,-74.04879033565521,29555,"Subscriber",1981,1
170,"2018-12-04 18:36:42.7520","2018-12-04 18:39:33.5250",3186,"Grove St PATH",40.71958611647166,-74.04311746358871,3279,"Dixon Mills",40.721630142638354,-74.04996782541275,29258,"Subscriber",1991,1
202,"2018-12-04 18:39:07.9420","2018-12-04 18:42:30.0110",3186,"Grove St PATH",40.71958611647166,-74.04311746358871,3279,"Dixon Mills",40.721630142638354,-74.04996782541275,26253,"Subscriber",1987,2
237,"2018-12-04 18:41:17.4310","2018-12-04 18:45:15.1670",3186,"Grove St PATH",40.71958611647166,-74.04311746358871,3205,"JC Medical Center",40.71653978099194,-74.0496379137039,26275,"Subscriber",1992,1
291,"2018-12-04 18:45:21.0270","2018-12-04 18:50:12.5190",3186,"Grove St PATH",40.71958611647166,-74.04311746358871,3203,"Hamilton Park",40.727595966,-74.044247311,29296,"Subscriber",1990,2
163,"2018-12-04 18:45:17.7730","2018-12-04 18:48:01.6880",3186,"Grove St PATH",40.71958611647166,-74.04311746358871,3213,"Van Vorst Park",40.71848892,-74.047726625,29521,"Subscriber",1962,1
247,"2018-12-04 18:46:39.0700","2018-12-04 18:50:46.1510",3186,"Grove St PATH",40.71958611647166,-74.04311746358871,3203,"Hamilton Park",40.727595966,-74.044247311,29530,"Subscriber",1984,1
349,"2018-12-04 18:47:17.1780","2018-12-04 18:53:06.5180",3186,"Grove St PATH",40.71958611647166,-74.04311746358871,3278,"Monmouth and 6th",40.72568548362901,-74.04879033565521,29681,"Subscriber",1988,1
143,"2018-12-04 18:49:32.1370","2018-12-04 18:51:55.3240",3186,"Grove St PATH",40.71958611647166,-74.04311746358871,3279,"Dixon Mills",40.721630142638354,-74.04996782541275,29608,"Subscriber",1982,1
485,"2018-12-04 18:50:16.5360","2018-12-04 18:58:22.3320",3186,"Grove St PATH",40.71958611647166,-74.04311746358871,3192,"Liberty Light Rail",40.7112423,-74.0557013,26202,"Subscriber",1974,1
295,"2018-12-04 18:51:01.8610","2018-12-04 18:55:57.1900",3186,"Grove St PATH",40.71958611647166,-74.04311746358871,3483,"Montgomery St",40.71942,-74.05099,29505,"Subscriber",1988,1
258,"2018-12-04 18:54:39.0730","2018-12-04 18:58:57.8390",3186,"Grove St PATH",40.71958611647166,-74.04311746358871,3278,"Monmouth and 6th",40.72568548362901,-74.04879033565521,29548,"Subscriber",1956,1
580,"2018-12-04 18:57:28.8240","2018-12-04 19:07:09.6850",3186,"Grove St PATH",40.71958611647166,-74.04311746358871,3192,"Liberty Light Rail",40.7112423,-74.0557013,29298,"Subscriber",1985,1
490,"2018-12-04 19:01:06.0940","2018-12-04 19:09:16.8920",3186,"Grove St PATH",40.71958611647166,-74.04311746358871,3270,"Jersey & 6th St",40.72528910781132,-74.04557168483734,26254,"Subscriber",1967,1
146,"2018-12-04 19:02:15.7900","2018-12-04 19:04:42.0180",3186,"Grove St PATH",40.71958611647166,-74.04311746358871,3279,"Dixon Mills",40.721630142638354,-74.04996782541275,29653,"Subscriber",1982,1
105,"2018-12-04 19:05:25.3500","2018-12-04 19:07:10.9020",3186,"Grove St PATH",40.71958611647166,-74.04311746358871,3272,"Jersey & 3rd",40.72333158646436,-74.04595255851744,29301,"Subscriber",1993,1
153,"2018-12-04 19:16:47.7950","2018-12-04 19:19:21.3800",3186,"Grove St PATH",40.71958611647166,-74.04311746358871,3279,"Dixon Mills",40.721630142638354,-74.04996782541275,26296,"Subscriber",1984,1
264,"2018-12-04 19:21:30.6080","2018-12-04 19:25:55.0030",3186,"Grove St PATH",40.71958611647166,-74.04311746358871,3270,"Jersey & 6th St",40.72528910781132,-74.04557168483734,29673,"Subscriber",1962,1
183,"2018-12-04 20:10:41.6680","2018-12-04 20:13:44.7170",3186,"Grove St PATH",40.71958611647166,-74.04311746358871,3279,"Dixon Mills",40.721630142638354,-74.04996782541275,29607,"Subscriber",1977,1
265,"2018-12-04 20:12:57.8700","2018-12-04 20:17:23.0310",3186,"Grove St PATH",40.71958611647166,-74.04311746358871,3203,"Hamilton Park",40.727595966,-74.044247311,29252,"Subscriber",1986,1
295,"2018-12-04 20:18:49.3090","2018-12-04 20:23:45.1950",3186,"Grove St PATH",40.71958611647166,-74.04311746358871,3205,"JC Medical Center",40.71653978099194,-74.0496379137039,26294,"Subscriber",1991,2
232,"2018-12-04 20:18:51.7720","2018-12-04 20:22:44.3480",3186,"Grove St PATH",40.71958611647166,-74.04311746358871,3278,"Monmouth and 6th",40.72568548362901,-74.04879033565521,29241,"Customer",1993,1
213,"2018-12-04 20:26:52.3060","2018-12-04 20:30:25.3570",3186,"Grove St PATH",40.71958611647166,-74.04311746358871,3481,"York St",40.71649,-74.04105,29210,"Subscriber",1961,1
223,"2018-12-04 20:27:24.8640","2018-12-04 20:31:08.6000",3186,"Grove St PATH",40.71958611647166,-74.04311746358871,3278,"Monmouth and 6th",40.72568548362901,-74.04879033565521,29593,"Subscriber",1978,1
246,"2018-12-04 20:30:02.7860","2018-12-04 20:34:09.5750",3186,"Grove St PATH",40.71958611647166,-74.04311746358871,3278,"Monmouth and 6th",40.72568548362901,-74.04879033565521,29467,"Subscriber",1977,1
172,"2018-12-04 20:36:39.5080","2018-12-04 20:39:31.9260",3186,"Grove St PATH",40.71958611647166,-74.04311746358871,3279,"Dixon Mills",40.721630142638354,-74.04996782541275,29595,"Subscriber",1975,1
221,"2018-12-04 20:47:07.4340","2018-12-04 20:50:49.2610",3186,"Grove St PATH",40.71958611647166,-74.04311746358871,3203,"Hamilton Park",40.727595966,-74.044247311,29596,"Subscriber",1975,1
258,"2018-12-04 20:53:52.3780","2018-12-04 20:58:10.3940",3186,"Grove St PATH",40.71958611647166,-74.04311746358871,3209,"Brunswick St",40.7241765,-74.0506564,26254,"Subscriber",1984,1
379,"2018-12-04 20:57:43.2360","2018-12-04 21:04:02.2990",3186,"Grove St PATH",40.71958611647166,-74.04311746358871,3269,"Brunswick & 6th",40.72601172964625,-74.05038893222809,29271,"Subscriber",1991,1
228,"2018-12-04 20:58:13.2610","2018-12-04 21:02:01.3570",3186,"Grove St PATH",40.71958611647166,-74.04311746358871,3205,"JC Medical Center",40.71653978099194,-74.0496379137039,29533,"Subscriber",1992,1
291,"2018-12-04 20:58:30.5690","2018-12-04 21:03:21.6050",3186,"Grove St PATH",40.71958611647166,-74.04311746358871,3269,"Brunswick & 6th",40.72601172964625,-74.05038893222809,29669,"Subscriber",1981,2
665,"2018-12-04 20:59:03.2680","2018-12-04 21:10:08.8490",3186,"Grove St PATH",40.71958611647166,-74.04311746358871,3268,"Lafayette Park",40.71346382669195,-74.06285852193832,26173,"Subscriber",1957,2
297,"2018-12-04 21:05:28.7530","2018-12-04 21:10:26.6990",3186,"Grove St PATH",40.71958611647166,-74.04311746358871,3267,"Morris Canal",40.7124188237569,-74.03852552175522,26227,"Subscriber",1974,1
254,"2018-12-04 21:10:53.7550","2018-12-04 21:15:07.9270",3186,"Grove St PATH",40.71958611647166,-74.04311746358871,3203,"Hamilton Park",40.727595966,-74.044247311,26267,"Subscriber",1983,1
246,"2018-12-04 21:12:31.4190","2018-12-04 21:16:37.8740",3186,"Grove St PATH",40.71958611647166,-74.04311746358871,3270,"Jersey & 6th St",40.72528910781132,-74.04557168483734,29494,"Subscriber",1960,1
156,"2018-12-04 21:19:16.4940","2018-12-04 21:21:53.2060",3186,"Grove St PATH",40.71958611647166,-74.04311746358871,3213,"Van Vorst Park",40.71848892,-74.047726625,29257,"Subscriber",1986,1
284,"2018-12-04 21:39:58.7590","2018-12-04 21:44:43.1370",3186,"Grove St PATH",40.71958611647166,-74.04311746358871,3203,"Hamilton Park",40.727595966,-74.044247311,29576,"Subscriber",1989,2
454,"2018-12-04 21:42:52.3310","2018-12-04 21:50:27.0630",3186,"Grove St PATH",40.71958611647166,-74.04311746358871,3192,"Liberty Light Rail",40.7112423,-74.0557013,29204,"Subscriber",1986,1
212,"2018-12-04 21:46:48.7370","2018-12-04 21:50:21.5130",3186,"Grove St PATH",40.71958611647166,-74.04311746358871,3276,"Marin Light Rail",40.71458403535893,-74.04281705617905,29203,"Subscriber",1989,1
153,"2018-12-04 21:47:33.9550","2018-12-04 21:50:07.3470",3186,"Grove St PATH",40.71958611647166,-74.04311746358871,3213,"Van Vorst Park",40.71848892,-74.047726625,29502,"Subscriber",1990,1
297,"2018-12-04 21:47:34.0700","2018-12-04 21:52:31.9610",3186,"Grove St PATH",40.71958611647166,-74.04311746358871,3269,"Brunswick & 6th",40.72601172964625,-74.05038893222809,29582,"Subscriber",1991,1
159,"2018-12-04 21:48:15.8190","2018-12-04 21:50:55.5180",3186,"Grove St PATH",40.71958611647166,-74.04311746358871,3279,"Dixon Mills",40.721630142638354,-74.04996782541275,29540,"Subscriber",1996,2
183,"2018-12-04 22:41:06.1550","2018-12-04 22:44:09.6540",3186,"Grove St PATH",40.71958611647166,-74.04311746358871,3276,"Marin Light Rail",40.71458403535893,-74.04281705617905,29602,"Subscriber",1989,1
259,"2018-12-04 23:10:15.4270","2018-12-04 23:14:35.3750",3186,"Grove St PATH",40.71958611647166,-74.04311746358871,3269,"Brunswick & 6th",40.72601172964625,-74.05038893222809,29510,"Subscriber",1988,1
159,"2018-12-04 23:29:58.8350","2018-12-04 23:32:38.5400",3186,"Grove St PATH",40.71958611647166,-74.04311746358871,3275,"Columbus Drive",40.71835519823214,-74.03891444206238,26164,"Subscriber",1981,1
240,"2018-12-05 06:50:02.4910","2018-12-05 06:54:02.5260",3186,"Grove St PATH",40.71958611647166,-74.04311746358871,3205,"JC Medical Center",40.71653978099194,-74.0496379137039,26260,"Subscriber",1956,1
256,"2018-12-05 08:32:47.7790","2018-12-05 08:37:04.6190",3186,"Grove St PATH",40.71958611647166,-74.04311746358871,3209,"Brunswick St",40.7241765,-74.0506564,26193,"Subscriber",1983,1
303,"2018-12-05 08:42:19.3710","2018-12-05 08:47:23.1630",3186,"Grove St PATH",40.71958611647166,-74.04311746358871,3183,"Exchange Place",40.7162469,-74.0334588,29496,"Subscriber",1991,1
1290,"2018-12-05 08:46:02.5830","2018-12-05 09:07:33.4590",3186,"Grove St PATH",40.71958611647166,-74.04311746358871,3269,"Brunswick & 6th",40.72601172964625,-74.05038893222809,26152,"Subscriber",1971,2
316,"2018-12-05 08:57:52.1070","2018-12-05 09:03:08.1410",3186,"Grove St PATH",40.71958611647166,-74.04311746358871,3639,"Harborside",40.7192517,-74.034234,31443,"Subscriber",1989,1
202,"2018-12-05 08:58:41.3150","2018-12-05 09:02:03.7910",3186,"Grove St PATH",40.71958611647166,-74.04311746358871,3209,"Brunswick St",40.7241765,-74.0506564,26203,"Subscriber",1991,1
309,"2018-12-05 09:50:52.9560","2018-12-05 09:56:02.1340",3186,"Grove St PATH",40.71958611647166,-74.04311746358871,3269,"Brunswick & 6th",40.72601172964625,-74.05038893222809,29595,"Subscriber",1981,1
262,"2018-12-05 11:29:02.3890","2018-12-05 11:33:25.3690",3186,"Grove St PATH",40.71958611647166,-74.04311746358871,3203,"Hamilton Park",40.727595966,-74.044247311,29288,"Subscriber",1973,1
310,"2018-12-05 12:05:55.3580","2018-12-05 12:11:05.3900",3186,"Grove St PATH",40.71958611647166,-74.04311746358871,3203,"Hamilton Park",40.727595966,-74.044247311,29521,"Subscriber",1953,2
392,"2018-12-05 12:35:47.9310","2018-12-05 12:42:20.8640",3186,"Grove St PATH",40.71958611647166,-74.04311746358871,3638,"Washington St",40.7242941,-74.0354826,26160,"Subscriber",1988,1
589,"2018-12-05 12:59:37.8270","2018-12-05 13:09:27.0820",3186,"Grove St PATH",40.71958611647166,-74.04311746358871,3277,"Communipaw & Berry Lane",40.71435836870427,-74.06661093235016,26213,"Subscriber",1975,1
252,"2018-12-05 12:59:42.3600","2018-12-05 13:03:55.0960",3186,"Grove St PATH",40.71958611647166,-74.04311746358871,3272,"Jersey & 3rd",40.72333158646436,-74.04595255851744,26158,"Subscriber",1969,1
728,"2018-12-05 13:27:05.2830","2018-12-05 13:39:13.7720",3186,"Grove St PATH",40.71958611647166,-74.04311746358871,3184,"Paulus Hook",40.7141454,-74.0335519,29540,"Subscriber",1977,1
440,"2018-12-05 14:09:33.1030","2018-12-05 14:16:53.9820",3186,"Grove St PATH",40.71958611647166,-74.04311746358871,3192,"Liberty Light Rail",40.7112423,-74.0557013,26241,"Subscriber",1981,2
1683,"2018-12-05 15:09:29.1640","2018-12-05 15:37:32.6860",3186,"Grove St PATH",40.71958611647166,-74.04311746358871,3203,"Hamilton Park",40.727595966,-74.044247311,29635,"Subscriber",1971,2
219,"2018-12-05 15:41:54.5220","2018-12-05 15:45:34.0050",3186,"Grove St PATH",40.71958611647166,-74.04311746358871,3209,"Brunswick St",40.7241765,-74.0506564,29573,"Subscriber",1990,1
296,"2018-12-05 15:45:09.5360","2018-12-05 15:50:05.9590",3186,"Grove St PATH",40.71958611647166,-74.04311746358871,3278,"Monmouth and 6th",40.72568548362901,-74.04879033565521,26294,"Subscriber",1982,1
264,"2018-12-05 15:51:32.4150","2018-12-05 15:55:56.5280",3186,"Grove St PATH",40.71958611647166,-74.04311746358871,3278,"Monmouth and 6th",40.72568548362901,-74.04879033565521,29521,"Subscriber",1988,1
479,"2018-12-05 16:05:44.9010","2018-12-05 16:13:44.1290",3186,"Grove St PATH",40.71958611647166,-74.04311746358871,3269,"Brunswick & 6th",40.72601172964625,-74.05038893222809,29612,"Subscriber",1984,1
172,"2018-12-05 16:15:06.7860","2018-12-05 16:17:58.8200",3186,"Grove St PATH",40.71958611647166,-74.04311746358871,3279,"Dixon Mills",40.721630142638354,-74.04996782541275,26296,"Subscriber",1977,2
286,"2018-12-05 16:28:37.3270","2018-12-05 16:33:23.3770",3186,"Grove St PATH",40.71958611647166,-74.04311746358871,3269,"Brunswick & 6th",40.72601172964625,-74.05038893222809,29669,"Subscriber",1980,1
233,"2018-12-05 16:37:08.9680","2018-12-05 16:41:02.1920",3186,"Grove St PATH",40.71958611647166,-74.04311746358871,3270,"Jersey & 6th St",40.72528910781132,-74.04557168483734,29509,"Subscriber",1974,2
273,"2018-12-05 16:45:41.1890","2018-12-05 16:50:15.0980",3186,"Grove St PATH",40.71958611647166,-74.04311746358871,3203,"Hamilton Park",40.727595966,-74.044247311,29272,"Subscriber",1968,1
227,"2018-12-05 16:49:21.6110","2018-12-05 16:53:09.2940",3186,"Grove St PATH",40.71958611647166,-74.04311746358871,3209,"Brunswick St",40.7241765,-74.0506564,29297,"Subscriber",1980,1
344,"2018-12-05 16:58:10.5570","2018-12-05 17:03:54.7670",3186,"Grove St PATH",40.71958611647166,-74.04311746358871,3267,"Morris Canal",40.7124188237569,-74.03852552175522,26316,"Subscriber",1990,1
327,"2018-12-05 17:18:48.8950","2018-12-05 17:24:16.7620",3186,"Grove St PATH",40.71958611647166,-74.04311746358871,3269,"Brunswick & 6th",40.72601172964625,-74.05038893222809,26171,"Subscriber",1989,1
182,"2018-12-05 17:21:34.1180","2018-12-05 17:24:36.3310",3186,"Grove St PATH",40.71958611647166,-74.04311746358871,3279,"Dixon Mills",40.721630142638354,-74.04996782541275,26206,"Subscriber",1976,1
508,"2018-12-05 17:24:45.2940","2018-12-05 17:33:13.7660",3186,"Grove St PATH",40.71958611647166,-74.04311746358871,3192,"Liberty Light Rail",40.7112423,-74.0557013,29587,"Subscriber",1969,1
235,"2018-12-05 17:26:26.3770","2018-12-05 17:30:21.6010",3186,"Grove St PATH",40.71958611647166,-74.04311746358871,3276,"Marin Light Rail",40.71458403535893,-74.04281705617905,29259,"Subscriber",1987,1
230,"2018-12-05 17:28:05.1270","2018-12-05 17:31:55.8230",3186,"Grove St PATH",40.71958611647166,-74.04311746358871,3203,"Hamilton Park",40.727595966,-74.044247311,29228,"Subscriber",1979,1
206,"2018-12-05 17:29:26.2290","2018-12-05 17:32:53.0950",3186,"Grove St PATH",40.71958611647166,-74.04311746358871,3203,"Hamilton Park",40.727595966,-74.044247311,29629,"Subscriber",1977,1
337,"2018-12-05 17:29:44.0840","2018-12-05 17:35:21.3930",3186,"Grove St PATH",40.71958611647166,-74.04311746358871,3205,"JC Medical Center",40.71653978099194,-74.0496379137039,29225,"Subscriber",1989,1
219,"2018-12-05 17:30:42.9890","2018-12-05 17:34:22.2790",3186,"Grove St PATH",40.71958611647166,-74.04311746358871,3276,"Marin Light Rail",40.71458403535893,-74.04281705617905,29586,"Subscriber",1989,1
272,"2018-12-05 17:32:03.7940","2018-12-05 17:36:35.8620",3186,"Grove St PATH",40.71958611647166,-74.04311746358871,3270,"Jersey & 6th St",40.72528910781132,-74.04557168483734,29509,"Subscriber",1951,1
574,"2018-12-05 17:32:08.7470","2018-12-05 17:41:43.6920",3186,"Grove St PATH",40.71958611647166,-74.04311746358871,3268,"Lafayette Park",40.71346382669195,-74.06285852193832,29595,"Subscriber",1989,1
264,"2018-12-05 17:33:14.6650","2018-12-05 17:37:39.2820",3186,"Grove St PATH",40.71958611647166,-74.04311746358871,3483,"Montgomery St",40.71942,-74.05099,29570,"Subscriber",1994,1
351,"2018-12-05 17:33:09.5380","2018-12-05 17:39:00.5570",3186,"Grove St PATH",40.71958611647166,-74.04311746358871,3203,"Hamilton Park",40.727595966,-74.044247311,29639,"Subscriber",1992,1
437,"2018-12-05 17:36:26.8360","2018-12-05 17:43:44.2070",3186,"Grove St PATH",40.71958611647166,-74.04311746358871,3209,"Brunswick St",40.7241765,-74.0506564,26294,"Subscriber",1990,1
179,"2018-12-05 17:38:32.9670","2018-12-05 17:41:32.4490",3186,"Grove St PATH",40.71958611647166,-74.04311746358871,3213,"Van Vorst Park",40.71848892,-74.047726625,26281,"Subscriber",1984,1
206,"2018-12-05 17:38:50.8080","2018-12-05 17:42:17.3860",3186,"Grove St PATH",40.71958611647166,-74.04311746358871,3205,"JC Medical Center",40.71653978099194,-74.0496379137039,29271,"Subscriber",1969,0
229,"2018-12-05 17:40:13.4430","2018-12-05 17:44:03.0370",3186,"Grove St PATH",40.71958611647166,-74.04311746358871,3276,"Marin Light Rail",40.71458403535893,-74.04281705617905,29623,"Subscriber",1989,1
231,"2018-12-05 17:47:42.7130","2018-12-05 17:51:34.4460",3186,"Grove St PATH",40.71958611647166,-74.04311746358871,3270,"Jersey & 6th St",40.72528910781132,-74.04557168483734,29498,"Subscriber",1985,1
240,"2018-12-05 17:50:23.3720","2018-12-05 17:54:23.7220",3186,"Grove St PATH",40.71958611647166,-74.04311746358871,3205,"JC Medical Center",40.71653978099194,-74.0496379137039,29608,"Subscriber",1992,1
457,"2018-12-05 17:50:15.0410","2018-12-05 17:57:52.8910",3186,"Grove St PATH",40.71958611647166,-74.04311746358871,3192,"Liberty Light Rail",40.7112423,-74.0557013,26202,"Subscriber",1983,1
275,"2018-12-05 17:52:20.1030","2018-12-05 17:56:56.0820",3186,"Grove St PATH",40.71958611647166,-74.04311746358871,3205,"JC Medical Center",40.71653978099194,-74.0496379137039,29596,"Subscriber",1983,1
221,"2018-12-05 17:53:23.7980","2018-12-05 17:57:05.7190",3186,"Grove St PATH",40.71958611647166,-74.04311746358871,3279,"Dixon Mills",40.721630142638354,-74.04996782541275,26304,"Subscriber",1986,1
311,"2018-12-05 17:54:44.7030","2018-12-05 17:59:56.6460",3186,"Grove St PATH",40.71958611647166,-74.04311746358871,3269,"Brunswick & 6th",40.72601172964625,-74.05038893222809,29460,"Subscriber",1978,1
277,"2018-12-05 17:55:04.4060","2018-12-05 17:59:41.7660",3186,"Grove St PATH",40.71958611647166,-74.04311746358871,3269,"Brunswick & 6th",40.72601172964625,-74.05038893222809,29489,"Subscriber",1978,1
289,"2018-12-05 17:56:58.8940","2018-12-05 18:01:48.5300",3186,"Grove St PATH",40.71958611647166,-74.04311746358871,3203,"Hamilton Park",40.727595966,-74.044247311,26282,"Subscriber",1978,1
536,"2018-12-05 17:57:26.4340","2018-12-05 18:06:23.0770",3186,"Grove St PATH",40.71958611647166,-74.04311746358871,3192,"Liberty Light Rail",40.7112423,-74.0557013,26152,"Subscriber",1985,1
170,"2018-12-05 17:58:16.7240","2018-12-05 18:01:07.1270",3186,"Grove St PATH",40.71958611647166,-74.04311746358871,3276,"Marin Light Rail",40.71458403535893,-74.04281705617905,29597,"Subscriber",1979,1
1183,"2018-12-05 18:01:03.6980","2018-12-05 18:20:46.8040",3186,"Grove St PATH",40.71958611647166,-74.04311746358871,3640,"Journal Square",40.73367,-74.0625,29291,"Subscriber",1981,1
255,"2018-12-05 18:02:24.8720","2018-12-05 18:06:40.5270",3186,"Grove St PATH",40.71958611647166,-74.04311746358871,3278,"Monmouth and 6th",40.72568548362901,-74.04879033565521,29555,"Subscriber",1980,1
243,"2018-12-05 18:03:10.4650","2018-12-05 18:07:13.6620",3186,"Grove St PATH",40.71958611647166,-74.04311746358871,3278,"Monmouth and 6th",40.72568548362901,-74.04879033565521,26255,"Subscriber",1985,1
3608,"2018-12-05 18:07:21.3440","2018-12-05 19:07:30.3050",3186,"Grove St PATH",40.71958611647166,-74.04311746358871,3195,"Sip Ave",40.73074262530658,-74.06378388404846,29439,"Subscriber",1988,1
323,"2018-12-05 18:07:24.2260","2018-12-05 18:12:47.4540",3186,"Grove St PATH",40.71958611647166,-74.04311746358871,3203,"Hamilton Park",40.727595966,-74.044247311,29554,"Subscriber",1985,1
322,"2018-12-05 18:09:33.8450","2018-12-05 18:14:56.6760",3186,"Grove St PATH",40.71958611647166,-74.04311746358871,3483,"Montgomery St",40.71942,-74.05099,26254,"Subscriber",1986,1
268,"2018-12-05 18:13:02.7960","2018-12-05 18:17:31.5090",3186,"Grove St PATH",40.71958611647166,-74.04311746358871,3203,"Hamilton Park",40.727595966,-74.044247311,29235,"Subscriber",1984,1
355,"2018-12-05 18:13:27.4870","2018-12-05 18:19:23.0060",3186,"Grove St PATH",40.71958611647166,-74.04311746358871,3278,"Monmouth and 6th",40.72568548362901,-74.04879033565521,26215,"Subscriber",1978,1
253,"2018-12-05 18:14:34.6410","2018-12-05 18:18:48.4820",3186,"Grove St PATH",40.71958611647166,-74.04311746358871,3203,"Hamilton Park",40.727595966,-74.044247311,29662,"Subscriber",1977,1
156,"2018-12-05 18:15:17.9410","2018-12-05 18:17:54.6450",3186,"Grove St PATH",40.71958611647166,-74.04311746358871,3272,"Jersey & 3rd",40.72333158646436,-74.04595255851744,26193,"Subscriber",1989,1
346,"2018-12-05 18:15:58.6850","2018-12-05 18:21:45.3880",3186,"Grove St PATH",40.71958611647166,-74.04311746358871,3269,"Brunswick & 6th",40.72601172964625,-74.05038893222809,29604,"Subscriber",1982,2
749,"2018-12-05 18:17:12.4190","2018-12-05 18:29:42.3970",3186,"Grove St PATH",40.71958611647166,-74.04311746358871,3192,"Liberty Light Rail",40.7112423,-74.0557013,29484,"Subscriber",1990,1
193,"2018-12-05 18:19:09.7080","2018-12-05 18:22:23.3870",3186,"Grove St PATH",40.71958611647166,-74.04311746358871,3483,"Montgomery St",40.71942,-74.05099,29198,"Subscriber",1986,1
248,"2018-12-05 18:21:29.9870","2018-12-05 18:25:38.1110",3186,"Grove St PATH",40.71958611647166,-74.04311746358871,3278,"Monmouth and 6th",40.72568548362901,-74.04879033565521,29441,"Subscriber",1983,2
239,"2018-12-05 18:27:21.8420","2018-12-05 18:31:21.5240",3186,"Grove St PATH",40.71958611647166,-74.04311746358871,3209,"Brunswick St",40.7241765,-74.0506564,29257,"Subscriber",1981,1
262,"2018-12-05 18:29:59.9160","2018-12-05 18:34:22.6190",3186,"Grove St PATH",40.71958611647166,-74.04311746358871,3209,"Brunswick St",40.7241765,-74.0506564,29292,"Subscriber",1980,2
266,"2018-12-05 18:31:20.0840","2018-12-05 18:35:46.4060",3186,"Grove St PATH",40.71958611647166,-74.04311746358871,3269,"Brunswick & 6th",40.72601172964625,-74.05038893222809,29301,"Subscriber",1993,1
734,"2018-12-05 18:32:11.6960","2018-12-05 18:44:26.6500",3186,"Grove St PATH",40.71958611647166,-74.04311746358871,3213,"Van Vorst Park",40.71848892,-74.047726625,26301,"Subscriber",1962,1
314,"2018-12-05 18:33:41.4160","2018-12-05 18:38:55.9830",3186,"Grove St PATH",40.71958611647166,-74.04311746358871,3278,"Monmouth and 6th",40.72568548362901,-74.04879033565521,29126,"Subscriber",1981,1
593,"2018-12-05 18:35:36.5820","2018-12-05 18:45:30.1220",3186,"Grove St PATH",40.71958611647166,-74.04311746358871,3268,"Lafayette Park",40.71346382669195,-74.06285852193832,29665,"Subscriber",1998,1
382,"2018-12-05 18:36:21.9290","2018-12-05 18:42:44.6970",3186,"Grove St PATH",40.71958611647166,-74.04311746358871,3203,"Hamilton Park",40.727595966,-74.044247311,26275,"Subscriber",1968,1
237,"2018-12-05 18:37:44.2250","2018-12-05 18:41:41.4760",3186,"Grove St PATH",40.71958611647166,-74.04311746358871,3483,"Montgomery St",40.71942,-74.05099,29459,"Subscriber",1985,1
74,"2018-12-05 18:39:58.0490","2018-12-05 18:41:12.3490",3186,"Grove St PATH",40.71958611647166,-74.04311746358871,3185,"City Hall",40.7177325,-74.043845,29605,"Subscriber",1983,1
246,"2018-12-05 18:41:55.0440","2018-12-05 18:46:01.0790",3186,"Grove St PATH",40.71958611647166,-74.04311746358871,3279,"Dixon Mills",40.721630142638354,-74.04996782541275,26284,"Subscriber",1988,1
715,"2018-12-05 18:44:00.2770","2018-12-05 18:55:56.0400",3186,"Grove St PATH",40.71958611647166,-74.04311746358871,3268,"Lafayette Park",40.71346382669195,-74.06285852193832,29610,"Subscriber",1979,1
116,"2018-12-05 18:44:13.3470","2018-12-05 18:46:10.3390",3186,"Grove St PATH",40.71958611647166,-74.04311746358871,3211,"Newark Ave",40.72152515,-74.046304543,29285,"Subscriber",1982,1
229,"2018-12-05 18:44:39.4240","2018-12-05 18:48:29.1960",3186,"Grove St PATH",40.71958611647166,-74.04311746358871,3272,"Jersey & 3rd",40.72333158646436,-74.04595255851744,29659,"Subscriber",1988,2
302,"2018-12-05 18:47:29.6830","2018-12-05 18:52:31.9750",3186,"Grove St PATH",40.71958611647166,-74.04311746358871,3270,"Jersey & 6th St",40.72528910781132,-74.04557168483734,26204,"Subscriber",1967,1
226,"2018-12-05 18:48:41.2270","2018-12-05 18:52:27.8130",3186,"Grove St PATH",40.71958611647166,-74.04311746358871,3279,"Dixon Mills",40.721630142638354,-74.04996782541275,26316,"Subscriber",1970,1
120,"2018-12-05 18:49:50.3270","2018-12-05 18:51:51.1220",3186,"Grove St PATH",40.71958611647166,-74.04311746358871,3211,"Newark Ave",40.72152515,-74.046304543,29652,"Subscriber",1987,2
298,"2018-12-05 18:50:01.0310","2018-12-05 18:54:59.3270",3186,"Grove St PATH",40.71958611647166,-74.04311746358871,3203,"Hamilton Park",40.727595966,-74.044247311,29509,"Subscriber",1959,1
279,"2018-12-05 18:50:18.9620","2018-12-05 18:54:58.2820",3186,"Grove St PATH",40.71958611647166,-74.04311746358871,3483,"Montgomery St",40.71942,-74.05099,26273,"Subscriber",1995,1
275,"2018-12-05 18:51:32.3470","2018-12-05 18:56:08.1350",3186,"Grove St PATH",40.71958611647166,-74.04311746358871,3278,"Monmouth and 6th",40.72568548362901,-74.04879033565521,26274,"Subscriber",1977,1
304,"2018-12-05 18:51:34.2250","2018-12-05 18:56:38.5300",3186,"Grove St PATH",40.71958611647166,-74.04311746358871,3269,"Brunswick & 6th",40.72601172964625,-74.05038893222809,26247,"Subscriber",1982,1
355,"2018-12-05 18:53:06.2820","2018-12-05 18:59:01.5840",3186,"Grove St PATH",40.71958611647166,-74.04311746358871,3483,"Montgomery St",40.71942,-74.05099,26199,"Subscriber",1991,1
338,"2018-12-05 18:53:20.2270","2018-12-05 18:58:58.7340",3186,"Grove St PATH",40.71958611647166,-74.04311746358871,3483,"Montgomery St",40.71942,-74.05099,29677,"Subscriber",1993,2
173,"2018-12-05 19:04:35.2300","2018-12-05 19:07:28.4470",3186,"Grove St PATH",40.71958611647166,-74.04311746358871,3279,"Dixon Mills",40.721630142638354,-74.04996782541275,29455,"Subscriber",1973,1
198,"2018-12-05 19:09:28.2480","2018-12-05 19:12:46.3980",3186,"Grove St PATH",40.71958611647166,-74.04311746358871,3276,"Marin Light Rail",40.71458403535893,-74.04281705617905,29231,"Subscriber",1980,1
268,"2018-12-05 19:17:17.2540","2018-12-05 19:21:45.2960",3186,"Grove St PATH",40.71958611647166,-74.04311746358871,3269,"Brunswick & 6th",40.72601172964625,-74.05038893222809,29642,"Subscriber",1981,1
448,"2018-12-05 19:18:00.4930","2018-12-05 19:25:29.4850",3186,"Grove St PATH",40.71958611647166,-74.04311746358871,3269,"Brunswick & 6th",40.72601172964625,-74.05038893222809,29635,"Customer",1993,1
229,"2018-12-05 19:19:56.7520","2018-12-05 19:23:46.0870",3186,"Grove St PATH",40.71958611647166,-74.04311746358871,3278,"Monmouth and 6th",40.72568548362901,-74.04879033565521,26245,"Subscriber",1986,1
221,"2018-12-05 19:20:16.3390","2018-12-05 19:23:57.7470",3186,"Grove St PATH",40.71958611647166,-74.04311746358871,3205,"JC Medical Center",40.71653978099194,-74.0496379137039,29127,"Subscriber",1992,1
399,"2018-12-05 19:20:43.9810","2018-12-05 19:27:23.2670",3186,"Grove St PATH",40.71958611647166,-74.04311746358871,3203,"Hamilton Park",40.727595966,-74.044247311,29472,"Subscriber",1970,2
297,"2018-12-05 19:23:53.6350","2018-12-05 19:28:50.8020",3186,"Grove St PATH",40.71958611647166,-74.04311746358871,3205,"JC Medical Center",40.71653978099194,-74.0496379137039,29667,"Subscriber",1986,1
243,"2018-12-05 19:26:54.2380","2018-12-05 19:30:57.7830",3186,"Grove St PATH",40.71958611647166,-74.04311746358871,3483,"Montgomery St",40.71942,-74.05099,29487,"Subscriber",1988,1
201,"2018-12-05 19:27:16.2950","2018-12-05 19:30:37.9040",3186,"Grove St PATH",40.71958611647166,-74.04311746358871,3279,"Dixon Mills",40.721630142638354,-74.04996782541275,29296,"Subscriber",1993,1
235,"2018-12-05 19:35:10.9900","2018-12-05 19:39:06.6620",3186,"Grove St PATH",40.71958611647166,-74.04311746358871,3269,"Brunswick & 6th",40.72601172964625,-74.05038893222809,29664,"Subscriber",1991,1
246,"2018-12-05 19:35:12.3820","2018-12-05 19:39:19.0370",3186,"Grove St PATH",40.71958611647166,-74.04311746358871,3269,"Brunswick & 6th",40.72601172964625,-74.05038893222809,29593,"Subscriber",1988,1
255,"2018-12-05 19:40:07.6550","2018-12-05 19:44:23.5260",3186,"Grove St PATH",40.71958611647166,-74.04311746358871,3269,"Brunswick & 6th",40.72601172964625,-74.05038893222809,29589,"Subscriber",1988,1
790,"2018-12-05 19:46:43.4560","2018-12-05 19:59:54.2720",3186,"Grove St PATH",40.71958611647166,-74.04311746358871,3187,"Warren St",40.7211236,-74.03805095,26274,"Subscriber",1984,1
161,"2018-12-05 19:48:23.3990","2018-12-05 19:51:05.0870",3186,"Grove St PATH",40.71958611647166,-74.04311746358871,3270,"Jersey & 6th St",40.72528910781132,-74.04557168483734,29292,"Subscriber",1987,1
259,"2018-12-05 19:52:52.1780","2018-12-05 19:57:11.4170",3186,"Grove St PATH",40.71958611647166,-74.04311746358871,3278,"Monmouth and 6th",40.72568548362901,-74.04879033565521,26167,"Subscriber",1977,1
173,"2018-12-05 20:02:20.8300","2018-12-05 20:05:14.4570",3186,"Grove St PATH",40.71958611647166,-74.04311746358871,3279,"Dixon Mills",40.721630142638354,-74.04996782541275,29642,"Subscriber",1975,1
279,"2018-12-05 20:06:45.4930","2018-12-05 20:11:24.6870",3186,"Grove St PATH",40.71958611647166,-74.04311746358871,3276,"Marin Light Rail",40.71458403535893,-74.04281705617905,29243,"Subscriber",1991,1
256,"2018-12-05 20:06:56.4090","2018-12-05 20:11:12.7770",3186,"Grove St PATH",40.71958611647166,-74.04311746358871,3278,"Monmouth and 6th",40.72568548362901,-74.04879033565521,29659,"Subscriber",1986,2
159,"2018-12-05 20:11:19.2350","2018-12-05 20:13:58.3300",3186,"Grove St PATH",40.71958611647166,-74.04311746358871,3213,"Van Vorst Park",40.71848892,-74.047726625,29126,"Subscriber",1986,1
199,"2018-12-05 20:17:27.9890","2018-12-05 20:20:47.6970",3186,"Grove St PATH",40.71958611647166,-74.04311746358871,3209,"Brunswick St",40.7241765,-74.0506564,29587,"Subscriber",1998,1
633,"2018-12-05 20:18:11.2920","2018-12-05 20:28:44.9420",3186,"Grove St PATH",40.71958611647166,-74.04311746358871,3278,"Monmouth and 6th",40.72568548362901,-74.04879033565521,26215,"Subscriber",1985,1
307,"2018-12-05 20:37:16.8880","2018-12-05 20:42:23.9030",3186,"Grove St PATH",40.71958611647166,-74.04311746358871,3270,"Jersey & 6th St",40.72528910781132,-74.04557168483734,26245,"Subscriber",1988,1
862,"2018-12-05 20:40:21.6020","2018-12-05 20:54:44.5830",3186,"Grove St PATH",40.71958611647166,-74.04311746358871,3202,"Newport PATH",40.7272235,-74.0337589,29197,"Customer",1990,1
248,"2018-12-05 20:41:36.8960","2018-12-05 20:45:45.7110",3186,"Grove St PATH",40.71958611647166,-74.04311746358871,3205,"JC Medical Center",40.71653978099194,-74.0496379137039,26179,"Subscriber",1991,2
178,"2018-12-05 20:52:41.2120","2018-12-05 20:55:40.1190",3186,"Grove St PATH",40.71958611647166,-74.04311746358871,3279,"Dixon Mills",40.721630142638354,-74.04996782541275,26276,"Subscriber",1949,1
363,"2018-12-05 20:56:47.2120","2018-12-05 21:02:50.2230",3186,"Grove St PATH",40.71958611647166,-74.04311746358871,3269,"Brunswick & 6th",40.72601172964625,-74.05038893222809,29198,"Subscriber",1987,1
583,"2018-12-05 20:59:20.2620","2018-12-05 21:09:03.7850",3186,"Grove St PATH",40.71958611647166,-74.04311746358871,3268,"Lafayette Park",40.71346382669195,-74.06285852193832,29573,"Subscriber",1957,2
517,"2018-12-05 21:00:55.5880","2018-12-05 21:09:33.2540",3186,"Grove St PATH",40.71958611647166,-74.04311746358871,3192,"Liberty Light Rail",40.7112423,-74.0557013,29445,"Subscriber",1986,1
180,"2018-12-05 21:02:45.3800","2018-12-05 21:05:45.8920",3186,"Grove St PATH",40.71958611647166,-74.04311746358871,3272,"Jersey & 3rd",40.72333158646436,-74.04595255851744,26255,"Subscriber",1991,2
366,"2018-12-05 21:02:45.4390","2018-12-05 21:08:51.5410",3186,"Grove St PATH",40.71958611647166,-74.04311746358871,3269,"Brunswick & 6th",40.72601172964625,-74.05038893222809,29467,"Subscriber",1980,1
179,"2018-12-05 21:07:48.5270","2018-12-05 21:10:48.3130",3186,"Grove St PATH",40.71958611647166,-74.04311746358871,3272,"Jersey & 3rd",40.72333158646436,-74.04595255851744,29587,"Subscriber",1961,1
203,"2018-12-05 21:10:23.1360","2018-12-05 21:13:46.5470",3186,"Grove St PATH",40.71958611647166,-74.04311746358871,3276,"Marin Light Rail",40.71458403535893,-74.04281705617905,29237,"Subscriber",1967,1
201,"2018-12-05 21:14:10.5380","2018-12-05 21:17:32.3980",3186,"Grove St PATH",40.71958611647166,-74.04311746358871,3203,"Hamilton Park",40.727595966,-74.044247311,29441,"Subscriber",1986,1
184,"2018-12-05 21:16:35.1400","2018-12-05 21:19:39.1750",3186,"Grove St PATH",40.71958611647166,-74.04311746358871,3213,"Van Vorst Park",40.71848892,-74.047726625,29555,"Subscriber",1990,1
194,"2018-12-05 21:19:59.2830","2018-12-05 21:23:14.0910",3186,"Grove St PATH",40.71958611647166,-74.04311746358871,3209,"Brunswick St",40.7241765,-74.0506564,29263,"Subscriber",1975,1
718,"2018-12-05 21:22:27.5590","2018-12-05 21:34:25.9680",3186,"Grove St PATH",40.71958611647166,-74.04311746358871,3277,"Communipaw & Berry Lane",40.71435836870427,-74.06661093235016,26210,"Subscriber",1983,1
211,"2018-12-05 21:31:09.7800","2018-12-05 21:34:41.7310",3186,"Grove St PATH",40.71958611647166,-74.04311746358871,3203,"Hamilton Park",40.727595966,-74.044247311,26227,"Subscriber",1983,1
160,"2018-12-05 21:35:45.7960","2018-12-05 21:38:26.4500",3186,"Grove St PATH",40.71958611647166,-74.04311746358871,3279,"Dixon Mills",40.721630142638354,-74.04996782541275,29530,"Subscriber",1977,1
246,"2018-12-05 21:37:00.8780","2018-12-05 21:41:06.9970",3186,"Grove St PATH",40.71958611647166,-74.04311746358871,3278,"Monmouth and 6th",40.72568548362901,-74.04879033565521,29458,"Subscriber",1981,2
159,"2018-12-05 21:56:59.0150","2018-12-05 21:59:38.0890",3186,"Grove St PATH",40.71958611647166,-74.04311746358871,3276,"Marin Light Rail",40.71458403535893,-74.04281705617905,29653,"Subscriber",1986,1
74,"2018-12-05 22:10:06.5090","2018-12-05 22:11:20.7210",3186,"Grove St PATH",40.71958611647166,-74.04311746358871,3185,"City Hall",40.7177325,-74.043845,26318,"Subscriber",1957,1
282,"2018-12-05 22:36:46.9940","2018-12-05 22:41:29.3940",3186,"Grove St PATH",40.71958611647166,-74.04311746358871,3270,"Jersey & 6th St",40.72528910781132,-74.04557168483734,29227,"Subscriber",1970,1
254,"2018-12-06 07:05:58.6280","2018-12-06 07:10:13.0120",3186,"Grove St PATH",40.71958611647166,-74.04311746358871,3639,"Harborside",40.7192517,-74.034234,29262,"Subscriber",1969,1
276,"2018-12-06 07:12:25.7060","2018-12-06 07:17:02.6490",3186,"Grove St PATH",40.71958611647166,-74.04311746358871,3205,"JC Medical Center",40.71653978099194,-74.0496379137039,29245,"Subscriber",1956,1
456,"2018-12-06 08:44:00.9220","2018-12-06 08:51:37.4360",3186,"Grove St PATH",40.71958611647166,-74.04311746358871,3214,"Essex Light Rail",40.7127742,-74.0364857,29516,"Subscriber",1995,1
227,"2018-12-06 08:44:34.2550","2018-12-06 08:48:22.1040",3186,"Grove St PATH",40.71958611647166,-74.04311746358871,3639,"Harborside",40.7192517,-74.034234,29670,"Subscriber",1983,1
210,"2018-12-06 08:47:01.1650","2018-12-06 08:50:31.3700",3186,"Grove St PATH",40.71958611647166,-74.04311746358871,3205,"JC Medical Center",40.71653978099194,-74.0496379137039,29544,"Subscriber",1976,2
236,"2018-12-06 09:06:09.0630","2018-12-06 09:10:05.6220",3186,"Grove St PATH",40.71958611647166,-74.04311746358871,3639,"Harborside",40.7192517,-74.034234,29198,"Subscriber",1989,1
312,"2018-12-06 09:19:48.0860","2018-12-06 09:25:00.5600",3186,"Grove St PATH",40.71958611647166,-74.04311746358871,3184,"Paulus Hook",40.7141454,-74.0335519,29642,"Subscriber",1989,1
184,"2018-12-06 09:28:24.4500","2018-12-06 09:31:28.6910",3186,"Grove St PATH",40.71958611647166,-74.04311746358871,3639,"Harborside",40.7192517,-74.034234,29272,"Subscriber",1993,1
184,"2018-12-06 09:41:38.6980","2018-12-06 09:44:42.8850",3186,"Grove St PATH",40.71958611647166,-74.04311746358871,3209,"Brunswick St",40.7241765,-74.0506564,29604,"Subscriber",1991,1
250,"2018-12-06 10:38:56.1760","2018-12-06 10:43:06.9530",3186,"Grove St PATH",40.71958611647166,-74.04311746358871,3276,"Marin Light Rail",40.71458403535893,-74.04281705617905,29589,"Subscriber",1994,1
511,"2018-12-06 10:56:16.3830","2018-12-06 11:04:47.9890",3186,"Grove St PATH",40.71958611647166,-74.04311746358871,3186,"Grove St PATH",40.71958611647166,-74.04311746358871,29613,"Subscriber",1971,1
554,"2018-12-06 11:04:29.9030","2018-12-06 11:13:44.2960",3186,"Grove St PATH",40.71958611647166,-74.04311746358871,3192,"Liberty Light Rail",40.7112423,-74.0557013,29460,"Subscriber",1988,1
634,"2018-12-06 12:32:22.2090","2018-12-06 12:42:57.0050",3186,"Grove St PATH",40.71958611647166,-74.04311746358871,3277,"Communipaw & Berry Lane",40.71435836870427,-74.06661093235016,29298,"Subscriber",1975,1
198,"2018-12-06 13:28:43.1290","2018-12-06 13:32:01.5140",3186,"Grove St PATH",40.71958611647166,-74.04311746358871,3203,"Hamilton Park",40.727595966,-74.044247311,29306,"Subscriber",1985,1
181,"2018-12-06 14:27:40.4100","2018-12-06 14:30:41.9040",3186,"Grove St PATH",40.71958611647166,-74.04311746358871,3213,"Van Vorst Park",40.71848892,-74.047726625,26257,"Subscriber",1966,1
253,"2018-12-06 14:34:50.6710","2018-12-06 14:39:03.9830",3186,"Grove St PATH",40.71958611647166,-74.04311746358871,3279,"Dixon Mills",40.721630142638354,-74.04996782541275,29613,"Subscriber",1986,1
268,"2018-12-06 14:49:59.0160","2018-12-06 14:54:27.4540",3186,"Grove St PATH",40.71958611647166,-74.04311746358871,3278,"Monmouth and 6th",40.72568548362901,-74.04879033565521,29659,"Subscriber",1991,1
269,"2018-12-06 14:50:40.2930","2018-12-06 14:55:09.6160",3186,"Grove St PATH",40.71958611647166,-74.04311746358871,3203,"Hamilton Park",40.727595966,-74.044247311,26247,"Subscriber",1973,1
637,"2018-12-06 15:03:39.7400","2018-12-06 15:14:17.1710",3186,"Grove St PATH",40.71958611647166,-74.04311746358871,3202,"Newport PATH",40.7272235,-74.0337589,26203,"Subscriber",1971,1
289,"2018-12-06 15:11:05.3050","2018-12-06 15:15:54.9430",3186,"Grove St PATH",40.71958611647166,-74.04311746358871,3279,"Dixon Mills",40.721630142638354,-74.04996782541275,29540,"Subscriber",1986,1
3111,"2018-12-06 15:13:12.4490","2018-12-06 16:05:04.0110",3186,"Grove St PATH",40.71958611647166,-74.04311746358871,3203,"Hamilton Park",40.727595966,-74.044247311,26227,"Subscriber",1971,2
213,"2018-12-06 15:16:25.7560","2018-12-06 15:19:59.6050",3186,"Grove St PATH",40.71958611647166,-74.04311746358871,3276,"Marin Light Rail",40.71458403535893,-74.04281705617905,29604,"Subscriber",1989,1
259,"2018-12-06 15:26:27.7150","2018-12-06 15:30:47.6300",3186,"Grove St PATH",40.71958611647166,-74.04311746358871,3183,"Exchange Place",40.7162469,-74.0334588,29573,"Subscriber",1958,1
540,"2018-12-06 15:39:54.7420","2018-12-06 15:48:55.7070",3186,"Grove St PATH",40.71958611647166,-74.04311746358871,3279,"Dixon Mills",40.721630142638354,-74.04996782541275,29235,"Subscriber",1981,2
378,"2018-12-06 15:41:07.8810","2018-12-06 15:47:26.6620",3186,"Grove St PATH",40.71958611647166,-74.04311746358871,3269,"Brunswick & 6th",40.72601172964625,-74.05038893222809,29271,"Subscriber",1988,1
187,"2018-12-06 16:03:40.1430","2018-12-06 16:06:47.4230",3186,"Grove St PATH",40.71958611647166,-74.04311746358871,3279,"Dixon Mills",40.721630142638354,-74.04996782541275,33781,"Subscriber",1982,1
236,"2018-12-06 16:16:53.8370","2018-12-06 16:20:50.3570",3186,"Grove St PATH",40.71958611647166,-74.04311746358871,3269,"Brunswick & 6th",40.72601172964625,-74.05038893222809,29602,"Subscriber",1986,1
214,"2018-12-06 16:32:14.0500","2018-12-06 16:35:48.2070",3186,"Grove St PATH",40.71958611647166,-74.04311746358871,3203,"Hamilton Park",40.727595966,-74.044247311,29296,"Subscriber",1971,1
272,"2018-12-06 16:37:58.5530","2018-12-06 16:42:31.4100",3186,"Grove St PATH",40.71958611647166,-74.04311746358871,3203,"Hamilton Park",40.727595966,-74.044247311,29243,"Subscriber",1991,2
197,"2018-12-06 16:47:07.2470","2018-12-06 16:50:24.9980",3186,"Grove St PATH",40.71958611647166,-74.04311746358871,3209,"Brunswick St",40.7241765,-74.0506564,29455,"Subscriber",1980,1
249,"2018-12-06 16:48:06.6040","2018-12-06 16:52:15.6540",3186,"Grove St PATH",40.71958611647166,-74.04311746358871,3205,"JC Medical Center",40.71653978099194,-74.0496379137039,29467,"Subscriber",1992,1
625,"2018-12-06 16:53:59.3230","2018-12-06 17:04:24.3780",3186,"Grove St PATH",40.71958611647166,-74.04311746358871,3213,"Van Vorst Park",40.71848892,-74.047726625,26257,"Subscriber",1971,1
345,"2018-12-06 16:56:12.8800","2018-12-06 17:01:58.3220",3186,"Grove St PATH",40.71958611647166,-74.04311746358871,3269,"Brunswick & 6th",40.72601172964625,-74.05038893222809,26255,"Subscriber",1982,1
196,"2018-12-06 17:00:13.9610","2018-12-06 17:03:30.2470",3186,"Grove St PATH",40.71958611647166,-74.04311746358871,3270,"Jersey & 6th St",40.72528910781132,-74.04557168483734,29288,"Subscriber",1985,1
204,"2018-12-06 17:09:20.3930","2018-12-06 17:12:44.7530",3186,"Grove St PATH",40.71958611647166,-74.04311746358871,3279,"Dixon Mills",40.721630142638354,-74.04996782541275,29445,"Subscriber",1989,1
317,"2018-12-06 17:15:02.6710","2018-12-06 17:20:20.0860",3186,"Grove St PATH",40.71958611647166,-74.04311746358871,3203,"Hamilton Park",40.727595966,-74.044247311,29639,"Subscriber",1984,2
296,"2018-12-06 17:24:51.9020","2018-12-06 17:29:48.4760",3186,"Grove St PATH",40.71958611647166,-74.04311746358871,3276,"Marin Light Rail",40.71458403535893,-74.04281705617905,29594,"Subscriber",1987,1
228,"2018-12-06 17:27:19.5810","2018-12-06 17:31:07.9630",3186,"Grove St PATH",40.71958611647166,-74.04311746358871,3203,"Hamilton Park",40.727595966,-74.044247311,29596,"Subscriber",1978,0
268,"2018-12-06 17:32:14.4370","2018-12-06 17:36:43.3380",3186,"Grove St PATH",40.71958611647166,-74.04311746358871,3209,"Brunswick St",40.7241765,-74.0506564,29604,"Subscriber",1977,2
557,"2018-12-06 17:33:01.5150","2018-12-06 17:42:18.7040",3186,"Grove St PATH",40.71958611647166,-74.04311746358871,3268,"Lafayette Park",40.71346382669195,-74.06285852193832,29595,"Subscriber",1989,1
515,"2018-12-06 17:33:48.7080","2018-12-06 17:42:24.4320",3186,"Grove St PATH",40.71958611647166,-74.04311746358871,3192,"Liberty Light Rail",40.7112423,-74.0557013,26284,"Subscriber",1969,1
346,"2018-12-06 17:34:56.6720","2018-12-06 17:40:43.1010",3186,"Grove St PATH",40.71958611647166,-74.04311746358871,3209,"Brunswick St",40.7241765,-74.0506564,29602,"Subscriber",1990,1
389,"2018-12-06 17:36:20.7570","2018-12-06 17:42:50.1500",3186,"Grove St PATH",40.71958611647166,-74.04311746358871,3209,"Brunswick St",40.7241765,-74.0506564,29601,"Subscriber",1978,1
395,"2018-12-06 17:36:23.9130","2018-12-06 17:42:59.1460",3186,"Grove St PATH",40.71958611647166,-74.04311746358871,3267,"Morris Canal",40.7124188237569,-74.03852552175522,29266,"Subscriber",1981,2
339,"2018-12-06 17:41:36.9150","2018-12-06 17:47:16.0600",3186,"Grove St PATH",40.71958611647166,-74.04311746358871,3267,"Morris Canal",40.7124188237569,-74.03852552175522,29536,"Subscriber",1975,1
186,"2018-12-06 17:42:45.2250","2018-12-06 17:45:51.6420",3186,"Grove St PATH",40.71958611647166,-74.04311746358871,3279,"Dixon Mills",40.721630142638354,-74.04996782541275,26220,"Subscriber",1976,1
199,"2018-12-06 17:43:33.7440","2018-12-06 17:46:52.8240",3186,"Grove St PATH",40.71958611647166,-74.04311746358871,3205,"JC Medical Center",40.71653978099194,-74.0496379137039,29201,"Subscriber",1969,0
242,"2018-12-06 17:48:24.7040","2018-12-06 17:52:27.5480",3186,"Grove St PATH",40.71958611647166,-74.04311746358871,3209,"Brunswick St",40.7241765,-74.0506564,29263,"Subscriber",1978,2
260,"2018-12-06 17:49:25.3720","2018-12-06 17:53:45.8000",3186,"Grove St PATH",40.71958611647166,-74.04311746358871,3278,"Monmouth and 6th",40.72568548362901,-74.04879033565521,29306,"Subscriber",1982,1
302,"2018-12-06 17:50:39.1500","2018-12-06 17:55:41.2820",3186,"Grove St PATH",40.71958611647166,-74.04311746358871,3276,"Marin Light Rail",40.71458403535893,-74.04281705617905,29665,"Subscriber",1989,1
291,"2018-12-06 17:51:24.6820","2018-12-06 17:56:16.6390",3186,"Grove St PATH",40.71958611647166,-74.04311746358871,3269,"Brunswick & 6th",40.72601172964625,-74.05038893222809,29554,"Subscriber",1989,2
260,"2018-12-06 17:51:41.6640","2018-12-06 17:56:02.0130",3186,"Grove St PATH",40.71958611647166,-74.04311746358871,3269,"Brunswick & 6th",40.72601172964625,-74.05038893222809,29455,"Subscriber",1980,1
177,"2018-12-06 17:51:58.5690","2018-12-06 17:54:55.8710",3186,"Grove St PATH",40.71958611647166,-74.04311746358871,3481,"York St",40.71649,-74.04105,26186,"Subscriber",1986,1
259,"2018-12-06 17:53:24.6510","2018-12-06 17:57:44.1060",3186,"Grove St PATH",40.71958611647166,-74.04311746358871,3203,"Hamilton Park",40.727595966,-74.044247311,29271,"Subscriber",1978,1
237,"2018-12-06 17:57:04.1560","2018-12-06 18:01:01.8620",3186,"Grove St PATH",40.71958611647166,-74.04311746358871,3203,"Hamilton Park",40.727595966,-74.044247311,26191,"Subscriber",1983,1
257,"2018-12-06 17:59:31.7770","2018-12-06 18:03:49.2240",3186,"Grove St PATH",40.71958611647166,-74.04311746358871,3205,"JC Medical Center",40.71653978099194,-74.0496379137039,29237,"Subscriber",1983,1
326,"2018-12-06 17:59:31.8780","2018-12-06 18:04:58.2290",3186,"Grove St PATH",40.71958611647166,-74.04311746358871,3203,"Hamilton Park",40.727595966,-74.044247311,26171,"Subscriber",1985,1
251,"2018-12-06 18:01:26.9640","2018-12-06 18:05:38.5590",3186,"Grove St PATH",40.71958611647166,-74.04311746358871,3203,"Hamilton Park",40.727595966,-74.044247311,26158,"Subscriber",1979,1
239,"2018-12-06 18:02:58.3980","2018-12-06 18:06:57.8990",3186,"Grove St PATH",40.71958611647166,-74.04311746358871,3203,"Hamilton Park",40.727595966,-74.044247311,29228,"Subscriber",1984,1
322,"2018-12-06 18:03:36.2250","2018-12-06 18:08:59.2140",3186,"Grove St PATH",40.71958611647166,-74.04311746358871,3483,"Montgomery St",40.71942,-74.05099,29258,"Subscriber",1992,1
131,"2018-12-06 18:05:05.3410","2018-12-06 18:07:16.5570",3186,"Grove St PATH",40.71958611647166,-74.04311746358871,3272,"Jersey & 3rd",40.72333158646436,-74.04595255851744,29597,"Subscriber",1969,0
810,"2018-12-06 18:05:32.2690","2018-12-06 18:19:03.1080",3186,"Grove St PATH",40.71958611647166,-74.04311746358871,3186,"Grove St PATH",40.71958611647166,-74.04311746358871,29662,"Subscriber",1972,2
111,"2018-12-06 18:06:31.8200","2018-12-06 18:08:23.7120",3186,"Grove St PATH",40.71958611647166,-74.04311746358871,3211,"Newark Ave",40.72152515,-74.046304543,29484,"Subscriber",1982,1
133,"2018-12-06 18:06:32.0190","2018-12-06 18:08:45.9190",3186,"Grove St PATH",40.71958611647166,-74.04311746358871,3213,"Van Vorst Park",40.71848892,-74.047726625,29494,"Subscriber",1977,1
295,"2018-12-06 18:07:52.8700","2018-12-06 18:12:48.2390",3186,"Grove St PATH",40.71958611647166,-74.04311746358871,3203,"Hamilton Park",40.727595966,-74.044247311,29672,"Subscriber",1980,2
187,"2018-12-06 18:07:58.0280","2018-12-06 18:11:05.6750",3186,"Grove St PATH",40.71958611647166,-74.04311746358871,3270,"Jersey & 6th St",40.72528910781132,-74.04557168483734,26275,"Subscriber",1970,1
232,"2018-12-06 18:10:42.1340","2018-12-06 18:14:34.7010",3186,"Grove St PATH",40.71958611647166,-74.04311746358871,3272,"Jersey & 3rd",40.72333158646436,-74.04595255851744,29231,"Subscriber",1976,2
99,"2018-12-06 18:11:58.7410","2018-12-06 18:13:37.8300",3186,"Grove St PATH",40.71958611647166,-74.04311746358871,3211,"Newark Ave",40.72152515,-74.046304543,29614,"Subscriber",1993,1
332,"2018-12-06 18:12:24.8930","2018-12-06 18:17:57.5270",3186,"Grove St PATH",40.71958611647166,-74.04311746358871,3483,"Montgomery St",40.71942,-74.05099,29434,"Subscriber",1986,1
282,"2018-12-06 18:14:01.1880","2018-12-06 18:18:43.5130",3186,"Grove St PATH",40.71958611647166,-74.04311746358871,3269,"Brunswick & 6th",40.72601172964625,-74.05038893222809,26159,"Subscriber",1982,2
219,"2018-12-06 18:20:57.7690","2018-12-06 18:24:36.7810",3186,"Grove St PATH",40.71958611647166,-74.04311746358871,3270,"Jersey & 6th St",40.72528910781132,-74.04557168483734,29531,"Subscriber",1968,1
249,"2018-12-06 18:28:17.5970","2018-12-06 18:32:26.9040",3186,"Grove St PATH",40.71958611647166,-74.04311746358871,3270,"Jersey & 6th St",40.72528910781132,-74.04557168483734,29665,"Subscriber",1996,2
251,"2018-12-06 18:28:41.3990","2018-12-06 18:32:53.2260",3186,"Grove St PATH",40.71958611647166,-74.04311746358871,3269,"Brunswick & 6th",40.72601172964625,-74.05038893222809,29512,"Subscriber",1978,1
254,"2018-12-06 18:30:08.1810","2018-12-06 18:34:22.6410",3186,"Grove St PATH",40.71958611647166,-74.04311746358871,3278,"Monmouth and 6th",40.72568548362901,-74.04879033565521,26275,"Subscriber",1983,2
219,"2018-12-06 18:30:28.2240","2018-12-06 18:34:07.4800",3186,"Grove St PATH",40.71958611647166,-74.04311746358871,3279,"Dixon Mills",40.721630142638354,-74.04996782541275,26274,"Subscriber",1991,1
264,"2018-12-06 18:31:13.8330","2018-12-06 18:35:38.6020",3186,"Grove St PATH",40.71958611647166,-74.04311746358871,3278,"Monmouth and 6th",40.72568548362901,-74.04879033565521,33781,"Subscriber",1956,1
131,"2018-12-06 18:35:14.1300","2018-12-06 18:37:25.9850",3186,"Grove St PATH",40.71958611647166,-74.04311746358871,3272,"Jersey & 3rd",40.72333158646436,-74.04595255851744,29455,"Subscriber",1993,1
584,"2018-12-06 18:36:57.6240","2018-12-06 18:46:41.7330",3186,"Grove St PATH",40.71958611647166,-74.04311746358871,3192,"Liberty Light Rail",40.7112423,-74.0557013,29498,"Subscriber",1982,1
224,"2018-12-06 18:37:36.9180","2018-12-06 18:41:21.1340",3186,"Grove St PATH",40.71958611647166,-74.04311746358871,3276,"Marin Light Rail",40.71458403535893,-74.04281705617905,26255,"Subscriber",1986,1
228,"2018-12-06 18:41:17.7840","2018-12-06 18:45:05.7930",3186,"Grove St PATH",40.71958611647166,-74.04311746358871,3209,"Brunswick St",40.7241765,-74.0506564,29602,"Subscriber",1965,1
210,"2018-12-06 18:42:50.4800","2018-12-06 18:46:20.9410",3186,"Grove St PATH",40.71958611647166,-74.04311746358871,3203,"Hamilton Park",40.727595966,-74.044247311,29604,"Subscriber",1969,1
295,"2018-12-06 18:50:34.0300","2018-12-06 18:55:29.4210",3186,"Grove St PATH",40.71958611647166,-74.04311746358871,3276,"Marin Light Rail",40.71458403535893,-74.04281705617905,29662,"Subscriber",1989,1
238,"2018-12-06 19:03:48.3250","2018-12-06 19:07:46.9850",3186,"Grove St PATH",40.71958611647166,-74.04311746358871,3269,"Brunswick & 6th",40.72601172964625,-74.05038893222809,26211,"Subscriber",1984,1
551,"2018-12-06 19:06:26.8480","2018-12-06 19:15:38.0670",3186,"Grove St PATH",40.71958611647166,-74.04311746358871,3192,"Liberty Light Rail",40.7112423,-74.0557013,26253,"Subscriber",1974,1
285,"2018-12-06 19:11:28.8360","2018-12-06 19:16:14.0820",3186,"Grove St PATH",40.71958611647166,-74.04311746358871,3276,"Marin Light Rail",40.71458403535893,-74.04281705617905,26273,"Subscriber",1991,2
317,"2018-12-06 19:11:46.7350","2018-12-06 19:17:04.4370",3186,"Grove St PATH",40.71958611647166,-74.04311746358871,3203,"Hamilton Park",40.727595966,-74.044247311,29596,"Subscriber",1987,2
213,"2018-12-06 19:16:09.0700","2018-12-06 19:19:43.0580",3186,"Grove St PATH",40.71958611647166,-74.04311746358871,3203,"Hamilton Park",40.727595966,-74.044247311,26303,"Subscriber",1990,1
254,"2018-12-06 19:23:01.5490","2018-12-06 19:27:16.3580",3186,"Grove St PATH",40.71958611647166,-74.04311746358871,3276,"Marin Light Rail",40.71458403535893,-74.04281705617905,29597,"Subscriber",1989,1
300,"2018-12-06 19:26:09.4790","2018-12-06 19:31:10.0140",3186,"Grove St PATH",40.71958611647166,-74.04311746358871,3278,"Monmouth and 6th",40.72568548362901,-74.04879033565521,33781,"Subscriber",1984,1
292,"2018-12-06 19:27:00.4610","2018-12-06 19:31:52.7610",3186,"Grove St PATH",40.71958611647166,-74.04311746358871,3203,"Hamilton Park",40.727595966,-74.044247311,29601,"Subscriber",1968,1
189,"2018-12-06 19:27:45.1020","2018-12-06 19:30:54.1670",3186,"Grove St PATH",40.71958611647166,-74.04311746358871,3279,"Dixon Mills",40.721630142638354,-74.04996782541275,29269,"Subscriber",1993,1
232,"2018-12-06 19:30:03.1890","2018-12-06 19:33:55.2450",3186,"Grove St PATH",40.71958611647166,-74.04311746358871,3203,"Hamilton Park",40.727595966,-74.044247311,29439,"Subscriber",1977,1
757,"2018-12-06 19:31:12.9100","2018-12-06 19:43:50.4630",3186,"Grove St PATH",40.71958611647166,-74.04311746358871,3192,"Liberty Light Rail",40.7112423,-74.0557013,29589,"Subscriber",1990,1
178,"2018-12-06 19:32:06.2360","2018-12-06 19:35:04.2480",3186,"Grove St PATH",40.71958611647166,-74.04311746358871,3213,"Van Vorst Park",40.71848892,-74.047726625,29554,"Subscriber",1962,1
185,"2018-12-06 19:32:11.5080","2018-12-06 19:35:16.5800",3186,"Grove St PATH",40.71958611647166,-74.04311746358871,3276,"Marin Light Rail",40.71458403535893,-74.04281705617905,29490,"Subscriber",1980,1
239,"2018-12-06 19:32:29.5840","2018-12-06 19:36:28.9950",3186,"Grove St PATH",40.71958611647166,-74.04311746358871,3276,"Marin Light Rail",40.71458403535893,-74.04281705617905,26213,"Subscriber",1979,1
792,"2018-12-06 19:36:21.4650","2018-12-06 19:49:34.4520",3186,"Grove St PATH",40.71958611647166,-74.04311746358871,3273,"Manila & 1st",40.721650724879986,-74.04288411140442,26210,"Subscriber",1988,2
125,"2018-12-06 19:36:44.0430","2018-12-06 19:38:49.0920",3186,"Grove St PATH",40.71958611647166,-74.04311746358871,3211,"Newark Ave",40.72152515,-74.046304543,29261,"Subscriber",1956,1
275,"2018-12-06 19:37:41.7120","2018-12-06 19:42:17.2950",3186,"Grove St PATH",40.71958611647166,-74.04311746358871,3278,"Monmouth and 6th",40.72568548362901,-74.04879033565521,29446,"Subscriber",1977,1
178,"2018-12-06 19:43:10.1110","2018-12-06 19:46:08.8630",3186,"Grove St PATH",40.71958611647166,-74.04311746358871,3272,"Jersey & 3rd",40.72333158646436,-74.04595255851744,29298,"Subscriber",1961,1
238,"2018-12-06 19:55:06.5460","2018-12-06 19:59:05.0800",3186,"Grove St PATH",40.71958611647166,-74.04311746358871,3203,"Hamilton Park",40.727595966,-74.044247311,26287,"Subscriber",1979,1
241,"2018-12-06 20:06:19.3810","2018-12-06 20:10:20.7480",3186,"Grove St PATH",40.71958611647166,-74.04311746358871,3278,"Monmouth and 6th",40.72568548362901,-74.04879033565521,29285,"Subscriber",1978,1
311,"2018-12-06 20:06:19.6450","2018-12-06 20:11:31.4960",3186,"Grove St PATH",40.71958611647166,-74.04311746358871,3209,"Brunswick St",40.7241765,-74.0506564,29605,"Subscriber",1979,2
221,"2018-12-06 20:11:10.4170","2018-12-06 20:14:52.2100",3186,"Grove St PATH",40.71958611647166,-74.04311746358871,3203,"Hamilton Park",40.727595966,-74.044247311,26179,"Subscriber",1991,2
568,"2018-12-06 20:12:01.6010","2018-12-06 20:21:29.8860",3186,"Grove St PATH",40.71958611647166,-74.04311746358871,3268,"Lafayette Park",40.71346382669195,-74.06285852193832,26225,"Subscriber",1979,1
199,"2018-12-06 20:18:03.0380","2018-12-06 20:21:23.0180",3186,"Grove St PATH",40.71958611647166,-74.04311746358871,3209,"Brunswick St",40.7241765,-74.0506564,26234,"Subscriber",1981,1
225,"2018-12-06 20:20:02.0110","2018-12-06 20:23:47.0900",3186,"Grove St PATH",40.71958611647166,-74.04311746358871,3205,"JC Medical Center",40.71653978099194,-74.0496379137039,29268,"Subscriber",1992,1
150,"2018-12-06 20:24:28.5700","2018-12-06 20:26:59.5420",3186,"Grove St PATH",40.71958611647166,-74.04311746358871,3213,"Van Vorst Park",40.71848892,-74.047726625,26242,"Subscriber",1984,1
176,"2018-12-06 20:26:31.5090","2018-12-06 20:29:28.4220",3186,"Grove St PATH",40.71958611647166,-74.04311746358871,3279,"Dixon Mills",40.721630142638354,-74.04996782541275,29588,"Subscriber",1975,1
584,"2018-12-06 20:40:59.1490","2018-12-06 20:50:43.7610",3186,"Grove St PATH",40.71958611647166,-74.04311746358871,3184,"Paulus Hook",40.7141454,-74.0335519,26206,"Subscriber",1974,1
267,"2018-12-06 20:51:42.9300","2018-12-06 20:56:10.6880",3186,"Grove St PATH",40.71958611647166,-74.04311746358871,3203,"Hamilton Park",40.727595966,-74.044247311,29214,"Subscriber",1986,1
261,"2018-12-06 20:51:33.0230","2018-12-06 20:55:54.4950",3186,"Grove St PATH",40.71958611647166,-74.04311746358871,3279,"Dixon Mills",40.721630142638354,-74.04996782541275,29204,"Subscriber",1993,1
312,"2018-12-06 21:03:45.7460","2018-12-06 21:08:58.0410",3186,"Grove St PATH",40.71958611647166,-74.04311746358871,3269,"Brunswick & 6th",40.72601172964625,-74.05038893222809,26293,"Subscriber",1980,1
231,"2018-12-06 21:07:16.0800","2018-12-06 21:11:07.2740",3186,"Grove St PATH",40.71958611647166,-74.04311746358871,3278,"Monmouth and 6th",40.72568548362901,-74.04879033565521,29670,"Customer",1993,1
245,"2018-12-06 21:11:17.2700","2018-12-06 21:15:22.5900",3186,"Grove St PATH",40.71958611647166,-74.04311746358871,3270,"Jersey & 6th St",40.72528910781132,-74.04557168483734,29458,"Subscriber",1960,1
166,"2018-12-06 21:11:14.1870","2018-12-06 21:14:01.1760",3186,"Grove St PATH",40.71958611647166,-74.04311746358871,3279,"Dixon Mills",40.721630142638354,-74.04996782541275,26243,"Subscriber",1986,1
222,"2018-12-06 21:16:07.1360","2018-12-06 21:19:49.2780",3186,"Grove St PATH",40.71958611647166,-74.04311746358871,3278,"Monmouth and 6th",40.72568548362901,-74.04879033565521,26217,"Subscriber",1986,2
494,"2018-12-06 21:17:39.7310","2018-12-06 21:25:54.4640",3186,"Grove St PATH",40.71958611647166,-74.04311746358871,3199,"Newport Pkwy",40.7287448,-74.0321082,29272,"Subscriber",1974,1
273,"2018-12-06 21:20:41.0620","2018-12-06 21:25:14.2680",3186,"Grove St PATH",40.71958611647166,-74.04311746358871,3205,"JC Medical Center",40.71653978099194,-74.0496379137039,29261,"Subscriber",1975,1
220,"2018-12-06 21:30:59.1730","2018-12-06 21:34:39.5450",3186,"Grove St PATH",40.71958611647166,-74.04311746358871,3203,"Hamilton Park",40.727595966,-74.044247311,29505,"Subscriber",1985,1
82,"2018-12-06 21:31:07.6040","2018-12-06 21:32:30.0230",3186,"Grove St PATH",40.71958611647166,-74.04311746358871,3185,"City Hall",40.7177325,-74.043845,29641,"Subscriber",1957,1
174,"2018-12-06 21:38:03.3870","2018-12-06 21:40:57.5240",3186,"Grove St PATH",40.71958611647166,-74.04311746358871,3276,"Marin Light Rail",40.71458403535893,-74.04281705617905,29487,"Subscriber",1991,1
274,"2018-12-06 21:38:03.5170","2018-12-06 21:42:37.8590",3186,"Grove St PATH",40.71958611647166,-74.04311746358871,3278,"Monmouth and 6th",40.72568548362901,-74.04879033565521,29275,"Subscriber",1977,1
260,"2018-12-06 21:40:35.4200","2018-12-06 21:44:55.9350",3186,"Grove St PATH",40.71958611647166,-74.04311746358871,3203,"Hamilton Park",40.727595966,-74.044247311,29499,"Subscriber",1985,1
226,"2018-12-06 22:50:10.9610","2018-12-06 22:53:57.1240",3186,"Grove St PATH",40.71958611647166,-74.04311746358871,3270,"Jersey & 6th St",40.72528910781132,-74.04557168483734,26217,"Subscriber",1976,2
387,"2018-12-07 08:15:33.5240","2018-12-07 08:22:00.5730",3186,"Grove St PATH",40.71958611647166,-74.04311746358871,3205,"JC Medical Center",40.71653978099194,-74.0496379137039,29608,"Subscriber",1976,2
381,"2018-12-07 08:23:39.8860","2018-12-07 08:30:01.0560",3186,"Grove St PATH",40.71958611647166,-74.04311746358871,3183,"Exchange Place",40.7162469,-74.0334588,30843,"Subscriber",1971,1
227,"2018-12-07 08:35:02.9650","2018-12-07 08:38:50.3130",3186,"Grove St PATH",40.71958611647166,-74.04311746358871,3276,"Marin Light Rail",40.71458403535893,-74.04281705617905,29490,"Subscriber",1994,1
1833,"2018-12-07 08:36:23.8680","2018-12-07 09:06:56.9910",3186,"Grove St PATH",40.71958611647166,-74.04311746358871,3203,"Hamilton Park",40.727595966,-74.044247311,29250,"Subscriber",1971,2
164,"2018-12-07 08:47:50.9470","2018-12-07 08:50:35.0320",3186,"Grove St PATH",40.71958611647166,-74.04311746358871,3275,"Columbus Drive",40.71835519823214,-74.03891444206238,29273,"Subscriber",1986,1
262,"2018-12-07 09:00:44.9410","2018-12-07 09:05:07.9140",3186,"Grove St PATH",40.71958611647166,-74.04311746358871,3184,"Paulus Hook",40.7141454,-74.0335519,29479,"Subscriber",1989,1
288,"2018-12-07 09:13:32.9200","2018-12-07 09:18:21.2110",3186,"Grove St PATH",40.71958611647166,-74.04311746358871,3183,"Exchange Place",40.7162469,-74.0334588,29301,"Subscriber",1991,1
152,"2018-12-07 09:44:31.4750","2018-12-07 09:47:03.7880",3186,"Grove St PATH",40.71958611647166,-74.04311746358871,3213,"Van Vorst Park",40.71848892,-74.047726625,26292,"Subscriber",1993,1
235,"2018-12-07 10:22:17.5680","2018-12-07 10:26:12.9980",3186,"Grove St PATH",40.71958611647166,-74.04311746358871,3203,"Hamilton Park",40.727595966,-74.044247311,26243,"Subscriber",1973,1
184,"2018-12-07 13:10:32.4510","2018-12-07 13:13:37.0220",3186,"Grove St PATH",40.71958611647166,-74.04311746358871,3279,"Dixon Mills",40.721630142638354,-74.04996782541275,26241,"Subscriber",1981,2
221,"2018-12-07 13:24:59.2390","2018-12-07 13:28:40.7740",3186,"Grove St PATH",40.71958611647166,-74.04311746358871,3481,"York St",40.71649,-74.04105,29201,"Subscriber",1961,1
276,"2018-12-07 13:30:31.2100","2018-12-07 13:35:07.4070",3186,"Grove St PATH",40.71958611647166,-74.04311746358871,3213,"Van Vorst Park",40.71848892,-74.047726625,29250,"Subscriber",1964,1
373,"2018-12-07 13:52:01.6650","2018-12-07 13:58:14.9460",3186,"Grove St PATH",40.71958611647166,-74.04311746358871,3481,"York St",40.71649,-74.04105,29285,"Subscriber",1962,1
222,"2018-12-07 14:09:53.3720","2018-12-07 14:13:35.5460",3186,"Grove St PATH",40.71958611647166,-74.04311746358871,3213,"Van Vorst Park",40.71848892,-74.047726625,26246,"Subscriber",1977,1
194,"2018-12-07 14:19:33.2980","2018-12-07 14:22:47.9650",3186,"Grove St PATH",40.71958611647166,-74.04311746358871,3213,"Van Vorst Park",40.71848892,-74.047726625,26243,"Subscriber",1993,1
212,"2018-12-07 14:26:29.4030","2018-12-07 14:30:02.2470",3186,"Grove St PATH",40.71958611647166,-74.04311746358871,3209,"Brunswick St",40.7241765,-74.0506564,26241,"Subscriber",1978,1
529,"2018-12-07 14:27:05.8500","2018-12-07 14:35:55.0030",3186,"Grove St PATH",40.71958611647166,-74.04311746358871,3278,"Monmouth and 6th",40.72568548362901,-74.04879033565521,29549,"Subscriber",1985,1
215,"2018-12-07 14:35:16.2790","2018-12-07 14:38:52.0980",3186,"Grove St PATH",40.71958611647166,-74.04311746358871,3270,"Jersey & 6th St",40.72528910781132,-74.04557168483734,29491,"Subscriber",1969,2
282,"2018-12-07 14:39:54.4570","2018-12-07 14:44:37.0500",3186,"Grove St PATH",40.71958611647166,-74.04311746358871,3483,"Montgomery St",40.71942,-74.05099,29215,"Subscriber",1988,1
236,"2018-12-07 14:46:12.9810","2018-12-07 14:50:09.3960",3186,"Grove St PATH",40.71958611647166,-74.04311746358871,3205,"JC Medical Center",40.71653978099194,-74.0496379137039,29540,"Subscriber",1969,0
207,"2018-12-07 14:56:07.6050","2018-12-07 14:59:35.1610",3186,"Grove St PATH",40.71958611647166,-74.04311746358871,3481,"York St",40.71649,-74.04105,26204,"Subscriber",1954,2
263,"2018-12-07 15:08:12.5780","2018-12-07 15:12:36.3490",3186,"Grove St PATH",40.71958611647166,-74.04311746358871,3269,"Brunswick & 6th",40.72601172964625,-74.05038893222809,29672,"Subscriber",1979,1
485,"2018-12-07 15:10:52.5860","2018-12-07 15:18:58.2280",3186,"Grove St PATH",40.71958611647166,-74.04311746358871,3192,"Liberty Light Rail",40.7112423,-74.0557013,29266,"Subscriber",1981,2
290,"2018-12-07 15:17:02.0110","2018-12-07 15:21:52.9740",3186,"Grove St PATH",40.71958611647166,-74.04311746358871,3269,"Brunswick & 6th",40.72601172964625,-74.05038893222809,26267,"Subscriber",1991,1
361,"2018-12-07 15:17:17.8400","2018-12-07 15:23:19.7630",3186,"Grove St PATH",40.71958611647166,-74.04311746358871,3278,"Monmouth and 6th",40.72568548362901,-74.04879033565521,26278,"Subscriber",1988,2
182,"2018-12-07 16:10:36.5770","2018-12-07 16:13:39.5510",3186,"Grove St PATH",40.71958611647166,-74.04311746358871,3213,"Van Vorst Park",40.71848892,-74.047726625,29268,"Subscriber",1977,2
281,"2018-12-07 16:16:04.7240","2018-12-07 16:20:46.1380",3186,"Grove St PATH",40.71958611647166,-74.04311746358871,3269,"Brunswick & 6th",40.72601172964625,-74.05038893222809,29445,"Subscriber",1986,1
220,"2018-12-07 16:49:39.7210","2018-12-07 16:53:20.5120",3186,"Grove St PATH",40.71958611647166,-74.04311746358871,3203,"Hamilton Park",40.727595966,-74.044247311,26189,"Subscriber",1977,1
539,"2018-12-07 17:08:34.1370","2018-12-07 17:17:33.9290",3186,"Grove St PATH",40.71958611647166,-74.04311746358871,3192,"Liberty Light Rail",40.7112423,-74.0557013,29672,"Subscriber",1969,1
267,"2018-12-07 17:08:45.7210","2018-12-07 17:13:12.9270",3186,"Grove St PATH",40.71958611647166,-74.04311746358871,3203,"Hamilton Park",40.727595966,-74.044247311,29452,"Subscriber",1979,1
731,"2018-12-07 17:17:00.4460","2018-12-07 17:29:11.8700",3186,"Grove St PATH",40.71958611647166,-74.04311746358871,3268,"Lafayette Park",40.71346382669195,-74.06285852193832,29292,"Subscriber",1957,2
214,"2018-12-07 17:17:51.9390","2018-12-07 17:21:26.7350",3186,"Grove St PATH",40.71958611647166,-74.04311746358871,3279,"Dixon Mills",40.721630142638354,-74.04996782541275,26286,"Subscriber",1989,1
269,"2018-12-07 17:18:23.6720","2018-12-07 17:22:53.4500",3186,"Grove St PATH",40.71958611647166,-74.04311746358871,3270,"Jersey & 6th St",40.72528910781132,-74.04557168483734,26224,"Subscriber",1996,2
220,"2018-12-07 17:18:25.1310","2018-12-07 17:22:05.4890",3186,"Grove St PATH",40.71958611647166,-74.04311746358871,3276,"Marin Light Rail",40.71458403535893,-74.04281705617905,26234,"Subscriber",1989,1
231,"2018-12-07 17:20:06.8730","2018-12-07 17:23:58.0300",3186,"Grove St PATH",40.71958611647166,-74.04311746358871,3203,"Hamilton Park",40.727595966,-74.044247311,29245,"Subscriber",1984,1
261,"2018-12-07 17:31:13.5960","2018-12-07 17:35:34.9130",3186,"Grove St PATH",40.71958611647166,-74.04311746358871,3203,"Hamilton Park",40.727595966,-74.044247311,29608,"Subscriber",1975,1
319,"2018-12-07 17:31:17.5960","2018-12-07 17:36:36.7570",3186,"Grove St PATH",40.71958611647166,-74.04311746358871,3203,"Hamilton Park",40.727595966,-74.044247311,26264,"Subscriber",1980,2
285,"2018-12-07 17:33:35.4360","2018-12-07 17:38:20.4510",3186,"Grove St PATH",40.71958611647166,-74.04311746358871,3269,"Brunswick & 6th",40.72601172964625,-74.05038893222809,29234,"Subscriber",1993,1
351,"2018-12-07 17:35:02.4420","2018-12-07 17:40:53.7690",3186,"Grove St PATH",40.71958611647166,-74.04311746358871,3278,"Monmouth and 6th",40.72568548362901,-74.04879033565521,29578,"Subscriber",1983,2
211,"2018-12-07 17:35:10.9600","2018-12-07 17:38:42.5090",3186,"Grove St PATH",40.71958611647166,-74.04311746358871,3270,"Jersey & 6th St",40.72528910781132,-74.04557168483734,29443,"Subscriber",1981,1
232,"2018-12-07 17:36:21.8850","2018-12-07 17:40:14.7220",3186,"Grove St PATH",40.71958611647166,-74.04311746358871,3209,"Brunswick St",40.7241765,-74.0506564,29497,"Subscriber",1990,1
264,"2018-12-07 17:36:34.4810","2018-12-07 17:40:58.6060",3186,"Grove St PATH",40.71958611647166,-74.04311746358871,3209,"Brunswick St",40.7241765,-74.0506564,26294,"Subscriber",1980,2
137,"2018-12-07 17:38:14.4920","2018-12-07 17:40:31.6300",3186,"Grove St PATH",40.71958611647166,-74.04311746358871,3213,"Van Vorst Park",40.71848892,-74.047726625,29610,"Subscriber",1989,2
229,"2018-12-07 17:39:50.7460","2018-12-07 17:43:40.3300",3186,"Grove St PATH",40.71958611647166,-74.04311746358871,3270,"Jersey & 6th St",40.72528910781132,-74.04557168483734,29120,"Subscriber",1973,1
325,"2018-12-07 17:43:11.9230","2018-12-07 17:48:37.4670",3186,"Grove St PATH",40.71958611647166,-74.04311746358871,3203,"Hamilton Park",40.727595966,-74.044247311,29474,"Subscriber",1985,1
265,"2018-12-07 17:50:57.0500","2018-12-07 17:55:22.9170",3186,"Grove St PATH",40.71958611647166,-74.04311746358871,3205,"JC Medical Center",40.71653978099194,-74.0496379137039,29298,"Subscriber",1975,1
219,"2018-12-07 17:51:31.4670","2018-12-07 17:55:10.7830",3186,"Grove St PATH",40.71958611647166,-74.04311746358871,3203,"Hamilton Park",40.727595966,-74.044247311,26254,"Subscriber",1979,1
226,"2018-12-07 17:53:20.6800","2018-12-07 17:57:06.8860",3186,"Grove St PATH",40.71958611647166,-74.04311746358871,3276,"Marin Light Rail",40.71458403535893,-74.04281705617905,29271,"Subscriber",1989,1
254,"2018-12-07 17:56:07.1560","2018-12-07 18:00:21.9170",3186,"Grove St PATH",40.71958611647166,-74.04311746358871,3203,"Hamilton Park",40.727595966,-74.044247311,29656,"Subscriber",1984,1
300,"2018-12-07 18:06:10.1940","2018-12-07 18:11:10.5510",3186,"Grove St PATH",40.71958611647166,-74.04311746358871,3269,"Brunswick & 6th",40.72601172964625,-74.05038893222809,26153,"Subscriber",1986,1
277,"2018-12-07 18:09:34.6120","2018-12-07 18:14:12.5280",3186,"Grove St PATH",40.71958611647166,-74.04311746358871,3203,"Hamilton Park",40.727595966,-74.044247311,26302,"Subscriber",1978,1
303,"2018-12-07 18:13:23.5440","2018-12-07 18:18:27.2050",3186,"Grove St PATH",40.71958611647166,-74.04311746358871,3269,"Brunswick & 6th",40.72601172964625,-74.05038893222809,29484,"Subscriber",1982,2
253,"2018-12-07 18:20:22.1840","2018-12-07 18:24:35.3240",3186,"Grove St PATH",40.71958611647166,-74.04311746358871,3269,"Brunswick & 6th",40.72601172964625,-74.05038893222809,29653,"Subscriber",1988,1
349,"2018-12-07 18:25:59.7190","2018-12-07 18:31:48.8690",3186,"Grove St PATH",40.71958611647166,-74.04311746358871,3269,"Brunswick & 6th",40.72601172964625,-74.05038893222809,29626,"Subscriber",1989,1
402,"2018-12-07 18:27:06.4100","2018-12-07 18:33:48.6270",3186,"Grove St PATH",40.71958611647166,-74.04311746358871,3203,"Hamilton Park",40.727595966,-74.044247311,29228,"Subscriber",1976,2
324,"2018-12-07 18:27:39.6520","2018-12-07 18:33:04.5960",3186,"Grove St PATH",40.71958611647166,-74.04311746358871,3278,"Monmouth and 6th",40.72568548362901,-74.04879033565521,26203,"Subscriber",1982,1
226,"2018-12-07 18:37:56.0000","2018-12-07 18:41:42.5400",3186,"Grove St PATH",40.71958611647166,-74.04311746358871,3209,"Brunswick St",40.7241765,-74.0506564,26152,"Subscriber",1980,1
360,"2018-12-07 18:38:20.0080","2018-12-07 18:44:20.6590",3186,"Grove St PATH",40.71958611647166,-74.04311746358871,3278,"Monmouth and 6th",40.72568548362901,-74.04879033565521,26204,"Subscriber",1988,2
143,"2018-12-07 18:40:59.6150","2018-12-07 18:43:23.5010",3186,"Grove St PATH",40.71958611647166,-74.04311746358871,3213,"Van Vorst Park",40.71848892,-74.047726625,26187,"Subscriber",1984,1
287,"2018-12-07 18:42:26.0060","2018-12-07 18:47:13.3350",3186,"Grove St PATH",40.71958611647166,-74.04311746358871,3203,"Hamilton Park",40.727595966,-74.044247311,26247,"Subscriber",1983,1
232,"2018-12-07 18:44:43.9140","2018-12-07 18:48:36.5700",3186,"Grove St PATH",40.71958611647166,-74.04311746358871,3483,"Montgomery St",40.71942,-74.05099,29596,"Subscriber",1985,1
274,"2018-12-07 18:44:52.2990","2018-12-07 18:49:26.9430",3186,"Grove St PATH",40.71958611647166,-74.04311746358871,3269,"Brunswick & 6th",40.72601172964625,-74.05038893222809,26255,"Subscriber",1979,1
345,"2018-12-07 18:54:32.2890","2018-12-07 19:00:18.2720",3186,"Grove St PATH",40.71958611647166,-74.04311746358871,3483,"Montgomery St",40.71942,-74.05099,29656,"Subscriber",1990,1
334,"2018-12-07 18:56:19.5380","2018-12-07 19:01:54.5000",3186,"Grove St PATH",40.71958611647166,-74.04311746358871,3269,"Brunswick & 6th",40.72601172964625,-74.05038893222809,29296,"Subscriber",1980,1
192,"2018-12-07 18:59:26.0220","2018-12-07 19:02:38.2240",3186,"Grove St PATH",40.71958611647166,-74.04311746358871,3279,"Dixon Mills",40.721630142638354,-74.04996782541275,26281,"Subscriber",1993,1
539,"2018-12-07 19:00:06.1180","2018-12-07 19:09:05.1380",3186,"Grove St PATH",40.71958611647166,-74.04311746358871,3268,"Lafayette Park",40.71346382669195,-74.06285852193832,33781,"Subscriber",1979,1
410,"2018-12-07 19:01:44.4680","2018-12-07 19:08:34.7690",3186,"Grove St PATH",40.71958611647166,-74.04311746358871,3202,"Newport PATH",40.7272235,-74.0337589,29283,"Subscriber",1981,1
298,"2018-12-07 19:02:04.5830","2018-12-07 19:07:03.3380",3186,"Grove St PATH",40.71958611647166,-74.04311746358871,3278,"Monmouth and 6th",40.72568548362901,-74.04879033565521,26224,"Subscriber",1974,1
378,"2018-12-07 19:03:32.4280","2018-12-07 19:09:50.9080",3186,"Grove St PATH",40.71958611647166,-74.04311746358871,3203,"Hamilton Park",40.727595966,-74.044247311,29453,"Subscriber",1987,2
174,"2018-12-07 19:04:41.1650","2018-12-07 19:07:35.8170",3186,"Grove St PATH",40.71958611647166,-74.04311746358871,3279,"Dixon Mills",40.721630142638354,-74.04996782541275,29681,"Subscriber",1984,1
137,"2018-12-07 19:04:57.6190","2018-12-07 19:07:15.0150",3186,"Grove St PATH",40.71958611647166,-74.04311746358871,3211,"Newark Ave",40.72152515,-74.046304543,29293,"Subscriber",1987,2
229,"2018-12-07 19:10:19.7170","2018-12-07 19:14:09.3950",3186,"Grove St PATH",40.71958611647166,-74.04311746358871,3203,"Hamilton Park",40.727595966,-74.044247311,29304,"Subscriber",1984,1
185,"2018-12-07 19:15:03.3650","2018-12-07 19:18:09.1460",3186,"Grove St PATH",40.71958611647166,-74.04311746358871,3279,"Dixon Mills",40.721630142638354,-74.04996782541275,29581,"Subscriber",1973,1
192,"2018-12-07 19:15:54.6600","2018-12-07 19:19:07.3770",3186,"Grove St PATH",40.71958611647166,-74.04311746358871,3279,"Dixon Mills",40.721630142638354,-74.04996782541275,26281,"Subscriber",1977,1
219,"2018-12-07 19:16:33.5770","2018-12-07 19:20:13.1350",3186,"Grove St PATH",40.71958611647166,-74.04311746358871,3209,"Brunswick St",40.7241765,-74.0506564,29531,"Subscriber",1975,1
433,"2018-12-07 19:16:38.6000","2018-12-07 19:23:51.6350",3186,"Grove St PATH",40.71958611647166,-74.04311746358871,3213,"Van Vorst Park",40.71848892,-74.047726625,29236,"Subscriber",1990,1
238,"2018-12-07 19:22:42.4980","2018-12-07 19:26:41.2350",3186,"Grove St PATH",40.71958611647166,-74.04311746358871,3185,"City Hall",40.7177325,-74.043845,29443,"Subscriber",1989,2
240,"2018-12-07 19:33:00.7610","2018-12-07 19:37:01.4170",3186,"Grove St PATH",40.71958611647166,-74.04311746358871,3203,"Hamilton Park",40.727595966,-74.044247311,29665,"Subscriber",1979,1
222,"2018-12-07 19:33:09.0140","2018-12-07 19:36:51.4270",3186,"Grove St PATH",40.71958611647166,-74.04311746358871,3278,"Monmouth and 6th",40.72568548362901,-74.04879033565521,29613,"Subscriber",1956,1
169,"2018-12-07 19:53:54.0990","2018-12-07 19:56:43.1180",3186,"Grove St PATH",40.71958611647166,-74.04311746358871,3276,"Marin Light Rail",40.71458403535893,-74.04281705617905,29288,"Subscriber",1986,1
263,"2018-12-07 19:54:24.3320","2018-12-07 19:58:47.8990",3186,"Grove St PATH",40.71958611647166,-74.04311746358871,3209,"Brunswick St",40.7241765,-74.0506564,28164,"Subscriber",1998,1
417,"2018-12-07 19:55:36.1960","2018-12-07 20:02:33.9040",3186,"Grove St PATH",40.71958611647166,-74.04311746358871,3192,"Liberty Light Rail",40.7112423,-74.0557013,29606,"Subscriber",1988,1
237,"2018-12-07 19:56:07.0690","2018-12-07 20:00:04.2580",3186,"Grove St PATH",40.71958611647166,-74.04311746358871,3203,"Hamilton Park",40.727595966,-74.044247311,26296,"Subscriber",1980,1
121,"2018-12-07 20:04:50.2880","2018-12-07 20:06:52.1940",3186,"Grove St PATH",40.71958611647166,-74.04311746358871,3279,"Dixon Mills",40.721630142638354,-74.04996782541275,29124,"Subscriber",1982,1
486,"2018-12-07 20:06:06.2940","2018-12-07 20:14:12.6890",3186,"Grove St PATH",40.71958611647166,-74.04311746358871,3192,"Liberty Light Rail",40.7112423,-74.0557013,29519,"Subscriber",1990,1
180,"2018-12-07 20:06:12.8220","2018-12-07 20:09:13.6360",3186,"Grove St PATH",40.71958611647166,-74.04311746358871,3279,"Dixon Mills",40.721630142638354,-74.04996782541275,29593,"Subscriber",1977,2
175,"2018-12-07 20:06:21.2440","2018-12-07 20:09:16.4550",3186,"Grove St PATH",40.71958611647166,-74.04311746358871,3279,"Dixon Mills",40.721630142638354,-74.04996782541275,26204,"Subscriber",1976,1
187,"2018-12-07 20:48:05.2770","2018-12-07 20:51:13.0200",3186,"Grove St PATH",40.71958611647166,-74.04311746358871,3276,"Marin Light Rail",40.71458403535893,-74.04281705617905,29545,"Subscriber",1984,1
275,"2018-12-07 20:56:14.4960","2018-12-07 21:00:49.8890",3186,"Grove St PATH",40.71958611647166,-74.04311746358871,3209,"Brunswick St",40.7241765,-74.0506564,26186,"Subscriber",1980,2
200,"2018-12-07 21:06:23.4310","2018-12-07 21:09:43.4800",3186,"Grove St PATH",40.71958611647166,-74.04311746358871,3272,"Jersey & 3rd",40.72333158646436,-74.04595255851744,26293,"Subscriber",1961,1
263,"2018-12-07 21:06:50.4840","2018-12-07 21:11:13.8700",3186,"Grove St PATH",40.71958611647166,-74.04311746358871,3278,"Monmouth and 6th",40.72568548362901,-74.04879033565521,29245,"Subscriber",1981,2
381,"2018-12-07 21:27:55.4760","2018-12-07 21:34:17.4550",3186,"Grove St PATH",40.71958611647166,-74.04311746358871,3267,"Morris Canal",40.7124188237569,-74.03852552175522,29497,"Subscriber",1961,2
481,"2018-12-07 21:32:31.3580","2018-12-07 21:40:33.1910",3186,"Grove St PATH",40.71958611647166,-74.04311746358871,3268,"Lafayette Park",40.71346382669195,-74.06285852193832,26278,"Subscriber",1978,1
561,"2018-12-07 21:43:02.0090","2018-12-07 21:52:23.9360",3186,"Grove St PATH",40.71958611647166,-74.04311746358871,3268,"Lafayette Park",40.71346382669195,-74.06285852193832,29468,"Subscriber",1998,1
165,"2018-12-07 21:45:53.7830","2018-12-07 21:48:39.1920",3186,"Grove St PATH",40.71958611647166,-74.04311746358871,3279,"Dixon Mills",40.721630142638354,-74.04996782541275,29588,"Subscriber",1975,1
255,"2018-12-07 21:55:08.4980","2018-12-07 21:59:23.7400",3186,"Grove St PATH",40.71958611647166,-74.04311746358871,3203,"Hamilton Park",40.727595966,-74.044247311,29234,"Subscriber",1986,1
390,"2018-12-07 22:28:31.2470","2018-12-07 22:35:01.4960",3186,"Grove St PATH",40.71958611647166,-74.04311746358871,3203,"Hamilton Park",40.727595966,-74.044247311,29458,"Subscriber",1968,1
205,"2018-12-07 22:49:13.5840","2018-12-07 22:52:39.3820",3186,"Grove St PATH",40.71958611647166,-74.04311746358871,3278,"Monmouth and 6th",40.72568548362901,-74.04879033565521,29512,"Subscriber",1991,1
182,"2018-12-07 22:49:51.8350","2018-12-07 22:52:54.4490",3186,"Grove St PATH",40.71958611647166,-74.04311746358871,3213,"Van Vorst Park",40.71848892,-74.047726625,26203,"Subscriber",1988,1
195,"2018-12-07 22:50:16.0170","2018-12-07 22:53:31.7050",3186,"Grove St PATH",40.71958611647166,-74.04311746358871,3270,"Jersey & 6th St",40.72528910781132,-74.04557168483734,26287,"Subscriber",1970,1
323,"2018-12-07 22:50:31.6770","2018-12-07 22:55:55.1100",3186,"Grove St PATH",40.71958611647166,-74.04311746358871,3269,"Brunswick & 6th",40.72601172964625,-74.05038893222809,29296,"Customer",1979,2
218,"2018-12-07 23:04:08.0640","2018-12-07 23:07:46.1890",3186,"Grove St PATH",40.71958611647166,-74.04311746358871,3203,"Hamilton Park",40.727595966,-74.044247311,29653,"Subscriber",1990,1
288,"2018-12-07 23:04:27.3990","2018-12-07 23:09:16.0660",3186,"Grove St PATH",40.71958611647166,-74.04311746358871,3276,"Marin Light Rail",40.71458403535893,-74.04281705617905,26295,"Subscriber",1989,1
189,"2018-12-07 23:32:15.5600","2018-12-07 23:35:25.0050",3186,"Grove St PATH",40.71958611647166,-74.04311746358871,3205,"JC Medical Center",40.71653978099194,-74.0496379137039,29549,"Subscriber",1989,1
299,"2018-12-08 00:03:45.4860","2018-12-08 00:08:45.4760",3186,"Grove St PATH",40.71958611647166,-74.04311746358871,3203,"Hamilton Park",40.727595966,-74.044247311,29646,"Subscriber",1990,2
245,"2018-12-08 00:04:11.5640","2018-12-08 00:08:16.8390",3186,"Grove St PATH",40.71958611647166,-74.04311746358871,3270,"Jersey & 6th St",40.72528910781132,-74.04557168483734,26244,"Subscriber",1958,2
164,"2018-12-08 00:04:48.4270","2018-12-08 00:07:32.5400",3186,"Grove St PATH",40.71958611647166,-74.04311746358871,3279,"Dixon Mills",40.721630142638354,-74.04996782541275,26191,"Subscriber",1996,2
321,"2018-12-08 00:05:26.7970","2018-12-08 00:10:48.0330",3186,"Grove St PATH",40.71958611647166,-74.04311746358871,3276,"Marin Light Rail",40.71458403535893,-74.04281705617905,29554,"Subscriber",1971,2
197,"2018-12-08 01:11:40.3570","2018-12-08 01:14:57.6620",3186,"Grove St PATH",40.71958611647166,-74.04311746358871,3276,"Marin Light Rail",40.71458403535893,-74.04281705617905,26210,"Subscriber",1979,2
320,"2018-12-08 01:54:18.8330","2018-12-08 01:59:39.1280",3186,"Grove St PATH",40.71958611647166,-74.04311746358871,3267,"Morris Canal",40.7124188237569,-74.03852552175522,29545,"Subscriber",1992,2
221,"2018-12-08 01:57:02.9360","2018-12-08 02:00:44.2060",3186,"Grove St PATH",40.71958611647166,-74.04311746358871,3205,"JC Medical Center",40.71653978099194,-74.0496379137039,29583,"Subscriber",1995,2
213,"2018-12-08 01:57:08.2740","2018-12-08 02:00:41.6880",3186,"Grove St PATH",40.71958611647166,-74.04311746358871,3205,"JC Medical Center",40.71653978099194,-74.0496379137039,26284,"Subscriber",1990,1
195,"2018-12-08 02:34:04.0200","2018-12-08 02:37:19.2230",3186,"Grove St PATH",40.71958611647166,-74.04311746358871,3205,"JC Medical Center",40.71653978099194,-74.0496379137039,29460,"Subscriber",1988,1
291,"2018-12-08 07:03:31.7640","2018-12-08 07:08:22.8380",3186,"Grove St PATH",40.71958611647166,-74.04311746358871,3269,"Brunswick & 6th",40.72601172964625,-74.05038893222809,29258,"Subscriber",1979,1
453,"2018-12-08 09:38:21.2420","2018-12-08 09:45:54.3310",3186,"Grove St PATH",40.71958611647166,-74.04311746358871,3279,"Dixon Mills",40.721630142638354,-74.04996782541275,29681,"Subscriber",1977,2
238,"2018-12-08 11:18:41.7050","2018-12-08 11:22:40.1440",3186,"Grove St PATH",40.71958611647166,-74.04311746358871,3209,"Brunswick St",40.7241765,-74.0506564,29289,"Subscriber",1986,2
288,"2018-12-08 12:09:31.8240","2018-12-08 12:14:20.7260",3186,"Grove St PATH",40.71958611647166,-74.04311746358871,3276,"Marin Light Rail",40.71458403535893,-74.04281705617905,26266,"Subscriber",1972,2
204,"2018-12-08 12:12:53.5360","2018-12-08 12:16:17.7740",3186,"Grove St PATH",40.71958611647166,-74.04311746358871,3481,"York St",40.71649,-74.04105,26267,"Subscriber",1986,1
380,"2018-12-08 12:48:24.4520","2018-12-08 12:54:45.1910",3186,"Grove St PATH",40.71958611647166,-74.04311746358871,3267,"Morris Canal",40.7124188237569,-74.03852552175522,26245,"Subscriber",1951,1
215,"2018-12-08 12:50:41.0580","2018-12-08 12:54:16.3690",3186,"Grove St PATH",40.71958611647166,-74.04311746358871,3276,"Marin Light Rail",40.71458403535893,-74.04281705617905,29531,"Subscriber",1986,1
663,"2018-12-08 14:37:32.6860","2018-12-08 14:48:35.9690",3186,"Grove St PATH",40.71958611647166,-74.04311746358871,3206,"Hilltop",40.7311689,-74.0575736,26209,"Subscriber",1973,1
361,"2018-12-08 14:52:37.6890","2018-12-08 14:58:39.3630",3186,"Grove St PATH",40.71958611647166,-74.04311746358871,3267,"Morris Canal",40.7124188237569,-74.03852552175522,26190,"Subscriber",1951,1
141,"2018-12-08 15:27:30.2120","2018-12-08 15:29:51.2120",3186,"Grove St PATH",40.71958611647166,-74.04311746358871,3211,"Newark Ave",40.72152515,-74.046304543,29596,"Subscriber",1993,1
293,"2018-12-08 15:46:55.9550","2018-12-08 15:51:49.1400",3186,"Grove St PATH",40.71958611647166,-74.04311746358871,3681,"Grand St",40.71517767732029,-74.03768330812454,29252,"Subscriber",1976,1
324,"2018-12-08 16:17:17.9330","2018-12-08 16:22:42.4880",3186,"Grove St PATH",40.71958611647166,-74.04311746358871,3209,"Brunswick St",40.7241765,-74.0506564,29289,"Subscriber",1979,2
278,"2018-12-08 17:03:47.2060","2018-12-08 17:08:25.2740",3186,"Grove St PATH",40.71958611647166,-74.04311746358871,3483,"Montgomery St",40.71942,-74.05099,26210,"Subscriber",1992,2
251,"2018-12-08 17:06:46.8340","2018-12-08 17:10:58.8190",3186,"Grove St PATH",40.71958611647166,-74.04311746358871,3203,"Hamilton Park",40.727595966,-74.044247311,29653,"Subscriber",1995,1
292,"2018-12-08 17:24:49.6550","2018-12-08 17:29:42.1880",3186,"Grove St PATH",40.71958611647166,-74.04311746358871,3203,"Hamilton Park",40.727595966,-74.044247311,29662,"Subscriber",1990,1
299,"2018-12-08 17:24:53.1740","2018-12-08 17:29:52.8580",3186,"Grove St PATH",40.71958611647166,-74.04311746358871,3203,"Hamilton Park",40.727595966,-74.044247311,26287,"Subscriber",1990,2
183,"2018-12-08 17:26:23.9150","2018-12-08 17:29:27.5570",3186,"Grove St PATH",40.71958611647166,-74.04311746358871,3279,"Dixon Mills",40.721630142638354,-74.04996782541275,29276,"Subscriber",1975,1
260,"2018-12-08 17:39:18.5470","2018-12-08 17:43:39.0320",3186,"Grove St PATH",40.71958611647166,-74.04311746358871,3270,"Jersey & 6th St",40.72528910781132,-74.04557168483734,26294,"Subscriber",1974,1
780,"2018-12-08 17:45:37.9520","2018-12-08 17:58:38.8030",3186,"Grove St PATH",40.71958611647166,-74.04311746358871,3483,"Montgomery St",40.71942,-74.05099,26190,"Subscriber",1979,1
788,"2018-12-08 17:45:34.3940","2018-12-08 17:58:43.2240",3186,"Grove St PATH",40.71958611647166,-74.04311746358871,3483,"Montgomery St",40.71942,-74.05099,26203,"Subscriber",1980,2
1785,"2018-12-08 17:50:14.0140","2018-12-08 18:19:59.1020",3186,"Grove St PATH",40.71958611647166,-74.04311746358871,3210,"Pershing Field",40.742677141,-74.051788633,26286,"Subscriber",1979,2
136,"2018-12-08 18:00:28.6350","2018-12-08 18:02:45.3860",3186,"Grove St PATH",40.71958611647166,-74.04311746358871,3272,"Jersey & 3rd",40.72333158646436,-74.04595255851744,29471,"Subscriber",1988,1
293,"2018-12-08 18:17:52.2470","2018-12-08 18:22:46.1030",3186,"Grove St PATH",40.71958611647166,-74.04311746358871,3209,"Brunswick St",40.7241765,-74.0506564,29296,"Customer",1969,0
214,"2018-12-08 18:49:58.2960","2018-12-08 18:53:32.6070",3186,"Grove St PATH",40.71958611647166,-74.04311746358871,3213,"Van Vorst Park",40.71848892,-74.047726625,29588,"Subscriber",1977,1
302,"2018-12-08 19:03:58.6430","2018-12-08 19:09:00.9740",3186,"Grove St PATH",40.71958611647166,-74.04311746358871,3483,"Montgomery St",40.71942,-74.05099,29520,"Subscriber",1969,1
335,"2018-12-08 19:21:32.2100","2018-12-08 19:27:08.0910",3186,"Grove St PATH",40.71958611647166,-74.04311746358871,3203,"Hamilton Park",40.727595966,-74.044247311,29236,"Subscriber",1992,1
152,"2018-12-08 19:34:02.6730","2018-12-08 19:36:35.0320",3186,"Grove St PATH",40.71958611647166,-74.04311746358871,3213,"Van Vorst Park",40.71848892,-74.047726625,29228,"Subscriber",1990,1
339,"2018-12-08 19:44:02.6810","2018-12-08 19:49:41.7130",3186,"Grove St PATH",40.71958611647166,-74.04311746358871,3278,"Monmouth and 6th",40.72568548362901,-74.04879033565521,26191,"Subscriber",1987,1
171,"2018-12-08 19:44:37.4300","2018-12-08 19:47:28.4920",3186,"Grove St PATH",40.71958611647166,-74.04311746358871,3213,"Van Vorst Park",40.71848892,-74.047726625,29639,"Subscriber",1973,2
186,"2018-12-08 19:48:11.1960","2018-12-08 19:51:17.6620",3186,"Grove St PATH",40.71958611647166,-74.04311746358871,3276,"Marin Light Rail",40.71458403535893,-74.04281705617905,29608,"Subscriber",1986,1
670,"2018-12-08 20:09:41.6250","2018-12-08 20:20:51.9040",3186,"Grove St PATH",40.71958611647166,-74.04311746358871,3192,"Liberty Light Rail",40.7112423,-74.0557013,29210,"Subscriber",1978,1
1832,"2018-12-08 20:29:53.9510","2018-12-08 21:00:26.6660",3186,"Grove St PATH",40.71958611647166,-74.04311746358871,3268,"Lafayette Park",40.71346382669195,-74.06285852193832,29531,"Subscriber",1978,1
1830,"2018-12-08 20:30:01.6100","2018-12-08 21:00:31.7920",3186,"Grove St PATH",40.71958611647166,-74.04311746358871,3268,"Lafayette Park",40.71346382669195,-74.06285852193832,29468,"Subscriber",1998,1
260,"2018-12-08 21:38:20.5550","2018-12-08 21:42:40.9420",3186,"Grove St PATH",40.71958611647166,-74.04311746358871,3209,"Brunswick St",40.7241765,-74.0506564,29588,"Subscriber",1990,1
99,"2018-12-08 21:44:58.4330","2018-12-08 21:46:37.6620",3186,"Grove St PATH",40.71958611647166,-74.04311746358871,3185,"City Hall",40.7177325,-74.043845,29307,"Subscriber",1994,1
218,"2018-12-09 00:56:20.4700","2018-12-09 00:59:59.2130",3186,"Grove St PATH",40.71958611647166,-74.04311746358871,3211,"Newark Ave",40.72152515,-74.046304543,29675,"Subscriber",1995,1
282,"2018-12-09 01:16:00.9500","2018-12-09 01:20:43.1630",3186,"Grove St PATH",40.71958611647166,-74.04311746358871,3270,"Jersey & 6th St",40.72528910781132,-74.04557168483734,29212,"Subscriber",1992,2
76,"2018-12-09 01:18:47.6240","2018-12-09 01:20:03.6350",3186,"Grove St PATH",40.71958611647166,-74.04311746358871,3185,"City Hall",40.7177325,-74.043845,29268,"Subscriber",1957,1
185,"2018-12-09 05:21:35.9150","2018-12-09 05:24:41.5120",3186,"Grove St PATH",40.71958611647166,-74.04311746358871,3211,"Newark Ave",40.72152515,-74.046304543,26257,"Subscriber",1992,1
612,"2018-12-09 10:33:52.6090","2018-12-09 10:44:05.2140",3186,"Grove St PATH",40.71958611647166,-74.04311746358871,3277,"Communipaw & Berry Lane",40.71435836870427,-74.06661093235016,29285,"Subscriber",1975,1
263,"2018-12-09 10:34:26.0290","2018-12-09 10:38:49.4770",3186,"Grove St PATH",40.71958611647166,-74.04311746358871,3205,"JC Medical Center",40.71653978099194,-74.0496379137039,26210,"Subscriber",1969,0
241,"2018-12-09 11:29:20.8640","2018-12-09 11:33:21.8860",3186,"Grove St PATH",40.71958611647166,-74.04311746358871,3213,"Van Vorst Park",40.71848892,-74.047726625,29681,"Subscriber",1976,1
73,"2018-12-09 11:36:49.8990","2018-12-09 11:38:03.4350",3186,"Grove St PATH",40.71958611647166,-74.04311746358871,3185,"City Hall",40.7177325,-74.043845,26171,"Subscriber",1987,1
63,"2018-12-09 11:40:42.3190","2018-12-09 11:41:46.0630",3186,"Grove St PATH",40.71958611647166,-74.04311746358871,3185,"City Hall",40.7177325,-74.043845,29588,"Subscriber",1987,1
110,"2018-12-09 11:44:23.4650","2018-12-09 11:46:14.3870",3186,"Grove St PATH",40.71958611647166,-74.04311746358871,3211,"Newark Ave",40.72152515,-74.046304543,29212,"Subscriber",1987,1
538,"2018-12-09 11:50:54.5530","2018-12-09 11:59:53.1040",3186,"Grove St PATH",40.71958611647166,-74.04311746358871,3192,"Liberty Light Rail",40.7112423,-74.0557013,26270,"Subscriber",1987,1
281,"2018-12-09 12:15:21.1470","2018-12-09 12:20:02.7880",3186,"Grove St PATH",40.71958611647166,-74.04311746358871,3214,"Essex Light Rail",40.7127742,-74.0364857,29534,"Subscriber",1988,1
220,"2018-12-09 12:31:52.9240","2018-12-09 12:35:33.7920",3186,"Grove St PATH",40.71958611647166,-74.04311746358871,3483,"Montgomery St",40.71942,-74.05099,29239,"Subscriber",1958,1
231,"2018-12-09 12:55:19.6060","2018-12-09 12:59:11.4740",3186,"Grove St PATH",40.71958611647166,-74.04311746358871,3279,"Dixon Mills",40.721630142638354,-74.04996782541275,26251,"Subscriber",1991,2
199,"2018-12-09 13:04:42.8470","2018-12-09 13:08:02.5690",3186,"Grove St PATH",40.71958611647166,-74.04311746358871,3276,"Marin Light Rail",40.71458403535893,-74.04281705617905,29222,"Subscriber",1987,2
204,"2018-12-09 13:27:06.0170","2018-12-09 13:30:30.5750",3186,"Grove St PATH",40.71958611647166,-74.04311746358871,3187,"Warren St",40.7211236,-74.03805095,29252,"Subscriber",1981,1
233,"2018-12-09 13:44:35.1780","2018-12-09 13:48:28.7500",3186,"Grove St PATH",40.71958611647166,-74.04311746358871,3276,"Marin Light Rail",40.71458403535893,-74.04281705617905,29516,"Subscriber",1967,1
153,"2018-12-09 14:00:04.9040","2018-12-09 14:02:38.3610",3186,"Grove St PATH",40.71958611647166,-74.04311746358871,3279,"Dixon Mills",40.721630142638354,-74.04996782541275,29276,"Subscriber",1970,1
139,"2018-12-09 14:00:55.4120","2018-12-09 14:03:14.4920",3186,"Grove St PATH",40.71958611647166,-74.04311746358871,3187,"Warren St",40.7211236,-74.03805095,29533,"Subscriber",1987,1
230,"2018-12-09 14:47:09.3980","2018-12-09 14:50:59.8420",3186,"Grove St PATH",40.71958611647166,-74.04311746358871,3279,"Dixon Mills",40.721630142638354,-74.04996782541275,29453,"Subscriber",1975,1
245,"2018-12-09 15:22:17.4700","2018-12-09 15:26:23.3910",3186,"Grove St PATH",40.71958611647166,-74.04311746358871,3209,"Brunswick St",40.7241765,-74.0506564,26262,"Subscriber",1980,1
401,"2018-12-09 15:22:17.3970","2018-12-09 15:28:59.0670",3186,"Grove St PATH",40.71958611647166,-74.04311746358871,3214,"Essex Light Rail",40.7127742,-74.0364857,26242,"Subscriber",1975,1
359,"2018-12-09 15:36:12.5520","2018-12-09 15:42:12.3230",3186,"Grove St PATH",40.71958611647166,-74.04311746358871,3638,"Washington St",40.7242941,-74.0354826,29120,"Subscriber",1988,1
319,"2018-12-09 16:10:50.5330","2018-12-09 16:16:09.9700",3186,"Grove St PATH",40.71958611647166,-74.04311746358871,3639,"Harborside",40.7192517,-74.034234,29489,"Subscriber",1981,1
266,"2018-12-09 16:20:12.0340","2018-12-09 16:24:38.9320",3186,"Grove St PATH",40.71958611647166,-74.04311746358871,3278,"Monmouth and 6th",40.72568548362901,-74.04879033565521,26264,"Subscriber",1974,1
235,"2018-12-09 16:35:16.6480","2018-12-09 16:39:12.2710",3186,"Grove St PATH",40.71958611647166,-74.04311746358871,3276,"Marin Light Rail",40.71458403535893,-74.04281705617905,29276,"Subscriber",1986,1
250,"2018-12-09 17:44:27.7480","2018-12-09 17:48:38.6040",3186,"Grove St PATH",40.71958611647166,-74.04311746358871,3203,"Hamilton Park",40.727595966,-74.044247311,29583,"Subscriber",1973,1
294,"2018-12-09 18:26:37.0430","2018-12-09 18:31:31.3820",3186,"Grove St PATH",40.71958611647166,-74.04311746358871,3203,"Hamilton Park",40.727595966,-74.044247311,26187,"Subscriber",1983,2
143,"2018-12-09 18:37:40.8340","2018-12-09 18:40:04.6740",3186,"Grove St PATH",40.71958611647166,-74.04311746358871,3272,"Jersey & 3rd",40.72333158646436,-74.04595255851744,29652,"Subscriber",1967,1
253,"2018-12-09 18:52:12.8230","2018-12-09 18:56:26.1750",3186,"Grove St PATH",40.71958611647166,-74.04311746358871,3681,"Grand St",40.71517767732029,-74.03768330812454,26264,"Subscriber",1985,1
200,"2018-12-09 18:52:23.4270","2018-12-09 18:55:43.9750",3186,"Grove St PATH",40.71958611647166,-74.04311746358871,3213,"Van Vorst Park",40.71848892,-74.047726625,29285,"Subscriber",1990,1
290,"2018-12-09 19:14:27.1290","2018-12-09 19:19:17.3060",3186,"Grove St PATH",40.71958611647166,-74.04311746358871,3209,"Brunswick St",40.7241765,-74.0506564,26205,"Subscriber",1979,1
303,"2018-12-09 19:23:28.2010","2018-12-09 19:28:31.8240",3186,"Grove St PATH",40.71958611647166,-74.04311746358871,3481,"York St",40.71649,-74.04105,29587,"Subscriber",1962,1
157,"2018-12-10 00:03:10.5050","2018-12-10 00:05:48.2260",3186,"Grove St PATH",40.71958611647166,-74.04311746358871,3276,"Marin Light Rail",40.71458403535893,-74.04281705617905,29676,"Subscriber",1991,1
322,"2018-12-10 07:03:37.4800","2018-12-10 07:09:00.2250",3186,"Grove St PATH",40.71958611647166,-74.04311746358871,3205,"JC Medical Center",40.71653978099194,-74.0496379137039,26164,"Subscriber",1956,1
233,"2018-12-10 07:53:45.5940","2018-12-10 07:57:39.5850",3186,"Grove St PATH",40.71958611647166,-74.04311746358871,3205,"JC Medical Center",40.71653978099194,-74.0496379137039,26187,"Subscriber",1976,2
449,"2018-12-10 07:58:55.0460","2018-12-10 08:06:25.0230",3186,"Grove St PATH",40.71958611647166,-74.04311746358871,3681,"Grand St",40.71517767732029,-74.03768330812454,29549,"Subscriber",1991,2
560,"2018-12-10 08:23:54.0240","2018-12-10 08:33:14.6870",3186,"Grove St PATH",40.71958611647166,-74.04311746358871,3277,"Communipaw & Berry Lane",40.71435836870427,-74.06661093235016,26221,"Subscriber",1975,1
293,"2018-12-10 08:45:11.3290","2018-12-10 08:50:05.1120",3186,"Grove St PATH",40.71958611647166,-74.04311746358871,3639,"Harborside",40.7192517,-74.034234,26173,"Subscriber",1989,1
256,"2018-12-10 08:49:37.5410","2018-12-10 08:53:53.5780",3186,"Grove St PATH",40.71958611647166,-74.04311746358871,3638,"Washington St",40.7242941,-74.0354826,29573,"Subscriber",1986,1
1234,"2018-12-10 08:53:47.8640","2018-12-10 09:14:21.8680",3186,"Grove St PATH",40.71958611647166,-74.04311746358871,3183,"Exchange Place",40.7162469,-74.0334588,26247,"Subscriber",1976,1
163,"2018-12-10 08:55:32.9610","2018-12-10 08:58:16.1710",3186,"Grove St PATH",40.71958611647166,-74.04311746358871,3211,"Newark Ave",40.72152515,-74.046304543,26242,"Subscriber",1981,1
279,"2018-12-10 09:20:58.1120","2018-12-10 09:25:37.3010",3186,"Grove St PATH",40.71958611647166,-74.04311746358871,3203,"Hamilton Park",40.727595966,-74.044247311,29225,"Subscriber",1978,1
347,"2018-12-10 09:23:04.2220","2018-12-10 09:28:51.8060",3186,"Grove St PATH",40.71958611647166,-74.04311746358871,3205,"JC Medical Center",40.71653978099194,-74.0496379137039,29639,"Subscriber",1978,1
199,"2018-12-10 09:30:23.1400","2018-12-10 09:33:42.6230",3186,"Grove St PATH",40.71958611647166,-74.04311746358871,3209,"Brunswick St",40.7241765,-74.0506564,26275,"Subscriber",1991,1
365,"2018-12-10 10:34:51.3570","2018-12-10 10:40:56.7030",3186,"Grove St PATH",40.71958611647166,-74.04311746358871,3269,"Brunswick & 6th",40.72601172964625,-74.05038893222809,29523,"Subscriber",1981,1
311,"2018-12-10 11:27:11.1650","2018-12-10 11:32:22.3320",3186,"Grove St PATH",40.71958611647166,-74.04311746358871,3269,"Brunswick & 6th",40.72601172964625,-74.05038893222809,26295,"Subscriber",1975,1
379,"2018-12-10 12:50:48.4250","2018-12-10 12:57:07.7280",3186,"Grove St PATH",40.71958611647166,-74.04311746358871,3203,"Hamilton Park",40.727595966,-74.044247311,29635,"Subscriber",1981,1
364,"2018-12-10 13:27:50.1680","2018-12-10 13:33:54.8690",3186,"Grove St PATH",40.71958611647166,-74.04311746358871,3184,"Paulus Hook",40.7141454,-74.0335519,29484,"Subscriber",1987,1
362,"2018-12-10 13:27:53.7670","2018-12-10 13:33:56.3180",3186,"Grove St PATH",40.71958611647166,-74.04311746358871,3184,"Paulus Hook",40.7141454,-74.0335519,29214,"Subscriber",1980,1
584,"2018-12-10 14:18:09.9870","2018-12-10 14:27:54.2360",3186,"Grove St PATH",40.71958611647166,-74.04311746358871,3277,"Communipaw & Berry Lane",40.71435836870427,-74.06661093235016,29210,"Subscriber",1975,1
663,"2018-12-10 14:27:13.7100","2018-12-10 14:38:17.5390",3186,"Grove St PATH",40.71958611647166,-74.04311746358871,3225,"Baldwin at Montgomery",40.7236589,-74.0641943,29490,"Subscriber",1984,1
404,"2018-12-10 15:00:48.3520","2018-12-10 15:07:33.2850",3186,"Grove St PATH",40.71958611647166,-74.04311746358871,3202,"Newport PATH",40.7272235,-74.0337589,29231,"Subscriber",1988,1
202,"2018-12-10 15:14:44.8270","2018-12-10 15:18:06.8760",3186,"Grove St PATH",40.71958611647166,-74.04311746358871,3270,"Jersey & 6th St",40.72528910781132,-74.04557168483734,29606,"Subscriber",1988,1
884,"2018-12-10 15:15:06.0640","2018-12-10 15:29:50.8630",3186,"Grove St PATH",40.71958611647166,-74.04311746358871,3269,"Brunswick & 6th",40.72601172964625,-74.05038893222809,29682,"Subscriber",1971,2
207,"2018-12-10 15:16:05.8960","2018-12-10 15:19:33.0580",3186,"Grove St PATH",40.71958611647166,-74.04311746358871,3187,"Warren St",40.7211236,-74.03805095,29531,"Subscriber",1996,1
247,"2018-12-10 15:23:47.7160","2018-12-10 15:27:55.6870",3186,"Grove St PATH",40.71958611647166,-74.04311746358871,3183,"Exchange Place",40.7162469,-74.0334588,29640,"Subscriber",1958,1
247,"2018-12-10 15:39:30.3070","2018-12-10 15:43:37.5130",3186,"Grove St PATH",40.71958611647166,-74.04311746358871,3209,"Brunswick St",40.7241765,-74.0506564,29641,"Subscriber",1981,2
130,"2018-12-10 15:45:41.1870","2018-12-10 15:47:51.6120",3186,"Grove St PATH",40.71958611647166,-74.04311746358871,3279,"Dixon Mills",40.721630142638354,-74.04996782541275,29286,"Subscriber",1970,1
164,"2018-12-10 16:01:58.5510","2018-12-10 16:04:43.3120",3186,"Grove St PATH",40.71958611647166,-74.04311746358871,3279,"Dixon Mills",40.721630142638354,-74.04996782541275,26309,"Subscriber",1988,2
1799,"2018-12-10 16:10:04.3550","2018-12-10 16:40:03.6520",3186,"Grove St PATH",40.71958611647166,-74.04311746358871,3483,"Montgomery St",40.71942,-74.05099,26221,"Subscriber",1977,2
215,"2018-12-10 16:41:30.9990","2018-12-10 16:45:06.4070",3186,"Grove St PATH",40.71958611647166,-74.04311746358871,3209,"Brunswick St",40.7241765,-74.0506564,29677,"Subscriber",1980,1
379,"2018-12-10 16:41:59.6790","2018-12-10 16:48:19.3990",3186,"Grove St PATH",40.71958611647166,-74.04311746358871,3267,"Morris Canal",40.7124188237569,-74.03852552175522,29307,"Subscriber",1961,1
228,"2018-12-10 16:53:19.4940","2018-12-10 16:57:07.9530",3186,"Grove St PATH",40.71958611647166,-74.04311746358871,3203,"Hamilton Park",40.727595966,-74.044247311,26208,"Subscriber",1971,1
261,"2018-12-10 16:54:57.7790","2018-12-10 16:59:19.7140",3186,"Grove St PATH",40.71958611647166,-74.04311746358871,3276,"Marin Light Rail",40.71458403535893,-74.04281705617905,29285,"Subscriber",1979,2
225,"2018-12-10 16:59:04.5630","2018-12-10 17:02:49.9000",3186,"Grove St PATH",40.71958611647166,-74.04311746358871,3483,"Montgomery St",40.71942,-74.05099,26187,"Subscriber",1966,1
182,"2018-12-10 17:03:13.0150","2018-12-10 17:06:15.7730",3186,"Grove St PATH",40.71958611647166,-74.04311746358871,3279,"Dixon Mills",40.721630142638354,-74.04996782541275,29204,"Subscriber",1986,1
263,"2018-12-10 17:04:43.8310","2018-12-10 17:09:07.4280",3186,"Grove St PATH",40.71958611647166,-74.04311746358871,3203,"Hamilton Park",40.727595966,-74.044247311,29231,"Subscriber",1991,2
163,"2018-12-10 17:09:18.9150","2018-12-10 17:12:02.7370",3186,"Grove St PATH",40.71958611647166,-74.04311746358871,3211,"Newark Ave",40.72152515,-74.046304543,29546,"Subscriber",1986,1
296,"2018-12-10 17:10:05.9140","2018-12-10 17:15:02.3010",3186,"Grove St PATH",40.71958611647166,-74.04311746358871,3278,"Monmouth and 6th",40.72568548362901,-74.04879033565521,29663,"Subscriber",1988,1
218,"2018-12-10 17:12:23.2760","2018-12-10 17:16:01.2800",3186,"Grove St PATH",40.71958611647166,-74.04311746358871,3276,"Marin Light Rail",40.71458403535893,-74.04281705617905,29210,"Subscriber",1989,1
355,"2018-12-10 17:14:16.8120","2018-12-10 17:20:12.0200",3186,"Grove St PATH",40.71958611647166,-74.04311746358871,3483,"Montgomery St",40.71942,-74.05099,29212,"Subscriber",1988,1
133,"2018-12-10 17:19:58.9000","2018-12-10 17:22:12.4640",3186,"Grove St PATH",40.71958611647166,-74.04311746358871,3272,"Jersey & 3rd",40.72333158646436,-74.04595255851744,29450,"Subscriber",1991,1
161,"2018-12-10 17:22:41.4600","2018-12-10 17:25:22.5550",3186,"Grove St PATH",40.71958611647166,-74.04311746358871,3279,"Dixon Mills",40.721630142638354,-74.04996782541275,29267,"Subscriber",1982,1
493,"2018-12-10 17:28:10.3440","2018-12-10 17:36:24.0810",3186,"Grove St PATH",40.71958611647166,-74.04311746358871,3192,"Liberty Light Rail",40.7112423,-74.0557013,26271,"Subscriber",1969,1
794,"2018-12-10 17:28:17.7230","2018-12-10 17:41:32.1540",3186,"Grove St PATH",40.71958611647166,-74.04311746358871,3270,"Jersey & 6th St",40.72528910781132,-74.04557168483734,29523,"Subscriber",1985,1
280,"2018-12-10 17:31:37.4670","2018-12-10 17:36:17.4810",3186,"Grove St PATH",40.71958611647166,-74.04311746358871,3209,"Brunswick St",40.7241765,-74.0506564,29544,"Subscriber",1990,1
258,"2018-12-10 17:32:29.0590","2018-12-10 17:36:47.3530",3186,"Grove St PATH",40.71958611647166,-74.04311746358871,3209,"Brunswick St",40.7241765,-74.0506564,26234,"Subscriber",1977,2
261,"2018-12-10 17:34:14.9230","2018-12-10 17:38:36.1630",3186,"Grove St PATH",40.71958611647166,-74.04311746358871,3269,"Brunswick & 6th",40.72601172964625,-74.05038893222809,26190,"Subscriber",1979,1
597,"2018-12-10 17:36:47.7020","2018-12-10 17:46:44.8760",3186,"Grove St PATH",40.71958611647166,-74.04311746358871,3192,"Liberty Light Rail",40.7112423,-74.0557013,29596,"Subscriber",1983,1
321,"2018-12-10 17:38:27.9950","2018-12-10 17:43:49.9290",3186,"Grove St PATH",40.71958611647166,-74.04311746358871,3203,"Hamilton Park",40.727595966,-74.044247311,26172,"Subscriber",1979,1
288,"2018-12-10 17:38:42.1270","2018-12-10 17:43:30.1460",3186,"Grove St PATH",40.71958611647166,-74.04311746358871,3278,"Monmouth and 6th",40.72568548362901,-74.04879033565521,26204,"Subscriber",1983,2
304,"2018-12-10 17:40:25.1260","2018-12-10 17:45:29.5110",3186,"Grove St PATH",40.71958611647166,-74.04311746358871,3205,"JC Medical Center",40.71653978099194,-74.0496379137039,26157,"Subscriber",1992,1
791,"2018-12-10 17:42:22.4960","2018-12-10 17:55:34.1910",3186,"Grove St PATH",40.71958611647166,-74.04311746358871,3270,"Jersey & 6th St",40.72528910781132,-74.04557168483734,29500,"Subscriber",1976,1
231,"2018-12-10 17:42:18.2170","2018-12-10 17:46:09.4430",3186,"Grove St PATH",40.71958611647166,-74.04311746358871,3279,"Dixon Mills",40.721630142638354,-74.04996782541275,26260,"Subscriber",1989,1
301,"2018-12-10 17:43:30.0680","2018-12-10 17:48:31.5660",3186,"Grove St PATH",40.71958611647166,-74.04311746358871,3267,"Morris Canal",40.7124188237569,-74.03852552175522,26262,"Subscriber",1975,1
336,"2018-12-10 17:44:53.7610","2018-12-10 17:50:30.4380",3186,"Grove St PATH",40.71958611647166,-74.04311746358871,3278,"Monmouth and 6th",40.72568548362901,-74.04879033565521,29460,"Subscriber",1981,2
133,"2018-12-10 17:45:28.2050","2018-12-10 17:47:42.0370",3186,"Grove St PATH",40.71958611647166,-74.04311746358871,3272,"Jersey & 3rd",40.72333158646436,-74.04595255851744,29262,"Subscriber",1983,1
223,"2018-12-10 17:46:08.0360","2018-12-10 17:49:51.0890",3186,"Grove St PATH",40.71958611647166,-74.04311746358871,3269,"Brunswick & 6th",40.72601172964625,-74.05038893222809,26295,"Subscriber",1992,1
221,"2018-12-10 17:49:43.5830","2018-12-10 17:53:24.9460",3186,"Grove St PATH",40.71958611647166,-74.04311746358871,3209,"Brunswick St",40.7241765,-74.0506564,29587,"Subscriber",1978,2
337,"2018-12-10 17:50:06.1480","2018-12-10 17:55:43.6630",3186,"Grove St PATH",40.71958611647166,-74.04311746358871,3205,"JC Medical Center",40.71653978099194,-74.0496379137039,29225,"Subscriber",1989,1
245,"2018-12-10 17:55:22.7200","2018-12-10 17:59:28.2160",3186,"Grove St PATH",40.71958611647166,-74.04311746358871,3269,"Brunswick & 6th",40.72601172964625,-74.05038893222809,29682,"Subscriber",1980,1
246,"2018-12-10 17:58:08.5590","2018-12-10 18:02:15.2170",3186,"Grove St PATH",40.71958611647166,-74.04311746358871,3203,"Hamilton Park",40.727595966,-74.044247311,26275,"Subscriber",1988,1
267,"2018-12-10 17:58:14.0910","2018-12-10 18:02:41.6860",3186,"Grove St PATH",40.71958611647166,-74.04311746358871,3203,"Hamilton Park",40.727595966,-74.044247311,29200,"Subscriber",1972,1
268,"2018-12-10 17:58:26.8330","2018-12-10 18:02:55.1220",3186,"Grove St PATH",40.71958611647166,-74.04311746358871,3203,"Hamilton Park",40.727595966,-74.044247311,29247,"Subscriber",1985,1
208,"2018-12-10 17:58:33.5710","2018-12-10 18:02:01.9840",3186,"Grove St PATH",40.71958611647166,-74.04311746358871,3203,"Hamilton Park",40.727595966,-74.044247311,29678,"Subscriber",1979,1
385,"2018-12-10 18:01:41.5730","2018-12-10 18:08:07.2140",3186,"Grove St PATH",40.71958611647166,-74.04311746358871,3638,"Washington St",40.7242941,-74.0354826,29578,"Subscriber",1989,1
247,"2018-12-10 18:02:03.3840","2018-12-10 18:06:11.1410",3186,"Grove St PATH",40.71958611647166,-74.04311746358871,3278,"Monmouth and 6th",40.72568548362901,-74.04879033565521,26268,"Subscriber",1983,2
201,"2018-12-10 18:02:33.4080","2018-12-10 18:05:55.3910",3186,"Grove St PATH",40.71958611647166,-74.04311746358871,3213,"Van Vorst Park",40.71848892,-74.047726625,29551,"Subscriber",1988,1
246,"2018-12-10 18:04:02.3810","2018-12-10 18:08:08.8590",3186,"Grove St PATH",40.71958611647166,-74.04311746358871,3639,"Harborside",40.7192517,-74.034234,29267,"Subscriber",1984,1
600,"2018-12-10 18:05:04.7460","2018-12-10 18:15:05.2220",3186,"Grove St PATH",40.71958611647166,-74.04311746358871,3192,"Liberty Light Rail",40.7112423,-74.0557013,29573,"Subscriber",1990,1
235,"2018-12-10 18:08:26.0210","2018-12-10 18:12:21.7020",3186,"Grove St PATH",40.71958611647166,-74.04311746358871,3278,"Monmouth and 6th",40.72568548362901,-74.04879033565521,29639,"Subscriber",1980,1
551,"2018-12-10 18:10:34.0450","2018-12-10 18:19:45.5700",3186,"Grove St PATH",40.71958611647166,-74.04311746358871,3192,"Liberty Light Rail",40.7112423,-74.0557013,29662,"Subscriber",1985,1
348,"2018-12-10 18:13:05.9090","2018-12-10 18:18:54.1790",3186,"Grove St PATH",40.71958611647166,-74.04311746358871,3278,"Monmouth and 6th",40.72568548362901,-74.04879033565521,29517,"Subscriber",1984,1
291,"2018-12-10 18:14:12.4880","2018-12-10 18:19:03.8860",3186,"Grove St PATH",40.71958611647166,-74.04311746358871,3269,"Brunswick & 6th",40.72601172964625,-74.05038893222809,29484,"Subscriber",1978,1
299,"2018-12-10 18:15:27.2550","2018-12-10 18:20:26.5430",3186,"Grove St PATH",40.71958611647166,-74.04311746358871,3269,"Brunswick & 6th",40.72601172964625,-74.05038893222809,29655,"Subscriber",1982,2
222,"2018-12-10 18:15:58.4960","2018-12-10 18:19:40.5760",3186,"Grove St PATH",40.71958611647166,-74.04311746358871,3203,"Hamilton Park",40.727595966,-74.044247311,29244,"Subscriber",1985,1
328,"2018-12-10 18:20:54.5030","2018-12-10 18:26:22.7770",3186,"Grove St PATH",40.71958611647166,-74.04311746358871,3269,"Brunswick & 6th",40.72601172964625,-74.05038893222809,26299,"Subscriber",1989,1
196,"2018-12-10 18:21:42.9610","2018-12-10 18:24:59.4170",3186,"Grove St PATH",40.71958611647166,-74.04311746358871,3279,"Dixon Mills",40.721630142638354,-74.04996782541275,26187,"Subscriber",1986,1
222,"2018-12-10 18:21:44.7590","2018-12-10 18:25:27.1140",3186,"Grove St PATH",40.71958611647166,-74.04311746358871,3205,"JC Medical Center",40.71653978099194,-74.0496379137039,29551,"Subscriber",1969,0
202,"2018-12-10 18:22:02.3820","2018-12-10 18:25:25.3170",3186,"Grove St PATH",40.71958611647166,-74.04311746358871,3272,"Jersey & 3rd",40.72333158646436,-74.04595255851744,29503,"Subscriber",1956,2
171,"2018-12-10 18:23:13.0040","2018-12-10 18:26:04.6780",3186,"Grove St PATH",40.71958611647166,-74.04311746358871,3279,"Dixon Mills",40.721630142638354,-74.04996782541275,26206,"Subscriber",1981,1
757,"2018-12-10 18:25:09.1280","2018-12-10 18:37:46.3140",3186,"Grove St PATH",40.71958611647166,-74.04311746358871,3270,"Jersey & 6th St",40.72528910781132,-74.04557168483734,29295,"Subscriber",1959,1
250,"2018-12-10 18:25:10.5400","2018-12-10 18:29:21.3660",3186,"Grove St PATH",40.71958611647166,-74.04311746358871,3269,"Brunswick & 6th",40.72601172964625,-74.05038893222809,29635,"Subscriber",1993,1
224,"2018-12-10 18:25:32.3670","2018-12-10 18:29:16.8310",3186,"Grove St PATH",40.71958611647166,-74.04311746358871,3278,"Monmouth and 6th",40.72568548362901,-74.04879033565521,29628,"Subscriber",1977,1
180,"2018-12-10 18:28:15.1550","2018-12-10 18:31:15.5750",3186,"Grove St PATH",40.71958611647166,-74.04311746358871,3213,"Van Vorst Park",40.71848892,-74.047726625,29516,"Subscriber",1975,2
184,"2018-12-10 18:29:59.6060","2018-12-10 18:33:04.2940",3186,"Grove St PATH",40.71958611647166,-74.04311746358871,3279,"Dixon Mills",40.721630142638354,-74.04996782541275,29612,"Subscriber",1973,1
168,"2018-12-10 18:38:24.9010","2018-12-10 18:41:13.3880",3186,"Grove St PATH",40.71958611647166,-74.04311746358871,3276,"Marin Light Rail",40.71458403535893,-74.04281705617905,29623,"Subscriber",1989,1
268,"2018-12-10 18:39:01.6240","2018-12-10 18:43:30.1380",3186,"Grove St PATH",40.71958611647166,-74.04311746358871,3681,"Grand St",40.71517767732029,-74.03768330812454,29301,"Subscriber",1984,1
301,"2018-12-10 18:39:00.2620","2018-12-10 18:44:01.7610",3186,"Grove St PATH",40.71958611647166,-74.04311746358871,3205,"JC Medical Center",40.71653978099194,-74.0496379137039,26316,"Subscriber",1975,1
139,"2018-12-10 18:39:48.3550","2018-12-10 18:42:07.8090",3186,"Grove St PATH",40.71958611647166,-74.04311746358871,3272,"Jersey & 3rd",40.72333158646436,-74.04595255851744,29444,"Subscriber",1977,1
364,"2018-12-10 18:39:56.9150","2018-12-10 18:46:01.8360",3186,"Grove St PATH",40.71958611647166,-74.04311746358871,3209,"Brunswick St",40.7241765,-74.0506564,29491,"Subscriber",1979,2
190,"2018-12-10 18:39:56.7450","2018-12-10 18:43:07.3070",3186,"Grove St PATH",40.71958611647166,-74.04311746358871,3213,"Van Vorst Park",40.71848892,-74.047726625,29583,"Subscriber",1987,1
249,"2018-12-10 18:41:02.4430","2018-12-10 18:45:11.7350",3186,"Grove St PATH",40.71958611647166,-74.04311746358871,3276,"Marin Light Rail",40.71458403535893,-74.04281705617905,29483,"Subscriber",1989,2
225,"2018-12-10 18:42:02.0620","2018-12-10 18:45:47.6210",3186,"Grove St PATH",40.71958611647166,-74.04311746358871,3205,"JC Medical Center",40.71653978099194,-74.0496379137039,29201,"Subscriber",1992,1
136,"2018-12-10 18:42:46.0200","2018-12-10 18:45:02.8500",3186,"Grove St PATH",40.71958611647166,-74.04311746358871,3213,"Van Vorst Park",40.71848892,-74.047726625,26248,"Subscriber",1970,1
264,"2018-12-10 18:43:54.8680","2018-12-10 18:48:19.3430",3186,"Grove St PATH",40.71958611647166,-74.04311746358871,3276,"Marin Light Rail",40.71458403535893,-74.04281705617905,29473,"Subscriber",1979,1
139,"2018-12-10 18:49:44.5870","2018-12-10 18:52:04.0280",3186,"Grove St PATH",40.71958611647166,-74.04311746358871,3272,"Jersey & 3rd",40.72333158646436,-74.04595255851744,29623,"Subscriber",1993,1
277,"2018-12-10 18:50:24.5330","2018-12-10 18:55:01.7730",3186,"Grove St PATH",40.71958611647166,-74.04311746358871,3203,"Hamilton Park",40.727595966,-74.044247311,26173,"Subscriber",1977,1
604,"2018-12-10 18:51:02.8080","2018-12-10 19:01:06.9040",3186,"Grove St PATH",40.71958611647166,-74.04311746358871,3192,"Liberty Light Rail",40.7112423,-74.0557013,26160,"Subscriber",1978,1
295,"2018-12-10 18:51:27.7560","2018-12-10 18:56:22.8840",3186,"Grove St PATH",40.71958611647166,-74.04311746358871,3203,"Hamilton Park",40.727595966,-74.044247311,26299,"Subscriber",1973,1
145,"2018-12-10 18:51:36.0970","2018-12-10 18:54:01.9000",3186,"Grove St PATH",40.71958611647166,-74.04311746358871,3272,"Jersey & 3rd",40.72333158646436,-74.04595255851744,29635,"Subscriber",1988,2
234,"2018-12-10 18:51:51.7370","2018-12-10 18:55:46.5720",3186,"Grove St PATH",40.71958611647166,-74.04311746358871,3276,"Marin Light Rail",40.71458403535893,-74.04281705617905,29437,"Subscriber",1989,1
344,"2018-12-10 18:52:13.5350","2018-12-10 18:57:58.0820",3186,"Grove St PATH",40.71958611647166,-74.04311746358871,3278,"Monmouth and 6th",40.72568548362901,-74.04879033565521,29275,"Subscriber",1978,1
458,"2018-12-10 18:54:55.8260","2018-12-10 19:02:34.5920",3186,"Grove St PATH",40.71958611647166,-74.04311746358871,3483,"Montgomery St",40.71942,-74.05099,29460,"Subscriber",1973,1
189,"2018-12-10 18:54:56.1380","2018-12-10 18:58:05.5750",3186,"Grove St PATH",40.71958611647166,-74.04311746358871,3272,"Jersey & 3rd",40.72333158646436,-74.04595255851744,26204,"Subscriber",1986,1
187,"2018-12-10 19:03:40.3990","2018-12-10 19:06:48.3840",3186,"Grove St PATH",40.71958611647166,-74.04311746358871,3272,"Jersey & 3rd",40.72333158646436,-74.04595255851744,29125,"Subscriber",1989,1
208,"2018-12-10 19:05:52.1420","2018-12-10 19:09:20.7210",3186,"Grove St PATH",40.71958611647166,-74.04311746358871,3203,"Hamilton Park",40.727595966,-74.044247311,29484,"Subscriber",1990,1
311,"2018-12-10 19:09:33.6240","2018-12-10 19:14:44.6360",3186,"Grove St PATH",40.71958611647166,-74.04311746358871,3203,"Hamilton Park",40.727595966,-74.044247311,29577,"Subscriber",1987,2
271,"2018-12-10 19:10:03.6220","2018-12-10 19:14:35.3970",3186,"Grove St PATH",40.71958611647166,-74.04311746358871,3269,"Brunswick & 6th",40.72601172964625,-74.05038893222809,29682,"Subscriber",1992,1
234,"2018-12-10 19:10:30.8460","2018-12-10 19:14:25.0380",3186,"Grove St PATH",40.71958611647166,-74.04311746358871,3203,"Hamilton Park",40.727595966,-74.044247311,26295,"Subscriber",1984,1
225,"2018-12-10 19:17:04.5390","2018-12-10 19:20:49.7680",3186,"Grove St PATH",40.71958611647166,-74.04311746358871,3483,"Montgomery St",40.71942,-74.05099,29663,"Subscriber",1985,1
168,"2018-12-10 19:17:16.2520","2018-12-10 19:20:04.4240",3186,"Grove St PATH",40.71958611647166,-74.04311746358871,3213,"Van Vorst Park",40.71848892,-74.047726625,29479,"Subscriber",1962,1
246,"2018-12-10 19:21:55.4540","2018-12-10 19:26:01.8730",3186,"Grove St PATH",40.71958611647166,-74.04311746358871,3213,"Van Vorst Park",40.71848892,-74.047726625,29628,"Subscriber",1964,1
211,"2018-12-10 19:23:45.5790","2018-12-10 19:27:16.8400",3186,"Grove St PATH",40.71958611647166,-74.04311746358871,3272,"Jersey & 3rd",40.72333158646436,-74.04595255851744,29572,"Subscriber",1991,1
309,"2018-12-10 19:26:06.2940","2018-12-10 19:31:15.6230",3186,"Grove St PATH",40.71958611647166,-74.04311746358871,3203,"Hamilton Park",40.727595966,-74.044247311,29553,"Subscriber",1980,2
288,"2018-12-10 19:32:03.3520","2018-12-10 19:36:52.0950",3186,"Grove St PATH",40.71958611647166,-74.04311746358871,3203,"Hamilton Park",40.727595966,-74.044247311,29527,"Subscriber",1983,1
276,"2018-12-10 19:37:52.9370","2018-12-10 19:42:29.0550",3186,"Grove St PATH",40.71958611647166,-74.04311746358871,3278,"Monmouth and 6th",40.72568548362901,-74.04879033565521,26294,"Subscriber",1984,2
186,"2018-12-10 19:40:35.4550","2018-12-10 19:43:41.7630",3186,"Grove St PATH",40.71958611647166,-74.04311746358871,3276,"Marin Light Rail",40.71458403535893,-74.04281705617905,26297,"Subscriber",1965,1
79,"2018-12-10 19:41:35.5370","2018-12-10 19:42:55.1330",3186,"Grove St PATH",40.71958611647166,-74.04311746358871,3186,"Grove St PATH",40.71958611647166,-74.04311746358871,29571,"Subscriber",1988,1
1262,"2018-12-10 19:43:34.6240","2018-12-10 20:04:37.1870",3186,"Grove St PATH",40.71958611647166,-74.04311746358871,3277,"Communipaw & Berry Lane",40.71435836870427,-74.06661093235016,26268,"Subscriber",1988,1
218,"2018-12-10 19:44:32.3370","2018-12-10 19:48:11.0760",3186,"Grove St PATH",40.71958611647166,-74.04311746358871,3276,"Marin Light Rail",40.71458403535893,-74.04281705617905,26293,"Subscriber",1980,1
179,"2018-12-10 19:45:11.0230","2018-12-10 19:48:10.2900",3186,"Grove St PATH",40.71958611647166,-74.04311746358871,3270,"Jersey & 6th St",40.72528910781132,-74.04557168483734,29465,"Subscriber",1968,1
273,"2018-12-10 20:00:24.0750","2018-12-10 20:04:57.2740",3186,"Grove St PATH",40.71958611647166,-74.04311746358871,3203,"Hamilton Park",40.727595966,-74.044247311,29597,"Subscriber",1990,2
269,"2018-12-10 20:05:10.0100","2018-12-10 20:09:39.8650",3186,"Grove St PATH",40.71958611647166,-74.04311746358871,3203,"Hamilton Park",40.727595966,-74.044247311,17260,"Subscriber",1979,1
165,"2018-12-10 20:05:35.1630","2018-12-10 20:08:20.7390",3186,"Grove St PATH",40.71958611647166,-74.04311746358871,3270,"Jersey & 6th St",40.72528910781132,-74.04557168483734,29636,"Subscriber",1981,1
308,"2018-12-10 20:11:45.1370","2018-12-10 20:16:53.2230",3186,"Grove St PATH",40.71958611647166,-74.04311746358871,3203,"Hamilton Park",40.727595966,-74.044247311,26254,"Subscriber",1986,1
276,"2018-12-10 20:15:03.3650","2018-12-10 20:19:39.4150",3186,"Grove St PATH",40.71958611647166,-74.04311746358871,3278,"Monmouth and 6th",40.72568548362901,-74.04879033565521,26261,"Subscriber",1982,1
575,"2018-12-10 20:17:33.9750","2018-12-10 20:27:09.6390",3186,"Grove St PATH",40.71958611647166,-74.04311746358871,3192,"Liberty Light Rail",40.7112423,-74.0557013,29252,"Subscriber",1988,1
321,"2018-12-10 20:38:08.7110","2018-12-10 20:43:30.5180",3186,"Grove St PATH",40.71958611647166,-74.04311746358871,3203,"Hamilton Park",40.727595966,-74.044247311,26266,"Subscriber",1968,1
175,"2018-12-10 20:41:19.6220","2018-12-10 20:44:15.5590",3186,"Grove St PATH",40.71958611647166,-74.04311746358871,3279,"Dixon Mills",40.721630142638354,-74.04996782541275,29458,"Subscriber",1949,1
163,"2018-12-10 20:45:21.3840","2018-12-10 20:48:04.7140",3186,"Grove St PATH",40.71958611647166,-74.04311746358871,3276,"Marin Light Rail",40.71458403535893,-74.04281705617905,26179,"Subscriber",1986,1
246,"2018-12-10 20:50:30.9160","2018-12-10 20:54:37.1060",3186,"Grove St PATH",40.71958611647166,-74.04311746358871,3203,"Hamilton Park",40.727595966,-74.044247311,29292,"Subscriber",1969,1
178,"2018-12-10 20:56:58.5460","2018-12-10 20:59:56.6140",3186,"Grove St PATH",40.71958611647166,-74.04311746358871,3209,"Brunswick St",40.7241765,-74.0506564,29602,"Subscriber",1975,1
285,"2018-12-10 20:57:26.1660","2018-12-10 21:02:11.6580",3186,"Grove St PATH",40.71958611647166,-74.04311746358871,3278,"Monmouth and 6th",40.72568548362901,-74.04879033565521,26215,"Subscriber",1994,1
317,"2018-12-10 20:59:08.9480","2018-12-10 21:04:26.1010",3186,"Grove St PATH",40.71958611647166,-74.04311746358871,3681,"Grand St",40.71517767732029,-74.03768330812454,29601,"Subscriber",1979,1
290,"2018-12-10 21:02:12.5260","2018-12-10 21:07:02.7060",3186,"Grove St PATH",40.71958611647166,-74.04311746358871,3203,"Hamilton Park",40.727595966,-74.044247311,26282,"Subscriber",1970,2
264,"2018-12-10 21:03:29.1410","2018-12-10 21:07:53.4700",3186,"Grove St PATH",40.71958611647166,-74.04311746358871,3209,"Brunswick St",40.7241765,-74.0506564,29629,"Subscriber",1986,1
213,"2018-12-10 21:05:32.7160","2018-12-10 21:09:06.6430",3186,"Grove St PATH",40.71958611647166,-74.04311746358871,3278,"Monmouth and 6th",40.72568548362901,-74.04879033565521,29497,"Subscriber",1980,2
330,"2018-12-10 21:07:14.5440","2018-12-10 21:12:45.3280",3186,"Grove St PATH",40.71958611647166,-74.04311746358871,3269,"Brunswick & 6th",40.72601172964625,-74.05038893222809,26216,"Subscriber",1980,1
407,"2018-12-10 21:08:07.8570","2018-12-10 21:14:55.0080",3186,"Grove St PATH",40.71958611647166,-74.04311746358871,3202,"Newport PATH",40.7272235,-74.0337589,29472,"Subscriber",1982,2
385,"2018-12-10 21:08:22.4400","2018-12-10 21:14:48.0110",3186,"Grove St PATH",40.71958611647166,-74.04311746358871,3202,"Newport PATH",40.7272235,-74.0337589,29434,"Subscriber",1970,1
447,"2018-12-10 21:08:29.2850","2018-12-10 21:15:56.8080",3186,"Grove St PATH",40.71958611647166,-74.04311746358871,3203,"Hamilton Park",40.727595966,-74.044247311,29671,"Subscriber",1984,2
312,"2018-12-10 21:11:22.2240","2018-12-10 21:16:35.1650",3186,"Grove St PATH",40.71958611647166,-74.04311746358871,3269,"Brunswick & 6th",40.72601172964625,-74.05038893222809,29581,"Subscriber",1985,1
175,"2018-12-10 21:14:10.1400","2018-12-10 21:17:05.1560",3186,"Grove St PATH",40.71958611647166,-74.04311746358871,3272,"Jersey & 3rd",40.72333158646436,-74.04595255851744,26205,"Subscriber",1989,2
167,"2018-12-10 22:40:00.1920","2018-12-10 22:42:47.3270",3186,"Grove St PATH",40.71958611647166,-74.04311746358871,3279,"Dixon Mills",40.721630142638354,-74.04996782541275,29548,"Subscriber",1993,1
201,"2018-12-11 06:16:14.2050","2018-12-11 06:19:35.2340",3186,"Grove St PATH",40.71958611647166,-74.04311746358871,3639,"Harborside",40.7192517,-74.034234,26242,"Subscriber",1992,1
281,"2018-12-11 07:00:50.3210","2018-12-11 07:05:31.6770",3186,"Grove St PATH",40.71958611647166,-74.04311746358871,3205,"JC Medical Center",40.71653978099194,-74.0496379137039,26173,"Subscriber",1956,1
257,"2018-12-11 07:18:03.8510","2018-12-11 07:22:21.3980",3186,"Grove St PATH",40.71958611647166,-74.04311746358871,3639,"Harborside",40.7192517,-74.034234,29602,"Subscriber",1969,1
979,"2018-12-11 07:21:18.6810","2018-12-11 07:37:38.1750",3186,"Grove St PATH",40.71958611647166,-74.04311746358871,3184,"Paulus Hook",40.7141454,-74.0335519,26174,"Subscriber",1969,1
507,"2018-12-11 07:35:26.0530","2018-12-11 07:43:53.2950",3186,"Grove St PATH",40.71958611647166,-74.04311746358871,3202,"Newport PATH",40.7272235,-74.0337589,26204,"Subscriber",1967,1
484,"2018-12-11 08:06:28.6030","2018-12-11 08:14:32.8820",3186,"Grove St PATH",40.71958611647166,-74.04311746358871,3681,"Grand St",40.71517767732029,-74.03768330812454,29572,"Subscriber",1991,2
247,"2018-12-11 08:25:52.0530","2018-12-11 08:29:59.1380",3186,"Grove St PATH",40.71958611647166,-74.04311746358871,3183,"Exchange Place",40.7162469,-74.0334588,26216,"Subscriber",1993,1
76,"2018-12-11 08:33:40.2340","2018-12-11 08:34:57.0110",3186,"Grove St PATH",40.71958611647166,-74.04311746358871,3185,"City Hall",40.7177325,-74.043845,29582,"Subscriber",1970,1
134,"2018-12-11 08:39:05.7590","2018-12-11 08:41:20.7410",3186,"Grove St PATH",40.71958611647166,-74.04311746358871,3185,"City Hall",40.7177325,-74.043845,29623,"Subscriber",1970,1
288,"2018-12-11 08:45:29.5570","2018-12-11 08:50:18.0530",3186,"Grove St PATH",40.71958611647166,-74.04311746358871,3639,"Harborside",40.7192517,-74.034234,29210,"Subscriber",1969,1
121,"2018-12-11 08:46:13.9860","2018-12-11 08:48:15.8170",3186,"Grove St PATH",40.71958611647166,-74.04311746358871,3185,"City Hall",40.7177325,-74.043845,29636,"Subscriber",1970,1
201,"2018-12-11 09:12:31.0160","2018-12-11 09:15:52.8500",3186,"Grove St PATH",40.71958611647166,-74.04311746358871,3209,"Brunswick St",40.7241765,-74.0506564,26220,"Subscriber",1991,1
346,"2018-12-11 09:20:51.0780","2018-12-11 09:26:37.7810",3186,"Grove St PATH",40.71958611647166,-74.04311746358871,3203,"Hamilton Park",40.727595966,-74.044247311,29475,"Subscriber",1989,2
203,"2018-12-11 10:13:52.5780","2018-12-11 10:17:16.3180",3186,"Grove St PATH",40.71958611647166,-74.04311746358871,3205,"JC Medical Center",40.71653978099194,-74.0496379137039,26202,"Subscriber",1976,2
358,"2018-12-11 10:20:33.7540","2018-12-11 10:26:32.4450",3186,"Grove St PATH",40.71958611647166,-74.04311746358871,3209,"Brunswick St",40.7241765,-74.0506564,29285,"Subscriber",1979,2
346,"2018-12-11 10:37:06.9990","2018-12-11 10:42:53.1150",3186,"Grove St PATH",40.71958611647166,-74.04311746358871,3183,"Exchange Place",40.7162469,-74.0334588,29498,"Subscriber",1982,1
195,"2018-12-11 10:44:47.2790","2018-12-11 10:48:03.0660",3186,"Grove St PATH",40.71958611647166,-74.04311746358871,3270,"Jersey & 6th St",40.72528910781132,-74.04557168483734,26316,"Subscriber",1977,1
529,"2018-12-11 10:55:19.3100","2018-12-11 11:04:08.5080",3186,"Grove St PATH",40.71958611647166,-74.04311746358871,3277,"Communipaw & Berry Lane",40.71435836870427,-74.06661093235016,26208,"Subscriber",1975,1
276,"2018-12-11 13:13:00.4450","2018-12-11 13:17:36.7790",3186,"Grove St PATH",40.71958611647166,-74.04311746358871,3203,"Hamilton Park",40.727595966,-74.044247311,29604,"Subscriber",1973,1
133,"2018-12-11 13:16:24.9030","2018-12-11 13:18:38.3590",3186,"Grove St PATH",40.71958611647166,-74.04311746358871,3272,"Jersey & 3rd",40.72333158646436,-74.04595255851744,29606,"Subscriber",1994,1
432,"2018-12-11 14:27:34.6140","2018-12-11 14:34:47.5920",3186,"Grove St PATH",40.71958611647166,-74.04311746358871,3192,"Liberty Light Rail",40.7112423,-74.0557013,29611,"Subscriber",1992,1
161,"2018-12-11 14:39:44.8800","2018-12-11 14:42:26.6940",3186,"Grove St PATH",40.71958611647166,-74.04311746358871,3272,"Jersey & 3rd",40.72333158646436,-74.04595255851744,29484,"Subscriber",1952,1
1543,"2018-12-11 15:13:49.1210","2018-12-11 15:39:32.3960",3186,"Grove St PATH",40.71958611647166,-74.04311746358871,3203,"Hamilton Park",40.727595966,-74.044247311,29595,"Subscriber",1971,2
297,"2018-12-11 15:23:55.9030","2018-12-11 15:28:53.6390",3186,"Grove St PATH",40.71958611647166,-74.04311746358871,3183,"Exchange Place",40.7162469,-74.0334588,29207,"Subscriber",1958,1
217,"2018-12-11 15:46:30.8300","2018-12-11 15:50:08.1510",3186,"Grove St PATH",40.71958611647166,-74.04311746358871,3278,"Monmouth and 6th",40.72568548362901,-74.04879033565521,29244,"Subscriber",1985,1
563,"2018-12-11 16:01:23.8880","2018-12-11 16:10:47.8070",3186,"Grove St PATH",40.71958611647166,-74.04311746358871,3268,"Lafayette Park",40.71346382669195,-74.06285852193832,29241,"Subscriber",1998,1
229,"2018-12-11 16:12:58.9750","2018-12-11 16:16:48.6830",3186,"Grove St PATH",40.71958611647166,-74.04311746358871,3203,"Hamilton Park",40.727595966,-74.044247311,29473,"Subscriber",1973,1
203,"2018-12-11 16:13:13.4520","2018-12-11 16:16:36.6130",3186,"Grove St PATH",40.71958611647166,-74.04311746358871,3279,"Dixon Mills",40.721630142638354,-74.04996782541275,29444,"Subscriber",1977,2
893,"2018-12-11 16:17:08.0880","2018-12-11 16:32:01.2770",3186,"Grove St PATH",40.71958611647166,-74.04311746358871,3270,"Jersey & 6th St",40.72528910781132,-74.04557168483734,26248,"Subscriber",1985,1
325,"2018-12-11 16:17:55.7630","2018-12-11 16:23:20.8830",3186,"Grove St PATH",40.71958611647166,-74.04311746358871,3270,"Jersey & 6th St",40.72528910781132,-74.04557168483734,26302,"Subscriber",1960,1
201,"2018-12-11 16:22:34.8540","2018-12-11 16:25:56.5140",3186,"Grove St PATH",40.71958611647166,-74.04311746358871,3270,"Jersey & 6th St",40.72528910781132,-74.04557168483734,26215,"Subscriber",1967,1
295,"2018-12-11 16:27:11.4350","2018-12-11 16:32:06.6040",3186,"Grove St PATH",40.71958611647166,-74.04311746358871,3278,"Monmouth and 6th",40.72568548362901,-74.04879033565521,26205,"Subscriber",1981,2
261,"2018-12-11 16:27:55.9920","2018-12-11 16:32:17.4150",3186,"Grove St PATH",40.71958611647166,-74.04311746358871,3209,"Brunswick St",40.7241765,-74.0506564,26175,"Subscriber",1989,1
568,"2018-12-11 16:32:06.0820","2018-12-11 16:41:34.3490",3186,"Grove St PATH",40.71958611647166,-74.04311746358871,3192,"Liberty Light Rail",40.7112423,-74.0557013,29500,"Subscriber",1985,1
211,"2018-12-11 16:32:34.1570","2018-12-11 16:36:05.9960",3186,"Grove St PATH",40.71958611647166,-74.04311746358871,3279,"Dixon Mills",40.721630142638354,-74.04996782541275,29588,"Subscriber",1986,1
454,"2018-12-11 16:35:11.7870","2018-12-11 16:42:46.2110",3186,"Grove St PATH",40.71958611647166,-74.04311746358871,3183,"Exchange Place",40.7162469,-74.0334588,29491,"Subscriber",1959,1
125,"2018-12-11 16:36:39.8260","2018-12-11 16:38:44.8330",3186,"Grove St PATH",40.71958611647166,-74.04311746358871,3279,"Dixon Mills",40.721630142638354,-74.04996782541275,29207,"Subscriber",1982,1
214,"2018-12-11 16:38:50.1860","2018-12-11 16:42:25.1790",3186,"Grove St PATH",40.71958611647166,-74.04311746358871,3209,"Brunswick St",40.7241765,-74.0506564,29499,"Subscriber",1980,1
253,"2018-12-11 17:08:22.6450","2018-12-11 17:12:36.5270",3186,"Grove St PATH",40.71958611647166,-74.04311746358871,3209,"Brunswick St",40.7241765,-74.0506564,26203,"Subscriber",1965,1
255,"2018-12-11 17:11:05.5110","2018-12-11 17:15:21.3840",3186,"Grove St PATH",40.71958611647166,-74.04311746358871,3269,"Brunswick & 6th",40.72601172964625,-74.05038893222809,29244,"Subscriber",1980,1
328,"2018-12-11 17:11:34.4250","2018-12-11 17:17:02.4870",3186,"Grove St PATH",40.71958611647166,-74.04311746358871,3267,"Morris Canal",40.7124188237569,-74.03852552175522,26248,"Subscriber",1970,1
188,"2018-12-11 17:14:35.0060","2018-12-11 17:17:43.9760",3186,"Grove St PATH",40.71958611647166,-74.04311746358871,3272,"Jersey & 3rd",40.72333158646436,-74.04595255851744,29471,"Subscriber",1992,1
244,"2018-12-11 17:24:39.2290","2018-12-11 17:28:43.3650",3186,"Grove St PATH",40.71958611647166,-74.04311746358871,3209,"Brunswick St",40.7241765,-74.0506564,29663,"Subscriber",1991,1
129,"2018-12-11 17:34:00.7100","2018-12-11 17:36:10.2070",3186,"Grove St PATH",40.71958611647166,-74.04311746358871,3279,"Dixon Mills",40.721630142638354,-74.04996782541275,29554,"Subscriber",1982,1
321,"2018-12-11 17:34:11.1090","2018-12-11 17:39:32.8360",3186,"Grove St PATH",40.71958611647166,-74.04311746358871,3269,"Brunswick & 6th",40.72601172964625,-74.05038893222809,29546,"Subscriber",1989,1
232,"2018-12-11 17:35:13.5050","2018-12-11 17:39:05.7890",3186,"Grove St PATH",40.71958611647166,-74.04311746358871,3270,"Jersey & 6th St",40.72528910781132,-74.04557168483734,29443,"Subscriber",1976,1
305,"2018-12-11 17:35:30.2810","2018-12-11 17:40:35.3970",3186,"Grove St PATH",40.71958611647166,-74.04311746358871,3203,"Hamilton Park",40.727595966,-74.044247311,29292,"Subscriber",1985,1
734,"2018-12-11 17:35:31.6060","2018-12-11 17:47:46.3480",3186,"Grove St PATH",40.71958611647166,-74.04311746358871,3192,"Liberty Light Rail",40.7112423,-74.0557013,26260,"Subscriber",1969,1
193,"2018-12-11 17:42:47.4430","2018-12-11 17:46:01.1020",3186,"Grove St PATH",40.71958611647166,-74.04311746358871,3279,"Dixon Mills",40.721630142638354,-74.04996782541275,29489,"Subscriber",1989,1
606,"2018-12-11 17:43:00.3680","2018-12-11 17:53:07.1200",3186,"Grove St PATH",40.71958611647166,-74.04311746358871,3268,"Lafayette Park",40.71346382669195,-74.06285852193832,29294,"Subscriber",1989,1
127,"2018-12-11 17:45:16.8030","2018-12-11 17:47:24.7340",3186,"Grove St PATH",40.71958611647166,-74.04311746358871,3272,"Jersey & 3rd",40.72333158646436,-74.04595255851744,29266,"Subscriber",1977,1
337,"2018-12-11 17:46:30.8830","2018-12-11 17:52:07.9930",3186,"Grove St PATH",40.71958611647166,-74.04311746358871,3203,"Hamilton Park",40.727595966,-74.044247311,29300,"Customer",1981,1
251,"2018-12-11 17:46:46.7130","2018-12-11 17:50:58.4580",3186,"Grove St PATH",40.71958611647166,-74.04311746358871,3209,"Brunswick St",40.7241765,-74.0506564,29295,"Subscriber",1977,2
153,"2018-12-11 17:48:47.3850","2018-12-11 17:51:21.3730",3186,"Grove St PATH",40.71958611647166,-74.04311746358871,3276,"Marin Light Rail",40.71458403535893,-74.04281705617905,29541,"Subscriber",1986,1
1224,"2018-12-11 17:49:44.9560","2018-12-11 18:10:09.0340",3186,"Grove St PATH",40.71958611647166,-74.04311746358871,3277,"Communipaw & Berry Lane",40.71435836870427,-74.06661093235016,26242,"Subscriber",1988,1
261,"2018-12-11 17:50:03.2250","2018-12-11 17:54:24.5110",3186,"Grove St PATH",40.71958611647166,-74.04311746358871,3203,"Hamilton Park",40.727595966,-74.044247311,29497,"Subscriber",1979,1
290,"2018-12-11 17:50:15.6890","2018-12-11 17:55:05.9230",3186,"Grove St PATH",40.71958611647166,-74.04311746358871,3203,"Hamilton Park",40.727595966,-74.044247311,29678,"Subscriber",1990,2
276,"2018-12-11 17:50:47.8000","2018-12-11 17:55:24.0940",3186,"Grove St PATH",40.71958611647166,-74.04311746358871,3483,"Montgomery St",40.71942,-74.05099,29645,"Subscriber",1992,1
212,"2018-12-11 17:51:48.6040","2018-12-11 17:55:20.6530",3186,"Grove St PATH",40.71958611647166,-74.04311746358871,3203,"Hamilton Park",40.727595966,-74.044247311,29200,"Subscriber",1979,1
150,"2018-12-11 17:54:24.5960","2018-12-11 17:56:55.2300",3186,"Grove St PATH",40.71958611647166,-74.04311746358871,3279,"Dixon Mills",40.721630142638354,-74.04996782541275,26257,"Subscriber",1982,1
223,"2018-12-11 17:56:06.0720","2018-12-11 17:59:49.3730",3186,"Grove St PATH",40.71958611647166,-74.04311746358871,3209,"Brunswick St",40.7241765,-74.0506564,26261,"Subscriber",1978,2
716,"2018-12-11 17:56:45.5630","2018-12-11 18:08:41.7670",3186,"Grove St PATH",40.71958611647166,-74.04311746358871,3192,"Liberty Light Rail",40.7112423,-74.0557013,26293,"Subscriber",1983,1
263,"2018-12-11 17:56:47.4260","2018-12-11 18:01:10.8930",3186,"Grove St PATH",40.71958611647166,-74.04311746358871,3278,"Monmouth and 6th",40.72568548362901,-74.04879033565521,26283,"Subscriber",1982,2
184,"2018-12-11 17:58:27.5380","2018-12-11 18:01:32.3110",3186,"Grove St PATH",40.71958611647166,-74.04311746358871,3213,"Van Vorst Park",40.71848892,-74.047726625,26172,"Subscriber",1975,2
302,"2018-12-11 17:58:48.7880","2018-12-11 18:03:51.5570",3186,"Grove St PATH",40.71958611647166,-74.04311746358871,3205,"JC Medical Center",40.71653978099194,-74.0496379137039,29507,"Subscriber",1991,2
194,"2018-12-11 18:00:41.6230","2018-12-11 18:03:56.3630",3186,"Grove St PATH",40.71958611647166,-74.04311746358871,3270,"Jersey & 6th St",40.72528910781132,-74.04557168483734,29222,"Subscriber",1968,1
241,"2018-12-11 18:01:03.0150","2018-12-11 18:05:04.6980",3186,"Grove St PATH",40.71958611647166,-74.04311746358871,3278,"Monmouth and 6th",40.72568548362901,-74.04879033565521,29457,"Subscriber",1980,1
215,"2018-12-11 18:03:05.6080","2018-12-11 18:06:40.8070",3186,"Grove St PATH",40.71958611647166,-74.04311746358871,3278,"Monmouth and 6th",40.72568548362901,-74.04879033565521,26202,"Subscriber",1978,1
238,"2018-12-11 18:03:38.4030","2018-12-11 18:07:37.3310",3186,"Grove St PATH",40.71958611647166,-74.04311746358871,3276,"Marin Light Rail",40.71458403535893,-74.04281705617905,29660,"Subscriber",1989,1
221,"2018-12-11 18:04:02.6080","2018-12-11 18:07:43.9150",3186,"Grove St PATH",40.71958611647166,-74.04311746358871,3279,"Dixon Mills",40.721630142638354,-74.04996782541275,29257,"Subscriber",1976,1
714,"2018-12-11 18:06:44.7400","2018-12-11 18:18:39.6840",3186,"Grove St PATH",40.71958611647166,-74.04311746358871,3203,"Hamilton Park",40.727595966,-74.044247311,29589,"Subscriber",1988,1
224,"2018-12-11 18:08:16.1580","2018-12-11 18:12:00.2480",3186,"Grove St PATH",40.71958611647166,-74.04311746358871,3205,"JC Medical Center",40.71653978099194,-74.0496379137039,26275,"Subscriber",1969,0
1024,"2018-12-11 18:14:02.1170","2018-12-11 18:31:06.6980",3186,"Grove St PATH",40.71958611647166,-74.04311746358871,3269,"Brunswick & 6th",40.72601172964625,-74.05038893222809,26210,"Subscriber",1986,1
191,"2018-12-11 18:22:11.2360","2018-12-11 18:25:22.9500",3186,"Grove St PATH",40.71958611647166,-74.04311746358871,3187,"Warren St",40.7211236,-74.03805095,26244,"Subscriber",1989,1
273,"2018-12-11 18:30:38.2260","2018-12-11 18:35:12.0500",3186,"Grove St PATH",40.71958611647166,-74.04311746358871,3203,"Hamilton Park",40.727595966,-74.044247311,29455,"Subscriber",1972,1
310,"2018-12-11 18:32:28.1410","2018-12-11 18:37:38.8150",3186,"Grove St PATH",40.71958611647166,-74.04311746358871,3203,"Hamilton Park",40.727595966,-74.044247311,29608,"Subscriber",1973,1
210,"2018-12-11 18:32:47.5300","2018-12-11 18:36:17.8020",3186,"Grove St PATH",40.71958611647166,-74.04311746358871,3276,"Marin Light Rail",40.71458403535893,-74.04281705617905,26254,"Subscriber",1968,1
135,"2018-12-11 18:35:34.7220","2018-12-11 18:37:49.7590",3186,"Grove St PATH",40.71958611647166,-74.04311746358871,3213,"Van Vorst Park",40.71848892,-74.047726625,29640,"Subscriber",1971,1
308,"2018-12-11 18:35:38.6880","2018-12-11 18:40:46.7370",3186,"Grove St PATH",40.71958611647166,-74.04311746358871,3203,"Hamilton Park",40.727595966,-74.044247311,29272,"Subscriber",1992,1
237,"2018-12-11 18:35:43.6500","2018-12-11 18:39:40.7290",3186,"Grove St PATH",40.71958611647166,-74.04311746358871,3276,"Marin Light Rail",40.71458403535893,-74.04281705617905,29639,"Subscriber",1980,1
232,"2018-12-11 18:36:38.0290","2018-12-11 18:40:30.4100",3186,"Grove St PATH",40.71958611647166,-74.04311746358871,3205,"JC Medical Center",40.71653978099194,-74.0496379137039,26184,"Subscriber",1975,1
269,"2018-12-11 18:40:30.6470","2018-12-11 18:45:00.0870",3186,"Grove St PATH",40.71958611647166,-74.04311746358871,3278,"Monmouth and 6th",40.72568548362901,-74.04879033565521,29308,"Subscriber",1981,1
387,"2018-12-11 18:43:24.5780","2018-12-11 18:49:52.3280",3186,"Grove St PATH",40.71958611647166,-74.04311746358871,3681,"Grand St",40.71517767732029,-74.03768330812454,29503,"Subscriber",1985,2
319,"2018-12-11 18:44:13.4030","2018-12-11 18:49:32.5210",3186,"Grove St PATH",40.71958611647166,-74.04311746358871,3681,"Grand St",40.71517767732029,-74.03768330812454,29458,"Subscriber",1984,1
369,"2018-12-11 18:44:38.9140","2018-12-11 18:50:48.0200",3186,"Grove St PATH",40.71958611647166,-74.04311746358871,3203,"Hamilton Park",40.727595966,-74.044247311,29123,"Subscriber",1985,2
763,"2018-12-11 18:45:49.3610","2018-12-11 18:58:32.7150",3186,"Grove St PATH",40.71958611647166,-74.04311746358871,3192,"Liberty Light Rail",40.7112423,-74.0557013,29468,"Subscriber",1990,1
388,"2018-12-11 18:46:39.5530","2018-12-11 18:53:08.2480",3186,"Grove St PATH",40.71958611647166,-74.04311746358871,3270,"Jersey & 6th St",40.72528910781132,-74.04557168483734,29207,"Subscriber",1956,1
231,"2018-12-11 19:20:39.9150","2018-12-11 19:24:31.5600",3186,"Grove St PATH",40.71958611647166,-74.04311746358871,3278,"Monmouth and 6th",40.72568548362901,-74.04879033565521,29608,"Subscriber",1978,1
227,"2018-12-11 19:20:57.1700","2018-12-11 19:24:44.8590",3186,"Grove St PATH",40.71958611647166,-74.04311746358871,3203,"Hamilton Park",40.727595966,-74.044247311,29471,"Subscriber",1984,1
187,"2018-12-11 19:21:18.6520","2018-12-11 19:24:25.7370",3186,"Grove St PATH",40.71958611647166,-74.04311746358871,3278,"Monmouth and 6th",40.72568548362901,-74.04879033565521,29246,"Subscriber",1993,1
245,"2018-12-11 19:21:23.9990","2018-12-11 19:25:29.6400",3186,"Grove St PATH",40.71958611647166,-74.04311746358871,3205,"JC Medical Center",40.71653978099194,-74.0496379137039,29652,"Subscriber",1977,1
220,"2018-12-11 19:21:55.1060","2018-12-11 19:25:35.4630",3186,"Grove St PATH",40.71958611647166,-74.04311746358871,3270,"Jersey & 6th St",40.72528910781132,-74.04557168483734,29244,"Subscriber",1959,1
297,"2018-12-11 19:23:44.7820","2018-12-11 19:28:41.7950",3186,"Grove St PATH",40.71958611647166,-74.04311746358871,3279,"Dixon Mills",40.721630142638354,-74.04996782541275,29581,"Subscriber",1986,1
161,"2018-12-11 19:25:42.8040","2018-12-11 19:28:24.5430",3186,"Grove St PATH",40.71958611647166,-74.04311746358871,3213,"Van Vorst Park",40.71848892,-74.047726625,26210,"Subscriber",1970,1
267,"2018-12-11 19:29:27.4340","2018-12-11 19:33:55.0480",3186,"Grove St PATH",40.71958611647166,-74.04311746358871,3203,"Hamilton Park",40.727595966,-74.044247311,29657,"Subscriber",1985,2
128,"2018-12-11 19:33:36.9410","2018-12-11 19:35:44.9430",3186,"Grove St PATH",40.71958611647166,-74.04311746358871,3272,"Jersey & 3rd",40.72333158646436,-74.04595255851744,26219,"Subscriber",1993,1
260,"2018-12-11 19:39:44.6120","2018-12-11 19:44:04.7670",3186,"Grove St PATH",40.71958611647166,-74.04311746358871,3270,"Jersey & 6th St",40.72528910781132,-74.04557168483734,26157,"Subscriber",1981,1
302,"2018-12-11 19:39:50.1010","2018-12-11 19:44:52.2450",3186,"Grove St PATH",40.71958611647166,-74.04311746358871,3203,"Hamilton Park",40.727595966,-74.044247311,29292,"Subscriber",1988,1
191,"2018-12-11 19:41:22.8710","2018-12-11 19:44:34.6380",3186,"Grove St PATH",40.71958611647166,-74.04311746358871,3276,"Marin Light Rail",40.71458403535893,-74.04281705617905,33744,"Subscriber",1986,1
278,"2018-12-11 19:51:46.9410","2018-12-11 19:56:25.4890",3186,"Grove St PATH",40.71958611647166,-74.04311746358871,3203,"Hamilton Park",40.727595966,-74.044247311,29198,"Subscriber",1973,1
196,"2018-12-11 19:52:13.5140","2018-12-11 19:55:29.9680",3186,"Grove St PATH",40.71958611647166,-74.04311746358871,3272,"Jersey & 3rd",40.72333158646436,-74.04595255851744,29546,"Subscriber",1970,1
194,"2018-12-11 19:55:09.2390","2018-12-11 19:58:23.7150",3186,"Grove St PATH",40.71958611647166,-74.04311746358871,3270,"Jersey & 6th St",40.72528910781132,-74.04557168483734,26206,"Subscriber",1973,1
235,"2018-12-11 20:07:12.2000","2018-12-11 20:11:07.4910",3186,"Grove St PATH",40.71958611647166,-74.04311746358871,3270,"Jersey & 6th St",40.72528910781132,-74.04557168483734,29252,"Subscriber",1996,2
901,"2018-12-11 20:14:03.8620","2018-12-11 20:29:04.8660",3186,"Grove St PATH",40.71958611647166,-74.04311746358871,3268,"Lafayette Park",40.71346382669195,-74.06285852193832,29439,"Subscriber",1978,1
171,"2018-12-11 20:17:37.0860","2018-12-11 20:20:28.9000",3186,"Grove St PATH",40.71958611647166,-74.04311746358871,3279,"Dixon Mills",40.721630142638354,-74.04996782541275,29268,"Subscriber",1975,1
253,"2018-12-11 20:34:39.9640","2018-12-11 20:38:53.6910",3186,"Grove St PATH",40.71958611647166,-74.04311746358871,3279,"Dixon Mills",40.721630142638354,-74.04996782541275,26208,"Subscriber",1973,2
273,"2018-12-11 20:35:27.3470","2018-12-11 20:40:01.3290",3186,"Grove St PATH",40.71958611647166,-74.04311746358871,3203,"Hamilton Park",40.727595966,-74.044247311,29531,"Subscriber",1984,1
322,"2018-12-11 20:38:15.2790","2018-12-11 20:43:38.1240",3186,"Grove St PATH",40.71958611647166,-74.04311746358871,3269,"Brunswick & 6th",40.72601172964625,-74.05038893222809,29502,"Subscriber",1987,2
245,"2018-12-11 20:43:57.6350","2018-12-11 20:48:02.6610",3186,"Grove St PATH",40.71958611647166,-74.04311746358871,3279,"Dixon Mills",40.721630142638354,-74.04996782541275,29548,"Subscriber",1993,1
359,"2018-12-11 20:47:20.4520","2018-12-11 20:53:20.1390",3186,"Grove St PATH",40.71958611647166,-74.04311746358871,3267,"Morris Canal",40.7124188237569,-74.03852552175522,29198,"Subscriber",1981,2
282,"2018-12-11 20:50:09.8160","2018-12-11 20:54:52.6340",3186,"Grove St PATH",40.71958611647166,-74.04311746358871,3203,"Hamilton Park",40.727595966,-74.044247311,26164,"Subscriber",1980,2
247,"2018-12-11 20:50:51.6850","2018-12-11 20:54:58.9870",3186,"Grove St PATH",40.71958611647166,-74.04311746358871,3203,"Hamilton Park",40.727595966,-74.044247311,26248,"Subscriber",1986,1
615,"2018-12-11 20:59:20.1330","2018-12-11 21:09:35.6910",3186,"Grove St PATH",40.71958611647166,-74.04311746358871,3268,"Lafayette Park",40.71346382669195,-74.06285852193832,26276,"Subscriber",1979,1
169,"2018-12-11 21:01:11.2990","2018-12-11 21:04:00.3370",3186,"Grove St PATH",40.71958611647166,-74.04311746358871,3276,"Marin Light Rail",40.71458403535893,-74.04281705617905,29661,"Subscriber",1986,1
173,"2018-12-11 21:02:49.0160","2018-12-11 21:05:42.9560",3186,"Grove St PATH",40.71958611647166,-74.04311746358871,3276,"Marin Light Rail",40.71458403535893,-74.04281705617905,26251,"Subscriber",1965,1
321,"2018-12-11 21:07:03.1110","2018-12-11 21:12:24.9970",3186,"Grove St PATH",40.71958611647166,-74.04311746358871,3278,"Monmouth and 6th",40.72568548362901,-74.04879033565521,29629,"Subscriber",1981,2
210,"2018-12-11 21:15:56.9510","2018-12-11 21:19:27.0580",3186,"Grove St PATH",40.71958611647166,-74.04311746358871,3276,"Marin Light Rail",40.71458403535893,-74.04281705617905,29677,"Subscriber",1967,1
725,"2018-12-11 21:15:57.1800","2018-12-11 21:28:02.6540",3186,"Grove St PATH",40.71958611647166,-74.04311746358871,3213,"Van Vorst Park",40.71848892,-74.047726625,26198,"Subscriber",1990,1
372,"2018-12-11 21:16:28.6520","2018-12-11 21:22:40.6840",3186,"Grove St PATH",40.71958611647166,-74.04311746358871,3267,"Morris Canal",40.7124188237569,-74.03852552175522,26297,"Subscriber",1961,2
444,"2018-12-11 21:25:12.1290","2018-12-11 21:32:36.7100",3186,"Grove St PATH",40.71958611647166,-74.04311746358871,3192,"Liberty Light Rail",40.7112423,-74.0557013,29671,"Subscriber",1985,1
210,"2018-12-11 21:26:51.4500","2018-12-11 21:30:21.8610",3186,"Grove St PATH",40.71958611647166,-74.04311746358871,3209,"Brunswick St",40.7241765,-74.0506564,29682,"Subscriber",1975,1
175,"2018-12-11 21:29:56.7370","2018-12-11 21:32:52.4600",3186,"Grove St PATH",40.71958611647166,-74.04311746358871,3279,"Dixon Mills",40.721630142638354,-74.04996782541275,29596,"Subscriber",1981,2
163,"2018-12-11 21:30:03.9620","2018-12-11 21:32:47.5070",3186,"Grove St PATH",40.71958611647166,-74.04311746358871,3279,"Dixon Mills",40.721630142638354,-74.04996782541275,29291,"Subscriber",1970,1
158,"2018-12-11 21:30:10.4290","2018-12-11 21:32:49.0820",3186,"Grove St PATH",40.71958611647166,-74.04311746358871,3279,"Dixon Mills",40.721630142638354,-74.04996782541275,26292,"Subscriber",1982,2
250,"2018-12-11 21:46:13.1950","2018-12-11 21:50:23.7850",3186,"Grove St PATH",40.71958611647166,-74.04311746358871,3481,"York St",40.71649,-74.04105,29440,"Subscriber",1986,1
208,"2018-12-11 21:47:53.5650","2018-12-11 21:51:21.7280",3186,"Grove St PATH",40.71958611647166,-74.04311746358871,3272,"Jersey & 3rd",40.72333158646436,-74.04595255851744,29476,"Subscriber",1957,2
212,"2018-12-11 21:55:59.5250","2018-12-11 21:59:32.2130",3186,"Grove St PATH",40.71958611647166,-74.04311746358871,3483,"Montgomery St",40.71942,-74.05099,26216,"Subscriber",1958,1
220,"2018-12-11 21:56:07.9040","2018-12-11 21:59:48.7620",3186,"Grove St PATH",40.71958611647166,-74.04311746358871,3270,"Jersey & 6th St",40.72528910781132,-74.04557168483734,26172,"Subscriber",1960,1
217,"2018-12-11 21:56:27.5510","2018-12-11 22:00:05.0740",3186,"Grove St PATH",40.71958611647166,-74.04311746358871,3270,"Jersey & 6th St",40.72528910781132,-74.04557168483734,29482,"Subscriber",1970,1
541,"2018-12-11 21:57:37.0070","2018-12-11 22:06:38.7200",3186,"Grove St PATH",40.71958611647166,-74.04311746358871,3192,"Liberty Light Rail",40.7112423,-74.0557013,26295,"Customer",1995,1
302,"2018-12-11 22:05:46.5260","2018-12-11 22:10:49.0230",3186,"Grove St PATH",40.71958611647166,-74.04311746358871,3209,"Brunswick St",40.7241765,-74.0506564,26274,"Subscriber",1991,2
152,"2018-12-11 22:07:05.1320","2018-12-11 22:09:37.2890",3186,"Grove St PATH",40.71958611647166,-74.04311746358871,3276,"Marin Light Rail",40.71458403535893,-74.04281705617905,26186,"Subscriber",1979,1
232,"2018-12-11 22:07:17.8540","2018-12-11 22:11:09.8930",3186,"Grove St PATH",40.71958611647166,-74.04311746358871,3213,"Van Vorst Park",40.71848892,-74.047726625,26286,"Subscriber",1977,1
290,"2018-12-11 22:10:11.6900","2018-12-11 22:15:01.9750",3186,"Grove St PATH",40.71958611647166,-74.04311746358871,3278,"Monmouth and 6th",40.72568548362901,-74.04879033565521,29645,"Subscriber",1988,2
266,"2018-12-11 22:39:50.5360","2018-12-11 22:44:16.5370",3186,"Grove St PATH",40.71958611647166,-74.04311746358871,3483,"Montgomery St",40.71942,-74.05099,29569,"Subscriber",1988,1
224,"2018-12-12 06:20:36.4650","2018-12-12 06:24:20.7580",3186,"Grove St PATH",40.71958611647166,-74.04311746358871,3639,"Harborside",40.7192517,-74.034234,29588,"Subscriber",1992,1
288,"2018-12-12 07:15:47.4370","2018-12-12 07:20:35.7000",3186,"Grove St PATH",40.71958611647166,-74.04311746358871,3205,"JC Medical Center",40.71653978099194,-74.0496379137039,26257,"Subscriber",1956,1
266,"2018-12-12 07:16:01.8730","2018-12-12 07:20:28.7190",3186,"Grove St PATH",40.71958611647166,-74.04311746358871,3639,"Harborside",40.7192517,-74.034234,29487,"Subscriber",1969,1
111,"2018-12-12 07:44:50.8080","2018-12-12 07:46:42.6150",3186,"Grove St PATH",40.71958611647166,-74.04311746358871,3211,"Newark Ave",40.72152515,-74.046304543,26254,"Subscriber",1967,1
275,"2018-12-12 07:46:34.9880","2018-12-12 07:51:10.7930",3186,"Grove St PATH",40.71958611647166,-74.04311746358871,3203,"Hamilton Park",40.727595966,-74.044247311,29471,"Subscriber",1978,1
432,"2018-12-12 07:50:53.8380","2018-12-12 07:58:05.8420",3186,"Grove St PATH",40.71958611647166,-74.04311746358871,3202,"Newport PATH",40.7272235,-74.0337589,33744,"Subscriber",1967,1
259,"2018-12-12 08:01:06.9300","2018-12-12 08:05:26.5610",3186,"Grove St PATH",40.71958611647166,-74.04311746358871,3205,"JC Medical Center",40.71653978099194,-74.0496379137039,29272,"Subscriber",1976,2
203,"2018-12-12 08:01:19.6420","2018-12-12 08:04:42.9970",3186,"Grove St PATH",40.71958611647166,-74.04311746358871,3183,"Exchange Place",40.7162469,-74.0334588,29291,"Subscriber",1993,1
535,"2018-12-12 08:01:41.8710","2018-12-12 08:10:37.6360",3186,"Grove St PATH",40.71958611647166,-74.04311746358871,3214,"Essex Light Rail",40.7127742,-74.0364857,26281,"Subscriber",1991,2
444,"2018-12-12 08:06:38.7390","2018-12-12 08:14:03.3630",3186,"Grove St PATH",40.71958611647166,-74.04311746358871,3183,"Exchange Place",40.7162469,-74.0334588,29581,"Subscriber",1971,1
189,"2018-12-12 08:07:25.0420","2018-12-12 08:10:34.5240",3186,"Grove St PATH",40.71958611647166,-74.04311746358871,3185,"City Hall",40.7177325,-74.043845,29268,"Subscriber",1978,1
83,"2018-12-12 08:13:49.7960","2018-12-12 08:15:13.5070",3186,"Grove St PATH",40.71958611647166,-74.04311746358871,3185,"City Hall",40.7177325,-74.043845,26248,"Subscriber",1978,1
1126,"2018-12-12 08:17:58.5330","2018-12-12 08:36:45.0450",3186,"Grove St PATH",40.71958611647166,-74.04311746358871,3198,"Heights Elevator",40.748715945380226,-74.04044330120087,29444,"Subscriber",1978,1
102,"2018-12-12 08:32:44.7510","2018-12-12 08:34:27.1600",3186,"Grove St PATH",40.71958611647166,-74.04311746358871,3211,"Newark Ave",40.72152515,-74.046304543,29240,"Subscriber",1987,1
100,"2018-12-12 08:36:16.8730","2018-12-12 08:37:57.1260",3186,"Grove St PATH",40.71958611647166,-74.04311746358871,3185,"City Hall",40.7177325,-74.043845,29284,"Subscriber",1970,1
101,"2018-12-12 08:38:07.3130","2018-12-12 08:39:48.3620",3186,"Grove St PATH",40.71958611647166,-74.04311746358871,3211,"Newark Ave",40.72152515,-74.046304543,29459,"Subscriber",1987,1
103,"2018-12-12 08:42:22.7040","2018-12-12 08:44:06.2320",3186,"Grove St PATH",40.71958611647166,-74.04311746358871,3211,"Newark Ave",40.72152515,-74.046304543,29204,"Subscriber",1970,1
76,"2018-12-12 08:43:39.7890","2018-12-12 08:44:56.2640",3186,"Grove St PATH",40.71958611647166,-74.04311746358871,3211,"Newark Ave",40.72152515,-74.046304543,29608,"Subscriber",1987,1
451,"2018-12-12 08:47:52.5490","2018-12-12 08:55:23.6570",3186,"Grove St PATH",40.71958611647166,-74.04311746358871,3269,"Brunswick & 6th",40.72601172964625,-74.05038893222809,29611,"Subscriber",1959,2
377,"2018-12-12 08:48:15.1610","2018-12-12 08:54:33.0670",3186,"Grove St PATH",40.71958611647166,-74.04311746358871,3639,"Harborside",40.7192517,-74.034234,29458,"Subscriber",1957,2
213,"2018-12-12 08:50:08.4600","2018-12-12 08:53:42.0430",3186,"Grove St PATH",40.71958611647166,-74.04311746358871,3483,"Montgomery St",40.71942,-74.05099,29260,"Subscriber",1987,1
848,"2018-12-12 09:23:30.9230","2018-12-12 09:37:39.4370",3186,"Grove St PATH",40.71958611647166,-74.04311746358871,3210,"Pershing Field",40.742677141,-74.051788633,29200,"Subscriber",1981,1
303,"2018-12-12 09:25:14.3980","2018-12-12 09:30:17.4380",3186,"Grove St PATH",40.71958611647166,-74.04311746358871,3203,"Hamilton Park",40.727595966,-74.044247311,29674,"Subscriber",1973,1
467,"2018-12-12 10:54:09.8520","2018-12-12 11:01:56.9720",3186,"Grove St PATH",40.71958611647166,-74.04311746358871,3199,"Newport Pkwy",40.7287448,-74.0321082,29222,"Subscriber",1976,1
172,"2018-12-12 11:31:18.4300","2018-12-12 11:34:10.9810",3186,"Grove St PATH",40.71958611647166,-74.04311746358871,3276,"Marin Light Rail",40.71458403535893,-74.04281705617905,29282,"Subscriber",1994,1
171,"2018-12-12 13:34:37.0690","2018-12-12 13:37:28.8210",3186,"Grove St PATH",40.71958611647166,-74.04311746358871,3279,"Dixon Mills",40.721630142638354,-74.04996782541275,29490,"Subscriber",1986,1
2558,"2018-12-12 13:49:47.5000","2018-12-12 14:32:25.8150",3186,"Grove St PATH",40.71958611647166,-74.04311746358871,3203,"Hamilton Park",40.727595966,-74.044247311,29645,"Subscriber",1971,2
235,"2018-12-12 14:17:16.4840","2018-12-12 14:21:12.1610",3186,"Grove St PATH",40.71958611647166,-74.04311746358871,3270,"Jersey & 6th St",40.72528910781132,-74.04557168483734,29289,"Subscriber",1977,2
240,"2018-12-12 14:27:13.4780","2018-12-12 14:31:13.9030",3186,"Grove St PATH",40.71958611647166,-74.04311746358871,3276,"Marin Light Rail",40.71458403535893,-74.04281705617905,29125,"Subscriber",1984,1
1171,"2018-12-12 14:39:29.6410","2018-12-12 14:59:00.7680",3186,"Grove St PATH",40.71958611647166,-74.04311746358871,3186,"Grove St PATH",40.71958611647166,-74.04311746358871,29286,"Subscriber",1977,1
98,"2018-12-12 14:39:31.2750","2018-12-12 14:41:09.7820",3186,"Grove St PATH",40.71958611647166,-74.04311746358871,3211,"Newark Ave",40.72152515,-74.046304543,29204,"Subscriber",1980,1
191,"2018-12-12 14:46:54.2600","2018-12-12 14:50:05.3070",3186,"Grove St PATH",40.71958611647166,-74.04311746358871,3483,"Montgomery St",40.71942,-74.05099,29212,"Subscriber",1986,1
249,"2018-12-12 14:58:21.7440","2018-12-12 15:02:30.8560",3186,"Grove St PATH",40.71958611647166,-74.04311746358871,3203,"Hamilton Park",40.727595966,-74.044247311,29525,"Subscriber",1985,1
193,"2018-12-12 15:09:54.2550","2018-12-12 15:13:07.3170",3186,"Grove St PATH",40.71958611647166,-74.04311746358871,3279,"Dixon Mills",40.721630142638354,-74.04996782541275,33744,"Subscriber",1981,2
1069,"2018-12-12 15:19:11.4800","2018-12-12 15:37:00.7930",3186,"Grove St PATH",40.71958611647166,-74.04311746358871,3278,"Monmouth and 6th",40.72568548362901,-74.04879033565521,29299,"Customer",1993,1
254,"2018-12-12 16:10:21.3130","2018-12-12 16:14:35.8690",3186,"Grove St PATH",40.71958611647166,-74.04311746358871,3279,"Dixon Mills",40.721630142638354,-74.04996782541275,29589,"Subscriber",1977,2
96,"2018-12-12 16:20:39.7690","2018-12-12 16:22:15.8540",3186,"Grove St PATH",40.71958611647166,-74.04311746358871,3211,"Newark Ave",40.72152515,-74.046304543,29626,"Subscriber",1993,1
387,"2018-12-12 16:56:47.7730","2018-12-12 17:03:15.7400",3186,"Grove St PATH",40.71958611647166,-74.04311746358871,3214,"Essex Light Rail",40.7127742,-74.0364857,29644,"Subscriber",1974,1
216,"2018-12-12 17:06:45.2600","2018-12-12 17:10:21.5910",3186,"Grove St PATH",40.71958611647166,-74.04311746358871,3483,"Montgomery St",40.71942,-74.05099,29301,"Subscriber",1986,1
299,"2018-12-12 17:07:09.0240","2018-12-12 17:12:08.2280",3186,"Grove St PATH",40.71958611647166,-74.04311746358871,3270,"Jersey & 6th St",40.72528910781132,-74.04557168483734,26201,"Subscriber",1996,2
231,"2018-12-12 17:17:10.5770","2018-12-12 17:21:02.1510",3186,"Grove St PATH",40.71958611647166,-74.04311746358871,3279,"Dixon Mills",40.721630142638354,-74.04996782541275,29665,"Subscriber",1989,1
279,"2018-12-12 17:17:50.3810","2018-12-12 17:22:29.9930",3186,"Grove St PATH",40.71958611647166,-74.04311746358871,3267,"Morris Canal",40.7124188237569,-74.03852552175522,26302,"Subscriber",1990,1
214,"2018-12-12 17:18:24.3250","2018-12-12 17:21:58.8820",3186,"Grove St PATH",40.71958611647166,-74.04311746358871,3205,"JC Medical Center",40.71653978099194,-74.0496379137039,29611,"Subscriber",1992,1
227,"2018-12-12 17:19:15.2540","2018-12-12 17:23:02.7570",3186,"Grove St PATH",40.71958611647166,-74.04311746358871,3270,"Jersey & 6th St",40.72528910781132,-74.04557168483734,29644,"Subscriber",1985,1
238,"2018-12-12 17:19:29.5740","2018-12-12 17:23:28.3140",3186,"Grove St PATH",40.71958611647166,-74.04311746358871,3483,"Montgomery St",40.71942,-74.05099,26284,"Subscriber",1972,2
267,"2018-12-12 17:25:50.4380","2018-12-12 17:30:18.3710",3186,"Grove St PATH",40.71958611647166,-74.04311746358871,3269,"Brunswick & 6th",40.72601172964625,-74.05038893222809,29299,"Subscriber",1992,1
333,"2018-12-12 17:26:19.2400","2018-12-12 17:31:52.7900",3186,"Grove St PATH",40.71958611647166,-74.04311746358871,3278,"Monmouth and 6th",40.72568548362901,-74.04879033565521,29475,"Subscriber",1981,2
372,"2018-12-12 17:26:47.5840","2018-12-12 17:33:00.3870",3186,"Grove St PATH",40.71958611647166,-74.04311746358871,3269,"Brunswick & 6th",40.72601172964625,-74.05038893222809,26157,"Subscriber",1980,2
746,"2018-12-12 17:27:20.2290","2018-12-12 17:39:47.2280",3186,"Grove St PATH",40.71958611647166,-74.04311746358871,3192,"Liberty Light Rail",40.7112423,-74.0557013,29608,"Subscriber",1969,1
276,"2018-12-12 17:30:39.3040","2018-12-12 17:35:15.5480",3186,"Grove St PATH",40.71958611647166,-74.04311746358871,3205,"JC Medical Center",40.71653978099194,-74.0496379137039,26271,"Subscriber",1992,1
320,"2018-12-12 17:37:08.8360","2018-12-12 17:42:29.1840",3186,"Grove St PATH",40.71958611647166,-74.04311746358871,3276,"Marin Light Rail",40.71458403535893,-74.04281705617905,29272,"Subscriber",1989,1
254,"2018-12-12 17:39:21.7510","2018-12-12 17:43:36.6230",3186,"Grove St PATH",40.71958611647166,-74.04311746358871,3205,"JC Medical Center",40.71653978099194,-74.0496379137039,29204,"Subscriber",1969,0
252,"2018-12-12 17:41:00.1060","2018-12-12 17:45:12.9310",3186,"Grove St PATH",40.71958611647166,-74.04311746358871,3203,"Hamilton Park",40.727595966,-74.044247311,29626,"Subscriber",1985,1
297,"2018-12-12 17:43:47.9740","2018-12-12 17:48:45.5200",3186,"Grove St PATH",40.71958611647166,-74.04311746358871,3481,"York St",40.71649,-74.04105,29507,"Subscriber",1986,1
245,"2018-12-12 17:43:55.4500","2018-12-12 17:48:01.1850",3186,"Grove St PATH",40.71958611647166,-74.04311746358871,3276,"Marin Light Rail",40.71458403535893,-74.04281705617905,29241,"Subscriber",1986,1
441,"2018-12-12 17:44:38.1790","2018-12-12 17:51:59.3570",3186,"Grove St PATH",40.71958611647166,-74.04311746358871,3267,"Morris Canal",40.7124188237569,-74.03852552175522,29459,"Subscriber",1975,1
266,"2018-12-12 17:44:41.3530","2018-12-12 17:49:07.7160",3186,"Grove St PATH",40.71958611647166,-74.04311746358871,3278,"Monmouth and 6th",40.72568548362901,-74.04879033565521,29289,"Subscriber",1982,2
304,"2018-12-12 17:45:16.3990","2018-12-12 17:50:20.6620",3186,"Grove St PATH",40.71958611647166,-74.04311746358871,3203,"Hamilton Park",40.727595966,-74.044247311,29240,"Subscriber",1970,2
234,"2018-12-12 17:47:23.6670","2018-12-12 17:51:18.0810",3186,"Grove St PATH",40.71958611647166,-74.04311746358871,3213,"Van Vorst Park",40.71848892,-74.047726625,29678,"Subscriber",1984,2
204,"2018-12-12 17:49:56.2980","2018-12-12 17:53:20.4050",3186,"Grove St PATH",40.71958611647166,-74.04311746358871,3209,"Brunswick St",40.7241765,-74.0506564,29224,"Subscriber",1965,1
302,"2018-12-12 17:51:11.5240","2018-12-12 17:56:13.6340",3186,"Grove St PATH",40.71958611647166,-74.04311746358871,3278,"Monmouth and 6th",40.72568548362901,-74.04879033565521,29460,"Subscriber",1983,2
218,"2018-12-12 17:52:24.6390","2018-12-12 17:56:02.9760",3186,"Grove St PATH",40.71958611647166,-74.04311746358871,3279,"Dixon Mills",40.721630142638354,-74.04996782541275,29677,"Subscriber",1976,1
237,"2018-12-12 17:56:48.4060","2018-12-12 18:00:46.2740",3186,"Grove St PATH",40.71958611647166,-74.04311746358871,3269,"Brunswick & 6th",40.72601172964625,-74.05038893222809,29254,"Subscriber",1993,1
171,"2018-12-12 17:59:56.0580","2018-12-12 18:02:47.9390",3186,"Grove St PATH",40.71958611647166,-74.04311746358871,3276,"Marin Light Rail",40.71458403535893,-74.04281705617905,29647,"Subscriber",1991,1
335,"2018-12-12 18:00:40.0940","2018-12-12 18:06:15.3540",3186,"Grove St PATH",40.71958611647166,-74.04311746358871,3269,"Brunswick & 6th",40.72601172964625,-74.05038893222809,29217,"Subscriber",1977,1
277,"2018-12-12 18:08:11.2470","2018-12-12 18:12:49.0470",3186,"Grove St PATH",40.71958611647166,-74.04311746358871,3209,"Brunswick St",40.7241765,-74.0506564,26211,"Subscriber",1990,1
253,"2018-12-12 18:08:51.2790","2018-12-12 18:13:04.5820",3186,"Grove St PATH",40.71958611647166,-74.04311746358871,3269,"Brunswick & 6th",40.72601172964625,-74.05038893222809,29481,"Subscriber",1981,1
347,"2018-12-12 18:08:58.5810","2018-12-12 18:14:46.3820",3186,"Grove St PATH",40.71958611647166,-74.04311746358871,3203,"Hamilton Park",40.727595966,-74.044247311,26316,"Subscriber",1988,1
237,"2018-12-12 18:10:35.3780","2018-12-12 18:14:32.4010",3186,"Grove St PATH",40.71958611647166,-74.04311746358871,3270,"Jersey & 6th St",40.72528910781132,-74.04557168483734,29629,"Subscriber",1976,1
340,"2018-12-12 18:10:35.7850","2018-12-12 18:16:16.4800",3186,"Grove St PATH",40.71958611647166,-74.04311746358871,3681,"Grand St",40.71517767732029,-74.03768330812454,29652,"Subscriber",1984,1
260,"2018-12-12 18:11:14.8500","2018-12-12 18:15:35.5840",3186,"Grove St PATH",40.71958611647166,-74.04311746358871,3269,"Brunswick & 6th",40.72601172964625,-74.05038893222809,29603,"Subscriber",1991,1
210,"2018-12-12 18:14:43.2730","2018-12-12 18:18:13.2840",3186,"Grove St PATH",40.71958611647166,-74.04311746358871,3270,"Jersey & 6th St",40.72528910781132,-74.04557168483734,29289,"Subscriber",1986,1
178,"2018-12-12 18:14:48.5860","2018-12-12 18:17:46.7650",3186,"Grove St PATH",40.71958611647166,-74.04311746358871,3270,"Jersey & 6th St",40.72528910781132,-74.04557168483734,26263,"Subscriber",1970,1
282,"2018-12-12 18:15:22.0120","2018-12-12 18:20:04.3610",3186,"Grove St PATH",40.71958611647166,-74.04311746358871,3278,"Monmouth and 6th",40.72568548362901,-74.04879033565521,29220,"Subscriber",1991,1
686,"2018-12-12 18:19:47.7790","2018-12-12 18:31:14.2820",3186,"Grove St PATH",40.71958611647166,-74.04311746358871,3268,"Lafayette Park",40.71346382669195,-74.06285852193832,26270,"Subscriber",1979,1
212,"2018-12-12 18:20:31.8460","2018-12-12 18:24:04.0720",3186,"Grove St PATH",40.71958611647166,-74.04311746358871,3205,"JC Medical Center",40.71653978099194,-74.0496379137039,26311,"Subscriber",1989,1
236,"2018-12-12 18:20:55.0100","2018-12-12 18:24:51.9530",3186,"Grove St PATH",40.71958611647166,-74.04311746358871,3278,"Monmouth and 6th",40.72568548362901,-74.04879033565521,26279,"Subscriber",1983,2
244,"2018-12-12 18:22:59.8960","2018-12-12 18:27:04.0490",3186,"Grove St PATH",40.71958611647166,-74.04311746358871,3205,"JC Medical Center",40.71653978099194,-74.0496379137039,29572,"Subscriber",1983,1
611,"2018-12-12 18:24:04.6400","2018-12-12 18:34:16.0340",3186,"Grove St PATH",40.71958611647166,-74.04311746358871,3192,"Liberty Light Rail",40.7112423,-74.0557013,26234,"Subscriber",1978,1
332,"2018-12-12 18:24:56.8820","2018-12-12 18:30:29.0660",3186,"Grove St PATH",40.71958611647166,-74.04311746358871,3203,"Hamilton Park",40.727595966,-74.044247311,29540,"Subscriber",1978,1
951,"2018-12-12 18:26:16.9340","2018-12-12 18:42:08.5450",3186,"Grove St PATH",40.71958611647166,-74.04311746358871,3269,"Brunswick & 6th",40.72601172964625,-74.05038893222809,29261,"Subscriber",1986,1
333,"2018-12-12 18:26:28.0240","2018-12-12 18:32:01.9760",3186,"Grove St PATH",40.71958611647166,-74.04311746358871,3276,"Marin Light Rail",40.71458403535893,-74.04281705617905,29299,"Subscriber",1962,1
198,"2018-12-12 18:30:42.1280","2018-12-12 18:34:00.7770",3186,"Grove St PATH",40.71958611647166,-74.04311746358871,3276,"Marin Light Rail",40.71458403535893,-74.04281705617905,26196,"Subscriber",1986,1
340,"2018-12-12 18:31:32.8170","2018-12-12 18:37:12.9750",3186,"Grove St PATH",40.71958611647166,-74.04311746358871,3203,"Hamilton Park",40.727595966,-74.044247311,26303,"Subscriber",1985,1
251,"2018-12-12 18:35:19.9590","2018-12-12 18:39:31.0670",3186,"Grove St PATH",40.71958611647166,-74.04311746358871,3278,"Monmouth and 6th",40.72568548362901,-74.04879033565521,29623,"Subscriber",1981,1
292,"2018-12-12 18:36:57.2860","2018-12-12 18:41:50.0450",3186,"Grove St PATH",40.71958611647166,-74.04311746358871,3209,"Brunswick St",40.7241765,-74.0506564,29295,"Subscriber",1964,1
550,"2018-12-12 18:43:20.0030","2018-12-12 18:52:30.9510",3186,"Grove St PATH",40.71958611647166,-74.04311746358871,3186,"Grove St PATH",40.71958611647166,-74.04311746358871,29519,"Subscriber",1989,2
314,"2018-12-12 18:47:19.2500","2018-12-12 18:52:33.3340",3186,"Grove St PATH",40.71958611647166,-74.04311746358871,3269,"Brunswick & 6th",40.72601172964625,-74.05038893222809,26286,"Subscriber",1977,1
141,"2018-12-12 18:47:36.4200","2018-12-12 18:49:57.6070",3186,"Grove St PATH",40.71958611647166,-74.04311746358871,3272,"Jersey & 3rd",40.72333158646436,-74.04595255851744,29263,"Subscriber",1977,1
171,"2018-12-12 18:51:43.2440","2018-12-12 18:54:34.4780",3186,"Grove St PATH",40.71958611647166,-74.04311746358871,3276,"Marin Light Rail",40.71458403535893,-74.04281705617905,29291,"Subscriber",1980,1
305,"2018-12-12 18:52:35.0140","2018-12-12 18:57:40.7270",3186,"Grove St PATH",40.71958611647166,-74.04311746358871,3269,"Brunswick & 6th",40.72601172964625,-74.05038893222809,26293,"Subscriber",1979,1
277,"2018-12-12 18:53:04.8570","2018-12-12 18:57:42.1460",3186,"Grove St PATH",40.71958611647166,-74.04311746358871,3483,"Montgomery St",40.71942,-74.05099,29295,"Subscriber",1985,1
207,"2018-12-12 18:53:47.3020","2018-12-12 18:57:14.4650",3186,"Grove St PATH",40.71958611647166,-74.04311746358871,3209,"Brunswick St",40.7241765,-74.0506564,29519,"Subscriber",1979,1
241,"2018-12-12 18:54:25.0150","2018-12-12 18:58:26.8330",3186,"Grove St PATH",40.71958611647166,-74.04311746358871,3203,"Hamilton Park",40.727595966,-74.044247311,29452,"Subscriber",1984,1
225,"2018-12-12 18:55:28.1660","2018-12-12 18:59:13.2210",3186,"Grove St PATH",40.71958611647166,-74.04311746358871,3270,"Jersey & 6th St",40.72528910781132,-74.04557168483734,29661,"Subscriber",1956,1
241,"2018-12-12 18:59:30.2390","2018-12-12 19:03:31.6260",3186,"Grove St PATH",40.71958611647166,-74.04311746358871,3276,"Marin Light Rail",40.71458403535893,-74.04281705617905,29458,"Subscriber",1991,1
335,"2018-12-12 18:59:32.9600","2018-12-12 19:05:08.7640",3186,"Grove St PATH",40.71958611647166,-74.04311746358871,3203,"Hamilton Park",40.727595966,-74.044247311,26157,"Subscriber",1988,1
181,"2018-12-12 19:00:05.6390","2018-12-12 19:03:07.4340",3186,"Grove St PATH",40.71958611647166,-74.04311746358871,3272,"Jersey & 3rd",40.72333158646436,-74.04595255851744,26160,"Subscriber",1981,2
257,"2018-12-12 19:10:19.2980","2018-12-12 19:14:37.0590",3186,"Grove St PATH",40.71958611647166,-74.04311746358871,3203,"Hamilton Park",40.727595966,-74.044247311,29206,"Subscriber",1985,2
182,"2018-12-12 19:10:36.1810","2018-12-12 19:13:38.6120",3186,"Grove St PATH",40.71958611647166,-74.04311746358871,3279,"Dixon Mills",40.721630142638354,-74.04996782541275,29300,"Subscriber",1975,1
189,"2018-12-12 19:10:31.2430","2018-12-12 19:13:41.0270",3186,"Grove St PATH",40.71958611647166,-74.04311746358871,3276,"Marin Light Rail",40.71458403535893,-74.04281705617905,26225,"Subscriber",1965,1
496,"2018-12-12 19:16:23.7840","2018-12-12 19:24:40.3530",3186,"Grove St PATH",40.71958611647166,-74.04311746358871,3269,"Brunswick & 6th",40.72601172964625,-74.05038893222809,29252,"Subscriber",1986,1
210,"2018-12-12 19:20:07.0170","2018-12-12 19:23:37.8250",3186,"Grove St PATH",40.71958611647166,-74.04311746358871,3205,"JC Medical Center",40.71653978099194,-74.0496379137039,29657,"Subscriber",1988,1
243,"2018-12-12 19:20:35.5970","2018-12-12 19:24:39.5030",3186,"Grove St PATH",40.71958611647166,-74.04311746358871,3213,"Van Vorst Park",40.71848892,-74.047726625,29531,"Subscriber",1981,2
268,"2018-12-12 19:21:24.8360","2018-12-12 19:25:52.8520",3186,"Grove St PATH",40.71958611647166,-74.04311746358871,3203,"Hamilton Park",40.727595966,-74.044247311,29460,"Subscriber",1984,1
199,"2018-12-12 19:22:04.5890","2018-12-12 19:25:23.9160",3186,"Grove St PATH",40.71958611647166,-74.04311746358871,3272,"Jersey & 3rd",40.72333158646436,-74.04595255851744,29593,"Subscriber",1980,1
280,"2018-12-12 19:22:52.3210","2018-12-12 19:27:32.4060",3186,"Grove St PATH",40.71958611647166,-74.04311746358871,3203,"Hamilton Park",40.727595966,-74.044247311,26202,"Subscriber",1980,1
148,"2018-12-12 19:26:01.8690","2018-12-12 19:28:29.9490",3186,"Grove St PATH",40.71958611647166,-74.04311746358871,3213,"Van Vorst Park",40.71848892,-74.047726625,29599,"Subscriber",1962,1
391,"2018-12-12 19:26:21.5790","2018-12-12 19:32:53.2980",3186,"Grove St PATH",40.71958611647166,-74.04311746358871,3203,"Hamilton Park",40.727595966,-74.044247311,26257,"Subscriber",1968,1
426,"2018-12-12 19:33:49.6730","2018-12-12 19:40:56.2230",3186,"Grove St PATH",40.71958611647166,-74.04311746358871,3681,"Grand St",40.71517767732029,-74.03768330812454,29127,"Subscriber",1994,1
217,"2018-12-12 19:40:23.7200","2018-12-12 19:44:01.5400",3186,"Grove St PATH",40.71958611647166,-74.04311746358871,3209,"Brunswick St",40.7241765,-74.0506564,26283,"Subscriber",1962,1
302,"2018-12-12 19:51:46.7100","2018-12-12 19:56:49.2370",3186,"Grove St PATH",40.71958611647166,-74.04311746358871,3203,"Hamilton Park",40.727595966,-74.044247311,29294,"Subscriber",1971,2
278,"2018-12-12 19:55:49.9070","2018-12-12 20:00:28.2140",3186,"Grove St PATH",40.71958611647166,-74.04311746358871,3278,"Monmouth and 6th",40.72568548362901,-74.04879033565521,26206,"Subscriber",1985,1
763,"2018-12-12 19:57:59.8180","2018-12-12 20:10:43.3460",3186,"Grove St PATH",40.71958611647166,-74.04311746358871,3194,"McGinley Square",40.7253399253558,-74.06762212514877,29245,"Subscriber",1981,1
230,"2018-12-12 20:01:35.7690","2018-12-12 20:05:26.1960",3186,"Grove St PATH",40.71958611647166,-74.04311746358871,3278,"Monmouth and 6th",40.72568548362901,-74.04879033565521,26294,"Subscriber",1977,1
189,"2018-12-12 20:02:34.1400","2018-12-12 20:05:43.5020",3186,"Grove St PATH",40.71958611647166,-74.04311746358871,3279,"Dixon Mills",40.721630142638354,-74.04996782541275,26196,"Subscriber",1993,1
212,"2018-12-12 20:07:10.6450","2018-12-12 20:10:43.4970",3186,"Grove St PATH",40.71958611647166,-74.04311746358871,3279,"Dixon Mills",40.721630142638354,-74.04996782541275,29123,"Subscriber",1991,1
252,"2018-12-12 20:07:31.8340","2018-12-12 20:11:44.2380",3186,"Grove St PATH",40.71958611647166,-74.04311746358871,3272,"Jersey & 3rd",40.72333158646436,-74.04595255851744,29475,"Subscriber",1962,1
88,"2018-12-12 20:11:17.6860","2018-12-12 20:12:45.7870",3186,"Grove St PATH",40.71958611647166,-74.04311746358871,3273,"Manila & 1st",40.721650724879986,-74.04288411140442,26292,"Subscriber",1983,1
209,"2018-12-12 20:11:51.8030","2018-12-12 20:15:20.9390",3186,"Grove St PATH",40.71958611647166,-74.04311746358871,3270,"Jersey & 6th St",40.72528910781132,-74.04557168483734,29674,"Subscriber",1973,1
363,"2018-12-12 20:14:31.3020","2018-12-12 20:20:34.8980",3186,"Grove St PATH",40.71958611647166,-74.04311746358871,3638,"Washington St",40.7242941,-74.0354826,26278,"Subscriber",1966,1
429,"2018-12-12 20:16:31.1840","2018-12-12 20:23:40.4140",3186,"Grove St PATH",40.71958611647166,-74.04311746358871,3269,"Brunswick & 6th",40.72601172964625,-74.05038893222809,29296,"Subscriber",1991,1
419,"2018-12-12 20:17:00.2670","2018-12-12 20:23:59.3160",3186,"Grove St PATH",40.71958611647166,-74.04311746358871,3269,"Brunswick & 6th",40.72601172964625,-74.05038893222809,26244,"Subscriber",1978,1
168,"2018-12-12 20:21:31.3070","2018-12-12 20:24:19.4170",3186,"Grove St PATH",40.71958611647166,-74.04311746358871,3272,"Jersey & 3rd",40.72333158646436,-74.04595255851744,29244,"Subscriber",1988,2
1315,"2018-12-12 20:23:53.2500","2018-12-12 20:45:49.0240",3186,"Grove St PATH",40.71958611647166,-74.04311746358871,3272,"Jersey & 3rd",40.72333158646436,-74.04595255851744,29207,"Subscriber",1992,1
270,"2018-12-12 20:24:19.4540","2018-12-12 20:28:49.7400",3186,"Grove St PATH",40.71958611647166,-74.04311746358871,3270,"Jersey & 6th St",40.72528910781132,-74.04557168483734,29203,"Subscriber",1983,2
194,"2018-12-12 20:26:47.4490","2018-12-12 20:30:02.1990",3186,"Grove St PATH",40.71958611647166,-74.04311746358871,3209,"Brunswick St",40.7241765,-74.0506564,29671,"Subscriber",1981,1
260,"2018-12-12 20:30:28.2010","2018-12-12 20:34:48.5670",3186,"Grove St PATH",40.71958611647166,-74.04311746358871,3209,"Brunswick St",40.7241765,-74.0506564,26268,"Subscriber",1985,1
248,"2018-12-12 20:31:40.7450","2018-12-12 20:35:49.0840",3186,"Grove St PATH",40.71958611647166,-74.04311746358871,3203,"Hamilton Park",40.727595966,-74.044247311,26219,"Subscriber",1986,1
220,"2018-12-12 20:33:18.8190","2018-12-12 20:36:59.4540",3186,"Grove St PATH",40.71958611647166,-74.04311746358871,3203,"Hamilton Park",40.727595966,-74.044247311,29552,"Subscriber",1983,1
202,"2018-12-12 20:37:39.0610","2018-12-12 20:41:01.8520",3186,"Grove St PATH",40.71958611647166,-74.04311746358871,3276,"Marin Light Rail",40.71458403535893,-74.04281705617905,29286,"Subscriber",1986,1
279,"2018-12-12 20:38:20.1330","2018-12-12 20:42:59.7580",3186,"Grove St PATH",40.71958611647166,-74.04311746358871,3203,"Hamilton Park",40.727595966,-74.044247311,26153,"Subscriber",1990,2
231,"2018-12-12 20:43:20.3130","2018-12-12 20:47:11.4480",3186,"Grove St PATH",40.71958611647166,-74.04311746358871,3269,"Brunswick & 6th",40.72601172964625,-74.05038893222809,29664,"Subscriber",1991,1
284,"2018-12-12 20:43:35.2810","2018-12-12 20:48:19.7690",3186,"Grove St PATH",40.71958611647166,-74.04311746358871,3203,"Hamilton Park",40.727595966,-74.044247311,29225,"Subscriber",1978,1
183,"2018-12-12 20:51:31.8170","2018-12-12 20:54:35.4120",3186,"Grove St PATH",40.71958611647166,-74.04311746358871,3279,"Dixon Mills",40.721630142638354,-74.04996782541275,26173,"Subscriber",1949,1
114,"2018-12-12 20:58:24.8270","2018-12-12 21:00:18.9530",3186,"Grove St PATH",40.71958611647166,-74.04311746358871,3211,"Newark Ave",40.72152515,-74.046304543,26199,"Subscriber",1995,1
238,"2018-12-12 21:03:48.4850","2018-12-12 21:07:47.1950",3186,"Grove St PATH",40.71958611647166,-74.04311746358871,3681,"Grand St",40.71517767732029,-74.03768330812454,26192,"Subscriber",1974,1
313,"2018-12-12 21:05:00.9090","2018-12-12 21:10:14.6400",3186,"Grove St PATH",40.71958611647166,-74.04311746358871,3209,"Brunswick St",40.7241765,-74.0506564,29490,"Subscriber",1985,1
151,"2018-12-12 21:05:13.3770","2018-12-12 21:07:44.6430",3186,"Grove St PATH",40.71958611647166,-74.04311746358871,3213,"Van Vorst Park",40.71848892,-74.047726625,29537,"Subscriber",1990,1
207,"2018-12-12 21:05:28.9260","2018-12-12 21:08:56.1540",3186,"Grove St PATH",40.71958611647166,-74.04311746358871,3213,"Van Vorst Park",40.71848892,-74.047726625,29529,"Subscriber",1983,1
595,"2018-12-12 21:05:34.8730","2018-12-12 21:15:30.3020",3186,"Grove St PATH",40.71958611647166,-74.04311746358871,3209,"Brunswick St",40.7241765,-74.0506564,29250,"Subscriber",1980,1
171,"2018-12-12 21:10:28.5560","2018-12-12 21:13:19.5560",3186,"Grove St PATH",40.71958611647166,-74.04311746358871,3276,"Marin Light Rail",40.71458403535893,-74.04281705617905,29284,"Subscriber",1967,1
293,"2018-12-12 21:28:04.1480","2018-12-12 21:32:57.9500",3186,"Grove St PATH",40.71958611647166,-74.04311746358871,3209,"Brunswick St",40.7241765,-74.0506564,29582,"Subscriber",1980,2
213,"2018-12-12 21:36:41.1060","2018-12-12 21:40:14.7640",3186,"Grove St PATH",40.71958611647166,-74.04311746358871,3279,"Dixon Mills",40.721630142638354,-74.04996782541275,29272,"Subscriber",1990,2
259,"2018-12-12 21:44:00.8360","2018-12-12 21:48:20.1380",3186,"Grove St PATH",40.71958611647166,-74.04311746358871,3203,"Hamilton Park",40.727595966,-74.044247311,29243,"Subscriber",1990,2
162,"2018-12-12 21:55:11.1620","2018-12-12 21:57:53.2450",3186,"Grove St PATH",40.71958611647166,-74.04311746358871,3279,"Dixon Mills",40.721630142638354,-74.04996782541275,29657,"Subscriber",1993,1
204,"2018-12-12 21:56:02.0540","2018-12-12 21:59:26.2220",3186,"Grove St PATH",40.71958611647166,-74.04311746358871,3203,"Hamilton Park",40.727595966,-74.044247311,26199,"Subscriber",1973,1
226,"2018-12-12 21:56:37.9550","2018-12-12 22:00:24.4050",3186,"Grove St PATH",40.71958611647166,-74.04311746358871,3483,"Montgomery St",40.71942,-74.05099,29220,"Subscriber",1958,1
120,"2018-12-12 22:05:07.2680","2018-12-12 22:07:07.6890",3186,"Grove St PATH",40.71958611647166,-74.04311746358871,3213,"Van Vorst Park",40.71848892,-74.047726625,29278,"Subscriber",1989,2
551,"2018-12-12 22:44:55.6970","2018-12-12 22:54:06.9340",3186,"Grove St PATH",40.71958611647166,-74.04311746358871,3192,"Liberty Light Rail",40.7112423,-74.0557013,29553,"Subscriber",1977,1
146,"2018-12-13 00:39:52.8030","2018-12-13 00:42:19.0470",3186,"Grove St PATH",40.71958611647166,-74.04311746358871,3213,"Van Vorst Park",40.71848892,-74.047726625,29452,"Subscriber",1977,1
1175,"2018-12-13 01:27:07.9830","2018-12-13 01:46:43.4750",3186,"Grove St PATH",40.71958611647166,-74.04311746358871,3277,"Communipaw & Berry Lane",40.71435836870427,-74.06661093235016,29544,"Subscriber",1988,1
73,"2018-12-13 06:45:47.6970","2018-12-13 06:47:00.9850",3186,"Grove St PATH",40.71958611647166,-74.04311746358871,3273,"Manila & 1st",40.721650724879986,-74.04288411140442,29286,"Subscriber",1983,1
80,"2018-12-13 06:49:09.5230","2018-12-13 06:50:29.5920",3186,"Grove St PATH",40.71958611647166,-74.04311746358871,3273,"Manila & 1st",40.721650724879986,-74.04288411140442,29629,"Subscriber",1983,1
399,"2018-12-13 07:10:24.2030","2018-12-13 07:17:04.1190",3186,"Grove St PATH",40.71958611647166,-74.04311746358871,3205,"JC Medical Center",40.71653978099194,-74.0496379137039,29676,"Subscriber",1956,1
365,"2018-12-13 07:18:57.0600","2018-12-13 07:25:02.2690",3186,"Grove St PATH",40.71958611647166,-74.04311746358871,3638,"Washington St",40.7242941,-74.0354826,29593,"Subscriber",1974,2
209,"2018-12-13 08:02:03.5840","2018-12-13 08:05:33.1280",3186,"Grove St PATH",40.71958611647166,-74.04311746358871,3205,"JC Medical Center",40.71653978099194,-74.0496379137039,26248,"Subscriber",1976,2
302,"2018-12-13 08:26:18.0510","2018-12-13 08:31:20.2220",3186,"Grove St PATH",40.71958611647166,-74.04311746358871,3183,"Exchange Place",40.7162469,-74.0334588,29243,"Subscriber",1976,1
165,"2018-12-13 08:51:27.2920","2018-12-13 08:54:12.5240",3186,"Grove St PATH",40.71958611647166,-74.04311746358871,3279,"Dixon Mills",40.721630142638354,-74.04996782541275,29680,"Subscriber",1987,1
728,"2018-12-13 09:09:39.9940","2018-12-13 09:21:48.6170",3186,"Grove St PATH",40.71958611647166,-74.04311746358871,3199,"Newport Pkwy",40.7287448,-74.0321082,26184,"Subscriber",1970,1
191,"2018-12-13 09:36:20.6100","2018-12-13 09:39:31.9030",3186,"Grove St PATH",40.71958611647166,-74.04311746358871,3209,"Brunswick St",40.7241765,-74.0506564,26186,"Subscriber",1991,1
284,"2018-12-13 11:07:48.5220","2018-12-13 11:12:32.6320",3186,"Grove St PATH",40.71958611647166,-74.04311746358871,3183,"Exchange Place",40.7162469,-74.0334588,29606,"Subscriber",1978,1
133,"2018-12-13 11:59:34.6520","2018-12-13 12:01:47.7300",3186,"Grove St PATH",40.71958611647166,-74.04311746358871,3211,"Newark Ave",40.72152515,-74.046304543,29207,"Subscriber",1964,1
637,"2018-12-13 12:02:25.9200","2018-12-13 12:13:03.0830",3186,"Grove St PATH",40.71958611647166,-74.04311746358871,3277,"Communipaw & Berry Lane",40.71435836870427,-74.06661093235016,29450,"Subscriber",1975,1
284,"2018-12-13 12:17:34.6100","2018-12-13 12:22:18.9770",3186,"Grove St PATH",40.71958611647166,-74.04311746358871,3269,"Brunswick & 6th",40.72601172964625,-74.05038893222809,29674,"Subscriber",1985,1
202,"2018-12-13 13:07:25.5750","2018-12-13 13:10:48.3970",3186,"Grove St PATH",40.71958611647166,-74.04311746358871,3276,"Marin Light Rail",40.71458403535893,-74.04281705617905,29284,"Subscriber",1994,1
463,"2018-12-13 14:09:33.3960","2018-12-13 14:17:17.0190",3186,"Grove St PATH",40.71958611647166,-74.04311746358871,3184,"Paulus Hook",40.7141454,-74.0335519,29222,"Subscriber",1981,1
197,"2018-12-13 15:09:16.4150","2018-12-13 15:12:34.3140",3186,"Grove St PATH",40.71958611647166,-74.04311746358871,3279,"Dixon Mills",40.721630142638354,-74.04996782541275,26173,"Subscriber",1981,2
1176,"2018-12-13 15:16:49.7520","2018-12-13 15:36:26.3030",3186,"Grove St PATH",40.71958611647166,-74.04311746358871,3203,"Hamilton Park",40.727595966,-74.044247311,29604,"Subscriber",1971,2
569,"2018-12-13 15:35:24.2360","2018-12-13 15:44:53.4360",3186,"Grove St PATH",40.71958611647166,-74.04311746358871,3681,"Grand St",40.71517767732029,-74.03768330812454,29672,"Subscriber",1971,1
472,"2018-12-13 15:45:37.1140","2018-12-13 15:53:29.9670",3186,"Grove St PATH",40.71958611647166,-74.04311746358871,3192,"Liberty Light Rail",40.7112423,-74.0557013,29201,"Subscriber",1988,1
286,"2018-12-13 15:46:03.8820","2018-12-13 15:50:50.2690",3186,"Grove St PATH",40.71958611647166,-74.04311746358871,3267,"Morris Canal",40.7124188237569,-74.03852552175522,26284,"Subscriber",1969,1
412,"2018-12-13 15:56:07.2560","2018-12-13 16:02:59.7400",3186,"Grove St PATH",40.71958611647166,-74.04311746358871,3225,"Baldwin at Montgomery",40.7236589,-74.0641943,29657,"Subscriber",1993,1
277,"2018-12-13 15:57:00.9210","2018-12-13 16:01:38.8650",3186,"Grove St PATH",40.71958611647166,-74.04311746358871,3209,"Brunswick St",40.7241765,-74.0506564,33744,"Subscriber",1986,1
318,"2018-12-13 15:58:35.4240","2018-12-13 16:03:53.8810",3186,"Grove St PATH",40.71958611647166,-74.04311746358871,3205,"JC Medical Center",40.71653978099194,-74.0496379137039,29516,"Subscriber",1959,2
279,"2018-12-13 16:26:52.2670","2018-12-13 16:31:32.0650",3186,"Grove St PATH",40.71958611647166,-74.04311746358871,3269,"Brunswick & 6th",40.72601172964625,-74.05038893222809,29230,"Subscriber",1989,1
197,"2018-12-13 16:39:25.5240","2018-12-13 16:42:43.4430",3186,"Grove St PATH",40.71958611647166,-74.04311746358871,3279,"Dixon Mills",40.721630142638354,-74.04996782541275,26172,"Subscriber",1989,1
409,"2018-12-13 16:40:48.0380","2018-12-13 16:47:38.0170",3186,"Grove St PATH",40.71958611647166,-74.04311746358871,3203,"Hamilton Park",40.727595966,-74.044247311,26202,"Subscriber",1964,1
241,"2018-12-13 16:41:37.0690","2018-12-13 16:45:38.6440",3186,"Grove St PATH",40.71958611647166,-74.04311746358871,3209,"Brunswick St",40.7241765,-74.0506564,26233,"Subscriber",1980,1
347,"2018-12-13 16:59:36.0760","2018-12-13 17:05:23.6370",3186,"Grove St PATH",40.71958611647166,-74.04311746358871,3269,"Brunswick & 6th",40.72601172964625,-74.05038893222809,29450,"Subscriber",1984,2
544,"2018-12-13 17:11:00.3750","2018-12-13 17:20:05.1500",3186,"Grove St PATH",40.71958611647166,-74.04311746358871,3268,"Lafayette Park",40.71346382669195,-74.06285852193832,26264,"Subscriber",1989,1
316,"2018-12-13 17:12:24.6550","2018-12-13 17:17:40.7760",3186,"Grove St PATH",40.71958611647166,-74.04311746358871,3209,"Brunswick St",40.7241765,-74.0506564,29272,"Subscriber",1979,2
311,"2018-12-13 17:22:42.0350","2018-12-13 17:27:53.2270",3186,"Grove St PATH",40.71958611647166,-74.04311746358871,3278,"Monmouth and 6th",40.72568548362901,-74.04879033565521,29215,"Subscriber",1982,2
232,"2018-12-13 17:26:46.3200","2018-12-13 17:30:38.4640",3186,"Grove St PATH",40.71958611647166,-74.04311746358871,3270,"Jersey & 6th St",40.72528910781132,-74.04557168483734,26192,"Subscriber",1985,1
331,"2018-12-13 17:30:39.9980","2018-12-13 17:36:11.8360",3186,"Grove St PATH",40.71958611647166,-74.04311746358871,3278,"Monmouth and 6th",40.72568548362901,-74.04879033565521,26203,"Subscriber",1986,2
194,"2018-12-13 17:34:10.6420","2018-12-13 17:37:24.9450",3186,"Grove St PATH",40.71958611647166,-74.04311746358871,3205,"JC Medical Center",40.71653978099194,-74.0496379137039,29220,"Subscriber",1969,0
143,"2018-12-13 17:34:23.4960","2018-12-13 17:36:47.3170",3186,"Grove St PATH",40.71958611647166,-74.04311746358871,3279,"Dixon Mills",40.721630142638354,-74.04996782541275,29534,"Subscriber",1970,1
318,"2018-12-13 17:37:58.3750","2018-12-13 17:43:16.7190",3186,"Grove St PATH",40.71958611647166,-74.04311746358871,3203,"Hamilton Park",40.727595966,-74.044247311,29469,"Subscriber",1978,1
213,"2018-12-13 17:41:08.8650","2018-12-13 17:44:42.7970",3186,"Grove St PATH",40.71958611647166,-74.04311746358871,3203,"Hamilton Park",40.727595966,-74.044247311,29450,"Subscriber",1979,1
246,"2018-12-13 17:41:48.8710","2018-12-13 17:45:55.5700",3186,"Grove St PATH",40.71958611647166,-74.04311746358871,3209,"Brunswick St",40.7241765,-74.0506564,26286,"Subscriber",1977,2
326,"2018-12-13 17:43:27.8220","2018-12-13 17:48:54.4230",3186,"Grove St PATH",40.71958611647166,-74.04311746358871,3209,"Brunswick St",40.7241765,-74.0506564,26280,"Subscriber",1990,1
358,"2018-12-13 17:43:39.4000","2018-12-13 17:49:37.6530",3186,"Grove St PATH",40.71958611647166,-74.04311746358871,3209,"Brunswick St",40.7241765,-74.0506564,26164,"Subscriber",1978,2
299,"2018-12-13 17:43:40.8110","2018-12-13 17:48:39.9170",3186,"Grove St PATH",40.71958611647166,-74.04311746358871,3267,"Morris Canal",40.7124188237569,-74.03852552175522,29250,"Subscriber",1975,1
324,"2018-12-13 17:44:54.6640","2018-12-13 17:50:18.9840",3186,"Grove St PATH",40.71958611647166,-74.04311746358871,3278,"Monmouth and 6th",40.72568548362901,-74.04879033565521,29252,"Subscriber",1984,1
316,"2018-12-13 17:49:47.7780","2018-12-13 17:55:04.7630",3186,"Grove St PATH",40.71958611647166,-74.04311746358871,3269,"Brunswick & 6th",40.72601172964625,-74.05038893222809,26291,"Subscriber",1978,1
307,"2018-12-13 17:50:13.6960","2018-12-13 17:55:21.3710",3186,"Grove St PATH",40.71958611647166,-74.04311746358871,3270,"Jersey & 6th St",40.72528910781132,-74.04557168483734,29471,"Subscriber",1980,2
293,"2018-12-13 17:56:03.6640","2018-12-13 18:00:57.6040",3186,"Grove St PATH",40.71958611647166,-74.04311746358871,3276,"Marin Light Rail",40.71458403535893,-74.04281705617905,29611,"Subscriber",1989,1
210,"2018-12-13 18:17:08.7710","2018-12-13 18:20:39.3700",3186,"Grove St PATH",40.71958611647166,-74.04311746358871,3187,"Warren St",40.7211236,-74.03805095,29296,"Subscriber",1989,1
189,"2018-12-13 18:18:09.3120","2018-12-13 18:21:18.8860",3186,"Grove St PATH",40.71958611647166,-74.04311746358871,3276,"Marin Light Rail",40.71458403535893,-74.04281705617905,29640,"Subscriber",1989,1
329,"2018-12-13 18:18:18.9520","2018-12-13 18:23:48.4490",3186,"Grove St PATH",40.71958611647166,-74.04311746358871,3203,"Hamilton Park",40.727595966,-74.044247311,29619,"Subscriber",1988,1
422,"2018-12-13 18:19:29.2130","2018-12-13 18:26:31.9940",3186,"Grove St PATH",40.71958611647166,-74.04311746358871,3203,"Hamilton Park",40.727595966,-74.044247311,29230,"Subscriber",1964,1
268,"2018-12-13 18:24:52.8000","2018-12-13 18:29:20.8640",3186,"Grove St PATH",40.71958611647166,-74.04311746358871,3203,"Hamilton Park",40.727595966,-74.044247311,26163,"Subscriber",1973,1
195,"2018-12-13 18:28:08.2290","2018-12-13 18:31:24.1100",3186,"Grove St PATH",40.71958611647166,-74.04311746358871,3276,"Marin Light Rail",40.71458403535893,-74.04281705617905,29268,"Subscriber",1979,1
592,"2018-12-13 18:34:34.8660","2018-12-13 18:44:27.8340",3186,"Grove St PATH",40.71958611647166,-74.04311746358871,3192,"Liberty Light Rail",40.7112423,-74.0557013,29540,"Subscriber",1983,1
225,"2018-12-13 18:34:53.3070","2018-12-13 18:38:38.7450",3186,"Grove St PATH",40.71958611647166,-74.04311746358871,3278,"Monmouth and 6th",40.72568548362901,-74.04879033565521,29545,"Subscriber",1978,1
349,"2018-12-13 18:36:43.2620","2018-12-13 18:42:32.6030",3186,"Grove St PATH",40.71958611647166,-74.04311746358871,3203,"Hamilton Park",40.727595966,-74.044247311,26197,"Subscriber",1970,2
181,"2018-12-13 18:36:55.0960","2018-12-13 18:39:56.5350",3186,"Grove St PATH",40.71958611647166,-74.04311746358871,3272,"Jersey & 3rd",40.72333158646436,-74.04595255851744,29601,"Subscriber",1977,1
226,"2018-12-13 18:38:04.0510","2018-12-13 18:41:50.4670",3186,"Grove St PATH",40.71958611647166,-74.04311746358871,3278,"Monmouth and 6th",40.72568548362901,-74.04879033565521,29616,"Subscriber",1980,1
277,"2018-12-13 18:40:33.1460","2018-12-13 18:45:10.3470",3186,"Grove St PATH",40.71958611647166,-74.04311746358871,3269,"Brunswick & 6th",40.72601172964625,-74.05038893222809,29247,"Subscriber",1992,1
634,"2018-12-13 18:41:22.2360","2018-12-13 18:51:57.0690",3186,"Grove St PATH",40.71958611647166,-74.04311746358871,3192,"Liberty Light Rail",40.7112423,-74.0557013,26199,"Subscriber",1990,1
300,"2018-12-13 18:43:43.6180","2018-12-13 18:48:44.3590",3186,"Grove St PATH",40.71958611647166,-74.04311746358871,3203,"Hamilton Park",40.727595966,-74.044247311,29231,"Subscriber",1988,1
349,"2018-12-13 18:46:41.2460","2018-12-13 18:52:30.7210",3186,"Grove St PATH",40.71958611647166,-74.04311746358871,3483,"Montgomery St",40.71942,-74.05099,29275,"Subscriber",1985,1
182,"2018-12-13 18:48:26.7050","2018-12-13 18:51:29.3970",3186,"Grove St PATH",40.71958611647166,-74.04311746358871,3276,"Marin Light Rail",40.71458403535893,-74.04281705617905,29467,"Subscriber",1991,1
407,"2018-12-13 18:49:40.1490","2018-12-13 18:56:27.1640",3186,"Grove St PATH",40.71958611647166,-74.04311746358871,3270,"Jersey & 6th St",40.72528910781132,-74.04557168483734,26211,"Subscriber",1956,1
147,"2018-12-13 18:51:47.8820","2018-12-13 18:54:15.8280",3186,"Grove St PATH",40.71958611647166,-74.04311746358871,3276,"Marin Light Rail",40.71458403535893,-74.04281705617905,29679,"Subscriber",1986,1
198,"2018-12-13 18:53:06.1850","2018-12-13 18:56:24.9030",3186,"Grove St PATH",40.71958611647166,-74.04311746358871,3276,"Marin Light Rail",40.71458403535893,-74.04281705617905,26198,"Subscriber",1968,1
979,"2018-12-13 18:56:46.7880","2018-12-13 19:13:05.8380",3186,"Grove St PATH",40.71958611647166,-74.04311746358871,3201,"Dey St",40.737711,-74.066921,33744,"Subscriber",1989,1
226,"2018-12-13 19:00:52.3740","2018-12-13 19:04:39.0050",3186,"Grove St PATH",40.71958611647166,-74.04311746358871,3278,"Monmouth and 6th",40.72568548362901,-74.04879033565521,26160,"Subscriber",1993,1
301,"2018-12-13 19:01:52.7150","2018-12-13 19:06:54.5360",3186,"Grove St PATH",40.71958611647166,-74.04311746358871,3269,"Brunswick & 6th",40.72601172964625,-74.05038893222809,29676,"Subscriber",1986,2
490,"2018-12-13 19:02:02.0000","2018-12-13 19:10:12.0050",3186,"Grove St PATH",40.71958611647166,-74.04311746358871,3192,"Liberty Light Rail",40.7112423,-74.0557013,29576,"Subscriber",1985,1
174,"2018-12-13 19:04:10.7390","2018-12-13 19:07:05.4030",3186,"Grove St PATH",40.71958611647166,-74.04311746358871,3211,"Newark Ave",40.72152515,-74.046304543,29125,"Subscriber",1979,1
297,"2018-12-13 19:05:05.2820","2018-12-13 19:10:02.7450",3186,"Grove St PATH",40.71958611647166,-74.04311746358871,3203,"Hamilton Park",40.727595966,-74.044247311,26196,"Subscriber",1977,1
343,"2018-12-13 19:06:07.5120","2018-12-13 19:11:51.0940",3186,"Grove St PATH",40.71958611647166,-74.04311746358871,3270,"Jersey & 6th St",40.72528910781132,-74.04557168483734,29578,"Subscriber",1962,1
254,"2018-12-13 19:06:15.6620","2018-12-13 19:10:29.7840",3186,"Grove St PATH",40.71958611647166,-74.04311746358871,3270,"Jersey & 6th St",40.72528910781132,-74.04557168483734,29204,"Subscriber",1981,1
317,"2018-12-13 19:10:32.5110","2018-12-13 19:15:49.5360",3186,"Grove St PATH",40.71958611647166,-74.04311746358871,3203,"Hamilton Park",40.727595966,-74.044247311,26270,"Subscriber",1987,2
461,"2018-12-13 19:10:47.9100","2018-12-13 19:18:29.5570",3186,"Grove St PATH",40.71958611647166,-74.04311746358871,3270,"Jersey & 6th St",40.72528910781132,-74.04557168483734,29221,"Subscriber",1976,1
404,"2018-12-13 19:17:15.5520","2018-12-13 19:24:00.0170",3186,"Grove St PATH",40.71958611647166,-74.04311746358871,3187,"Warren St",40.7211236,-74.03805095,26246,"Subscriber",1990,2
173,"2018-12-13 19:21:29.6620","2018-12-13 19:24:23.6130",3186,"Grove St PATH",40.71958611647166,-74.04311746358871,3213,"Van Vorst Park",40.71848892,-74.047726625,29487,"Subscriber",1984,1
408,"2018-12-13 19:32:07.0300","2018-12-13 19:38:55.7860",3186,"Grove St PATH",40.71958611647166,-74.04311746358871,3209,"Brunswick St",40.7241765,-74.0506564,29465,"Subscriber",1959,1
311,"2018-12-13 19:42:45.6630","2018-12-13 19:47:57.6330",3186,"Grove St PATH",40.71958611647166,-74.04311746358871,3483,"Montgomery St",40.71942,-74.05099,29261,"Subscriber",1991,1
299,"2018-12-13 19:42:58.5870","2018-12-13 19:47:58.1190",3186,"Grove St PATH",40.71958611647166,-74.04311746358871,3483,"Montgomery St",40.71942,-74.05099,29602,"Subscriber",1993,2
297,"2018-12-13 19:46:02.2950","2018-12-13 19:51:00.1630",3186,"Grove St PATH",40.71958611647166,-74.04311746358871,3483,"Montgomery St",40.71942,-74.05099,26257,"Subscriber",1991,1
322,"2018-12-13 19:46:08.2980","2018-12-13 19:51:30.4740",3186,"Grove St PATH",40.71958611647166,-74.04311746358871,3184,"Paulus Hook",40.7141454,-74.0335519,29460,"Subscriber",1963,1
458,"2018-12-13 19:48:06.4180","2018-12-13 19:55:44.8160",3186,"Grove St PATH",40.71958611647166,-74.04311746358871,3276,"Marin Light Rail",40.71458403535893,-74.04281705617905,29203,"Subscriber",1986,1
328,"2018-12-13 19:52:15.7770","2018-12-13 19:57:44.2130",3186,"Grove St PATH",40.71958611647166,-74.04311746358871,3209,"Brunswick St",40.7241765,-74.0506564,26297,"Subscriber",1996,1
169,"2018-12-13 19:52:55.0480","2018-12-13 19:55:44.5890",3186,"Grove St PATH",40.71958611647166,-74.04311746358871,3272,"Jersey & 3rd",40.72333158646436,-74.04595255851744,29554,"Subscriber",1961,1
273,"2018-12-13 19:57:47.5390","2018-12-13 20:02:20.7670",3186,"Grove St PATH",40.71958611647166,-74.04311746358871,3269,"Brunswick & 6th",40.72601172964625,-74.05038893222809,29199,"Subscriber",1981,2
260,"2018-12-13 20:00:50.9200","2018-12-13 20:05:11.4300",3186,"Grove St PATH",40.71958611647166,-74.04311746358871,3276,"Marin Light Rail",40.71458403535893,-74.04281705617905,29499,"Subscriber",1990,1
310,"2018-12-13 20:02:34.7680","2018-12-13 20:07:45.3610",3186,"Grove St PATH",40.71958611647166,-74.04311746358871,3209,"Brunswick St",40.7241765,-74.0506564,26186,"Subscriber",1993,1
206,"2018-12-13 20:06:36.4920","2018-12-13 20:10:02.8890",3186,"Grove St PATH",40.71958611647166,-74.04311746358871,3276,"Marin Light Rail",40.71458403535893,-74.04281705617905,29440,"Subscriber",1990,1
198,"2018-12-13 20:16:08.1870","2018-12-13 20:19:26.9210",3186,"Grove St PATH",40.71958611647166,-74.04311746358871,3483,"Montgomery St",40.71942,-74.05099,29589,"Subscriber",1994,1
616,"2018-12-13 20:16:23.3080","2018-12-13 20:26:40.0070",3186,"Grove St PATH",40.71958611647166,-74.04311746358871,3192,"Liberty Light Rail",40.7112423,-74.0557013,29263,"Subscriber",1988,1
260,"2018-12-13 20:28:22.6100","2018-12-13 20:32:43.3590",3186,"Grove St PATH",40.71958611647166,-74.04311746358871,3681,"Grand St",40.71517767732029,-74.03768330812454,29293,"Subscriber",1984,1
196,"2018-12-13 20:29:51.5590","2018-12-13 20:33:07.6500",3186,"Grove St PATH",40.71958611647166,-74.04311746358871,3276,"Marin Light Rail",40.71458403535893,-74.04281705617905,29123,"Subscriber",1967,1
444,"2018-12-13 20:46:47.3320","2018-12-13 20:54:11.7400",3186,"Grove St PATH",40.71958611647166,-74.04311746358871,3681,"Grand St",40.71517767732029,-74.03768330812454,29529,"Subscriber",1994,1
477,"2018-12-13 20:47:18.6730","2018-12-13 20:55:16.5290",3186,"Grove St PATH",40.71958611647166,-74.04311746358871,3214,"Essex Light Rail",40.7127742,-74.0364857,29629,"Subscriber",1981,2
263,"2018-12-13 20:47:24.4870","2018-12-13 20:51:47.6970",3186,"Grove St PATH",40.71958611647166,-74.04311746358871,3278,"Monmouth and 6th",40.72568548362901,-74.04879033565521,29468,"Subscriber",1981,2
202,"2018-12-13 20:49:07.0840","2018-12-13 20:52:29.8480",3186,"Grove St PATH",40.71958611647166,-74.04311746358871,3279,"Dixon Mills",40.721630142638354,-74.04996782541275,29674,"Subscriber",1949,1
332,"2018-12-13 20:58:18.1070","2018-12-13 21:03:50.9910",3186,"Grove St PATH",40.71958611647166,-74.04311746358871,3205,"JC Medical Center",40.71653978099194,-74.0496379137039,29535,"Subscriber",1991,2
253,"2018-12-13 20:58:55.8010","2018-12-13 21:03:09.0860",3186,"Grove St PATH",40.71958611647166,-74.04311746358871,3278,"Monmouth and 6th",40.72568548362901,-74.04879033565521,29612,"Subscriber",1977,1
238,"2018-12-13 21:01:27.8600","2018-12-13 21:05:26.7290",3186,"Grove St PATH",40.71958611647166,-74.04311746358871,3203,"Hamilton Park",40.727595966,-74.044247311,29125,"Subscriber",1983,1
174,"2018-12-13 21:09:24.5970","2018-12-13 21:12:19.1460",3186,"Grove St PATH",40.71958611647166,-74.04311746358871,3279,"Dixon Mills",40.721630142638354,-74.04996782541275,29573,"Subscriber",1977,2
247,"2018-12-13 21:15:49.4500","2018-12-13 21:19:56.5940",3186,"Grove St PATH",40.71958611647166,-74.04311746358871,3203,"Hamilton Park",40.727595966,-74.044247311,29516,"Subscriber",1980,1
265,"2018-12-13 21:16:10.7360","2018-12-13 21:20:36.7250",3186,"Grove St PATH",40.71958611647166,-74.04311746358871,3278,"Monmouth and 6th",40.72568548362901,-74.04879033565521,26275,"Subscriber",1983,2
221,"2018-12-13 21:26:25.3450","2018-12-13 21:30:06.5470",3186,"Grove St PATH",40.71958611647166,-74.04311746358871,3270,"Jersey & 6th St",40.72528910781132,-74.04557168483734,29507,"Subscriber",1996,2
197,"2018-12-13 21:26:21.1310","2018-12-13 21:29:39.1290",3186,"Grove St PATH",40.71958611647166,-74.04311746358871,3209,"Brunswick St",40.7241765,-74.0506564,29614,"Subscriber",1975,1
186,"2018-12-13 21:27:39.6910","2018-12-13 21:30:45.7700",3186,"Grove St PATH",40.71958611647166,-74.04311746358871,3481,"York St",40.71649,-74.04105,26282,"Subscriber",1954,2
262,"2018-12-13 21:56:04.6740","2018-12-13 22:00:27.6400",3186,"Grove St PATH",40.71958611647166,-74.04311746358871,3278,"Monmouth and 6th",40.72568548362901,-74.04879033565521,26296,"Subscriber",1988,2
76,"2018-12-14 06:45:41.3660","2018-12-14 06:46:58.1960",3186,"Grove St PATH",40.71958611647166,-74.04311746358871,3273,"Manila & 1st",40.721650724879986,-74.04288411140442,29598,"Subscriber",1983,1
80,"2018-12-14 06:49:12.0510","2018-12-14 06:50:32.5430",3186,"Grove St PATH",40.71958611647166,-74.04311746358871,3273,"Manila & 1st",40.721650724879986,-74.04288411140442,26263,"Subscriber",1983,1
266,"2018-12-14 07:06:09.5970","2018-12-14 07:10:35.8650",3186,"Grove St PATH",40.71958611647166,-74.04311746358871,3205,"JC Medical Center",40.71653978099194,-74.0496379137039,26173,"Subscriber",1976,2
307,"2018-12-14 07:15:56.3310","2018-12-14 07:21:03.7670",3186,"Grove St PATH",40.71958611647166,-74.04311746358871,3187,"Warren St",40.7211236,-74.03805095,29475,"Subscriber",1969,1
113,"2018-12-14 08:35:42.3080","2018-12-14 08:37:36.2020",3186,"Grove St PATH",40.71958611647166,-74.04311746358871,3211,"Newark Ave",40.72152515,-74.046304543,29207,"Subscriber",1987,1
84,"2018-12-14 08:41:09.5420","2018-12-14 08:42:34.0830",3186,"Grove St PATH",40.71958611647166,-74.04311746358871,3211,"Newark Ave",40.72152515,-74.046304543,26279,"Subscriber",1987,1
1523,"2018-12-14 08:43:34.0400","2018-12-14 09:08:57.0960",3186,"Grove St PATH",40.71958611647166,-74.04311746358871,3209,"Brunswick St",40.7241765,-74.0506564,29286,"Subscriber",1971,2
686,"2018-12-14 08:45:25.6460","2018-12-14 08:56:52.6300",3186,"Grove St PATH",40.71958611647166,-74.04311746358871,3186,"Grove St PATH",40.71958611647166,-74.04311746358871,29215,"Subscriber",1977,1
138,"2018-12-14 08:46:30.3570","2018-12-14 08:48:48.5740",3186,"Grove St PATH",40.71958611647166,-74.04311746358871,3279,"Dixon Mills",40.721630142638354,-74.04996782541275,29224,"Subscriber",1987,1
313,"2018-12-14 08:51:12.1910","2018-12-14 08:56:25.9140",3186,"Grove St PATH",40.71958611647166,-74.04311746358871,3183,"Exchange Place",40.7162469,-74.0334588,29672,"Subscriber",1991,1
304,"2018-12-14 08:54:12.7450","2018-12-14 08:59:17.4570",3186,"Grove St PATH",40.71958611647166,-74.04311746358871,3214,"Essex Light Rail",40.7127742,-74.0364857,26248,"Subscriber",1983,1
370,"2018-12-14 08:55:30.8490","2018-12-14 09:01:41.1240",3186,"Grove St PATH",40.71958611647166,-74.04311746358871,3214,"Essex Light Rail",40.7127742,-74.0364857,26213,"Subscriber",1981,1
179,"2018-12-14 08:55:45.2800","2018-12-14 08:58:44.5210",3186,"Grove St PATH",40.71958611647166,-74.04311746358871,3483,"Montgomery St",40.71942,-74.05099,26164,"Subscriber",1987,1
164,"2018-12-14 09:01:15.5500","2018-12-14 09:04:00.1980",3186,"Grove St PATH",40.71958611647166,-74.04311746358871,3272,"Jersey & 3rd",40.72333158646436,-74.04595255851744,29679,"Subscriber",1981,1
283,"2018-12-14 09:05:54.2190","2018-12-14 09:10:38.1830",3186,"Grove St PATH",40.71958611647166,-74.04311746358871,3276,"Marin Light Rail",40.71458403535893,-74.04281705617905,29664,"Subscriber",1974,1
236,"2018-12-14 09:22:07.8800","2018-12-14 09:26:04.1290",3186,"Grove St PATH",40.71958611647166,-74.04311746358871,3276,"Marin Light Rail",40.71458403535893,-74.04281705617905,29469,"Subscriber",1994,1
2514,"2018-12-14 09:26:59.6510","2018-12-14 10:08:54.2290",3186,"Grove St PATH",40.71958611647166,-74.04311746358871,3205,"JC Medical Center",40.71653978099194,-74.0496379137039,26280,"Subscriber",1959,2
297,"2018-12-14 10:10:12.0440","2018-12-14 10:15:09.1270",3186,"Grove St PATH",40.71958611647166,-74.04311746358871,3209,"Brunswick St",40.7241765,-74.0506564,29661,"Subscriber",1979,2
1060,"2018-12-14 10:19:00.9560","2018-12-14 10:36:41.0820",3186,"Grove St PATH",40.71958611647166,-74.04311746358871,3267,"Morris Canal",40.7124188237569,-74.03852552175522,26161,"Subscriber",1967,2
198,"2018-12-14 10:21:25.4910","2018-12-14 10:24:44.1630",3186,"Grove St PATH",40.71958611647166,-74.04311746358871,3203,"Hamilton Park",40.727595966,-74.044247311,29286,"Subscriber",1979,1
314,"2018-12-14 10:35:25.2150","2018-12-14 10:40:40.1570",3186,"Grove St PATH",40.71958611647166,-74.04311746358871,3278,"Monmouth and 6th",40.72568548362901,-74.04879033565521,26293,"Subscriber",1991,2
265,"2018-12-14 10:49:43.4980","2018-12-14 10:54:09.2830",3186,"Grove St PATH",40.71958611647166,-74.04311746358871,3203,"Hamilton Park",40.727595966,-74.044247311,29203,"Subscriber",1973,1
223,"2018-12-14 10:56:30.4640","2018-12-14 11:00:13.5970",3186,"Grove St PATH",40.71958611647166,-74.04311746358871,3209,"Brunswick St",40.7241765,-74.0506564,26233,"Subscriber",1980,1
174,"2018-12-14 11:10:25.9030","2018-12-14 11:13:20.6360",3186,"Grove St PATH",40.71958611647166,-74.04311746358871,3213,"Van Vorst Park",40.71848892,-74.047726625,29252,"Subscriber",1977,1
319,"2018-12-14 11:11:10.2530","2018-12-14 11:16:30.2240",3186,"Grove St PATH",40.71958611647166,-74.04311746358871,3278,"Monmouth and 6th",40.72568548362901,-74.04879033565521,29286,"Subscriber",1988,2
267,"2018-12-14 12:28:02.6020","2018-12-14 12:32:29.7580",3186,"Grove St PATH",40.71958611647166,-74.04311746358871,3276,"Marin Light Rail",40.71458403535893,-74.04281705617905,26225,"Subscriber",1972,1
169,"2018-12-14 13:25:20.7030","2018-12-14 13:28:09.8740",3186,"Grove St PATH",40.71958611647166,-74.04311746358871,3209,"Brunswick St",40.7241765,-74.0506564,29262,"Subscriber",1991,1
260,"2018-12-14 13:39:26.9410","2018-12-14 13:43:47.3230",3186,"Grove St PATH",40.71958611647166,-74.04311746358871,3203,"Hamilton Park",40.727595966,-74.044247311,26199,"Subscriber",1964,1
268,"2018-12-14 13:53:06.1190","2018-12-14 13:57:34.6190",3186,"Grove St PATH",40.71958611647166,-74.04311746358871,3269,"Brunswick & 6th",40.72601172964625,-74.05038893222809,26197,"Subscriber",1971,2
848,"2018-12-14 14:33:58.9800","2018-12-14 14:48:06.9970",3186,"Grove St PATH",40.71958611647166,-74.04311746358871,3225,"Baldwin at Montgomery",40.7236589,-74.0641943,26296,"Subscriber",1991,2
511,"2018-12-14 14:37:24.9400","2018-12-14 14:45:56.4900",3186,"Grove St PATH",40.71958611647166,-74.04311746358871,3638,"Washington St",40.7242941,-74.0354826,29679,"Subscriber",1988,1
281,"2018-12-14 14:40:22.1170","2018-12-14 14:45:03.5330",3186,"Grove St PATH",40.71958611647166,-74.04311746358871,3269,"Brunswick & 6th",40.72601172964625,-74.05038893222809,26233,"Subscriber",1988,1
146,"2018-12-14 14:56:39.8380","2018-12-14 14:59:06.3060",3186,"Grove St PATH",40.71958611647166,-74.04311746358871,3211,"Newark Ave",40.72152515,-74.046304543,29252,"Subscriber",1973,1
166,"2018-12-14 15:03:33.6720","2018-12-14 15:06:20.3310",3186,"Grove St PATH",40.71958611647166,-74.04311746358871,3213,"Van Vorst Park",40.71848892,-74.047726625,29661,"Subscriber",1984,1
638,"2018-12-14 15:06:46.6490","2018-12-14 15:17:25.2320",3186,"Grove St PATH",40.71958611647166,-74.04311746358871,3225,"Baldwin at Montgomery",40.7236589,-74.0641943,29583,"Subscriber",1989,1
260,"2018-12-14 15:09:54.8820","2018-12-14 15:14:15.5920",3186,"Grove St PATH",40.71958611647166,-74.04311746358871,3269,"Brunswick & 6th",40.72601172964625,-74.05038893222809,29573,"Subscriber",1986,1
301,"2018-12-14 15:10:00.1390","2018-12-14 15:15:01.7870",3186,"Grove St PATH",40.71958611647166,-74.04311746358871,3203,"Hamilton Park",40.727595966,-74.044247311,29241,"Subscriber",1984,2
237,"2018-12-14 15:26:11.5560","2018-12-14 15:30:09.1340",3186,"Grove St PATH",40.71958611647166,-74.04311746358871,3270,"Jersey & 6th St",40.72528910781132,-74.04557168483734,26193,"Subscriber",1960,1
193,"2018-12-14 15:34:27.7300","2018-12-14 15:37:41.3070",3186,"Grove St PATH",40.71958611647166,-74.04311746358871,3279,"Dixon Mills",40.721630142638354,-74.04996782541275,29626,"Subscriber",1986,1
218,"2018-12-14 15:36:34.5080","2018-12-14 15:40:12.5420",3186,"Grove St PATH",40.71958611647166,-74.04311746358871,3209,"Brunswick St",40.7241765,-74.0506564,29601,"Subscriber",1989,1
293,"2018-12-14 15:43:41.1850","2018-12-14 15:48:34.2710",3186,"Grove St PATH",40.71958611647166,-74.04311746358871,3183,"Exchange Place",40.7162469,-74.0334588,29508,"Subscriber",1976,1
439,"2018-12-14 15:50:38.3140","2018-12-14 15:57:58.0450",3186,"Grove St PATH",40.71958611647166,-74.04311746358871,3269,"Brunswick & 6th",40.72601172964625,-74.05038893222809,29303,"Subscriber",1980,1
265,"2018-12-14 16:00:46.7030","2018-12-14 16:05:11.9440",3186,"Grove St PATH",40.71958611647166,-74.04311746358871,3203,"Hamilton Park",40.727595966,-74.044247311,29516,"Subscriber",1978,1
1304,"2018-12-14 16:11:26.3290","2018-12-14 16:33:10.7590",3186,"Grove St PATH",40.71958611647166,-74.04311746358871,3483,"Montgomery St",40.71942,-74.05099,26292,"Subscriber",1977,2
291,"2018-12-14 16:16:05.4490","2018-12-14 16:20:57.1810",3186,"Grove St PATH",40.71958611647166,-74.04311746358871,3203,"Hamilton Park",40.727595966,-74.044247311,29278,"Subscriber",1985,1
514,"2018-12-14 16:16:35.8240","2018-12-14 16:25:09.9570",3186,"Grove St PATH",40.71958611647166,-74.04311746358871,3192,"Liberty Light Rail",40.7112423,-74.0557013,29272,"Subscriber",1983,1
266,"2018-12-14 16:27:23.3930","2018-12-14 16:31:50.1700",3186,"Grove St PATH",40.71958611647166,-74.04311746358871,3278,"Monmouth and 6th",40.72568548362901,-74.04879033565521,29606,"Subscriber",1986,2
304,"2018-12-14 16:28:12.3290","2018-12-14 16:33:16.3850",3186,"Grove St PATH",40.71958611647166,-74.04311746358871,3269,"Brunswick & 6th",40.72601172964625,-74.05038893222809,29576,"Subscriber",1986,1
260,"2018-12-14 16:36:38.2660","2018-12-14 16:40:58.8790",3186,"Grove St PATH",40.71958611647166,-74.04311746358871,3270,"Jersey & 6th St",40.72528910781132,-74.04557168483734,29645,"Subscriber",1973,1
103,"2018-12-14 16:38:51.4050","2018-12-14 16:40:35.1180",3186,"Grove St PATH",40.71958611647166,-74.04311746358871,3211,"Newark Ave",40.72152515,-74.046304543,29480,"Subscriber",1993,1
190,"2018-12-14 16:39:00.0350","2018-12-14 16:42:10.0950",3186,"Grove St PATH",40.71958611647166,-74.04311746358871,3272,"Jersey & 3rd",40.72333158646436,-74.04595255851744,29239,"Subscriber",1992,2
190,"2018-12-14 16:41:52.7130","2018-12-14 16:45:02.8430",3186,"Grove St PATH",40.71958611647166,-74.04311746358871,3278,"Monmouth and 6th",40.72568548362901,-74.04879033565521,29655,"Subscriber",1991,1
334,"2018-12-14 16:46:37.1280","2018-12-14 16:52:11.6220",3186,"Grove St PATH",40.71958611647166,-74.04311746358871,3278,"Monmouth and 6th",40.72568548362901,-74.04879033565521,26158,"Subscriber",1981,2
241,"2018-12-14 16:47:47.0600","2018-12-14 16:51:48.1060",3186,"Grove St PATH",40.71958611647166,-74.04311746358871,3276,"Marin Light Rail",40.71458403535893,-74.04281705617905,26197,"Subscriber",1979,1
313,"2018-12-14 16:51:49.8570","2018-12-14 16:57:02.8630",3186,"Grove St PATH",40.71958611647166,-74.04311746358871,3203,"Hamilton Park",40.727595966,-74.044247311,26201,"Subscriber",1978,1
188,"2018-12-14 16:51:57.5080","2018-12-14 16:55:06.1050",3186,"Grove St PATH",40.71958611647166,-74.04311746358871,3270,"Jersey & 6th St",40.72528910781132,-74.04557168483734,29534,"Subscriber",1987,2
345,"2018-12-14 16:57:19.0500","2018-12-14 17:03:04.7400",3186,"Grove St PATH",40.71958611647166,-74.04311746358871,3270,"Jersey & 6th St",40.72528910781132,-74.04557168483734,29481,"Subscriber",1968,1
340,"2018-12-14 17:01:57.5660","2018-12-14 17:07:37.8500",3186,"Grove St PATH",40.71958611647166,-74.04311746358871,3483,"Montgomery St",40.71942,-74.05099,29545,"Subscriber",1988,1
186,"2018-12-14 17:06:55.4490","2018-12-14 17:10:01.4900",3186,"Grove St PATH",40.71958611647166,-74.04311746358871,3279,"Dixon Mills",40.721630142638354,-74.04996782541275,29450,"Subscriber",1989,1
162,"2018-12-14 17:07:46.0510","2018-12-14 17:10:28.3860",3186,"Grove St PATH",40.71958611647166,-74.04311746358871,3279,"Dixon Mills",40.721630142638354,-74.04996782541275,29497,"Subscriber",1982,1
793,"2018-12-14 17:16:44.7880","2018-12-14 17:29:58.6330",3186,"Grove St PATH",40.71958611647166,-74.04311746358871,3194,"McGinley Square",40.7253399253558,-74.06762212514877,26163,"Subscriber",1981,1
272,"2018-12-14 17:23:37.9590","2018-12-14 17:28:10.4580",3186,"Grove St PATH",40.71958611647166,-74.04311746358871,3276,"Marin Light Rail",40.71458403535893,-74.04281705617905,26196,"Subscriber",1980,1
307,"2018-12-14 17:26:47.5520","2018-12-14 17:31:54.7050",3186,"Grove St PATH",40.71958611647166,-74.04311746358871,3269,"Brunswick & 6th",40.72601172964625,-74.05038893222809,29614,"Subscriber",1989,1
219,"2018-12-14 17:27:50.0460","2018-12-14 17:31:29.6990",3186,"Grove St PATH",40.71958611647166,-74.04311746358871,3270,"Jersey & 6th St",40.72528910781132,-74.04557168483734,29212,"Subscriber",1976,1
216,"2018-12-14 17:34:19.8280","2018-12-14 17:37:56.8000",3186,"Grove St PATH",40.71958611647166,-74.04311746358871,3269,"Brunswick & 6th",40.72601172964625,-74.05038893222809,29258,"Subscriber",1993,1
232,"2018-12-14 17:34:48.1330","2018-12-14 17:38:40.2690",3186,"Grove St PATH",40.71958611647166,-74.04311746358871,3203,"Hamilton Park",40.727595966,-74.044247311,29598,"Subscriber",1990,1
330,"2018-12-14 17:38:13.8890","2018-12-14 17:43:44.6690",3186,"Grove St PATH",40.71958611647166,-74.04311746358871,3269,"Brunswick & 6th",40.72601172964625,-74.05038893222809,26281,"Subscriber",1975,1
220,"2018-12-14 17:38:57.2930","2018-12-14 17:42:38.2500",3186,"Grove St PATH",40.71958611647166,-74.04311746358871,3276,"Marin Light Rail",40.71458403535893,-74.04281705617905,29647,"Subscriber",1965,1
325,"2018-12-14 17:45:08.4190","2018-12-14 17:50:33.4450",3186,"Grove St PATH",40.71958611647166,-74.04311746358871,3267,"Morris Canal",40.7124188237569,-74.03852552175522,29465,"Subscriber",1990,1
283,"2018-12-14 17:55:11.4020","2018-12-14 17:59:55.3510",3186,"Grove St PATH",40.71958611647166,-74.04311746358871,3276,"Marin Light Rail",40.71458403535893,-74.04281705617905,26206,"Subscriber",1986,1
597,"2018-12-14 18:00:18.1660","2018-12-14 18:10:16.0890",3186,"Grove St PATH",40.71958611647166,-74.04311746358871,3203,"Hamilton Park",40.727595966,-74.044247311,26233,"Subscriber",1962,1
371,"2018-12-14 18:01:39.1110","2018-12-14 18:07:50.4660",3186,"Grove St PATH",40.71958611647166,-74.04311746358871,3278,"Monmouth and 6th",40.72568548362901,-74.04879033565521,29127,"Subscriber",1982,2
368,"2018-12-14 18:05:59.8780","2018-12-14 18:12:08.1640",3186,"Grove St PATH",40.71958611647166,-74.04311746358871,3209,"Brunswick St",40.7241765,-74.0506564,29525,"Subscriber",1990,1
225,"2018-12-14 18:18:50.9770","2018-12-14 18:22:36.4120",3186,"Grove St PATH",40.71958611647166,-74.04311746358871,3276,"Marin Light Rail",40.71458403535893,-74.04281705617905,29245,"Subscriber",1979,1
253,"2018-12-14 18:19:56.4270","2018-12-14 18:24:09.5140",3186,"Grove St PATH",40.71958611647166,-74.04311746358871,3205,"JC Medical Center",40.71653978099194,-74.0496379137039,29655,"Subscriber",1987,1
233,"2018-12-14 18:21:34.1810","2018-12-14 18:25:27.7070",3186,"Grove St PATH",40.71958611647166,-74.04311746358871,3203,"Hamilton Park",40.727595966,-74.044247311,29303,"Subscriber",1990,2
680,"2018-12-14 18:25:20.6770","2018-12-14 18:36:41.0250",3186,"Grove St PATH",40.71958611647166,-74.04311746358871,3278,"Monmouth and 6th",40.72568548362901,-74.04879033565521,29554,"Subscriber",1988,2
573,"2018-12-14 18:41:03.1720","2018-12-14 18:50:36.7090",3186,"Grove St PATH",40.71958611647166,-74.04311746358871,3192,"Liberty Light Rail",40.7112423,-74.0557013,29576,"Subscriber",1985,1
265,"2018-12-14 18:43:16.3740","2018-12-14 18:47:41.7240",3186,"Grove St PATH",40.71958611647166,-74.04311746358871,3276,"Marin Light Rail",40.71458403535893,-74.04281705617905,29476,"Subscriber",1979,1
296,"2018-12-14 18:45:17.4390","2018-12-14 18:50:13.9890",3186,"Grove St PATH",40.71958611647166,-74.04311746358871,3203,"Hamilton Park",40.727595966,-74.044247311,29239,"Subscriber",1977,1
579,"2018-12-14 18:47:02.4250","2018-12-14 18:56:42.0500",3186,"Grove St PATH",40.71958611647166,-74.04311746358871,3192,"Liberty Light Rail",40.7112423,-74.0557013,26266,"Subscriber",1988,1
234,"2018-12-14 18:49:07.4930","2018-12-14 18:53:01.5730",3186,"Grove St PATH",40.71958611647166,-74.04311746358871,3272,"Jersey & 3rd",40.72333158646436,-74.04595255851744,29225,"Subscriber",1962,1
517,"2018-12-14 18:51:20.1540","2018-12-14 18:59:57.6550",3186,"Grove St PATH",40.71958611647166,-74.04311746358871,3269,"Brunswick & 6th",40.72601172964625,-74.05038893222809,29606,"Subscriber",1986,1
553,"2018-12-14 18:52:14.7340","2018-12-14 19:01:28.4510",3186,"Grove St PATH",40.71958611647166,-74.04311746358871,3273,"Manila & 1st",40.721650724879986,-74.04288411140442,29243,"Subscriber",1984,1
229,"2018-12-14 18:58:42.4100","2018-12-14 19:02:32.0980",3186,"Grove St PATH",40.71958611647166,-74.04311746358871,3269,"Brunswick & 6th",40.72601172964625,-74.05038893222809,29286,"Subscriber",1992,1
160,"2018-12-14 19:01:44.0480","2018-12-14 19:04:24.9490",3186,"Grove St PATH",40.71958611647166,-74.04311746358871,3272,"Jersey & 3rd",40.72333158646436,-74.04595255851744,29469,"Subscriber",1988,2
332,"2018-12-14 19:05:16.9370","2018-12-14 19:10:49.4850",3186,"Grove St PATH",40.71958611647166,-74.04311746358871,3203,"Hamilton Park",40.727595966,-74.044247311,26263,"Subscriber",1987,2
249,"2018-12-14 19:18:16.7540","2018-12-14 19:22:26.7310",3186,"Grove St PATH",40.71958611647166,-74.04311746358871,3270,"Jersey & 6th St",40.72528910781132,-74.04557168483734,26160,"Subscriber",1981,1
230,"2018-12-14 19:32:42.1910","2018-12-14 19:36:32.9440",3186,"Grove St PATH",40.71958611647166,-74.04311746358871,3209,"Brunswick St",40.7241765,-74.0506564,29678,"Subscriber",1975,1
615,"2018-12-14 19:48:48.3790","2018-12-14 19:59:03.6510",3186,"Grove St PATH",40.71958611647166,-74.04311746358871,3268,"Lafayette Park",40.71346382669195,-74.06285852193832,29250,"Subscriber",1979,1
288,"2018-12-14 19:58:16.5150","2018-12-14 20:03:04.8040",3186,"Grove St PATH",40.71958611647166,-74.04311746358871,3203,"Hamilton Park",40.727595966,-74.044247311,26186,"Subscriber",1988,1
163,"2018-12-14 20:02:19.1650","2018-12-14 20:05:02.9160",3186,"Grove St PATH",40.71958611647166,-74.04311746358871,3279,"Dixon Mills",40.721630142638354,-74.04996782541275,29573,"Subscriber",1993,1
205,"2018-12-14 20:11:01.4680","2018-12-14 20:14:27.2960",3186,"Grove St PATH",40.71958611647166,-74.04311746358871,3203,"Hamilton Park",40.727595966,-74.044247311,29439,"Subscriber",1991,2
308,"2018-12-14 20:11:09.0410","2018-12-14 20:16:17.6860",3186,"Grove St PATH",40.71958611647166,-74.04311746358871,3203,"Hamilton Park",40.727595966,-74.044247311,29221,"Subscriber",1986,1
285,"2018-12-14 20:11:32.7070","2018-12-14 20:16:18.6930",3186,"Grove St PATH",40.71958611647166,-74.04311746358871,3209,"Brunswick St",40.7241765,-74.0506564,29442,"Customer",1979,2
372,"2018-12-14 20:14:49.4540","2018-12-14 20:21:01.6540",3186,"Grove St PATH",40.71958611647166,-74.04311746358871,3187,"Warren St",40.7211236,-74.03805095,26200,"Subscriber",1990,2
280,"2018-12-14 20:36:40.2360","2018-12-14 20:41:20.8490",3186,"Grove St PATH",40.71958611647166,-74.04311746358871,3279,"Dixon Mills",40.721630142638354,-74.04996782541275,29458,"Subscriber",1982,2
1555,"2018-12-14 20:36:44.0710","2018-12-14 21:02:39.8170",3186,"Grove St PATH",40.71958611647166,-74.04311746358871,3483,"Montgomery St",40.71942,-74.05099,29120,"Subscriber",1990,1
268,"2018-12-14 20:36:58.8530","2018-12-14 20:41:27.0610",3186,"Grove St PATH",40.71958611647166,-74.04311746358871,3279,"Dixon Mills",40.721630142638354,-74.04996782541275,26164,"Subscriber",1970,1
177,"2018-12-14 20:53:12.6360","2018-12-14 20:56:10.3220",3186,"Grove St PATH",40.71958611647166,-74.04311746358871,3279,"Dixon Mills",40.721630142638354,-74.04996782541275,29244,"Subscriber",1986,1
287,"2018-12-14 21:06:58.2770","2018-12-14 21:11:45.5220",3186,"Grove St PATH",40.71958611647166,-74.04311746358871,3278,"Monmouth and 6th",40.72568548362901,-74.04879033565521,26234,"Subscriber",1978,1
205,"2018-12-14 21:07:09.5470","2018-12-14 21:10:34.7960",3186,"Grove St PATH",40.71958611647166,-74.04311746358871,3205,"JC Medical Center",40.71653978099194,-74.0496379137039,26158,"Subscriber",1992,1
229,"2018-12-14 21:07:51.9530","2018-12-14 21:11:41.6790",3186,"Grove St PATH",40.71958611647166,-74.04311746358871,3279,"Dixon Mills",40.721630142638354,-74.04996782541275,29658,"Subscriber",1969,0
1050,"2018-12-14 22:01:57.4140","2018-12-14 22:19:27.4210",3186,"Grove St PATH",40.71958611647166,-74.04311746358871,3193,"Lincoln Park",40.7246050998869,-74.07840594649315,29434,"Subscriber",1985,1
224,"2018-12-14 22:26:05.3470","2018-12-14 22:29:49.8740",3186,"Grove St PATH",40.71958611647166,-74.04311746358871,3276,"Marin Light Rail",40.71458403535893,-74.04281705617905,26291,"Subscriber",1967,1
198,"2018-12-14 22:26:53.7180","2018-12-14 22:30:11.7820",3186,"Grove St PATH",40.71958611647166,-74.04311746358871,3481,"York St",40.71649,-74.04105,26279,"Subscriber",1954,2
252,"2018-12-14 22:36:23.1110","2018-12-14 22:40:36.0100",3186,"Grove St PATH",40.71958611647166,-74.04311746358871,3270,"Jersey & 6th St",40.72528910781132,-74.04557168483734,26295,"Subscriber",1974,1
199,"2018-12-14 22:36:35.0230","2018-12-14 22:39:54.3260",3186,"Grove St PATH",40.71958611647166,-74.04311746358871,3270,"Jersey & 6th St",40.72528910781132,-74.04557168483734,26293,"Subscriber",1970,1
173,"2018-12-14 22:40:15.4190","2018-12-14 22:43:08.9330",3186,"Grove St PATH",40.71958611647166,-74.04311746358871,3213,"Van Vorst Park",40.71848892,-74.047726625,26280,"Subscriber",1984,1
160,"2018-12-14 22:40:34.0080","2018-12-14 22:43:14.6540",3186,"Grove St PATH",40.71958611647166,-74.04311746358871,3213,"Van Vorst Park",40.71848892,-74.047726625,29231,"Subscriber",1977,1
227,"2018-12-14 23:03:30.4110","2018-12-14 23:07:17.9530",3186,"Grove St PATH",40.71958611647166,-74.04311746358871,3205,"JC Medical Center",40.71653978099194,-74.0496379137039,26244,"Subscriber",1969,0
204,"2018-12-14 23:04:05.2800","2018-12-14 23:07:29.8610",3186,"Grove St PATH",40.71958611647166,-74.04311746358871,3203,"Hamilton Park",40.727595966,-74.044247311,29204,"Subscriber",1990,1
392,"2018-12-14 23:20:55.3480","2018-12-14 23:27:27.4670",3186,"Grove St PATH",40.71958611647166,-74.04311746358871,3203,"Hamilton Park",40.727595966,-74.044247311,26215,"Subscriber",1984,2
301,"2018-12-14 23:49:19.6430","2018-12-14 23:54:20.8910",3186,"Grove St PATH",40.71958611647166,-74.04311746358871,3209,"Brunswick St",40.7241765,-74.0506564,29281,"Subscriber",1984,1
337,"2018-12-15 00:01:39.4170","2018-12-15 00:07:17.3790",3186,"Grove St PATH",40.71958611647166,-74.04311746358871,3203,"Hamilton Park",40.727595966,-74.044247311,29594,"Subscriber",1986,1
308,"2018-12-15 00:02:05.6950","2018-12-15 00:07:14.2140",3186,"Grove St PATH",40.71958611647166,-74.04311746358871,3483,"Montgomery St",40.71942,-74.05099,26170,"Subscriber",1958,1
579,"2018-12-15 00:10:40.2810","2018-12-15 00:20:19.6930",3186,"Grove St PATH",40.71958611647166,-74.04311746358871,3268,"Lafayette Park",40.71346382669195,-74.06285852193832,29215,"Subscriber",1979,1
492,"2018-12-15 00:38:08.4380","2018-12-15 00:46:21.1590",3186,"Grove St PATH",40.71958611647166,-74.04311746358871,3192,"Liberty Light Rail",40.7112423,-74.0557013,29308,"Subscriber",1975,1
372,"2018-12-15 00:39:11.8320","2018-12-15 00:45:24.5100",3186,"Grove St PATH",40.71958611647166,-74.04311746358871,3278,"Monmouth and 6th",40.72568548362901,-74.04879033565521,26213,"Subscriber",1984,1
256,"2018-12-15 01:14:04.3070","2018-12-15 01:18:20.8620",3186,"Grove St PATH",40.71958611647166,-74.04311746358871,3278,"Monmouth and 6th",40.72568548362901,-74.04879033565521,26248,"Subscriber",1991,1
243,"2018-12-15 02:33:44.9540","2018-12-15 02:37:48.6770",3186,"Grove St PATH",40.71958611647166,-74.04311746358871,3209,"Brunswick St",40.7241765,-74.0506564,29535,"Subscriber",1980,2
229,"2018-12-15 02:37:23.9510","2018-12-15 02:41:13.3700",3186,"Grove St PATH",40.71958611647166,-74.04311746358871,3681,"Grand St",40.71517767732029,-74.03768330812454,29578,"Subscriber",1990,1
1025,"2018-12-15 03:34:46.0180","2018-12-15 03:51:51.3280",3186,"Grove St PATH",40.71958611647166,-74.04311746358871,3694,"Jackson Square",40.71113,-74.0789,29224,"Subscriber",1988,1
810,"2018-12-15 03:35:04.7170","2018-12-15 03:48:35.3520",3186,"Grove St PATH",40.71958611647166,-74.04311746358871,3210,"Pershing Field",40.742677141,-74.051788633,29241,"Subscriber",1990,1
206,"2018-12-15 05:21:35.1670","2018-12-15 05:25:01.7620",3186,"Grove St PATH",40.71958611647166,-74.04311746358871,3209,"Brunswick St",40.7241765,-74.0506564,29272,"Subscriber",1982,1
204,"2018-12-15 08:18:11.2160","2018-12-15 08:21:35.6780",3186,"Grove St PATH",40.71958611647166,-74.04311746358871,3279,"Dixon Mills",40.721630142638354,-74.04996782541275,26269,"Subscriber",1977,2
182,"2018-12-15 08:41:29.9660","2018-12-15 08:44:32.9280",3186,"Grove St PATH",40.71958611647166,-74.04311746358871,3481,"York St",40.71649,-74.04105,29553,"Subscriber",1987,1
250,"2018-12-15 10:58:07.8920","2018-12-15 11:02:18.4310",3186,"Grove St PATH",40.71958611647166,-74.04311746358871,3269,"Brunswick & 6th",40.72601172964625,-74.05038893222809,26234,"Subscriber",1989,1
1054,"2018-12-15 10:58:24.3990","2018-12-15 11:15:58.6810",3186,"Grove St PATH",40.71958611647166,-74.04311746358871,3220,"5 Corners Library",40.734961020009514,-74.0595030784607,26215,"Subscriber",1988,2
310,"2018-12-15 11:07:21.7170","2018-12-15 11:12:32.2370",3186,"Grove St PATH",40.71958611647166,-74.04311746358871,3203,"Hamilton Park",40.727595966,-74.044247311,29664,"Subscriber",1971,2
408,"2018-12-15 11:49:50.5670","2018-12-15 11:56:39.4180",3186,"Grove St PATH",40.71958611647166,-74.04311746358871,3278,"Monmouth and 6th",40.72568548362901,-74.04879033565521,29485,"Subscriber",1987,1
194,"2018-12-15 11:54:32.5730","2018-12-15 11:57:46.8150",3186,"Grove St PATH",40.71958611647166,-74.04311746358871,3187,"Warren St",40.7211236,-74.03805095,29460,"Subscriber",1977,1
256,"2018-12-15 11:55:33.1530","2018-12-15 11:59:49.1770",3186,"Grove St PATH",40.71958611647166,-74.04311746358871,3279,"Dixon Mills",40.721630142638354,-74.04996782541275,29212,"Subscriber",1989,1
132,"2018-12-15 12:03:14.8940","2018-12-15 12:05:27.5910",3186,"Grove St PATH",40.71958611647166,-74.04311746358871,3211,"Newark Ave",40.72152515,-74.046304543,29601,"Subscriber",1985,2
249,"2018-12-15 12:28:15.1610","2018-12-15 12:32:24.5830",3186,"Grove St PATH",40.71958611647166,-74.04311746358871,3270,"Jersey & 6th St",40.72528910781132,-74.04557168483734,29482,"Subscriber",1996,2
415,"2018-12-15 12:29:51.2300","2018-12-15 12:36:47.0070",3186,"Grove St PATH",40.71958611647166,-74.04311746358871,3203,"Hamilton Park",40.727595966,-74.044247311,29537,"Subscriber",1991,2
392,"2018-12-15 12:42:25.4080","2018-12-15 12:48:58.3760",3186,"Grove St PATH",40.71958611647166,-74.04311746358871,3187,"Warren St",40.7211236,-74.03805095,26184,"Subscriber",1989,1
231,"2018-12-15 12:45:26.2320","2018-12-15 12:49:17.2980",3186,"Grove St PATH",40.71958611647166,-74.04311746358871,3278,"Monmouth and 6th",40.72568548362901,-74.04879033565521,29206,"Subscriber",1981,2
306,"2018-12-15 13:16:47.6490","2018-12-15 13:21:54.4350",3186,"Grove St PATH",40.71958611647166,-74.04311746358871,3483,"Montgomery St",40.71942,-74.05099,29262,"Subscriber",1993,2
227,"2018-12-15 13:27:23.8600","2018-12-15 13:31:11.2260",3186,"Grove St PATH",40.71958611647166,-74.04311746358871,3279,"Dixon Mills",40.721630142638354,-74.04996782541275,29523,"Subscriber",1988,2
498,"2018-12-15 13:37:56.3790","2018-12-15 13:46:14.8710",3186,"Grove St PATH",40.71958611647166,-74.04311746358871,3192,"Liberty Light Rail",40.7112423,-74.0557013,29230,"Subscriber",1983,1
162,"2018-12-15 13:53:55.1150","2018-12-15 13:56:37.5900",3186,"Grove St PATH",40.71958611647166,-74.04311746358871,3481,"York St",40.71649,-74.04105,26234,"Subscriber",1989,1
280,"2018-12-15 14:51:18.6750","2018-12-15 14:55:59.2650",3186,"Grove St PATH",40.71958611647166,-74.04311746358871,3203,"Hamilton Park",40.727595966,-74.044247311,26248,"Subscriber",1991,2
400,"2018-12-15 15:57:36.3740","2018-12-15 16:04:17.1640",3186,"Grove St PATH",40.71958611647166,-74.04311746358871,3481,"York St",40.71649,-74.04105,29524,"Subscriber",1988,1
246,"2018-12-15 16:49:54.8000","2018-12-15 16:54:01.1590",3186,"Grove St PATH",40.71958611647166,-74.04311746358871,3279,"Dixon Mills",40.721630142638354,-74.04996782541275,29204,"Subscriber",1988,1
160,"2018-12-15 17:00:55.5710","2018-12-15 17:03:35.6150",3186,"Grove St PATH",40.71958611647166,-74.04311746358871,3272,"Jersey & 3rd",40.72333158646436,-74.04595255851744,29540,"Subscriber",1976,1
210,"2018-12-15 17:05:24.8150","2018-12-15 17:08:55.5070",3186,"Grove St PATH",40.71958611647166,-74.04311746358871,3205,"JC Medical Center",40.71653978099194,-74.0496379137039,29220,"Subscriber",1992,1
2240,"2018-12-15 17:08:57.4100","2018-12-15 17:46:17.9170",3186,"Grove St PATH",40.71958611647166,-74.04311746358871,3183,"Exchange Place",40.7162469,-74.0334588,29497,"Subscriber",1969,0
723,"2018-12-15 17:14:05.2890","2018-12-15 17:26:09.1390",3186,"Grove St PATH",40.71958611647166,-74.04311746358871,3220,"5 Corners Library",40.734961020009514,-74.0595030784607,29487,"Subscriber",1993,1
316,"2018-12-15 17:29:04.4700","2018-12-15 17:34:20.6080",3186,"Grove St PATH",40.71958611647166,-74.04311746358871,3483,"Montgomery St",40.71942,-74.05099,29285,"Subscriber",1987,1
301,"2018-12-15 17:36:04.4430","2018-12-15 17:41:06.2050",3186,"Grove St PATH",40.71958611647166,-74.04311746358871,3203,"Hamilton Park",40.727595966,-74.044247311,26151,"Subscriber",1992,1
336,"2018-12-15 18:05:57.7620","2018-12-15 18:11:34.3580",3186,"Grove St PATH",40.71958611647166,-74.04311746358871,3483,"Montgomery St",40.71942,-74.05099,29452,"Subscriber",1989,1
206,"2018-12-15 18:08:29.2960","2018-12-15 18:11:56.0290",3186,"Grove St PATH",40.71958611647166,-74.04311746358871,3272,"Jersey & 3rd",40.72333158646436,-74.04595255851744,26281,"Subscriber",1952,1
208,"2018-12-15 18:09:08.6930","2018-12-15 18:12:37.4690",3186,"Grove St PATH",40.71958611647166,-74.04311746358871,3276,"Marin Light Rail",40.71458403535893,-74.04281705617905,26269,"Subscriber",1989,1
647,"2018-12-15 18:09:35.2820","2018-12-15 18:20:22.8030",3186,"Grove St PATH",40.71958611647166,-74.04311746358871,3206,"Hilltop",40.7311689,-74.0575736,29681,"Subscriber",1982,1
357,"2018-12-15 18:20:36.8300","2018-12-15 18:26:34.2990",3186,"Grove St PATH",40.71958611647166,-74.04311746358871,3278,"Monmouth and 6th",40.72568548362901,-74.04879033565521,26282,"Subscriber",1987,1
309,"2018-12-15 18:26:03.0540","2018-12-15 18:31:12.0750",3186,"Grove St PATH",40.71958611647166,-74.04311746358871,3203,"Hamilton Park",40.727595966,-74.044247311,29301,"Subscriber",1994,2
186,"2018-12-15 18:26:55.9620","2018-12-15 18:30:02.0580",3186,"Grove St PATH",40.71958611647166,-74.04311746358871,3279,"Dixon Mills",40.721630142638354,-74.04996782541275,29601,"Subscriber",1975,1
294,"2018-12-15 18:27:48.0870","2018-12-15 18:32:42.5370",3186,"Grove St PATH",40.71958611647166,-74.04311746358871,3481,"York St",40.71649,-74.04105,29487,"Subscriber",1982,1
312,"2018-12-15 18:35:48.1250","2018-12-15 18:41:00.7410",3186,"Grove St PATH",40.71958611647166,-74.04311746358871,3209,"Brunswick St",40.7241765,-74.0506564,29502,"Subscriber",1993,1
164,"2018-12-15 18:48:39.5740","2018-12-15 18:51:24.4410",3186,"Grove St PATH",40.71958611647166,-74.04311746358871,3279,"Dixon Mills",40.721630142638354,-74.04996782541275,29678,"Subscriber",1986,1
189,"2018-12-15 19:14:53.3580","2018-12-15 19:18:03.2040",3186,"Grove St PATH",40.71958611647166,-74.04311746358871,3279,"Dixon Mills",40.721630142638354,-74.04996782541275,29612,"Subscriber",1996,2
278,"2018-12-15 19:25:18.8120","2018-12-15 19:29:57.6390",3186,"Grove St PATH",40.71958611647166,-74.04311746358871,3203,"Hamilton Park",40.727595966,-74.044247311,26297,"Subscriber",1973,1
285,"2018-12-15 19:40:02.2780","2018-12-15 19:44:48.1140",3186,"Grove St PATH",40.71958611647166,-74.04311746358871,3481,"York St",40.71649,-74.04105,26201,"Subscriber",1968,2
517,"2018-12-15 20:12:14.6550","2018-12-15 20:20:51.6910",3186,"Grove St PATH",40.71958611647166,-74.04311746358871,3268,"Lafayette Park",40.71346382669195,-74.06285852193832,29297,"Subscriber",1978,1
405,"2018-12-15 20:18:49.2410","2018-12-15 20:25:34.9520",3186,"Grove St PATH",40.71958611647166,-74.04311746358871,3267,"Morris Canal",40.7124188237569,-74.03852552175522,29498,"Subscriber",1993,1
318,"2018-12-15 20:20:04.6440","2018-12-15 20:25:23.3260",3186,"Grove St PATH",40.71958611647166,-74.04311746358871,3209,"Brunswick St",40.7241765,-74.0506564,29672,"Subscriber",1993,2
314,"2018-12-15 20:20:07.4900","2018-12-15 20:25:21.6410",3186,"Grove St PATH",40.71958611647166,-74.04311746358871,3209,"Brunswick St",40.7241765,-74.0506564,29482,"Subscriber",1990,1
528,"2018-12-15 20:27:05.1420","2018-12-15 20:35:53.2940",3186,"Grove St PATH",40.71958611647166,-74.04311746358871,3268,"Lafayette Park",40.71346382669195,-74.06285852193832,29126,"Subscriber",1998,1
2182,"2018-12-15 20:33:58.7740","2018-12-15 21:10:21.2300",3186,"Grove St PATH",40.71958611647166,-74.04311746358871,3186,"Grove St PATH",40.71958611647166,-74.04311746358871,26164,"Subscriber",1990,1
266,"2018-12-15 20:37:31.4740","2018-12-15 20:41:58.3590",3186,"Grove St PATH",40.71958611647166,-74.04311746358871,3203,"Hamilton Park",40.727595966,-74.044247311,29254,"Subscriber",1956,2
181,"2018-12-15 20:47:06.3220","2018-12-15 20:50:07.4930",3186,"Grove St PATH",40.71958611647166,-74.04311746358871,3213,"Van Vorst Park",40.71848892,-74.047726625,29494,"Subscriber",1990,1
250,"2018-12-15 20:57:35.5920","2018-12-15 21:01:45.9200",3186,"Grove St PATH",40.71958611647166,-74.04311746358871,3209,"Brunswick St",40.7241765,-74.0506564,26261,"Subscriber",1986,1
181,"2018-12-15 20:58:54.1650","2018-12-15 21:01:55.9810",3186,"Grove St PATH",40.71958611647166,-74.04311746358871,3213,"Van Vorst Park",40.71848892,-74.047726625,29442,"Subscriber",1977,1
244,"2018-12-15 21:37:47.7820","2018-12-15 21:41:52.0360",3186,"Grove St PATH",40.71958611647166,-74.04311746358871,3187,"Warren St",40.7211236,-74.03805095,26303,"Subscriber",1990,2
293,"2018-12-15 21:45:31.8740","2018-12-15 21:50:25.3890",3186,"Grove St PATH",40.71958611647166,-74.04311746358871,3278,"Monmouth and 6th",40.72568548362901,-74.04879033565521,26215,"Subscriber",1981,2
305,"2018-12-15 21:57:33.7060","2018-12-15 22:02:38.8050",3186,"Grove St PATH",40.71958611647166,-74.04311746358871,3270,"Jersey & 6th St",40.72528910781132,-74.04557168483734,29207,"Subscriber",1958,2
168,"2018-12-15 22:04:56.7390","2018-12-15 22:07:45.4440",3186,"Grove St PATH",40.71958611647166,-74.04311746358871,3213,"Van Vorst Park",40.71848892,-74.047726625,29529,"Subscriber",1962,1
204,"2018-12-15 22:21:48.4320","2018-12-15 22:25:12.8570",3186,"Grove St PATH",40.71958611647166,-74.04311746358871,3272,"Jersey & 3rd",40.72333158646436,-74.04595255851744,29257,"Subscriber",1991,1
183,"2018-12-15 22:28:39.6540","2018-12-15 22:31:42.9590",3186,"Grove St PATH",40.71958611647166,-74.04311746358871,3279,"Dixon Mills",40.721630142638354,-74.04996782541275,26164,"Subscriber",1969,0
176,"2018-12-15 22:58:40.1530","2018-12-15 23:01:36.6220",3186,"Grove St PATH",40.71958611647166,-74.04311746358871,3276,"Marin Light Rail",40.71458403535893,-74.04281705617905,29233,"Subscriber",1967,1
304,"2018-12-15 23:07:16.4800","2018-12-15 23:12:20.4930",3186,"Grove St PATH",40.71958611647166,-74.04311746358871,3209,"Brunswick St",40.7241765,-74.0506564,26182,"Subscriber",1975,2
178,"2018-12-15 23:15:11.0490","2018-12-15 23:18:09.9830",3186,"Grove St PATH",40.71958611647166,-74.04311746358871,3213,"Van Vorst Park",40.71848892,-74.047726625,29121,"Subscriber",1983,1
341,"2018-12-15 23:49:15.5040","2018-12-15 23:54:56.5800",3186,"Grove St PATH",40.71958611647166,-74.04311746358871,3209,"Brunswick St",40.7241765,-74.0506564,29581,"Subscriber",1986,1
307,"2018-12-16 00:35:00.7210","2018-12-16 00:40:08.3150",3186,"Grove St PATH",40.71958611647166,-74.04311746358871,3269,"Brunswick & 6th",40.72601172964625,-74.05038893222809,29612,"Subscriber",1981,2
240,"2018-12-16 00:46:58.1000","2018-12-16 00:50:58.3730",3186,"Grove St PATH",40.71958611647166,-74.04311746358871,3205,"JC Medical Center",40.71653978099194,-74.0496379137039,29212,"Subscriber",1995,2
234,"2018-12-16 00:47:03.3100","2018-12-16 00:50:58.2990",3186,"Grove St PATH",40.71958611647166,-74.04311746358871,3205,"JC Medical Center",40.71653978099194,-74.0496379137039,26167,"Subscriber",1990,1
221,"2018-12-16 00:55:08.3020","2018-12-16 00:58:49.7030",3186,"Grove St PATH",40.71958611647166,-74.04311746358871,3205,"JC Medical Center",40.71653978099194,-74.0496379137039,26158,"Subscriber",1986,1
437,"2018-12-16 00:58:39.0150","2018-12-16 01:05:56.3400",3186,"Grove St PATH",40.71958611647166,-74.04311746358871,3681,"Grand St",40.71517767732029,-74.03768330812454,29260,"Subscriber",1974,1
798,"2018-12-16 03:02:21.7250","2018-12-16 03:15:40.0950",3186,"Grove St PATH",40.71958611647166,-74.04311746358871,3210,"Pershing Field",40.742677141,-74.051788633,29221,"Subscriber",1990,1
200,"2018-12-16 04:10:21.8890","2018-12-16 04:13:41.9000",3186,"Grove St PATH",40.71958611647166,-74.04311746358871,3270,"Jersey & 6th St",40.72528910781132,-74.04557168483734,26296,"Subscriber",1991,2
730,"2018-12-16 07:21:03.9300","2018-12-16 07:33:14.7290",3186,"Grove St PATH",40.71958611647166,-74.04311746358871,3277,"Communipaw & Berry Lane",40.71435836870427,-74.06661093235016,29545,"Subscriber",1988,1
346,"2018-12-16 10:06:55.8150","2018-12-16 10:12:42.5070",3186,"Grove St PATH",40.71958611647166,-74.04311746358871,3278,"Monmouth and 6th",40.72568548362901,-74.04879033565521,29439,"Subscriber",1986,2
224,"2018-12-16 10:30:25.6530","2018-12-16 10:34:10.0250",3186,"Grove St PATH",40.71958611647166,-74.04311746358871,3205,"JC Medical Center",40.71653978099194,-74.0496379137039,29207,"Subscriber",1969,0
225,"2018-12-16 10:35:12.9580","2018-12-16 10:38:58.4390",3186,"Grove St PATH",40.71958611647166,-74.04311746358871,3278,"Monmouth and 6th",40.72568548362901,-74.04879033565521,26197,"Subscriber",1994,1
73,"2018-12-16 10:56:15.7970","2018-12-16 10:57:29.6560",3186,"Grove St PATH",40.71958611647166,-74.04311746358871,3185,"City Hall",40.7177325,-74.043845,29283,"Subscriber",1957,1
539,"2018-12-16 11:23:56.0750","2018-12-16 11:32:55.7810",3186,"Grove St PATH",40.71958611647166,-74.04311746358871,3277,"Communipaw & Berry Lane",40.71435836870427,-74.06661093235016,29442,"Subscriber",1975,1
209,"2018-12-16 12:25:41.4780","2018-12-16 12:29:11.3850",3186,"Grove St PATH",40.71958611647166,-74.04311746358871,3483,"Montgomery St",40.71942,-74.05099,29486,"Subscriber",1994,1
242,"2018-12-16 13:05:39.3980","2018-12-16 13:09:42.2530",3186,"Grove St PATH",40.71958611647166,-74.04311746358871,3209,"Brunswick St",40.7241765,-74.0506564,29678,"Subscriber",1991,2
279,"2018-12-16 15:48:28.3510","2018-12-16 15:53:07.6420",3186,"Grove St PATH",40.71958611647166,-74.04311746358871,3278,"Monmouth and 6th",40.72568548362901,-74.04879033565521,26292,"Subscriber",1974,1
259,"2018-12-16 16:15:24.0580","2018-12-16 16:19:43.9390",3186,"Grove St PATH",40.71958611647166,-74.04311746358871,3203,"Hamilton Park",40.727595966,-74.044247311,26293,"Subscriber",1976,1
140,"2018-12-16 16:47:29.1350","2018-12-16 16:49:49.5600",3186,"Grove St PATH",40.71958611647166,-74.04311746358871,3272,"Jersey & 3rd",40.72333158646436,-74.04595255851744,29460,"Subscriber",1976,1
610,"2018-12-16 17:05:53.0310","2018-12-16 17:16:03.2880",3186,"Grove St PATH",40.71958611647166,-74.04311746358871,3186,"Grove St PATH",40.71958611647166,-74.04311746358871,29306,"Subscriber",1957,1
86,"2018-12-16 17:23:59.1110","2018-12-16 17:25:25.9170",3186,"Grove St PATH",40.71958611647166,-74.04311746358871,3185,"City Hall",40.7177325,-74.043845,29306,"Subscriber",1957,1
276,"2018-12-16 17:25:14.2870","2018-12-16 17:29:50.8530",3186,"Grove St PATH",40.71958611647166,-74.04311746358871,3203,"Hamilton Park",40.727595966,-74.044247311,26244,"Subscriber",1979,1
454,"2018-12-16 18:09:26.0680","2018-12-16 18:17:00.9180",3186,"Grove St PATH",40.71958611647166,-74.04311746358871,3638,"Washington St",40.7242941,-74.0354826,26175,"Subscriber",1993,1
503,"2018-12-16 20:40:53.3460","2018-12-16 20:49:16.8220",3186,"Grove St PATH",40.71958611647166,-74.04311746358871,3681,"Grand St",40.71517767732029,-74.03768330812454,26215,"Subscriber",1970,1
191,"2018-12-16 23:07:03.4480","2018-12-16 23:10:15.2100",3186,"Grove St PATH",40.71958611647166,-74.04311746358871,3278,"Monmouth and 6th",40.72568548362901,-74.04879033565521,29121,"Subscriber",1991,1
252,"2018-12-16 23:28:59.7520","2018-12-16 23:33:12.6550",3186,"Grove St PATH",40.71958611647166,-74.04311746358871,3270,"Jersey & 6th St",40.72528910781132,-74.04557168483734,26164,"Subscriber",1992,2
279,"2018-12-17 00:02:20.9460","2018-12-17 00:07:00.4130",3186,"Grove St PATH",40.71958611647166,-74.04311746358871,3278,"Monmouth and 6th",40.72568548362901,-74.04879033565521,29204,"Subscriber",1985,1
179,"2018-12-17 07:39:27.2190","2018-12-17 07:42:26.2930",3186,"Grove St PATH",40.71958611647166,-74.04311746358871,3205,"JC Medical Center",40.71653978099194,-74.0496379137039,26292,"Subscriber",1976,2
288,"2018-12-17 08:11:55.1240","2018-12-17 08:16:43.9460",3186,"Grove St PATH",40.71958611647166,-74.04311746358871,3639,"Harborside",40.7192517,-74.034234,29678,"Subscriber",1969,1
334,"2018-12-17 08:14:19.4620","2018-12-17 08:19:54.4330",3186,"Grove St PATH",40.71958611647166,-74.04311746358871,3183,"Exchange Place",40.7162469,-74.0334588,29538,"Subscriber",1980,1
805,"2018-12-17 08:57:31.9630","2018-12-17 09:10:57.3530",3186,"Grove St PATH",40.71958611647166,-74.04311746358871,3277,"Communipaw & Berry Lane",40.71435836870427,-74.06661093235016,26311,"Subscriber",1975,1
328,"2018-12-17 08:57:59.3640","2018-12-17 09:03:27.9410",3186,"Grove St PATH",40.71958611647166,-74.04311746358871,3214,"Essex Light Rail",40.7127742,-74.0364857,29209,"Subscriber",1995,1
322,"2018-12-17 09:10:05.7680","2018-12-17 09:15:28.1200",3186,"Grove St PATH",40.71958611647166,-74.04311746358871,3639,"Harborside",40.7192517,-74.034234,29468,"Subscriber",1989,1
222,"2018-12-17 09:36:02.5100","2018-12-17 09:39:45.1510",3186,"Grove St PATH",40.71958611647166,-74.04311746358871,3209,"Brunswick St",40.7241765,-74.0506564,29612,"Subscriber",1991,1
350,"2018-12-17 10:54:07.6100","2018-12-17 10:59:58.3530",3186,"Grove St PATH",40.71958611647166,-74.04311746358871,3681,"Grand St",40.71517767732029,-74.03768330812454,29283,"Subscriber",1975,2
330,"2018-12-17 11:51:53.1610","2018-12-17 11:57:23.6480",3186,"Grove St PATH",40.71958611647166,-74.04311746358871,3203,"Hamilton Park",40.727595966,-74.044247311,29276,"Subscriber",1978,1
473,"2018-12-17 12:32:00.4290","2018-12-17 12:39:53.4950",3186,"Grove St PATH",40.71958611647166,-74.04311746358871,3639,"Harborside",40.7192517,-74.034234,26258,"Subscriber",1991,2
696,"2018-12-17 12:33:12.5280","2018-12-17 12:44:48.9750",3186,"Grove St PATH",40.71958611647166,-74.04311746358871,3277,"Communipaw & Berry Lane",40.71435836870427,-74.06661093235016,29308,"Subscriber",1988,1
248,"2018-12-17 12:41:43.4180","2018-12-17 12:45:51.8480",3186,"Grove St PATH",40.71958611647166,-74.04311746358871,3483,"Montgomery St",40.71942,-74.05099,26278,"Subscriber",1991,1
211,"2018-12-17 13:05:29.2410","2018-12-17 13:09:01.2390",3186,"Grove St PATH",40.71958611647166,-74.04311746358871,3205,"JC Medical Center",40.71653978099194,-74.0496379137039,29665,"Subscriber",1992,1
220,"2018-12-17 13:12:48.3690","2018-12-17 13:16:28.8570",3186,"Grove St PATH",40.71958611647166,-74.04311746358871,3187,"Warren St",40.7211236,-74.03805095,29245,"Subscriber",1975,1
236,"2018-12-17 13:26:16.2100","2018-12-17 13:30:12.2460",3186,"Grove St PATH",40.71958611647166,-74.04311746358871,3276,"Marin Light Rail",40.71458403535893,-74.04281705617905,29272,"Subscriber",1987,1
288,"2018-12-17 13:28:05.6390","2018-12-17 13:32:53.7290",3186,"Grove St PATH",40.71958611647166,-74.04311746358871,3203,"Hamilton Park",40.727595966,-74.044247311,26311,"Subscriber",1956,2
132,"2018-12-17 13:59:09.7060","2018-12-17 14:01:22.0660",3186,"Grove St PATH",40.71958611647166,-74.04311746358871,3279,"Dixon Mills",40.721630142638354,-74.04996782541275,26271,"Subscriber",1982,1
2515,"2018-12-17 14:06:32.1480","2018-12-17 14:48:27.6470",3186,"Grove St PATH",40.71958611647166,-74.04311746358871,3267,"Morris Canal",40.7124188237569,-74.03852552175522,29465,"Subscriber",1968,1
145,"2018-12-17 15:09:59.6810","2018-12-17 15:12:24.7400",3186,"Grove St PATH",40.71958611647166,-74.04311746358871,3276,"Marin Light Rail",40.71458403535893,-74.04281705617905,29303,"Subscriber",1965,1
222,"2018-12-17 15:10:48.0550","2018-12-17 15:14:30.7700",3186,"Grove St PATH",40.71958611647166,-74.04311746358871,3211,"Newark Ave",40.72152515,-74.046304543,29598,"Subscriber",1960,1
1152,"2018-12-17 15:15:38.0970","2018-12-17 15:34:50.7190",3186,"Grove St PATH",40.71958611647166,-74.04311746358871,3273,"Manila & 1st",40.721650724879986,-74.04288411140442,29481,"Subscriber",1971,2
224,"2018-12-17 15:19:00.5690","2018-12-17 15:22:45.4280",3186,"Grove St PATH",40.71958611647166,-74.04311746358871,3279,"Dixon Mills",40.721630142638354,-74.04996782541275,29441,"Subscriber",1989,1
239,"2018-12-17 15:22:45.9700","2018-12-17 15:26:45.6820",3186,"Grove St PATH",40.71958611647166,-74.04311746358871,3183,"Exchange Place",40.7162469,-74.0334588,29545,"Subscriber",1958,1
1231,"2018-12-17 16:10:29.2680","2018-12-17 16:31:00.9730",3186,"Grove St PATH",40.71958611647166,-74.04311746358871,3483,"Montgomery St",40.71942,-74.05099,29296,"Subscriber",1977,2
190,"2018-12-17 16:16:29.3900","2018-12-17 16:19:39.7090",3186,"Grove St PATH",40.71958611647166,-74.04311746358871,3279,"Dixon Mills",40.721630142638354,-74.04996782541275,29308,"Subscriber",1986,1
166,"2018-12-17 16:20:03.4030","2018-12-17 16:22:49.5050",3186,"Grove St PATH",40.71958611647166,-74.04311746358871,3279,"Dixon Mills",40.721630142638354,-74.04996782541275,29283,"Subscriber",1981,2
237,"2018-12-17 16:24:11.6700","2018-12-17 16:28:09.1350",3186,"Grove St PATH",40.71958611647166,-74.04311746358871,3278,"Monmouth and 6th",40.72568548362901,-74.04879033565521,29636,"Subscriber",1991,1
312,"2018-12-17 16:29:40.1370","2018-12-17 16:34:52.7330",3186,"Grove St PATH",40.71958611647166,-74.04311746358871,3269,"Brunswick & 6th",40.72601172964625,-74.05038893222809,26255,"Subscriber",1986,1
280,"2018-12-17 16:46:46.0740","2018-12-17 16:51:26.1280",3186,"Grove St PATH",40.71958611647166,-74.04311746358871,3203,"Hamilton Park",40.727595966,-74.044247311,29537,"Subscriber",1969,0
317,"2018-12-17 16:49:35.6960","2018-12-17 16:54:53.4340",3186,"Grove St PATH",40.71958611647166,-74.04311746358871,3203,"Hamilton Park",40.727595966,-74.044247311,29231,"Subscriber",1984,2
346,"2018-12-17 16:55:36.6660","2018-12-17 17:01:23.6400",3186,"Grove St PATH",40.71958611647166,-74.04311746358871,3269,"Brunswick & 6th",40.72601172964625,-74.05038893222809,26264,"Subscriber",1982,1
157,"2018-12-17 17:07:32.6410","2018-12-17 17:10:09.8020",3186,"Grove St PATH",40.71958611647166,-74.04311746358871,3272,"Jersey & 3rd",40.72333158646436,-74.04595255851744,29595,"Subscriber",1980,1
1069,"2018-12-17 17:12:10.9990","2018-12-17 17:30:00.5950",3186,"Grove St PATH",40.71958611647166,-74.04311746358871,3195,"Sip Ave",40.73074262530658,-74.06378388404846,26261,"Subscriber",1981,1
166,"2018-12-17 17:14:51.3590","2018-12-17 17:17:37.8330",3186,"Grove St PATH",40.71958611647166,-74.04311746358871,3279,"Dixon Mills",40.721630142638354,-74.04996782541275,26197,"Subscriber",1982,1
503,"2018-12-17 17:25:15.9300","2018-12-17 17:33:39.7780",3186,"Grove St PATH",40.71958611647166,-74.04311746358871,3192,"Liberty Light Rail",40.7112423,-74.0557013,29655,"Subscriber",1969,1
536,"2018-12-17 17:29:14.6620","2018-12-17 17:38:10.7480",3186,"Grove St PATH",40.71958611647166,-74.04311746358871,3203,"Hamilton Park",40.727595966,-74.044247311,26318,"Subscriber",1985,1
381,"2018-12-17 17:30:35.2850","2018-12-17 17:36:57.1240",3186,"Grove St PATH",40.71958611647166,-74.04311746358871,3203,"Hamilton Park",40.727595966,-74.044247311,26221,"Customer",1981,1
283,"2018-12-17 17:33:46.5320","2018-12-17 17:38:29.5430",3186,"Grove St PATH",40.71958611647166,-74.04311746358871,3269,"Brunswick & 6th",40.72601172964625,-74.05038893222809,29228,"Subscriber",1993,1
355,"2018-12-17 17:35:00.0630","2018-12-17 17:40:55.0800",3186,"Grove St PATH",40.71958611647166,-74.04311746358871,3269,"Brunswick & 6th",40.72601172964625,-74.05038893222809,29646,"Subscriber",1982,1
271,"2018-12-17 17:34:59.9060","2018-12-17 17:39:30.9300",3186,"Grove St PATH",40.71958611647166,-74.04311746358871,3209,"Brunswick St",40.7241765,-74.0506564,26276,"Subscriber",1977,2
284,"2018-12-17 17:36:45.4000","2018-12-17 17:41:30.1430",3186,"Grove St PATH",40.71958611647166,-74.04311746358871,3269,"Brunswick & 6th",40.72601172964625,-74.05038893222809,29572,"Subscriber",1975,1
667,"2018-12-17 17:37:37.4290","2018-12-17 17:48:45.3980",3186,"Grove St PATH",40.71958611647166,-74.04311746358871,3192,"Liberty Light Rail",40.7112423,-74.0557013,29676,"Subscriber",1983,1
285,"2018-12-17 17:42:25.8340","2018-12-17 17:47:11.4210",3186,"Grove St PATH",40.71958611647166,-74.04311746358871,3209,"Brunswick St",40.7241765,-74.0506564,29597,"Subscriber",1990,1
227,"2018-12-17 17:43:00.8510","2018-12-17 17:46:48.4200",3186,"Grove St PATH",40.71958611647166,-74.04311746358871,3209,"Brunswick St",40.7241765,-74.0506564,29511,"Subscriber",1991,1
188,"2018-12-17 17:45:08.9710","2018-12-17 17:48:17.8980",3186,"Grove St PATH",40.71958611647166,-74.04311746358871,3276,"Marin Light Rail",40.71458403535893,-74.04281705617905,29540,"Subscriber",1986,1
390,"2018-12-17 17:49:48.8340","2018-12-17 17:56:19.7470",3186,"Grove St PATH",40.71958611647166,-74.04311746358871,3267,"Morris Canal",40.7124188237569,-74.03852552175522,29608,"Subscriber",1981,2
314,"2018-12-17 17:50:39.4280","2018-12-17 17:55:53.5920",3186,"Grove St PATH",40.71958611647166,-74.04311746358871,3269,"Brunswick & 6th",40.72601172964625,-74.05038893222809,29199,"Subscriber",1984,1
229,"2018-12-17 17:50:45.8910","2018-12-17 17:54:35.1160",3186,"Grove St PATH",40.71958611647166,-74.04311746358871,3269,"Brunswick & 6th",40.72601172964625,-74.05038893222809,29440,"Subscriber",1992,1
223,"2018-12-17 17:51:30.8630","2018-12-17 17:55:14.7260",3186,"Grove St PATH",40.71958611647166,-74.04311746358871,3203,"Hamilton Park",40.727595966,-74.044247311,26200,"Subscriber",1979,1
192,"2018-12-17 17:52:02.7160","2018-12-17 17:55:15.4200",3186,"Grove St PATH",40.71958611647166,-74.04311746358871,3270,"Jersey & 6th St",40.72528910781132,-74.04557168483734,29275,"Subscriber",1968,1
229,"2018-12-17 17:54:00.9830","2018-12-17 17:57:50.6480",3186,"Grove St PATH",40.71958611647166,-74.04311746358871,3209,"Brunswick St",40.7241765,-74.0506564,26271,"Subscriber",1965,1
249,"2018-12-17 17:54:49.6720","2018-12-17 17:58:58.8620",3186,"Grove St PATH",40.71958611647166,-74.04311746358871,3278,"Monmouth and 6th",40.72568548362901,-74.04879033565521,29122,"Subscriber",1983,2
307,"2018-12-17 17:59:52.8990","2018-12-17 18:05:00.6530",3186,"Grove St PATH",40.71958611647166,-74.04311746358871,3276,"Marin Light Rail",40.71458403535893,-74.04281705617905,29479,"Subscriber",1978,1
315,"2018-12-17 18:04:13.1020","2018-12-17 18:09:28.5100",3186,"Grove St PATH",40.71958611647166,-74.04311746358871,3269,"Brunswick & 6th",40.72601172964625,-74.05038893222809,29529,"Subscriber",1980,1
234,"2018-12-17 18:05:05.2390","2018-12-17 18:08:59.3180",3186,"Grove St PATH",40.71958611647166,-74.04311746358871,3279,"Dixon Mills",40.721630142638354,-74.04996782541275,29494,"Subscriber",1986,1
283,"2018-12-17 18:07:29.1330","2018-12-17 18:12:12.4980",3186,"Grove St PATH",40.71958611647166,-74.04311746358871,3272,"Jersey & 3rd",40.72333158646436,-74.04595255851744,26192,"Subscriber",1996,2
1445,"2018-12-17 18:13:14.9020","2018-12-17 18:37:19.9870",3186,"Grove St PATH",40.71958611647166,-74.04311746358871,3270,"Jersey & 6th St",40.72528910781132,-74.04557168483734,29439,"Subscriber",1985,1
185,"2018-12-17 18:13:45.5350","2018-12-17 18:16:51.4540",3186,"Grove St PATH",40.71958611647166,-74.04311746358871,3272,"Jersey & 3rd",40.72333158646436,-74.04595255851744,29493,"Subscriber",1984,1
169,"2018-12-17 18:13:45.8910","2018-12-17 18:16:35.0190",3186,"Grove St PATH",40.71958611647166,-74.04311746358871,3270,"Jersey & 6th St",40.72528910781132,-74.04557168483734,29548,"Subscriber",1970,1
236,"2018-12-17 18:17:21.7640","2018-12-17 18:21:18.5550",3186,"Grove St PATH",40.71958611647166,-74.04311746358871,3213,"Van Vorst Park",40.71848892,-74.047726625,26159,"Subscriber",1975,2
435,"2018-12-17 18:17:52.8440","2018-12-17 18:25:08.0900",3186,"Grove St PATH",40.71958611647166,-74.04311746358871,3269,"Brunswick & 6th",40.72601172964625,-74.05038893222809,29531,"Subscriber",1982,2
250,"2018-12-17 18:18:38.3860","2018-12-17 18:22:48.7660",3186,"Grove St PATH",40.71958611647166,-74.04311746358871,3276,"Marin Light Rail",40.71458403535893,-74.04281705617905,26294,"Subscriber",1979,1
305,"2018-12-17 18:19:05.9050","2018-12-17 18:24:11.1220",3186,"Grove St PATH",40.71958611647166,-74.04311746358871,3276,"Marin Light Rail",40.71458403535893,-74.04281705617905,29554,"Subscriber",1989,1
261,"2018-12-17 18:20:36.7150","2018-12-17 18:24:57.8920",3186,"Grove St PATH",40.71958611647166,-74.04311746358871,3209,"Brunswick St",40.7241765,-74.0506564,29586,"Subscriber",1983,1
412,"2018-12-17 18:20:48.2060","2018-12-17 18:27:40.8910",3186,"Grove St PATH",40.71958611647166,-74.04311746358871,3203,"Hamilton Park",40.727595966,-74.044247311,26186,"Subscriber",1985,1
231,"2018-12-17 18:24:15.9230","2018-12-17 18:28:07.3740",3186,"Grove St PATH",40.71958611647166,-74.04311746358871,3278,"Monmouth and 6th",40.72568548362901,-74.04879033565521,29452,"Subscriber",1978,1
189,"2018-12-17 18:24:38.2040","2018-12-17 18:27:47.7790",3186,"Grove St PATH",40.71958611647166,-74.04311746358871,3279,"Dixon Mills",40.721630142638354,-74.04996782541275,29505,"Subscriber",1979,1
330,"2018-12-17 18:27:01.9490","2018-12-17 18:32:32.2730",3186,"Grove St PATH",40.71958611647166,-74.04311746358871,3681,"Grand St",40.71517767732029,-74.03768330812454,29618,"Subscriber",1985,2
304,"2018-12-17 18:27:43.9460","2018-12-17 18:32:48.8010",3186,"Grove St PATH",40.71958611647166,-74.04311746358871,3203,"Hamilton Park",40.727595966,-74.044247311,29477,"Subscriber",1987,2
513,"2018-12-17 18:29:03.2100","2018-12-17 18:37:36.7300",3186,"Grove St PATH",40.71958611647166,-74.04311746358871,3192,"Liberty Light Rail",40.7112423,-74.0557013,29246,"Subscriber",1988,1
334,"2018-12-17 18:29:03.4010","2018-12-17 18:34:38.0860",3186,"Grove St PATH",40.71958611647166,-74.04311746358871,3279,"Dixon Mills",40.721630142638354,-74.04996782541275,26268,"Subscriber",1985,1
176,"2018-12-17 18:29:55.7300","2018-12-17 18:32:51.9150",3186,"Grove St PATH",40.71958611647166,-74.04311746358871,3276,"Marin Light Rail",40.71458403535893,-74.04281705617905,29662,"Subscriber",1979,1
266,"2018-12-17 18:29:59.9100","2018-12-17 18:34:26.2820",3186,"Grove St PATH",40.71958611647166,-74.04311746358871,3269,"Brunswick & 6th",40.72601172964625,-74.05038893222809,26183,"Subscriber",1988,1
350,"2018-12-17 18:30:32.1960","2018-12-17 18:36:23.0560",3186,"Grove St PATH",40.71958611647166,-74.04311746358871,3276,"Marin Light Rail",40.71458403535893,-74.04281705617905,26196,"Subscriber",1957,1
267,"2018-12-17 18:30:17.9820","2018-12-17 18:34:45.4290",3186,"Grove St PATH",40.71958611647166,-74.04311746358871,3483,"Montgomery St",40.71942,-74.05099,26287,"Subscriber",1988,1
211,"2018-12-17 18:42:12.0570","2018-12-17 18:45:43.9980",3186,"Grove St PATH",40.71958611647166,-74.04311746358871,3270,"Jersey & 6th St",40.72528910781132,-74.04557168483734,29281,"Subscriber",1956,1
1324,"2018-12-17 18:42:22.9000","2018-12-17 19:04:26.9000",3186,"Grove St PATH",40.71958611647166,-74.04311746358871,3278,"Monmouth and 6th",40.72568548362901,-74.04879033565521,26160,"Subscriber",1977,1
323,"2018-12-17 18:42:41.3230","2018-12-17 18:48:05.1020",3186,"Grove St PATH",40.71958611647166,-74.04311746358871,3203,"Hamilton Park",40.727595966,-74.044247311,29506,"Subscriber",1973,1
331,"2018-12-17 18:43:28.4020","2018-12-17 18:49:00.1010",3186,"Grove St PATH",40.71958611647166,-74.04311746358871,3483,"Montgomery St",40.71942,-74.05099,29542,"Subscriber",1985,1
233,"2018-12-17 18:44:57.1220","2018-12-17 18:48:50.1580",3186,"Grove St PATH",40.71958611647166,-74.04311746358871,3279,"Dixon Mills",40.721630142638354,-74.04996782541275,29481,"Subscriber",1979,1
323,"2018-12-17 18:45:24.1470","2018-12-17 18:50:47.2190",3186,"Grove St PATH",40.71958611647166,-74.04311746358871,3267,"Morris Canal",40.7124188237569,-74.03852552175522,29254,"Subscriber",1984,1
316,"2018-12-17 18:45:32.3810","2018-12-17 18:50:49.1710",3186,"Grove St PATH",40.71958611647166,-74.04311746358871,3276,"Marin Light Rail",40.71458403535893,-74.04281705617905,29204,"Subscriber",1989,1
61,"2018-12-17 18:46:03.7620","2018-12-17 18:47:04.9130",3186,"Grove St PATH",40.71958611647166,-74.04311746358871,3186,"Grove St PATH",40.71958611647166,-74.04311746358871,29301,"Subscriber",1991,1
189,"2018-12-17 18:49:10.3800","2018-12-17 18:52:20.1390",3186,"Grove St PATH",40.71958611647166,-74.04311746358871,3270,"Jersey & 6th St",40.72528910781132,-74.04557168483734,29301,"Subscriber",1976,1
233,"2018-12-17 18:49:35.9510","2018-12-17 18:53:29.6020",3186,"Grove St PATH",40.71958611647166,-74.04311746358871,3203,"Hamilton Park",40.727595966,-74.044247311,26282,"Subscriber",1984,1
391,"2018-12-17 18:50:20.2060","2018-12-17 18:56:51.9830",3186,"Grove St PATH",40.71958611647166,-74.04311746358871,3278,"Monmouth and 6th",40.72568548362901,-74.04879033565521,26291,"Subscriber",1956,1
307,"2018-12-17 19:10:46.5280","2018-12-17 19:15:53.8240",3186,"Grove St PATH",40.71958611647166,-74.04311746358871,3203,"Hamilton Park",40.727595966,-74.044247311,29199,"Subscriber",1986,1
155,"2018-12-17 19:12:00.3780","2018-12-17 19:14:35.4450",3186,"Grove St PATH",40.71958611647166,-74.04311746358871,3213,"Van Vorst Park",40.71848892,-74.047726625,26183,"Subscriber",1985,1
191,"2018-12-17 19:13:58.6710","2018-12-17 19:17:10.0360",3186,"Grove St PATH",40.71958611647166,-74.04311746358871,3279,"Dixon Mills",40.721630142638354,-74.04996782541275,29228,"Subscriber",1975,1
299,"2018-12-17 19:21:30.2180","2018-12-17 19:26:29.2970",3186,"Grove St PATH",40.71958611647166,-74.04311746358871,3203,"Hamilton Park",40.727595966,-74.044247311,29440,"Subscriber",1977,1
241,"2018-12-17 19:22:10.6920","2018-12-17 19:26:12.3440",3186,"Grove St PATH",40.71958611647166,-74.04311746358871,3209,"Brunswick St",40.7241765,-74.0506564,29215,"Subscriber",1991,2
252,"2018-12-17 19:31:19.6840","2018-12-17 19:35:32.4450",3186,"Grove St PATH",40.71958611647166,-74.04311746358871,3278,"Monmouth and 6th",40.72568548362901,-74.04879033565521,26255,"Subscriber",1991,1
279,"2018-12-17 19:31:33.0240","2018-12-17 19:36:12.3570",3186,"Grove St PATH",40.71958611647166,-74.04311746358871,3269,"Brunswick & 6th",40.72601172964625,-74.05038893222809,29260,"Subscriber",1986,1
284,"2018-12-17 19:31:52.3010","2018-12-17 19:36:37.2810",3186,"Grove St PATH",40.71958611647166,-74.04311746358871,3203,"Hamilton Park",40.727595966,-74.044247311,26307,"Subscriber",1979,1
764,"2018-12-17 19:33:10.3640","2018-12-17 19:45:54.5210",3186,"Grove St PATH",40.71958611647166,-74.04311746358871,3225,"Baldwin at Montgomery",40.7236589,-74.0641943,29572,"Subscriber",1991,1
172,"2018-12-17 19:33:44.7410","2018-12-17 19:36:37.1400",3186,"Grove St PATH",40.71958611647166,-74.04311746358871,3272,"Jersey & 3rd",40.72333158646436,-74.04595255851744,29531,"Subscriber",1995,1
570,"2018-12-17 19:40:42.9140","2018-12-17 19:50:13.2760",3186,"Grove St PATH",40.71958611647166,-74.04311746358871,3268,"Lafayette Park",40.71346382669195,-74.06285852193832,29277,"Subscriber",1989,1
374,"2018-12-17 19:40:47.9620","2018-12-17 19:47:02.7140",3186,"Grove St PATH",40.71958611647166,-74.04311746358871,3203,"Hamilton Park",40.727595966,-74.044247311,29479,"Subscriber",1988,1
596,"2018-12-17 19:43:51.6570","2018-12-17 19:53:48.2600",3186,"Grove St PATH",40.71958611647166,-74.04311746358871,3192,"Liberty Light Rail",40.7112423,-74.0557013,29442,"Subscriber",1988,1
288,"2018-12-17 19:46:35.9770","2018-12-17 19:51:24.2800",3186,"Grove St PATH",40.71958611647166,-74.04311746358871,3483,"Montgomery St",40.71942,-74.05099,26293,"Subscriber",1985,2
378,"2018-12-17 19:48:27.1620","2018-12-17 19:54:45.8980",3186,"Grove St PATH",40.71958611647166,-74.04311746358871,3203,"Hamilton Park",40.727595966,-74.044247311,29662,"Subscriber",1988,1
166,"2018-12-17 19:48:49.5140","2018-12-17 19:51:35.7510",3186,"Grove St PATH",40.71958611647166,-74.04311746358871,3213,"Van Vorst Park",40.71848892,-74.047726625,26196,"Subscriber",1983,1
302,"2018-12-17 19:50:57.2810","2018-12-17 19:55:59.5180",3186,"Grove St PATH",40.71958611647166,-74.04311746358871,3203,"Hamilton Park",40.727595966,-74.044247311,29554,"Subscriber",1978,1
250,"2018-12-17 20:03:21.4060","2018-12-17 20:07:31.6030",3186,"Grove St PATH",40.71958611647166,-74.04311746358871,3278,"Monmouth and 6th",40.72568548362901,-74.04879033565521,29545,"Subscriber",1978,1
275,"2018-12-17 20:03:37.8120","2018-12-17 20:08:13.2370",3186,"Grove St PATH",40.71958611647166,-74.04311746358871,3203,"Hamilton Park",40.727595966,-74.044247311,26278,"Subscriber",1970,2
441,"2018-12-17 20:05:01.3230","2018-12-17 20:12:22.6950",3186,"Grove St PATH",40.71958611647166,-74.04311746358871,3184,"Paulus Hook",40.7141454,-74.0335519,29204,"Subscriber",1971,1
544,"2018-12-17 20:07:59.0720","2018-12-17 20:17:03.9060",3186,"Grove St PATH",40.71958611647166,-74.04311746358871,3268,"Lafayette Park",40.71346382669195,-74.06285852193832,29652,"Subscriber",1979,1
247,"2018-12-17 20:08:15.7390","2018-12-17 20:12:22.8360",3186,"Grove St PATH",40.71958611647166,-74.04311746358871,3209,"Brunswick St",40.7241765,-74.0506564,29533,"Subscriber",1991,2
461,"2018-12-17 20:13:20.1650","2018-12-17 20:21:01.5200",3186,"Grove St PATH",40.71958611647166,-74.04311746358871,3192,"Liberty Light Rail",40.7112423,-74.0557013,29661,"Subscriber",1975,1
249,"2018-12-17 20:24:52.4200","2018-12-17 20:29:01.6800",3186,"Grove St PATH",40.71958611647166,-74.04311746358871,3205,"JC Medical Center",40.71653978099194,-74.0496379137039,29607,"Subscriber",1993,1
181,"2018-12-17 20:36:15.4970","2018-12-17 20:39:17.0310",3186,"Grove St PATH",40.71958611647166,-74.04311746358871,3203,"Hamilton Park",40.727595966,-74.044247311,29245,"Subscriber",1990,1
217,"2018-12-17 20:37:06.4440","2018-12-17 20:40:44.0010",3186,"Grove St PATH",40.71958611647166,-74.04311746358871,3270,"Jersey & 6th St",40.72528910781132,-74.04557168483734,29452,"Subscriber",1973,1
209,"2018-12-17 20:40:14.0760","2018-12-17 20:43:43.3270",3186,"Grove St PATH",40.71958611647166,-74.04311746358871,3279,"Dixon Mills",40.721630142638354,-74.04996782541275,29498,"Subscriber",1949,1
158,"2018-12-17 20:41:26.3390","2018-12-17 20:44:04.4760",3186,"Grove St PATH",40.71958611647166,-74.04311746358871,3272,"Jersey & 3rd",40.72333158646436,-74.04595255851744,26182,"Subscriber",1988,2
276,"2018-12-17 20:42:58.7850","2018-12-17 20:47:35.7040",3186,"Grove St PATH",40.71958611647166,-74.04311746358871,3203,"Hamilton Park",40.727595966,-74.044247311,26172,"Subscriber",1973,1
240,"2018-12-17 21:00:25.1910","2018-12-17 21:04:25.4860",3186,"Grove St PATH",40.71958611647166,-74.04311746358871,3203,"Hamilton Park",40.727595966,-74.044247311,29124,"Subscriber",1968,1
279,"2018-12-17 21:07:45.1670","2018-12-17 21:12:24.9260",3186,"Grove St PATH",40.71958611647166,-74.04311746358871,3209,"Brunswick St",40.7241765,-74.0506564,26170,"Subscriber",1981,1
319,"2018-12-17 21:08:02.1320","2018-12-17 21:13:21.1910",3186,"Grove St PATH",40.71958611647166,-74.04311746358871,3269,"Brunswick & 6th",40.72601172964625,-74.05038893222809,29578,"Subscriber",1980,1
255,"2018-12-17 21:11:46.8700","2018-12-17 21:16:02.0310",3186,"Grove St PATH",40.71958611647166,-74.04311746358871,3681,"Grand St",40.71517767732029,-74.03768330812454,29552,"Subscriber",1974,1
198,"2018-12-17 22:01:23.1030","2018-12-17 22:04:42.0120",3186,"Grove St PATH",40.71958611647166,-74.04311746358871,3276,"Marin Light Rail",40.71458403535893,-74.04281705617905,29520,"Subscriber",1984,1
254,"2018-12-18 06:13:35.6660","2018-12-18 06:17:50.6620",3186,"Grove St PATH",40.71958611647166,-74.04311746358871,3639,"Harborside",40.7192517,-74.034234,29513,"Subscriber",1992,1
255,"2018-12-18 07:16:20.7820","2018-12-18 07:20:36.7360",3186,"Grove St PATH",40.71958611647166,-74.04311746358871,3639,"Harborside",40.7192517,-74.034234,29520,"Subscriber",1969,1
391,"2018-12-18 08:08:11.2190","2018-12-18 08:14:42.3770",3186,"Grove St PATH",40.71958611647166,-74.04311746358871,3639,"Harborside",40.7192517,-74.034234,29586,"Subscriber",1986,1
99,"2018-12-18 08:30:57.7520","2018-12-18 08:32:37.3590",3186,"Grove St PATH",40.71958611647166,-74.04311746358871,3211,"Newark Ave",40.72152515,-74.046304543,29529,"Subscriber",1987,1
356,"2018-12-18 08:36:34.3480","2018-12-18 08:42:30.8900",3186,"Grove St PATH",40.71958611647166,-74.04311746358871,3209,"Brunswick St",40.7241765,-74.0506564,29452,"Subscriber",1979,2
70,"2018-12-18 08:46:45.6720","2018-12-18 08:47:56.3060",3186,"Grove St PATH",40.71958611647166,-74.04311746358871,3185,"City Hall",40.7177325,-74.043845,29210,"Subscriber",1987,1
256,"2018-12-18 08:48:33.0080","2018-12-18 08:52:49.8900",3186,"Grove St PATH",40.71958611647166,-74.04311746358871,3203,"Hamilton Park",40.727595966,-74.044247311,29308,"Subscriber",1973,1
146,"2018-12-18 08:51:15.6300","2018-12-18 08:53:42.4080",3186,"Grove St PATH",40.71958611647166,-74.04311746358871,3213,"Van Vorst Park",40.71848892,-74.047726625,29262,"Subscriber",1987,1
271,"2018-12-18 09:00:26.3730","2018-12-18 09:04:57.6190",3186,"Grove St PATH",40.71958611647166,-74.04311746358871,3639,"Harborside",40.7192517,-74.034234,29646,"Subscriber",1989,1
220,"2018-12-18 09:13:02.7030","2018-12-18 09:16:42.7570",3186,"Grove St PATH",40.71958611647166,-74.04311746358871,3209,"Brunswick St",40.7241765,-74.0506564,26307,"Subscriber",1982,1
129,"2018-12-18 10:00:09.1230","2018-12-18 10:02:18.5910",3186,"Grove St PATH",40.71958611647166,-74.04311746358871,3211,"Newark Ave",40.72152515,-74.046304543,29493,"Subscriber",1987,2
211,"2018-12-18 10:26:20.2950","2018-12-18 10:29:51.5260",3186,"Grove St PATH",40.71958611647166,-74.04311746358871,3209,"Brunswick St",40.7241765,-74.0506564,29231,"Subscriber",1991,1
222,"2018-12-18 10:30:16.6170","2018-12-18 10:33:58.9890",3186,"Grove St PATH",40.71958611647166,-74.04311746358871,3183,"Exchange Place",40.7162469,-74.0334588,33744,"Subscriber",1982,1
173,"2018-12-18 10:34:45.4930","2018-12-18 10:37:39.1600",3186,"Grove St PATH",40.71958611647166,-74.04311746358871,3276,"Marin Light Rail",40.71458403535893,-74.04281705617905,29121,"Subscriber",1989,1
354,"2018-12-18 11:43:56.0550","2018-12-18 11:49:50.1250",3186,"Grove St PATH",40.71958611647166,-74.04311746358871,3639,"Harborside",40.7192517,-74.034234,29498,"Subscriber",1971,2
323,"2018-12-18 12:21:58.5110","2018-12-18 12:27:22.3570",3186,"Grove St PATH",40.71958611647166,-74.04311746358871,3209,"Brunswick St",40.7241765,-74.0506564,29506,"Subscriber",1980,1
283,"2018-12-18 13:06:02.4660","2018-12-18 13:10:45.4940",3186,"Grove St PATH",40.71958611647166,-74.04311746358871,3203,"Hamilton Park",40.727595966,-74.044247311,26173,"Subscriber",1991,1
271,"2018-12-18 13:14:39.8060","2018-12-18 13:19:11.5450",3186,"Grove St PATH",40.71958611647166,-74.04311746358871,3203,"Hamilton Park",40.727595966,-74.044247311,29297,"Subscriber",1956,2
2321,"2018-12-18 14:38:49.1200","2018-12-18 15:17:30.3600",3186,"Grove St PATH",40.71958611647166,-74.04311746358871,3211,"Newark Ave",40.72152515,-74.046304543,29281,"Subscriber",1965,1
340,"2018-12-18 14:54:59.2900","2018-12-18 15:00:39.4600",3186,"Grove St PATH",40.71958611647166,-74.04311746358871,3279,"Dixon Mills",40.721630142638354,-74.04996782541275,26213,"Subscriber",1988,1
189,"2018-12-18 15:09:55.1990","2018-12-18 15:13:04.6210",3186,"Grove St PATH",40.71958611647166,-74.04311746358871,3279,"Dixon Mills",40.721630142638354,-74.04996782541275,29490,"Subscriber",1986,1
266,"2018-12-18 15:58:14.8440","2018-12-18 16:02:41.4590",3186,"Grove St PATH",40.71958611647166,-74.04311746358871,3279,"Dixon Mills",40.721630142638354,-74.04996782541275,29239,"Subscriber",1977,2
273,"2018-12-18 16:40:42.0170","2018-12-18 16:45:15.9110",3186,"Grove St PATH",40.71958611647166,-74.04311746358871,3203,"Hamilton Park",40.727595966,-74.044247311,26280,"Subscriber",1978,1
242,"2018-12-18 16:47:06.9100","2018-12-18 16:51:09.1060",3186,"Grove St PATH",40.71958611647166,-74.04311746358871,3276,"Marin Light Rail",40.71458403535893,-74.04281705617905,29121,"Subscriber",1986,1
341,"2018-12-18 17:07:50.6080","2018-12-18 17:13:32.3500",3186,"Grove St PATH",40.71958611647166,-74.04311746358871,3203,"Hamilton Park",40.727595966,-74.044247311,29228,"Subscriber",1985,1
391,"2018-12-18 17:08:17.9950","2018-12-18 17:14:49.9810",3186,"Grove St PATH",40.71958611647166,-74.04311746358871,3269,"Brunswick & 6th",40.72601172964625,-74.05038893222809,29658,"Subscriber",1972,2
136,"2018-12-18 17:08:24.6410","2018-12-18 17:10:41.3860",3186,"Grove St PATH",40.71958611647166,-74.04311746358871,3279,"Dixon Mills",40.721630142638354,-74.04996782541275,29262,"Subscriber",1982,1
290,"2018-12-18 17:09:02.2010","2018-12-18 17:13:52.5220",3186,"Grove St PATH",40.71958611647166,-74.04311746358871,3209,"Brunswick St",40.7241765,-74.0506564,29481,"Subscriber",1984,1
332,"2018-12-18 17:09:10.1240","2018-12-18 17:14:42.8000",3186,"Grove St PATH",40.71958611647166,-74.04311746358871,3203,"Hamilton Park",40.727595966,-74.044247311,26284,"Subscriber",1988,1
266,"2018-12-18 17:21:29.8700","2018-12-18 17:25:56.4310",3186,"Grove St PATH",40.71958611647166,-74.04311746358871,3269,"Brunswick & 6th",40.72601172964625,-74.05038893222809,29477,"Subscriber",1976,1
556,"2018-12-18 17:25:33.0640","2018-12-18 17:34:49.7920",3186,"Grove St PATH",40.71958611647166,-74.04311746358871,3278,"Monmouth and 6th",40.72568548362901,-74.04879033565521,26186,"Subscriber",1986,1
344,"2018-12-18 17:28:31.6800","2018-12-18 17:34:16.3240",3186,"Grove St PATH",40.71958611647166,-74.04311746358871,3203,"Hamilton Park",40.727595966,-74.044247311,29306,"Subscriber",1980,1
269,"2018-12-18 17:29:20.8450","2018-12-18 17:33:50.2610",3186,"Grove St PATH",40.71958611647166,-74.04311746358871,3267,"Morris Canal",40.7124188237569,-74.03852552175522,29608,"Subscriber",1990,1
185,"2018-12-18 17:30:01.8210","2018-12-18 17:33:07.2190",3186,"Grove St PATH",40.71958611647166,-74.04311746358871,3279,"Dixon Mills",40.721630142638354,-74.04996782541275,29485,"Subscriber",1987,2
528,"2018-12-18 17:30:11.8290","2018-12-18 17:39:00.1580",3186,"Grove St PATH",40.71958611647166,-74.04311746358871,3192,"Liberty Light Rail",40.7112423,-74.0557013,29659,"Subscriber",1969,1
235,"2018-12-18 17:36:21.1680","2018-12-18 17:40:17.1350",3186,"Grove St PATH",40.71958611647166,-74.04311746358871,3203,"Hamilton Park",40.727595966,-74.044247311,29675,"Subscriber",1979,1
537,"2018-12-18 17:37:06.4630","2018-12-18 17:46:04.0680",3186,"Grove St PATH",40.71958611647166,-74.04311746358871,3192,"Liberty Light Rail",40.7112423,-74.0557013,29619,"Subscriber",1983,1
251,"2018-12-18 17:38:00.4430","2018-12-18 17:42:12.1060",3186,"Grove St PATH",40.71958611647166,-74.04311746358871,3203,"Hamilton Park",40.727595966,-74.044247311,29671,"Subscriber",1979,1
217,"2018-12-18 17:39:47.1970","2018-12-18 17:43:24.7600",3186,"Grove St PATH",40.71958611647166,-74.04311746358871,3270,"Jersey & 6th St",40.72528910781132,-74.04557168483734,26170,"Subscriber",1968,1
318,"2018-12-18 17:42:39.4760","2018-12-18 17:47:57.8830",3186,"Grove St PATH",40.71958611647166,-74.04311746358871,3209,"Brunswick St",40.7241765,-74.0506564,26206,"Subscriber",1977,2
259,"2018-12-18 17:44:51.0840","2018-12-18 17:49:10.9390",3186,"Grove St PATH",40.71958611647166,-74.04311746358871,3276,"Marin Light Rail",40.71458403535893,-74.04281705617905,29124,"Subscriber",1979,1
443,"2018-12-18 17:44:48.4360","2018-12-18 17:52:12.3060",3186,"Grove St PATH",40.71958611647166,-74.04311746358871,3205,"JC Medical Center",40.71653978099194,-74.0496379137039,26196,"Subscriber",1976,2
641,"2018-12-18 17:49:42.5260","2018-12-18 18:00:24.3660",3186,"Grove St PATH",40.71958611647166,-74.04311746358871,3192,"Liberty Light Rail",40.7112423,-74.0557013,29197,"Subscriber",1978,1
224,"2018-12-18 17:55:49.9440","2018-12-18 17:59:34.4780",3186,"Grove St PATH",40.71958611647166,-74.04311746358871,3270,"Jersey & 6th St",40.72528910781132,-74.04557168483734,29499,"Subscriber",1985,1
323,"2018-12-18 17:57:20.4300","2018-12-18 18:02:43.8650",3186,"Grove St PATH",40.71958611647166,-74.04311746358871,3269,"Brunswick & 6th",40.72601172964625,-74.05038893222809,29228,"Subscriber",1978,1
261,"2018-12-18 18:01:17.0430","2018-12-18 18:05:39.0330",3186,"Grove St PATH",40.71958611647166,-74.04311746358871,3278,"Monmouth and 6th",40.72568548362901,-74.04879033565521,26268,"Subscriber",1983,2
350,"2018-12-18 18:11:11.7390","2018-12-18 18:17:01.8870",3186,"Grove St PATH",40.71958611647166,-74.04311746358871,3205,"JC Medical Center",40.71653978099194,-74.0496379137039,26173,"Subscriber",1983,1
306,"2018-12-18 18:11:27.9570","2018-12-18 18:16:34.4880",3186,"Grove St PATH",40.71958611647166,-74.04311746358871,3269,"Brunswick & 6th",40.72601172964625,-74.05038893222809,29443,"Subscriber",1992,1
192,"2018-12-18 18:12:06.6240","2018-12-18 18:15:19.0110",3186,"Grove St PATH",40.71958611647166,-74.04311746358871,3205,"JC Medical Center",40.71653978099194,-74.0496379137039,29583,"Subscriber",1969,0
193,"2018-12-18 18:14:23.1980","2018-12-18 18:17:36.6040",3186,"Grove St PATH",40.71958611647166,-74.04311746358871,3279,"Dixon Mills",40.721630142638354,-74.04996782541275,29554,"Subscriber",1982,1
669,"2018-12-18 18:14:42.0950","2018-12-18 18:25:51.5300",3186,"Grove St PATH",40.71958611647166,-74.04311746358871,3192,"Liberty Light Rail",40.7112423,-74.0557013,26186,"Subscriber",1990,1
322,"2018-12-18 18:18:18.9400","2018-12-18 18:23:41.8390",3186,"Grove St PATH",40.71958611647166,-74.04311746358871,3209,"Brunswick St",40.7241765,-74.0506564,26200,"Subscriber",1982,2
138,"2018-12-18 18:18:30.3950","2018-12-18 18:20:48.8750",3186,"Grove St PATH",40.71958611647166,-74.04311746358871,3213,"Van Vorst Park",40.71848892,-74.047726625,26291,"Subscriber",1989,2
543,"2018-12-18 18:19:31.0950","2018-12-18 18:28:34.8790",3186,"Grove St PATH",40.71958611647166,-74.04311746358871,3268,"Lafayette Park",40.71346382669195,-74.06285852193832,29450,"Subscriber",1989,1
470,"2018-12-18 18:24:48.9910","2018-12-18 18:32:39.8490",3186,"Grove St PATH",40.71958611647166,-74.04311746358871,3192,"Liberty Light Rail",40.7112423,-74.0557013,26204,"Subscriber",1988,1
194,"2018-12-18 18:25:09.3580","2018-12-18 18:28:23.3650",3186,"Grove St PATH",40.71958611647166,-74.04311746358871,3483,"Montgomery St",40.71942,-74.05099,26284,"Subscriber",1986,1
264,"2018-12-18 18:26:32.3230","2018-12-18 18:30:57.2950",3186,"Grove St PATH",40.71958611647166,-74.04311746358871,3270,"Jersey & 6th St",40.72528910781132,-74.04557168483734,29293,"Subscriber",1981,1
238,"2018-12-18 18:26:44.7140","2018-12-18 18:30:43.2450",3186,"Grove St PATH",40.71958611647166,-74.04311746358871,3278,"Monmouth and 6th",40.72568548362901,-74.04879033565521,29445,"Subscriber",1991,1
331,"2018-12-18 18:27:01.4050","2018-12-18 18:32:32.7560",3186,"Grove St PATH",40.71958611647166,-74.04311746358871,3203,"Hamilton Park",40.727595966,-74.044247311,29254,"Subscriber",1976,2
246,"2018-12-18 18:27:09.1890","2018-12-18 18:31:15.3330",3186,"Grove St PATH",40.71958611647166,-74.04311746358871,3209,"Brunswick St",40.7241765,-74.0506564,29578,"Subscriber",1991,2
264,"2018-12-18 18:31:57.5680","2018-12-18 18:36:22.2880",3186,"Grove St PATH",40.71958611647166,-74.04311746358871,3203,"Hamilton Park",40.727595966,-74.044247311,29246,"Subscriber",1990,2
217,"2018-12-18 18:32:05.4890","2018-12-18 18:35:43.1330",3186,"Grove St PATH",40.71958611647166,-74.04311746358871,3279,"Dixon Mills",40.721630142638354,-74.04996782541275,29469,"Subscriber",1976,1
461,"2018-12-18 18:35:10.0520","2018-12-18 18:42:51.2090",3186,"Grove St PATH",40.71958611647166,-74.04311746358871,3192,"Liberty Light Rail",40.7112423,-74.0557013,29595,"Subscriber",1985,1
339,"2018-12-18 18:38:02.3480","2018-12-18 18:43:41.9140",3186,"Grove St PATH",40.71958611647166,-74.04311746358871,3278,"Monmouth and 6th",40.72568548362901,-74.04879033565521,29508,"Subscriber",1981,1
334,"2018-12-18 18:38:33.6060","2018-12-18 18:44:08.5840",3186,"Grove St PATH",40.71958611647166,-74.04311746358871,3203,"Hamilton Park",40.727595966,-74.044247311,26264,"Subscriber",1987,2
233,"2018-12-18 18:40:35.4430","2018-12-18 18:44:28.4630",3186,"Grove St PATH",40.71958611647166,-74.04311746358871,3278,"Monmouth and 6th",40.72568548362901,-74.04879033565521,29210,"Subscriber",1993,1
375,"2018-12-18 18:40:35.3150","2018-12-18 18:46:50.4590",3186,"Grove St PATH",40.71958611647166,-74.04311746358871,3269,"Brunswick & 6th",40.72601172964625,-74.05038893222809,26280,"Subscriber",1989,2
286,"2018-12-18 18:40:49.9000","2018-12-18 18:45:36.3290",3186,"Grove St PATH",40.71958611647166,-74.04311746358871,3269,"Brunswick & 6th",40.72601172964625,-74.05038893222809,26258,"Subscriber",1981,1
261,"2018-12-18 18:42:25.5450","2018-12-18 18:46:47.2580",3186,"Grove St PATH",40.71958611647166,-74.04311746358871,3203,"Hamilton Park",40.727595966,-74.044247311,29240,"Subscriber",1984,1
235,"2018-12-18 18:44:35.6330","2018-12-18 18:48:30.8130",3186,"Grove St PATH",40.71958611647166,-74.04311746358871,3278,"Monmouth and 6th",40.72568548362901,-74.04879033565521,29532,"Subscriber",1985,1
235,"2018-12-18 18:44:45.9280","2018-12-18 18:48:41.2830",3186,"Grove St PATH",40.71958611647166,-74.04311746358871,3483,"Montgomery St",40.71942,-74.05099,29214,"Subscriber",1985,1
297,"2018-12-18 18:45:02.5430","2018-12-18 18:49:59.6020",3186,"Grove St PATH",40.71958611647166,-74.04311746358871,3203,"Hamilton Park",40.727595966,-74.044247311,29589,"Subscriber",1973,1
236,"2018-12-18 18:47:45.7240","2018-12-18 18:51:42.5140",3186,"Grove St PATH",40.71958611647166,-74.04311746358871,3278,"Monmouth and 6th",40.72568548362901,-74.04879033565521,26198,"Subscriber",1980,1
220,"2018-12-18 18:47:46.6640","2018-12-18 18:51:26.8690",3186,"Grove St PATH",40.71958611647166,-74.04311746358871,3272,"Jersey & 3rd",40.72333158646436,-74.04595255851744,26161,"Subscriber",1971,1
191,"2018-12-18 18:48:14.2590","2018-12-18 18:51:25.8990",3186,"Grove St PATH",40.71958611647166,-74.04311746358871,3270,"Jersey & 6th St",40.72528910781132,-74.04557168483734,29124,"Subscriber",1967,1
328,"2018-12-18 19:11:15.8000","2018-12-18 19:16:43.8410",3186,"Grove St PATH",40.71958611647166,-74.04311746358871,3203,"Hamilton Park",40.727595966,-74.044247311,26282,"Subscriber",1956,1
357,"2018-12-18 19:15:18.4880","2018-12-18 19:21:16.3220",3186,"Grove St PATH",40.71958611647166,-74.04311746358871,3209,"Brunswick St",40.7241765,-74.0506564,26203,"Subscriber",1978,1
228,"2018-12-18 19:15:40.5310","2018-12-18 19:19:28.6580",3186,"Grove St PATH",40.71958611647166,-74.04311746358871,3279,"Dixon Mills",40.721630142638354,-74.04996782541275,29496,"Subscriber",1989,1
300,"2018-12-18 19:20:13.6980","2018-12-18 19:25:14.2510",3186,"Grove St PATH",40.71958611647166,-74.04311746358871,3187,"Warren St",40.7211236,-74.03805095,26283,"Subscriber",1990,2
269,"2018-12-18 19:21:32.3760","2018-12-18 19:26:01.7890",3186,"Grove St PATH",40.71958611647166,-74.04311746358871,3269,"Brunswick & 6th",40.72601172964625,-74.05038893222809,26182,"Subscriber",1986,1
207,"2018-12-18 19:21:34.3620","2018-12-18 19:25:02.0460",3186,"Grove St PATH",40.71958611647166,-74.04311746358871,3483,"Montgomery St",40.71942,-74.05099,29124,"Subscriber",1988,1
138,"2018-12-18 19:26:08.4450","2018-12-18 19:28:27.3700",3186,"Grove St PATH",40.71958611647166,-74.04311746358871,3213,"Van Vorst Park",40.71848892,-74.047726625,26293,"Subscriber",1970,1
186,"2018-12-18 19:32:13.6540","2018-12-18 19:35:19.8240",3186,"Grove St PATH",40.71958611647166,-74.04311746358871,3213,"Van Vorst Park",40.71848892,-74.047726625,26225,"Subscriber",1988,1
228,"2018-12-18 19:38:59.8110","2018-12-18 19:42:48.6200",3186,"Grove St PATH",40.71958611647166,-74.04311746358871,3279,"Dixon Mills",40.721630142638354,-74.04996782541275,29207,"Subscriber",1978,1
379,"2018-12-18 19:48:12.9490","2018-12-18 19:54:32.3200",3186,"Grove St PATH",40.71958611647166,-74.04311746358871,3278,"Monmouth and 6th",40.72568548362901,-74.04879033565521,29525,"Subscriber",1982,2
690,"2018-12-18 19:51:47.8830","2018-12-18 20:03:18.8420",3186,"Grove St PATH",40.71958611647166,-74.04311746358871,3206,"Hilltop",40.7311689,-74.0575736,29301,"Subscriber",1981,1
202,"2018-12-18 19:59:19.0610","2018-12-18 20:02:41.2770",3186,"Grove St PATH",40.71958611647166,-74.04311746358871,3481,"York St",40.71649,-74.04105,26187,"Subscriber",1954,2
225,"2018-12-18 20:13:46.2730","2018-12-18 20:17:31.8450",3186,"Grove St PATH",40.71958611647166,-74.04311746358871,3276,"Marin Light Rail",40.71458403535893,-74.04281705617905,29545,"Subscriber",1986,1
127,"2018-12-18 20:16:03.7130","2018-12-18 20:18:11.0720",3186,"Grove St PATH",40.71958611647166,-74.04311746358871,3211,"Newark Ave",40.72152515,-74.046304543,29593,"Subscriber",1982,1
217,"2018-12-18 20:16:03.5010","2018-12-18 20:19:41.4380",3186,"Grove St PATH",40.71958611647166,-74.04311746358871,3209,"Brunswick St",40.7241765,-74.0506564,26267,"Subscriber",1975,1
270,"2018-12-18 20:21:07.0280","2018-12-18 20:25:37.7640",3186,"Grove St PATH",40.71958611647166,-74.04311746358871,3278,"Monmouth and 6th",40.72568548362901,-74.04879033565521,29215,"Subscriber",1980,1
203,"2018-12-18 20:28:43.6090","2018-12-18 20:32:06.8220",3186,"Grove St PATH",40.71958611647166,-74.04311746358871,3279,"Dixon Mills",40.721630142638354,-74.04996782541275,29523,"Subscriber",1977,1
391,"2018-12-18 20:28:56.6800","2018-12-18 20:35:28.5670",3186,"Grove St PATH",40.71958611647166,-74.04311746358871,3267,"Morris Canal",40.7124188237569,-74.03852552175522,29577,"Subscriber",1958,1
272,"2018-12-18 20:38:11.6720","2018-12-18 20:42:43.9950",3186,"Grove St PATH",40.71958611647166,-74.04311746358871,3270,"Jersey & 6th St",40.72528910781132,-74.04557168483734,29444,"Subscriber",1976,1
202,"2018-12-18 20:40:19.8180","2018-12-18 20:43:42.0740",3186,"Grove St PATH",40.71958611647166,-74.04311746358871,3279,"Dixon Mills",40.721630142638354,-74.04996782541275,29307,"Subscriber",1949,1
307,"2018-12-18 20:40:48.6810","2018-12-18 20:45:56.6310",3186,"Grove St PATH",40.71958611647166,-74.04311746358871,3278,"Monmouth and 6th",40.72568548362901,-74.04879033565521,26192,"Subscriber",1977,1
266,"2018-12-18 20:40:46.9300","2018-12-18 20:45:13.4320",3186,"Grove St PATH",40.71958611647166,-74.04311746358871,3681,"Grand St",40.71517767732029,-74.03768330812454,29576,"Subscriber",1970,1
214,"2018-12-18 20:46:38.1210","2018-12-18 20:50:12.2240",3186,"Grove St PATH",40.71958611647166,-74.04311746358871,3276,"Marin Light Rail",40.71458403535893,-74.04281705617905,26255,"Subscriber",1987,2
352,"2018-12-18 20:47:15.0020","2018-12-18 20:53:07.5930",3186,"Grove St PATH",40.71958611647166,-74.04311746358871,3203,"Hamilton Park",40.727595966,-74.044247311,29257,"Subscriber",1964,1
834,"2018-12-18 20:51:14.6650","2018-12-18 21:05:09.0790",3186,"Grove St PATH",40.71958611647166,-74.04311746358871,3194,"McGinley Square",40.7253399253558,-74.06762212514877,29482,"Subscriber",1981,1
219,"2018-12-18 20:51:56.2920","2018-12-18 20:55:35.7950",3186,"Grove St PATH",40.71958611647166,-74.04311746358871,3276,"Marin Light Rail",40.71458403535893,-74.04281705617905,26279,"Subscriber",1970,1
634,"2018-12-18 20:58:14.0450","2018-12-18 21:08:48.2140",3186,"Grove St PATH",40.71958611647166,-74.04311746358871,3639,"Harborside",40.7192517,-74.034234,29295,"Subscriber",1989,1
324,"2018-12-18 21:11:31.2980","2018-12-18 21:16:55.4450",3186,"Grove St PATH",40.71958611647166,-74.04311746358871,3203,"Hamilton Park",40.727595966,-74.044247311,26172,"Subscriber",1980,2
575,"2018-12-18 21:15:38.7300","2018-12-18 21:25:14.5120",3186,"Grove St PATH",40.71958611647166,-74.04311746358871,3192,"Liberty Light Rail",40.7112423,-74.0557013,26262,"Subscriber",1988,1
251,"2018-12-18 21:15:47.3590","2018-12-18 21:19:58.7830",3186,"Grove St PATH",40.71958611647166,-74.04311746358871,3269,"Brunswick & 6th",40.72601172964625,-74.05038893222809,29286,"Subscriber",1988,1
174,"2018-12-18 21:16:01.8720","2018-12-18 21:18:55.9260",3186,"Grove St PATH",40.71958611647166,-74.04311746358871,3276,"Marin Light Rail",40.71458403535893,-74.04281705617905,26159,"Subscriber",1979,1
301,"2018-12-18 21:16:59.7200","2018-12-18 21:22:00.7500",3186,"Grove St PATH",40.71958611647166,-74.04311746358871,3276,"Marin Light Rail",40.71458403535893,-74.04281705617905,29636,"Subscriber",1979,1
194,"2018-12-18 21:17:18.4860","2018-12-18 21:20:32.8080",3186,"Grove St PATH",40.71958611647166,-74.04311746358871,3213,"Van Vorst Park",40.71848892,-74.047726625,29676,"Subscriber",1989,2
291,"2018-12-18 21:22:08.6030","2018-12-18 21:27:00.5430",3186,"Grove St PATH",40.71958611647166,-74.04311746358871,3205,"JC Medical Center",40.71653978099194,-74.0496379137039,29607,"Subscriber",1991,2
239,"2018-12-18 21:30:14.6100","2018-12-18 21:34:13.6930",3186,"Grove St PATH",40.71958611647166,-74.04311746358871,3203,"Hamilton Park",40.727595966,-74.044247311,29662,"Subscriber",1983,1
254,"2018-12-18 21:40:42.1600","2018-12-18 21:44:56.4870",3186,"Grove St PATH",40.71958611647166,-74.04311746358871,3278,"Monmouth and 6th",40.72568548362901,-74.04879033565521,29521,"Subscriber",1988,2
319,"2018-12-18 22:05:37.5580","2018-12-18 22:10:57.1990",3186,"Grove St PATH",40.71958611647166,-74.04311746358871,3203,"Hamilton Park",40.727595966,-74.044247311,29512,"Subscriber",1990,2
229,"2018-12-19 06:54:44.4850","2018-12-19 06:58:33.9640",3186,"Grove St PATH",40.71958611647166,-74.04311746358871,3205,"JC Medical Center",40.71653978099194,-74.0496379137039,29490,"Subscriber",1976,2
283,"2018-12-19 07:12:28.2980","2018-12-19 07:17:11.5910",3186,"Grove St PATH",40.71958611647166,-74.04311746358871,3205,"JC Medical Center",40.71653978099194,-74.0496379137039,29523,"Subscriber",1956,1
252,"2018-12-19 07:25:42.1060","2018-12-19 07:29:54.6960",3186,"Grove St PATH",40.71958611647166,-74.04311746358871,3184,"Paulus Hook",40.7141454,-74.0335519,29525,"Subscriber",1995,1
350,"2018-12-19 07:39:53.8210","2018-12-19 07:45:44.1760",3186,"Grove St PATH",40.71958611647166,-74.04311746358871,3269,"Brunswick & 6th",40.72601172964625,-74.05038893222809,29286,"Subscriber",1959,2
315,"2018-12-19 07:45:19.7720","2018-12-19 07:50:35.3710",3186,"Grove St PATH",40.71958611647166,-74.04311746358871,3209,"Brunswick St",40.7241765,-74.0506564,29496,"Subscriber",1991,2
87,"2018-12-19 07:47:00.5020","2018-12-19 07:48:28.1110",3186,"Grove St PATH",40.71958611647166,-74.04311746358871,3185,"City Hall",40.7177325,-74.043845,29254,"Subscriber",1988,1
408,"2018-12-19 07:54:00.0680","2018-12-19 08:00:48.3290",3186,"Grove St PATH",40.71958611647166,-74.04311746358871,3681,"Grand St",40.71517767732029,-74.03768330812454,26202,"Subscriber",1991,2
96,"2018-12-19 08:26:15.7350","2018-12-19 08:27:52.1370",3186,"Grove St PATH",40.71958611647166,-74.04311746358871,3211,"Newark Ave",40.72152515,-74.046304543,26267,"Subscriber",1987,1
82,"2018-12-19 08:31:47.7120","2018-12-19 08:33:10.1080",3186,"Grove St PATH",40.71958611647166,-74.04311746358871,3211,"Newark Ave",40.72152515,-74.046304543,26284,"Subscriber",1987,1
79,"2018-12-19 08:36:33.2180","2018-12-19 08:37:52.8090",3186,"Grove St PATH",40.71958611647166,-74.04311746358871,3211,"Newark Ave",40.72152515,-74.046304543,29598,"Subscriber",1987,1
84,"2018-12-19 08:41:13.3260","2018-12-19 08:42:38.1120",3186,"Grove St PATH",40.71958611647166,-74.04311746358871,3211,"Newark Ave",40.72152515,-74.046304543,29493,"Subscriber",1987,1
136,"2018-12-19 08:45:30.8260","2018-12-19 08:47:47.0070",3186,"Grove St PATH",40.71958611647166,-74.04311746358871,3279,"Dixon Mills",40.721630142638354,-74.04996782541275,26174,"Subscriber",1987,1
226,"2018-12-19 08:54:25.5520","2018-12-19 08:58:12.4180",3186,"Grove St PATH",40.71958611647166,-74.04311746358871,3483,"Montgomery St",40.71942,-74.05099,29662,"Subscriber",1987,1
362,"2018-12-19 08:57:38.9430","2018-12-19 09:03:41.3830",3186,"Grove St PATH",40.71958611647166,-74.04311746358871,3202,"Newport PATH",40.7272235,-74.0337589,29607,"Subscriber",1990,1
364,"2018-12-19 08:59:02.9150","2018-12-19 09:05:07.8790",3186,"Grove St PATH",40.71958611647166,-74.04311746358871,3639,"Harborside",40.7192517,-74.034234,29485,"Subscriber",1957,2
545,"2018-12-19 10:02:08.7860","2018-12-19 10:11:14.0790",3186,"Grove St PATH",40.71958611647166,-74.04311746358871,3481,"York St",40.71649,-74.04105,29639,"Subscriber",1991,1
201,"2018-12-19 11:10:00.6300","2018-12-19 11:13:22.2610",3186,"Grove St PATH",40.71958611647166,-74.04311746358871,3209,"Brunswick St",40.7241765,-74.0506564,29672,"Subscriber",1980,1
202,"2018-12-19 12:47:02.1770","2018-12-19 12:50:24.5620",3186,"Grove St PATH",40.71958611647166,-74.04311746358871,3211,"Newark Ave",40.72152515,-74.046304543,29495,"Subscriber",1960,1
516,"2018-12-19 12:48:02.1900","2018-12-19 12:56:38.7150",3186,"Grove St PATH",40.71958611647166,-74.04311746358871,3183,"Exchange Place",40.7162469,-74.0334588,29675,"Subscriber",1975,1
265,"2018-12-19 14:04:02.4350","2018-12-19 14:08:28.0820",3186,"Grove St PATH",40.71958611647166,-74.04311746358871,3278,"Monmouth and 6th",40.72568548362901,-74.04879033565521,29520,"Subscriber",1983,2
151,"2018-12-19 14:06:01.8240","2018-12-19 14:08:33.6180",3186,"Grove St PATH",40.71958611647166,-74.04311746358871,3279,"Dixon Mills",40.721630142638354,-74.04996782541275,26278,"Subscriber",1960,1
358,"2018-12-19 14:14:19.6120","2018-12-19 14:20:18.2170",3186,"Grove St PATH",40.71958611647166,-74.04311746358871,3270,"Jersey & 6th St",40.72528910781132,-74.04557168483734,29508,"Subscriber",1988,1
503,"2018-12-19 14:26:55.9090","2018-12-19 14:35:19.1850",3186,"Grove St PATH",40.71958611647166,-74.04311746358871,3199,"Newport Pkwy",40.7287448,-74.0321082,29541,"Subscriber",1986,1
132,"2018-12-19 14:29:38.1500","2018-12-19 14:31:50.9340",3186,"Grove St PATH",40.71958611647166,-74.04311746358871,3211,"Newark Ave",40.72152515,-74.046304543,26278,"Subscriber",1964,1
1941,"2018-12-19 14:44:16.1240","2018-12-19 15:16:37.7050",3186,"Grove St PATH",40.71958611647166,-74.04311746358871,3273,"Manila & 1st",40.721650724879986,-74.04288411140442,29537,"Subscriber",1965,1
221,"2018-12-19 15:10:42.2940","2018-12-19 15:14:23.8640",3186,"Grove St PATH",40.71958611647166,-74.04311746358871,3279,"Dixon Mills",40.721630142638354,-74.04996782541275,26213,"Subscriber",1981,2
7622,"2018-12-19 15:12:00.5240","2018-12-19 17:19:02.8790",3186,"Grove St PATH",40.71958611647166,-74.04311746358871,3277,"Communipaw & Berry Lane",40.71435836870427,-74.06661093235016,29305,"Subscriber",1988,1
330,"2018-12-19 15:22:35.7060","2018-12-19 15:28:06.1960",3186,"Grove St PATH",40.71958611647166,-74.04311746358871,3183,"Exchange Place",40.7162469,-74.0334588,26170,"Subscriber",1958,1
173,"2018-12-19 15:39:33.8750","2018-12-19 15:42:27.2550",3186,"Grove St PATH",40.71958611647166,-74.04311746358871,3279,"Dixon Mills",40.721630142638354,-74.04996782541275,29215,"Subscriber",1986,1
250,"2018-12-19 15:41:08.4080","2018-12-19 15:45:18.6080",3186,"Grove St PATH",40.71958611647166,-74.04311746358871,3187,"Warren St",40.7211236,-74.03805095,29278,"Subscriber",1990,2
223,"2018-12-19 15:48:34.6200","2018-12-19 15:52:18.6090",3186,"Grove St PATH",40.71958611647166,-74.04311746358871,3203,"Hamilton Park",40.727595966,-74.044247311,26268,"Subscriber",1980,1
386,"2018-12-19 15:48:53.0320","2018-12-19 15:55:19.6150",3186,"Grove St PATH",40.71958611647166,-74.04311746358871,3205,"JC Medical Center",40.71653978099194,-74.0496379137039,29542,"Subscriber",1969,1
499,"2018-12-19 16:26:32.9600","2018-12-19 16:34:52.0650",3186,"Grove St PATH",40.71958611647166,-74.04311746358871,3192,"Liberty Light Rail",40.7112423,-74.0557013,29582,"Subscriber",1991,1
190,"2018-12-19 16:26:56.6510","2018-12-19 16:30:06.9520",3186,"Grove St PATH",40.71958611647166,-74.04311746358871,3276,"Marin Light Rail",40.71458403535893,-74.04281705617905,29665,"Subscriber",1980,1
276,"2018-12-19 16:31:23.1090","2018-12-19 16:35:59.7020",3186,"Grove St PATH",40.71958611647166,-74.04311746358871,3203,"Hamilton Park",40.727595966,-74.044247311,29508,"Subscriber",1978,1
165,"2018-12-19 16:57:57.2810","2018-12-19 17:00:42.7340",3186,"Grove St PATH",40.71958611647166,-74.04311746358871,3272,"Jersey & 3rd",40.72333158646436,-74.04595255851744,26221,"Subscriber",1963,1
296,"2018-12-19 16:58:28.6920","2018-12-19 17:03:25.6280",3186,"Grove St PATH",40.71958611647166,-74.04311746358871,3269,"Brunswick & 6th",40.72601172964625,-74.05038893222809,29506,"Subscriber",1989,1
1634,"2018-12-19 17:04:30.3480","2018-12-19 17:31:44.6510",3186,"Grove St PATH",40.71958611647166,-74.04311746358871,3202,"Newport PATH",40.7272235,-74.0337589,29672,"Customer",1969,0
1597,"2018-12-19 17:05:19.2570","2018-12-19 17:31:56.8190",3186,"Grove St PATH",40.71958611647166,-74.04311746358871,3202,"Newport PATH",40.7272235,-74.0337589,29531,"Customer",1998,1
209,"2018-12-19 17:20:20.6760","2018-12-19 17:23:50.3450",3186,"Grove St PATH",40.71958611647166,-74.04311746358871,3203,"Hamilton Park",40.727595966,-74.044247311,26171,"Subscriber",1979,1
316,"2018-12-19 17:26:31.0340","2018-12-19 17:31:47.0470",3186,"Grove St PATH",40.71958611647166,-74.04311746358871,3270,"Jersey & 6th St",40.72528910781132,-74.04557168483734,26262,"Subscriber",1985,1
294,"2018-12-19 17:26:47.6950","2018-12-19 17:31:42.5620",3186,"Grove St PATH",40.71958611647166,-74.04311746358871,3267,"Morris Canal",40.7124188237569,-74.03852552175522,29264,"Subscriber",1990,1
103,"2018-12-19 17:28:13.0690","2018-12-19 17:29:56.4490",3186,"Grove St PATH",40.71958611647166,-74.04311746358871,3211,"Newark Ave",40.72152515,-74.046304543,26268,"Subscriber",1993,1
238,"2018-12-19 17:28:38.6410","2018-12-19 17:32:37.3130",3186,"Grove St PATH",40.71958611647166,-74.04311746358871,3279,"Dixon Mills",40.721630142638354,-74.04996782541275,29240,"Subscriber",1982,1
262,"2018-12-19 17:29:16.3330","2018-12-19 17:33:38.4990",3186,"Grove St PATH",40.71958611647166,-74.04311746358871,3205,"JC Medical Center",40.71653978099194,-74.0496379137039,29212,"Subscriber",1969,0
307,"2018-12-19 17:34:35.8770","2018-12-19 17:39:43.7490",3186,"Grove St PATH",40.71958611647166,-74.04311746358871,3483,"Montgomery St",40.71942,-74.05099,29469,"Subscriber",1988,1
298,"2018-12-19 17:35:42.6790","2018-12-19 17:40:41.4860",3186,"Grove St PATH",40.71958611647166,-74.04311746358871,3209,"Brunswick St",40.7241765,-74.0506564,26276,"Subscriber",1990,1
702,"2018-12-19 17:38:03.7420","2018-12-19 17:49:46.5470",3186,"Grove St PATH",40.71958611647166,-74.04311746358871,3192,"Liberty Light Rail",40.7112423,-74.0557013,29496,"Subscriber",1983,1
249,"2018-12-19 17:40:15.6610","2018-12-19 17:44:25.4160",3186,"Grove St PATH",40.71958611647166,-74.04311746358871,3203,"Hamilton Park",40.727595966,-74.044247311,29246,"Subscriber",1990,1
827,"2018-12-19 17:40:21.0610","2018-12-19 17:54:08.5090",3186,"Grove St PATH",40.71958611647166,-74.04311746358871,3194,"McGinley Square",40.7253399253558,-74.06762212514877,26171,"Subscriber",1981,1
115,"2018-12-19 17:41:14.9960","2018-12-19 17:43:10.0190",3186,"Grove St PATH",40.71958611647166,-74.04311746358871,3272,"Jersey & 3rd",40.72333158646436,-74.04595255851744,26264,"Subscriber",1985,1
295,"2018-12-19 17:41:23.3540","2018-12-19 17:46:19.3310",3186,"Grove St PATH",40.71958611647166,-74.04311746358871,3209,"Brunswick St",40.7241765,-74.0506564,29231,"Subscriber",1978,2
312,"2018-12-19 17:42:53.8500","2018-12-19 17:48:06.7800",3186,"Grove St PATH",40.71958611647166,-74.04311746358871,3269,"Brunswick & 6th",40.72601172964625,-74.05038893222809,26272,"Subscriber",1986,1
247,"2018-12-19 17:49:53.0410","2018-12-19 17:54:00.4640",3186,"Grove St PATH",40.71958611647166,-74.04311746358871,3278,"Monmouth and 6th",40.72568548362901,-74.04879033565521,29245,"Subscriber",1983,2
212,"2018-12-19 17:56:00.9740","2018-12-19 17:59:33.2670",3186,"Grove St PATH",40.71958611647166,-74.04311746358871,3269,"Brunswick & 6th",40.72601172964625,-74.05038893222809,29199,"Subscriber",1992,1
242,"2018-12-19 17:58:36.8520","2018-12-19 18:02:39.5560",3186,"Grove St PATH",40.71958611647166,-74.04311746358871,3276,"Marin Light Rail",40.71458403535893,-74.04281705617905,29304,"Subscriber",1979,1
651,"2018-12-19 18:01:43.7270","2018-12-19 18:12:35.1110",3186,"Grove St PATH",40.71958611647166,-74.04311746358871,3192,"Liberty Light Rail",40.7112423,-74.0557013,29527,"Subscriber",1990,1
282,"2018-12-19 18:04:35.3690","2018-12-19 18:09:17.8380",3186,"Grove St PATH",40.71958611647166,-74.04311746358871,3269,"Brunswick & 6th",40.72601172964625,-74.05038893222809,26262,"Subscriber",1977,1
261,"2018-12-19 18:04:44.2900","2018-12-19 18:09:05.4400",3186,"Grove St PATH",40.71958611647166,-74.04311746358871,3203,"Hamilton Park",40.727595966,-74.044247311,29286,"Subscriber",1988,1
129,"2018-12-19 18:07:57.4400","2018-12-19 18:10:06.9350",3186,"Grove St PATH",40.71958611647166,-74.04311746358871,3211,"Newark Ave",40.72152515,-74.046304543,26200,"Subscriber",1982,1
177,"2018-12-19 18:08:42.2310","2018-12-19 18:11:39.4630",3186,"Grove St PATH",40.71958611647166,-74.04311746358871,3270,"Jersey & 6th St",40.72528910781132,-74.04557168483734,29576,"Subscriber",1970,1
280,"2018-12-19 18:08:55.4570","2018-12-19 18:13:36.4510",3186,"Grove St PATH",40.71958611647166,-74.04311746358871,3205,"JC Medical Center",40.71653978099194,-74.0496379137039,29487,"Subscriber",1975,1
350,"2018-12-19 18:09:44.6650","2018-12-19 18:15:35.5740",3186,"Grove St PATH",40.71958611647166,-74.04311746358871,3203,"Hamilton Park",40.727595966,-74.044247311,29234,"Subscriber",1984,2
301,"2018-12-19 18:14:47.1950","2018-12-19 18:19:48.9890",3186,"Grove St PATH",40.71958611647166,-74.04311746358871,3269,"Brunswick & 6th",40.72601172964625,-74.05038893222809,29267,"Subscriber",1982,2
259,"2018-12-19 18:21:11.9710","2018-12-19 18:25:31.2290",3186,"Grove St PATH",40.71958611647166,-74.04311746358871,3203,"Hamilton Park",40.727595966,-74.044247311,29467,"Subscriber",1979,1
279,"2018-12-19 18:21:18.7810","2018-12-19 18:25:57.8320",3186,"Grove St PATH",40.71958611647166,-74.04311746358871,3269,"Brunswick & 6th",40.72601172964625,-74.05038893222809,26258,"Subscriber",1978,1
390,"2018-12-19 18:22:23.4850","2018-12-19 18:28:54.2330",3186,"Grove St PATH",40.71958611647166,-74.04311746358871,3209,"Brunswick St",40.7241765,-74.0506564,26159,"Subscriber",1985,2
235,"2018-12-19 18:22:25.5870","2018-12-19 18:26:21.1170",3186,"Grove St PATH",40.71958611647166,-74.04311746358871,3276,"Marin Light Rail",40.71458403535893,-74.04281705617905,29537,"Subscriber",1965,1
356,"2018-12-19 18:23:27.2400","2018-12-19 18:29:24.2070",3186,"Grove St PATH",40.71958611647166,-74.04311746358871,3269,"Brunswick & 6th",40.72601172964625,-74.05038893222809,26278,"Subscriber",1982,1
329,"2018-12-19 18:24:42.3610","2018-12-19 18:30:11.7070",3186,"Grove St PATH",40.71958611647166,-74.04311746358871,3269,"Brunswick & 6th",40.72601172964625,-74.05038893222809,26254,"Subscriber",1978,1
256,"2018-12-19 18:25:09.2530","2018-12-19 18:29:25.4450",3186,"Grove St PATH",40.71958611647166,-74.04311746358871,3279,"Dixon Mills",40.721630142638354,-74.04996782541275,29472,"Subscriber",1986,1
256,"2018-12-19 18:26:28.0060","2018-12-19 18:30:44.8060",3186,"Grove St PATH",40.71958611647166,-74.04311746358871,3276,"Marin Light Rail",40.71458403535893,-74.04281705617905,26245,"Subscriber",1989,1
275,"2018-12-19 18:28:12.7670","2018-12-19 18:32:48.6570",3186,"Grove St PATH",40.71958611647166,-74.04311746358871,3203,"Hamilton Park",40.727595966,-74.044247311,29499,"Subscriber",1973,1
196,"2018-12-19 18:29:22.6050","2018-12-19 18:32:39.4000",3186,"Grove St PATH",40.71958611647166,-74.04311746358871,3276,"Marin Light Rail",40.71458403535893,-74.04281705617905,26268,"Subscriber",1986,1
197,"2018-12-19 18:30:38.7600","2018-12-19 18:33:56.5140",3186,"Grove St PATH",40.71958611647166,-74.04311746358871,3272,"Jersey & 3rd",40.72333158646436,-74.04595255851744,29445,"Subscriber",1960,1
225,"2018-12-19 18:32:32.9810","2018-12-19 18:36:18.3970",3186,"Grove St PATH",40.71958611647166,-74.04311746358871,3276,"Marin Light Rail",40.71458403535893,-74.04281705617905,29517,"Subscriber",1986,1
309,"2018-12-19 18:34:07.7020","2018-12-19 18:39:17.3610",3186,"Grove St PATH",40.71958611647166,-74.04311746358871,3203,"Hamilton Park",40.727595966,-74.044247311,29544,"Subscriber",1987,2
118,"2018-12-19 18:34:27.2990","2018-12-19 18:36:26.1240",3186,"Grove St PATH",40.71958611647166,-74.04311746358871,3213,"Van Vorst Park",40.71848892,-74.047726625,29495,"Subscriber",1989,2
270,"2018-12-19 18:34:45.9970","2018-12-19 18:39:16.7900",3186,"Grove St PATH",40.71958611647166,-74.04311746358871,3278,"Monmouth and 6th",40.72568548362901,-74.04879033565521,26300,"Subscriber",1981,1
761,"2018-12-19 18:39:46.9480","2018-12-19 18:52:28.5730",3186,"Grove St PATH",40.71958611647166,-74.04311746358871,3677,"Glenwood Ave",40.72755146730012,-74.07106071710587,26192,"Subscriber",1991,1
213,"2018-12-19 18:40:38.8330","2018-12-19 18:44:12.6110",3186,"Grove St PATH",40.71958611647166,-74.04311746358871,3203,"Hamilton Park",40.727595966,-74.044247311,26287,"Subscriber",1990,1
279,"2018-12-19 18:40:40.1590","2018-12-19 18:45:19.5640",3186,"Grove St PATH",40.71958611647166,-74.04311746358871,3205,"JC Medical Center",40.71653978099194,-74.0496379137039,29283,"Subscriber",1989,1
313,"2018-12-19 18:41:59.5080","2018-12-19 18:47:12.6210",3186,"Grove St PATH",40.71958611647166,-74.04311746358871,3278,"Monmouth and 6th",40.72568548362901,-74.04879033565521,29546,"Subscriber",1991,1
161,"2018-12-19 18:43:12.7130","2018-12-19 18:45:53.9570",3186,"Grove St PATH",40.71958611647166,-74.04311746358871,3213,"Van Vorst Park",40.71848892,-74.047726625,29225,"Subscriber",1962,1
718,"2018-12-19 18:44:27.6730","2018-12-19 18:56:26.1860",3186,"Grove St PATH",40.71958611647166,-74.04311746358871,3268,"Lafayette Park",40.71346382669195,-74.06285852193832,29534,"Subscriber",1979,1
167,"2018-12-19 18:50:17.4100","2018-12-19 18:53:04.7810",3186,"Grove St PATH",40.71958611647166,-74.04311746358871,3272,"Jersey & 3rd",40.72333158646436,-74.04595255851744,26208,"Subscriber",1977,1
189,"2018-12-19 18:51:21.4040","2018-12-19 18:54:31.0460",3186,"Grove St PATH",40.71958611647166,-74.04311746358871,3209,"Brunswick St",40.7241765,-74.0506564,26267,"Subscriber",1993,1
252,"2018-12-19 18:53:12.5490","2018-12-19 18:57:25.1320",3186,"Grove St PATH",40.71958611647166,-74.04311746358871,3203,"Hamilton Park",40.727595966,-74.044247311,26311,"Subscriber",1994,2
599,"2018-12-19 18:56:26.3310","2018-12-19 19:06:25.8220",3186,"Grove St PATH",40.71958611647166,-74.04311746358871,3278,"Monmouth and 6th",40.72568548362901,-74.04879033565521,29473,"Subscriber",1980,1
444,"2018-12-19 18:56:48.4400","2018-12-19 19:04:12.4510",3186,"Grove St PATH",40.71958611647166,-74.04311746358871,3270,"Jersey & 6th St",40.72528910781132,-74.04557168483734,29297,"Subscriber",1976,1
291,"2018-12-19 18:57:09.8200","2018-12-19 19:02:01.1590",3186,"Grove St PATH",40.71958611647166,-74.04311746358871,3203,"Hamilton Park",40.727595966,-74.044247311,33744,"Subscriber",1967,1
653,"2018-12-19 18:59:52.9480","2018-12-19 19:10:46.0670",3186,"Grove St PATH",40.71958611647166,-74.04311746358871,3214,"Essex Light Rail",40.7127742,-74.0364857,29264,"Subscriber",1984,1
258,"2018-12-19 19:02:02.3000","2018-12-19 19:06:20.9840",3186,"Grove St PATH",40.71958611647166,-74.04311746358871,3269,"Brunswick & 6th",40.72601172964625,-74.05038893222809,29483,"Subscriber",1986,1
298,"2018-12-19 19:03:54.0690","2018-12-19 19:08:53.0230",3186,"Grove St PATH",40.71958611647166,-74.04311746358871,3681,"Grand St",40.71517767732029,-74.03768330812454,29205,"Subscriber",1980,1
280,"2018-12-19 19:06:17.3820","2018-12-19 19:10:57.8040",3186,"Grove St PATH",40.71958611647166,-74.04311746358871,3209,"Brunswick St",40.7241765,-74.0506564,26189,"Subscriber",1985,1
307,"2018-12-19 19:06:49.6480","2018-12-19 19:11:57.3550",3186,"Grove St PATH",40.71958611647166,-74.04311746358871,3209,"Brunswick St",40.7241765,-74.0506564,26170,"Subscriber",1987,1
225,"2018-12-19 19:08:00.6050","2018-12-19 19:11:45.7560",3186,"Grove St PATH",40.71958611647166,-74.04311746358871,3278,"Monmouth and 6th",40.72568548362901,-74.04879033565521,29254,"Subscriber",1985,1
284,"2018-12-19 19:08:53.1540","2018-12-19 19:13:38.0200",3186,"Grove St PATH",40.71958611647166,-74.04311746358871,3278,"Monmouth and 6th",40.72568548362901,-74.04879033565521,26303,"Subscriber",1985,1
281,"2018-12-19 19:12:16.4890","2018-12-19 19:16:58.0110",3186,"Grove St PATH",40.71958611647166,-74.04311746358871,3205,"JC Medical Center",40.71653978099194,-74.0496379137039,29459,"Subscriber",1992,1
235,"2018-12-19 19:16:20.7540","2018-12-19 19:20:16.1680",3186,"Grove St PATH",40.71958611647166,-74.04311746358871,3203,"Hamilton Park",40.727595966,-74.044247311,29437,"Subscriber",1984,1
249,"2018-12-19 19:36:13.9220","2018-12-19 19:40:23.3200",3186,"Grove St PATH",40.71958611647166,-74.04311746358871,3203,"Hamilton Park",40.727595966,-74.044247311,26295,"Subscriber",1981,1
204,"2018-12-19 19:36:31.3960","2018-12-19 19:39:56.2690",3186,"Grove St PATH",40.71958611647166,-74.04311746358871,3279,"Dixon Mills",40.721630142638354,-74.04996782541275,26248,"Subscriber",1986,1
89,"2018-12-19 19:37:56.2790","2018-12-19 19:39:26.0640",3186,"Grove St PATH",40.71958611647166,-74.04311746358871,3185,"City Hall",40.7177325,-74.043845,29257,"Subscriber",1986,1
501,"2018-12-19 19:48:03.2650","2018-12-19 19:56:24.9990",3186,"Grove St PATH",40.71958611647166,-74.04311746358871,3192,"Liberty Light Rail",40.7112423,-74.0557013,26296,"Subscriber",1988,1
174,"2018-12-19 19:48:56.0840","2018-12-19 19:51:50.2450",3186,"Grove St PATH",40.71958611647166,-74.04311746358871,3279,"Dixon Mills",40.721630142638354,-74.04996782541275,29542,"Subscriber",1982,1
321,"2018-12-19 19:48:57.2670","2018-12-19 19:54:18.7260",3186,"Grove St PATH",40.71958611647166,-74.04311746358871,3278,"Monmouth and 6th",40.72568548362901,-74.04879033565521,29278,"Subscriber",1978,1
204,"2018-12-19 19:49:43.6610","2018-12-19 19:53:08.3220",3186,"Grove St PATH",40.71958611647166,-74.04311746358871,3278,"Monmouth and 6th",40.72568548362901,-74.04879033565521,26241,"Subscriber",1956,1
238,"2018-12-19 19:57:01.9390","2018-12-19 20:01:00.6230",3186,"Grove St PATH",40.71958611647166,-74.04311746358871,3269,"Brunswick & 6th",40.72601172964625,-74.05038893222809,29290,"Subscriber",1988,1
326,"2018-12-19 19:57:05.9640","2018-12-19 20:02:31.9990",3186,"Grove St PATH",40.71958611647166,-74.04311746358871,3205,"JC Medical Center",40.71653978099194,-74.0496379137039,26203,"Subscriber",1986,1
342,"2018-12-19 19:57:18.4890","2018-12-19 20:03:00.6280",3186,"Grove St PATH",40.71958611647166,-74.04311746358871,3203,"Hamilton Park",40.727595966,-74.044247311,26208,"Subscriber",1988,1
785,"2018-12-19 20:01:46.7720","2018-12-19 20:14:52.4800",3186,"Grove St PATH",40.71958611647166,-74.04311746358871,3186,"Grove St PATH",40.71958611647166,-74.04311746358871,29288,"Subscriber",1986,1
213,"2018-12-19 20:10:49.7370","2018-12-19 20:14:23.1090",3186,"Grove St PATH",40.71958611647166,-74.04311746358871,3639,"Harborside",40.7192517,-74.034234,26278,"Subscriber",1953,1
221,"2018-12-19 20:11:43.2460","2018-12-19 20:15:24.7710",3186,"Grove St PATH",40.71958611647166,-74.04311746358871,3209,"Brunswick St",40.7241765,-74.0506564,26258,"Subscriber",1991,2
163,"2018-12-19 20:15:53.0420","2018-12-19 20:18:37.0410",3186,"Grove St PATH",40.71958611647166,-74.04311746358871,3279,"Dixon Mills",40.721630142638354,-74.04996782541275,29473,"Subscriber",1975,1
711,"2018-12-19 20:30:09.5780","2018-12-19 20:42:01.5140",3186,"Grove St PATH",40.71958611647166,-74.04311746358871,3279,"Dixon Mills",40.721630142638354,-74.04996782541275,26303,"Subscriber",1949,1
206,"2018-12-19 20:30:30.8570","2018-12-19 20:33:57.2430",3186,"Grove St PATH",40.71958611647166,-74.04311746358871,3203,"Hamilton Park",40.727595966,-74.044247311,26262,"Subscriber",1983,1
282,"2018-12-19 20:37:52.3330","2018-12-19 20:42:34.8380",3186,"Grove St PATH",40.71958611647166,-74.04311746358871,3276,"Marin Light Rail",40.71458403535893,-74.04281705617905,29529,"Subscriber",1987,2
400,"2018-12-19 20:39:36.8310","2018-12-19 20:46:17.6810",3186,"Grove St PATH",40.71958611647166,-74.04311746358871,3192,"Liberty Light Rail",40.7112423,-74.0557013,29209,"Subscriber",1975,1
225,"2018-12-19 20:51:50.2640","2018-12-19 20:55:36.1610",3186,"Grove St PATH",40.71958611647166,-74.04311746358871,3203,"Hamilton Park",40.727595966,-74.044247311,29245,"Subscriber",1986,1
357,"2018-12-19 21:01:53.7560","2018-12-19 21:07:51.2920",3186,"Grove St PATH",40.71958611647166,-74.04311746358871,3269,"Brunswick & 6th",40.72601172964625,-74.05038893222809,29228,"Subscriber",1986,2
200,"2018-12-19 21:04:39.1050","2018-12-19 21:07:59.3670",3186,"Grove St PATH",40.71958611647166,-74.04311746358871,3213,"Van Vorst Park",40.71848892,-74.047726625,26219,"Subscriber",1990,1
557,"2018-12-19 21:05:25.7380","2018-12-19 21:14:42.9700",3186,"Grove St PATH",40.71958611647166,-74.04311746358871,3268,"Lafayette Park",40.71346382669195,-74.06285852193832,29546,"Subscriber",1989,1
245,"2018-12-19 21:10:22.9080","2018-12-19 21:14:28.0560",3186,"Grove St PATH",40.71958611647166,-74.04311746358871,3681,"Grand St",40.71517767732029,-74.03768330812454,29304,"Subscriber",1974,1
305,"2018-12-19 21:11:48.6140","2018-12-19 21:16:54.3650",3186,"Grove St PATH",40.71958611647166,-74.04311746358871,3203,"Hamilton Park",40.727595966,-74.044247311,29293,"Subscriber",1991,2
151,"2018-12-19 21:16:55.3960","2018-12-19 21:19:26.6780",3186,"Grove St PATH",40.71958611647166,-74.04311746358871,3279,"Dixon Mills",40.721630142638354,-74.04996782541275,29481,"Subscriber",1976,1
224,"2018-12-19 21:18:27.5670","2018-12-19 21:22:11.9940",3186,"Grove St PATH",40.71958611647166,-74.04311746358871,3276,"Marin Light Rail",40.71458403535893,-74.04281705617905,29288,"Subscriber",1989,1
225,"2018-12-19 21:19:40.6740","2018-12-19 21:23:25.9490",3186,"Grove St PATH",40.71958611647166,-74.04311746358871,3209,"Brunswick St",40.7241765,-74.0506564,26187,"Subscriber",1981,1
148,"2018-12-19 21:21:02.0290","2018-12-19 21:23:30.8950",3186,"Grove St PATH",40.71958611647166,-74.04311746358871,3213,"Van Vorst Park",40.71848892,-74.047726625,29285,"Subscriber",1970,1
210,"2018-12-19 21:31:20.7310","2018-12-19 21:34:51.0780",3186,"Grove St PATH",40.71958611647166,-74.04311746358871,3270,"Jersey & 6th St",40.72528910781132,-74.04557168483734,26284,"Subscriber",1959,1
568,"2018-12-19 21:36:41.9230","2018-12-19 21:46:10.5960",3186,"Grove St PATH",40.71958611647166,-74.04311746358871,3214,"Essex Light Rail",40.7127742,-74.0364857,26300,"Subscriber",1958,1
202,"2018-12-19 21:37:34.1340","2018-12-19 21:40:56.7690",3186,"Grove St PATH",40.71958611647166,-74.04311746358871,3209,"Brunswick St",40.7241765,-74.0506564,26206,"Subscriber",1975,1
291,"2018-12-19 22:15:35.1650","2018-12-19 22:20:26.5580",3186,"Grove St PATH",40.71958611647166,-74.04311746358871,3203,"Hamilton Park",40.727595966,-74.044247311,29259,"Subscriber",1990,2
232,"2018-12-19 23:43:57.9970","2018-12-19 23:47:50.3730",3186,"Grove St PATH",40.71958611647166,-74.04311746358871,3278,"Monmouth and 6th",40.72568548362901,-74.04879033565521,29441,"Subscriber",1981,2
241,"2018-12-20 04:27:08.8990","2018-12-20 04:31:09.9720",3186,"Grove St PATH",40.71958611647166,-74.04311746358871,3209,"Brunswick St",40.7241765,-74.0506564,29295,"Subscriber",1998,1
277,"2018-12-20 06:45:40.2280","2018-12-20 06:50:17.9640",3186,"Grove St PATH",40.71958611647166,-74.04311746358871,3205,"JC Medical Center",40.71653978099194,-74.0496379137039,29542,"Subscriber",1976,2
308,"2018-12-20 07:06:34.8480","2018-12-20 07:11:43.4830",3186,"Grove St PATH",40.71958611647166,-74.04311746358871,3639,"Harborside",40.7192517,-74.034234,29263,"Subscriber",1969,1
378,"2018-12-20 08:20:16.6170","2018-12-20 08:26:34.8250",3186,"Grove St PATH",40.71958611647166,-74.04311746358871,3183,"Exchange Place",40.7162469,-74.0334588,29457,"Subscriber",1970,1
351,"2018-12-20 08:50:18.6180","2018-12-20 08:56:09.7510",3186,"Grove St PATH",40.71958611647166,-74.04311746358871,3214,"Essex Light Rail",40.7127742,-74.0364857,29247,"Subscriber",1981,1
270,"2018-12-20 08:50:46.8740","2018-12-20 08:55:17.3640",3186,"Grove St PATH",40.71958611647166,-74.04311746358871,3483,"Montgomery St",40.71942,-74.05099,29220,"Subscriber",1994,1
433,"2018-12-20 08:54:02.3540","2018-12-20 09:01:16.1750",3186,"Grove St PATH",40.71958611647166,-74.04311746358871,3184,"Paulus Hook",40.7141454,-74.0335519,26266,"Subscriber",1991,1
266,"2018-12-20 09:01:50.6360","2018-12-20 09:06:17.0920",3186,"Grove St PATH",40.71958611647166,-74.04311746358871,3638,"Washington St",40.7242941,-74.0354826,29495,"Subscriber",1986,1
884,"2018-12-20 09:20:19.4940","2018-12-20 09:35:04.2770",3186,"Grove St PATH",40.71958611647166,-74.04311746358871,3214,"Essex Light Rail",40.7127742,-74.0364857,29529,"Subscriber",1990,1
373,"2018-12-20 09:41:58.2180","2018-12-20 09:48:11.5060",3186,"Grove St PATH",40.71958611647166,-74.04311746358871,3681,"Grand St",40.71517767732029,-74.03768330812454,26213,"Subscriber",1975,1
300,"2018-12-20 11:08:03.7910","2018-12-20 11:13:03.8930",3186,"Grove St PATH",40.71958611647166,-74.04311746358871,3270,"Jersey & 6th St",40.72528910781132,-74.04557168483734,29257,"Subscriber",1962,1
681,"2018-12-20 12:13:45.4150","2018-12-20 12:25:07.2350",3186,"Grove St PATH",40.71958611647166,-74.04311746358871,3277,"Communipaw & Berry Lane",40.71435836870427,-74.06661093235016,29308,"Subscriber",1975,1
225,"2018-12-20 12:19:12.2050","2018-12-20 12:22:58.0360",3186,"Grove St PATH",40.71958611647166,-74.04311746358871,3213,"Van Vorst Park",40.71848892,-74.047726625,29484,"Subscriber",1981,2
231,"2018-12-20 12:50:13.6260","2018-12-20 12:54:05.6250",3186,"Grove St PATH",40.71958611647166,-74.04311746358871,3276,"Marin Light Rail",40.71458403535893,-74.04281705617905,26201,"Subscriber",1979,1
221,"2018-12-20 13:29:35.6660","2018-12-20 13:33:17.3930",3186,"Grove St PATH",40.71958611647166,-74.04311746358871,3183,"Exchange Place",40.7162469,-74.0334588,29124,"Subscriber",1986,1
337,"2018-12-20 14:00:19.9030","2018-12-20 14:05:57.5400",3186,"Grove St PATH",40.71958611647166,-74.04311746358871,3203,"Hamilton Park",40.727595966,-74.044247311,26213,"Subscriber",1975,2
482,"2018-12-20 14:11:27.6220","2018-12-20 14:19:30.3040",3186,"Grove St PATH",40.71958611647166,-74.04311746358871,3214,"Essex Light Rail",40.7127742,-74.0364857,26248,"Subscriber",1983,1
340,"2018-12-20 14:41:06.2160","2018-12-20 14:46:46.7530",3186,"Grove St PATH",40.71958611647166,-74.04311746358871,3214,"Essex Light Rail",40.7127742,-74.0364857,26175,"Subscriber",1988,2
197,"2018-12-20 14:44:51.3480","2018-12-20 14:48:08.4910",3186,"Grove St PATH",40.71958611647166,-74.04311746358871,3279,"Dixon Mills",40.721630142638354,-74.04996782541275,26295,"Subscriber",1989,1
143,"2018-12-20 14:54:27.9680","2018-12-20 14:56:51.2350",3186,"Grove St PATH",40.71958611647166,-74.04311746358871,3279,"Dixon Mills",40.721630142638354,-74.04996782541275,29659,"Subscriber",1981,2
263,"2018-12-20 15:10:20.5430","2018-12-20 15:14:44.3160",3186,"Grove St PATH",40.71958611647166,-74.04311746358871,3203,"Hamilton Park",40.727595966,-74.044247311,26279,"Subscriber",1984,2
184,"2018-12-20 15:10:22.0840","2018-12-20 15:13:26.9110",3186,"Grove St PATH",40.71958611647166,-74.04311746358871,3272,"Jersey & 3rd",40.72333158646436,-74.04595255851744,29662,"Subscriber",1986,1
213,"2018-12-20 15:52:01.6050","2018-12-20 15:55:34.7430",3186,"Grove St PATH",40.71958611647166,-74.04311746358871,3270,"Jersey & 6th St",40.72528910781132,-74.04557168483734,29257,"Subscriber",1967,1
156,"2018-12-20 15:52:23.5790","2018-12-20 15:55:00.5020",3186,"Grove St PATH",40.71958611647166,-74.04311746358871,3187,"Warren St",40.7211236,-74.03805095,29536,"Subscriber",1979,1
233,"2018-12-20 16:18:43.7790","2018-12-20 16:22:37.5230",3186,"Grove St PATH",40.71958611647166,-74.04311746358871,3205,"JC Medical Center",40.71653978099194,-74.0496379137039,29536,"Subscriber",1992,1
266,"2018-12-20 16:21:19.0340","2018-12-20 16:25:45.8130",3186,"Grove St PATH",40.71958611647166,-74.04311746358871,3278,"Monmouth and 6th",40.72568548362901,-74.04879033565521,29308,"Subscriber",1977,1
236,"2018-12-20 16:30:18.6730","2018-12-20 16:34:15.1690",3186,"Grove St PATH",40.71958611647166,-74.04311746358871,3279,"Dixon Mills",40.721630142638354,-74.04996782541275,29520,"Subscriber",1977,2
273,"2018-12-20 16:37:06.1180","2018-12-20 16:41:40.0680",3186,"Grove St PATH",40.71958611647166,-74.04311746358871,3278,"Monmouth and 6th",40.72568548362901,-74.04879033565521,29490,"Subscriber",1981,2
272,"2018-12-20 16:39:04.8740","2018-12-20 16:43:37.0730",3186,"Grove St PATH",40.71958611647166,-74.04311746358871,3205,"JC Medical Center",40.71653978099194,-74.0496379137039,26284,"Subscriber",1976,2
215,"2018-12-20 16:44:02.0500","2018-12-20 16:47:37.5430",3186,"Grove St PATH",40.71958611647166,-74.04311746358871,3481,"York St",40.71649,-74.04105,29675,"Subscriber",1954,2
280,"2018-12-20 17:06:33.7290","2018-12-20 17:11:13.9690",3186,"Grove St PATH",40.71958611647166,-74.04311746358871,3270,"Jersey & 6th St",40.72528910781132,-74.04557168483734,29608,"Subscriber",1992,2
364,"2018-12-20 17:21:30.8190","2018-12-20 17:27:35.6100",3186,"Grove St PATH",40.71958611647166,-74.04311746358871,3267,"Morris Canal",40.7124188237569,-74.03852552175522,26219,"Subscriber",1974,1
299,"2018-12-20 17:35:36.9790","2018-12-20 17:40:36.0200",3186,"Grove St PATH",40.71958611647166,-74.04311746358871,3209,"Brunswick St",40.7241765,-74.0506564,29257,"Subscriber",1990,1
533,"2018-12-20 17:50:52.7090","2018-12-20 17:59:46.6690",3186,"Grove St PATH",40.71958611647166,-74.04311746358871,3268,"Lafayette Park",40.71346382669195,-74.06285852193832,29549,"Subscriber",1962,1
266,"2018-12-20 17:53:32.8210","2018-12-20 17:57:59.7400",3186,"Grove St PATH",40.71958611647166,-74.04311746358871,3269,"Brunswick & 6th",40.72601172964625,-74.05038893222809,29281,"Subscriber",1980,1
239,"2018-12-20 17:59:37.3050","2018-12-20 18:03:36.4240",3186,"Grove St PATH",40.71958611647166,-74.04311746358871,3270,"Jersey & 6th St",40.72528910781132,-74.04557168483734,29127,"Subscriber",1985,1
503,"2018-12-20 18:01:11.7220","2018-12-20 18:09:35.2450",3186,"Grove St PATH",40.71958611647166,-74.04311746358871,3213,"Van Vorst Park",40.71848892,-74.047726625,33744,"Subscriber",1989,2
585,"2018-12-20 18:08:28.8780","2018-12-20 18:18:14.0190",3186,"Grove St PATH",40.71958611647166,-74.04311746358871,3192,"Liberty Light Rail",40.7112423,-74.0557013,29275,"Subscriber",1983,1
261,"2018-12-20 18:16:35.6960","2018-12-20 18:20:56.8160",3186,"Grove St PATH",40.71958611647166,-74.04311746358871,3270,"Jersey & 6th St",40.72528910781132,-74.04557168483734,26202,"Subscriber",1996,2
362,"2018-12-20 18:23:04.8940","2018-12-20 18:29:07.2230",3186,"Grove St PATH",40.71958611647166,-74.04311746358871,3203,"Hamilton Park",40.727595966,-74.044247311,26225,"Subscriber",1988,1
468,"2018-12-20 18:33:31.2830","2018-12-20 18:41:19.9420",3186,"Grove St PATH",40.71958611647166,-74.04311746358871,3192,"Liberty Light Rail",40.7112423,-74.0557013,29586,"Subscriber",1985,1
163,"2018-12-20 18:42:12.8320","2018-12-20 18:44:56.2930",3186,"Grove St PATH",40.71958611647166,-74.04311746358871,3213,"Van Vorst Park",40.71848892,-74.047726625,29517,"Subscriber",1984,1
609,"2018-12-20 18:48:13.6510","2018-12-20 18:58:22.9520",3186,"Grove St PATH",40.71958611647166,-74.04311746358871,3268,"Lafayette Park",40.71346382669195,-74.06285852193832,29483,"Subscriber",1989,1
511,"2018-12-20 18:48:21.5540","2018-12-20 18:56:53.0120",3186,"Grove St PATH",40.71958611647166,-74.04311746358871,3192,"Liberty Light Rail",40.7112423,-74.0557013,29542,"Subscriber",1988,1
211,"2018-12-20 18:48:27.6350","2018-12-20 18:51:59.2410",3186,"Grove St PATH",40.71958611647166,-74.04311746358871,3270,"Jersey & 6th St",40.72528910781132,-74.04557168483734,29582,"Subscriber",1969,2
351,"2018-12-20 18:51:09.0970","2018-12-20 18:57:00.2350",3186,"Grove St PATH",40.71958611647166,-74.04311746358871,3203,"Hamilton Park",40.727595966,-74.044247311,29290,"Subscriber",1988,1
173,"2018-12-20 18:53:05.8830","2018-12-20 18:55:59.3330",3186,"Grove St PATH",40.71958611647166,-74.04311746358871,3279,"Dixon Mills",40.721630142638354,-74.04996782541275,29276,"Subscriber",1976,1
177,"2018-12-20 18:54:57.2350","2018-12-20 18:57:54.7740",3186,"Grove St PATH",40.71958611647166,-74.04311746358871,3278,"Monmouth and 6th",40.72568548362901,-74.04879033565521,29612,"Subscriber",1993,1
201,"2018-12-20 18:58:32.0870","2018-12-20 19:01:53.9460",3186,"Grove St PATH",40.71958611647166,-74.04311746358871,3270,"Jersey & 6th St",40.72528910781132,-74.04557168483734,29469,"Subscriber",1967,1
109,"2018-12-20 19:00:33.7170","2018-12-20 19:02:22.7630",3186,"Grove St PATH",40.71958611647166,-74.04311746358871,3211,"Newark Ave",40.72152515,-74.046304543,26276,"Subscriber",1993,1
251,"2018-12-20 19:03:13.1270","2018-12-20 19:07:24.1840",3186,"Grove St PATH",40.71958611647166,-74.04311746358871,3203,"Hamilton Park",40.727595966,-74.044247311,26166,"Subscriber",1988,1
163,"2018-12-20 19:03:46.3330","2018-12-20 19:06:29.9820",3186,"Grove St PATH",40.71958611647166,-74.04311746358871,3279,"Dixon Mills",40.721630142638354,-74.04996782541275,29572,"Subscriber",1976,1
256,"2018-12-20 19:10:02.0070","2018-12-20 19:14:18.9800",3186,"Grove St PATH",40.71958611647166,-74.04311746358871,3269,"Brunswick & 6th",40.72601172964625,-74.05038893222809,29535,"Subscriber",1988,1
216,"2018-12-20 19:17:12.4410","2018-12-20 19:20:49.1300",3186,"Grove St PATH",40.71958611647166,-74.04311746358871,3278,"Monmouth and 6th",40.72568548362901,-74.04879033565521,29241,"Subscriber",1985,1
220,"2018-12-20 19:21:48.1770","2018-12-20 19:25:28.4940",3186,"Grove St PATH",40.71958611647166,-74.04311746358871,3278,"Monmouth and 6th",40.72568548362901,-74.04879033565521,26159,"Subscriber",1983,2
276,"2018-12-20 19:23:05.3100","2018-12-20 19:27:41.7730",3186,"Grove St PATH",40.71958611647166,-74.04311746358871,3269,"Brunswick & 6th",40.72601172964625,-74.05038893222809,26213,"Subscriber",1980,1
174,"2018-12-20 19:23:19.2650","2018-12-20 19:26:13.9040",3186,"Grove St PATH",40.71958611647166,-74.04311746358871,3276,"Marin Light Rail",40.71458403535893,-74.04281705617905,26287,"Subscriber",1980,1
526,"2018-12-20 19:29:57.5060","2018-12-20 19:38:44.0670",3186,"Grove St PATH",40.71958611647166,-74.04311746358871,3206,"Hilltop",40.7311689,-74.0575736,29298,"Subscriber",1987,1
263,"2018-12-20 19:30:59.9610","2018-12-20 19:35:23.4820",3186,"Grove St PATH",40.71958611647166,-74.04311746358871,3269,"Brunswick & 6th",40.72601172964625,-74.05038893222809,29467,"Subscriber",1986,1
273,"2018-12-20 19:37:59.4010","2018-12-20 19:42:32.4170",3186,"Grove St PATH",40.71958611647166,-74.04311746358871,3203,"Hamilton Park",40.727595966,-74.044247311,29228,"Subscriber",1968,1
765,"2018-12-20 19:39:50.6610","2018-12-20 19:52:36.4000",3186,"Grove St PATH",40.71958611647166,-74.04311746358871,3269,"Brunswick & 6th",40.72601172964625,-74.05038893222809,29293,"Subscriber",1992,1
256,"2018-12-20 19:40:31.2310","2018-12-20 19:44:47.6730",3186,"Grove St PATH",40.71958611647166,-74.04311746358871,3203,"Hamilton Park",40.727595966,-74.044247311,26216,"Subscriber",1984,1
144,"2018-12-20 19:47:19.7050","2018-12-20 19:49:44.6840",3186,"Grove St PATH",40.71958611647166,-74.04311746358871,3276,"Marin Light Rail",40.71458403535893,-74.04281705617905,29292,"Subscriber",1986,1
229,"2018-12-20 20:21:40.4180","2018-12-20 20:25:30.3920",3186,"Grove St PATH",40.71958611647166,-74.04311746358871,3276,"Marin Light Rail",40.71458403535893,-74.04281705617905,29437,"Subscriber",1986,1
266,"2018-12-20 20:26:31.4200","2018-12-20 20:30:58.0700",3186,"Grove St PATH",40.71958611647166,-74.04311746358871,3276,"Marin Light Rail",40.71458403535893,-74.04281705617905,29519,"Subscriber",1987,2
129,"2018-12-20 20:46:40.3780","2018-12-20 20:48:50.0190",3186,"Grove St PATH",40.71958611647166,-74.04311746358871,3279,"Dixon Mills",40.721630142638354,-74.04996782541275,26200,"Subscriber",1982,1
277,"2018-12-20 20:52:52.5580","2018-12-20 20:57:29.7180",3186,"Grove St PATH",40.71958611647166,-74.04311746358871,3681,"Grand St",40.71517767732029,-74.03768330812454,29214,"Subscriber",1974,1
232,"2018-12-20 21:01:30.0620","2018-12-20 21:05:22.2590",3186,"Grove St PATH",40.71958611647166,-74.04311746358871,3203,"Hamilton Park",40.727595966,-74.044247311,29199,"Subscriber",1983,1
155,"2018-12-20 21:05:47.0490","2018-12-20 21:08:22.9150",3186,"Grove St PATH",40.71958611647166,-74.04311746358871,3279,"Dixon Mills",40.721630142638354,-74.04996782541275,26262,"Subscriber",1986,1
718,"2018-12-20 21:06:26.4060","2018-12-20 21:18:24.5200",3186,"Grove St PATH",40.71958611647166,-74.04311746358871,3194,"McGinley Square",40.7253399253558,-74.06762212514877,29121,"Subscriber",1981,1
162,"2018-12-20 21:10:32.0460","2018-12-20 21:13:14.2130",3186,"Grove St PATH",40.71958611647166,-74.04311746358871,3279,"Dixon Mills",40.721630142638354,-74.04996782541275,29281,"Subscriber",1949,1
278,"2018-12-20 21:20:39.6170","2018-12-20 21:25:18.3000",3186,"Grove St PATH",40.71958611647166,-74.04311746358871,3270,"Jersey & 6th St",40.72528910781132,-74.04557168483734,29471,"Subscriber",1956,1
266,"2018-12-20 21:40:28.9220","2018-12-20 21:44:55.8570",3186,"Grove St PATH",40.71958611647166,-74.04311746358871,3203,"Hamilton Park",40.727595966,-74.044247311,26258,"Subscriber",1991,2
201,"2018-12-20 23:28:15.7830","2018-12-20 23:31:37.0580",3186,"Grove St PATH",40.71958611647166,-74.04311746358871,3276,"Marin Light Rail",40.71458403535893,-74.04281705617905,29502,"Subscriber",1984,1
194,"2018-12-21 06:44:17.3810","2018-12-21 06:47:32.1280",3186,"Grove St PATH",40.71958611647166,-74.04311746358871,3205,"JC Medical Center",40.71653978099194,-74.0496379137039,26264,"Subscriber",1976,2
238,"2018-12-21 09:35:16.2430","2018-12-21 09:39:14.6090",3186,"Grove St PATH",40.71958611647166,-74.04311746358871,3278,"Monmouth and 6th",40.72568548362901,-74.04879033565521,29468,"Subscriber",1994,1
278,"2018-12-21 10:02:47.3610","2018-12-21 10:07:25.7410",3186,"Grove St PATH",40.71958611647166,-74.04311746358871,3276,"Marin Light Rail",40.71458403535893,-74.04281705617905,29535,"Subscriber",1994,1
256,"2018-12-21 11:30:41.1670","2018-12-21 11:34:58.1190",3186,"Grove St PATH",40.71958611647166,-74.04311746358871,3213,"Van Vorst Park",40.71848892,-74.047726625,29241,"Subscriber",1990,1
262,"2018-12-21 12:11:26.8130","2018-12-21 12:15:49.3740",3186,"Grove St PATH",40.71958611647166,-74.04311746358871,3270,"Jersey & 6th St",40.72528910781132,-74.04557168483734,29458,"Subscriber",1967,1
219,"2018-12-21 13:03:31.1570","2018-12-21 13:07:10.6140",3186,"Grove St PATH",40.71958611647166,-74.04311746358871,3205,"JC Medical Center",40.71653978099194,-74.0496379137039,26287,"Subscriber",1992,1
234,"2018-12-21 13:12:04.6520","2018-12-21 13:15:59.5990",3186,"Grove St PATH",40.71958611647166,-74.04311746358871,3269,"Brunswick & 6th",40.72601172964625,-74.05038893222809,29659,"Subscriber",1993,1
162,"2018-12-21 13:41:25.3800","2018-12-21 13:44:07.4170",3186,"Grove St PATH",40.71958611647166,-74.04311746358871,3272,"Jersey & 3rd",40.72333158646436,-74.04595255851744,26246,"Subscriber",1963,1
595,"2018-12-21 14:09:44.5370","2018-12-21 14:19:40.1720",3186,"Grove St PATH",40.71958611647166,-74.04311746358871,3267,"Morris Canal",40.7124188237569,-74.03852552175522,33744,"Subscriber",1963,2
198,"2018-12-21 14:17:12.1120","2018-12-21 14:20:30.3580",3186,"Grove St PATH",40.71958611647166,-74.04311746358871,3205,"JC Medical Center",40.71653978099194,-74.0496379137039,29272,"Subscriber",1969,0
278,"2018-12-21 14:18:10.8370","2018-12-21 14:22:48.8590",3186,"Grove St PATH",40.71958611647166,-74.04311746358871,3279,"Dixon Mills",40.721630142638354,-74.04996782541275,26291,"Subscriber",1987,2
981,"2018-12-21 14:20:49.8570","2018-12-21 14:37:10.8670",3186,"Grove St PATH",40.71958611647166,-74.04311746358871,3195,"Sip Ave",40.73074262530658,-74.06378388404846,29602,"Subscriber",1981,1
219,"2018-12-21 14:36:41.3600","2018-12-21 14:40:20.5020",3186,"Grove St PATH",40.71958611647166,-74.04311746358871,3205,"JC Medical Center",40.71653978099194,-74.0496379137039,29241,"Subscriber",1989,1
297,"2018-12-21 14:39:25.0630","2018-12-21 14:44:22.6250",3186,"Grove St PATH",40.71958611647166,-74.04311746358871,3203,"Hamilton Park",40.727595966,-74.044247311,29534,"Subscriber",1978,1
231,"2018-12-21 14:47:52.9750","2018-12-21 14:51:44.9180",3186,"Grove St PATH",40.71958611647166,-74.04311746358871,3203,"Hamilton Park",40.727595966,-74.044247311,29612,"Subscriber",1979,1
523,"2018-12-21 14:51:01.7680","2018-12-21 14:59:44.9230",3186,"Grove St PATH",40.71958611647166,-74.04311746358871,3202,"Newport PATH",40.7272235,-74.0337589,26268,"Subscriber",1991,1
270,"2018-12-21 15:45:16.3810","2018-12-21 15:49:46.4840",3186,"Grove St PATH",40.71958611647166,-74.04311746358871,3270,"Jersey & 6th St",40.72528910781132,-74.04557168483734,29461,"Subscriber",1976,1
166,"2018-12-21 15:51:43.7400","2018-12-21 15:54:30.4070",3186,"Grove St PATH",40.71958611647166,-74.04311746358871,3213,"Van Vorst Park",40.71848892,-74.047726625,29199,"Subscriber",1988,1
655,"2018-12-21 15:53:23.3420","2018-12-21 16:04:19.1170",3186,"Grove St PATH",40.71958611647166,-74.04311746358871,3202,"Newport PATH",40.7272235,-74.0337589,26248,"Subscriber",1989,1
332,"2018-12-21 16:01:48.4250","2018-12-21 16:07:20.9240",3186,"Grove St PATH",40.71958611647166,-74.04311746358871,3269,"Brunswick & 6th",40.72601172964625,-74.05038893222809,29498,"Subscriber",1986,1
177,"2018-12-21 16:06:56.4070","2018-12-21 16:09:53.8970",3186,"Grove St PATH",40.71958611647166,-74.04311746358871,3276,"Marin Light Rail",40.71458403535893,-74.04281705617905,29485,"Subscriber",1986,1
271,"2018-12-21 16:10:33.5360","2018-12-21 16:15:05.4620",3186,"Grove St PATH",40.71958611647166,-74.04311746358871,3203,"Hamilton Park",40.727595966,-74.044247311,29496,"Subscriber",1988,1
288,"2018-12-21 16:10:41.5870","2018-12-21 16:15:30.4540",3186,"Grove St PATH",40.71958611647166,-74.04311746358871,3203,"Hamilton Park",40.727595966,-74.044247311,29582,"Subscriber",1978,1
207,"2018-12-21 16:21:15.2590","2018-12-21 16:24:42.7910",3186,"Grove St PATH",40.71958611647166,-74.04311746358871,3279,"Dixon Mills",40.721630142638354,-74.04996782541275,29460,"Subscriber",1977,2
277,"2018-12-21 16:39:58.8130","2018-12-21 16:44:36.2230",3186,"Grove St PATH",40.71958611647166,-74.04311746358871,3483,"Montgomery St",40.71942,-74.05099,29215,"Subscriber",1995,1
170,"2018-12-21 16:55:26.5160","2018-12-21 16:58:17.2920",3186,"Grove St PATH",40.71958611647166,-74.04311746358871,3213,"Van Vorst Park",40.71848892,-74.047726625,26184,"Subscriber",1981,2
347,"2018-12-21 16:59:17.6510","2018-12-21 17:05:05.0340",3186,"Grove St PATH",40.71958611647166,-74.04311746358871,3203,"Hamilton Park",40.727595966,-74.044247311,29535,"Subscriber",1980,1
88,"2018-12-21 17:06:45.4300","2018-12-21 17:08:13.8710",3186,"Grove St PATH",40.71958611647166,-74.04311746358871,3185,"City Hall",40.7177325,-74.043845,29469,"Subscriber",1988,1
390,"2018-12-21 17:11:46.8310","2018-12-21 17:18:16.9680",3186,"Grove St PATH",40.71958611647166,-74.04311746358871,3269,"Brunswick & 6th",40.72601172964625,-74.05038893222809,29288,"Subscriber",1972,2
341,"2018-12-21 17:12:27.0070","2018-12-21 17:18:08.5650",3186,"Grove St PATH",40.71958611647166,-74.04311746358871,3203,"Hamilton Park",40.727595966,-74.044247311,29612,"Subscriber",1990,2
341,"2018-12-21 17:15:34.1830","2018-12-21 17:21:15.3530",3186,"Grove St PATH",40.71958611647166,-74.04311746358871,3203,"Hamilton Park",40.727595966,-74.044247311,26212,"Subscriber",1987,2
305,"2018-12-21 17:17:18.4050","2018-12-21 17:22:24.0850",3186,"Grove St PATH",40.71958611647166,-74.04311746358871,3203,"Hamilton Park",40.727595966,-74.044247311,29582,"Subscriber",1984,1
249,"2018-12-21 17:20:47.9140","2018-12-21 17:24:57.4170",3186,"Grove St PATH",40.71958611647166,-74.04311746358871,3270,"Jersey & 6th St",40.72528910781132,-74.04557168483734,29225,"Subscriber",1981,1
514,"2018-12-21 17:23:34.1700","2018-12-21 17:32:08.7970",3186,"Grove St PATH",40.71958611647166,-74.04311746358871,3192,"Liberty Light Rail",40.7112423,-74.0557013,26197,"Subscriber",1985,1
332,"2018-12-21 17:28:44.2620","2018-12-21 17:34:16.7200",3186,"Grove St PATH",40.71958611647166,-74.04311746358871,3278,"Monmouth and 6th",40.72568548362901,-74.04879033565521,29207,"Subscriber",1981,2
522,"2018-12-21 17:31:52.3510","2018-12-21 17:40:34.4770",3186,"Grove St PATH",40.71958611647166,-74.04311746358871,3212,"Christ Hospital",40.734785818,-74.050443636,29465,"Subscriber",1985,1
272,"2018-12-21 17:32:25.5190","2018-12-21 17:36:57.7580",3186,"Grove St PATH",40.71958611647166,-74.04311746358871,3187,"Warren St",40.7211236,-74.03805095,29236,"Subscriber",1990,2
264,"2018-12-21 17:35:27.4210","2018-12-21 17:39:51.6760",3186,"Grove St PATH",40.71958611647166,-74.04311746358871,3278,"Monmouth and 6th",40.72568548362901,-74.04879033565521,29517,"Subscriber",1986,2
317,"2018-12-21 17:36:05.5760","2018-12-21 17:41:23.4830",3186,"Grove St PATH",40.71958611647166,-74.04311746358871,3278,"Monmouth and 6th",40.72568548362901,-74.04879033565521,29467,"Subscriber",1983,2
571,"2018-12-21 17:42:34.6680","2018-12-21 17:52:06.1330",3186,"Grove St PATH",40.71958611647166,-74.04311746358871,3192,"Liberty Light Rail",40.7112423,-74.0557013,29542,"Subscriber",1991,1
338,"2018-12-21 17:54:21.3710","2018-12-21 17:59:59.9910",3186,"Grove St PATH",40.71958611647166,-74.04311746358871,3203,"Hamilton Park",40.727595966,-74.044247311,26264,"Subscriber",1990,1
297,"2018-12-21 17:55:14.8780","2018-12-21 18:00:12.3380",3186,"Grove St PATH",40.71958611647166,-74.04311746358871,3203,"Hamilton Park",40.727595966,-74.044247311,26300,"Subscriber",1990,2
628,"2018-12-21 17:56:21.8670","2018-12-21 18:06:50.4670",3186,"Grove St PATH",40.71958611647166,-74.04311746358871,3192,"Liberty Light Rail",40.7112423,-74.0557013,29496,"Subscriber",1983,1
234,"2018-12-21 17:57:30.0720","2018-12-21 18:01:24.3570",3186,"Grove St PATH",40.71958611647166,-74.04311746358871,3276,"Marin Light Rail",40.71458403535893,-74.04281705617905,26200,"Subscriber",1980,1
345,"2018-12-21 17:58:46.8300","2018-12-21 18:04:32.3650",3186,"Grove St PATH",40.71958611647166,-74.04311746358871,3278,"Monmouth and 6th",40.72568548362901,-74.04879033565521,29582,"Subscriber",1988,2
332,"2018-12-21 18:01:28.0790","2018-12-21 18:07:00.4270",3186,"Grove St PATH",40.71958611647166,-74.04311746358871,3203,"Hamilton Park",40.727595966,-74.044247311,26206,"Subscriber",1991,2
200,"2018-12-21 18:03:30.4090","2018-12-21 18:06:51.1620",3186,"Grove St PATH",40.71958611647166,-74.04311746358871,3278,"Monmouth and 6th",40.72568548362901,-74.04879033565521,29612,"Subscriber",1956,1
263,"2018-12-21 18:15:30.1080","2018-12-21 18:19:53.8580",3186,"Grove St PATH",40.71958611647166,-74.04311746358871,3203,"Hamilton Park",40.727595966,-74.044247311,29290,"Subscriber",1988,1
243,"2018-12-21 18:23:15.2890","2018-12-21 18:27:18.6090",3186,"Grove St PATH",40.71958611647166,-74.04311746358871,3270,"Jersey & 6th St",40.72528910781132,-74.04557168483734,29528,"Subscriber",1967,1
235,"2018-12-21 18:25:09.7710","2018-12-21 18:29:05.6660",3186,"Grove St PATH",40.71958611647166,-74.04311746358871,3278,"Monmouth and 6th",40.72568548362901,-74.04879033565521,29665,"Subscriber",1991,1
198,"2018-12-21 18:46:53.8980","2018-12-21 18:50:12.5830",3186,"Grove St PATH",40.71958611647166,-74.04311746358871,3213,"Van Vorst Park",40.71848892,-74.047726625,29528,"Subscriber",1990,1
321,"2018-12-21 18:47:34.8020","2018-12-21 18:52:56.1470",3186,"Grove St PATH",40.71958611647166,-74.04311746358871,3269,"Brunswick & 6th",40.72601172964625,-74.05038893222809,26266,"Subscriber",1974,1
325,"2018-12-21 18:51:37.5450","2018-12-21 18:57:02.6550",3186,"Grove St PATH",40.71958611647166,-74.04311746358871,3483,"Montgomery St",40.71942,-74.05099,33744,"Subscriber",1985,1
654,"2018-12-21 18:51:58.3290","2018-12-21 19:02:52.6780",3186,"Grove St PATH",40.71958611647166,-74.04311746358871,3268,"Lafayette Park",40.71346382669195,-74.06285852193832,26212,"Subscriber",1979,1
239,"2018-12-21 18:53:49.0650","2018-12-21 18:57:48.6140",3186,"Grove St PATH",40.71958611647166,-74.04311746358871,3278,"Monmouth and 6th",40.72568548362901,-74.04879033565521,29536,"Subscriber",1985,1
192,"2018-12-21 18:55:46.1550","2018-12-21 18:58:58.9660",3186,"Grove St PATH",40.71958611647166,-74.04311746358871,3272,"Jersey & 3rd",40.72333158646436,-74.04595255851744,29670,"Subscriber",1957,2
157,"2018-12-21 18:56:23.1670","2018-12-21 18:59:00.4140",3186,"Grove St PATH",40.71958611647166,-74.04311746358871,3279,"Dixon Mills",40.721630142638354,-74.04996782541275,26235,"Subscriber",1993,1
248,"2018-12-21 19:06:37.8090","2018-12-21 19:10:46.2480",3186,"Grove St PATH",40.71958611647166,-74.04311746358871,3483,"Montgomery St",40.71942,-74.05099,29598,"Subscriber",1992,2
220,"2018-12-21 19:13:04.0230","2018-12-21 19:16:44.1990",3186,"Grove St PATH",40.71958611647166,-74.04311746358871,3276,"Marin Light Rail",40.71458403535893,-74.04281705617905,29508,"Subscriber",1984,1
263,"2018-12-21 19:31:51.4420","2018-12-21 19:36:14.5420",3186,"Grove St PATH",40.71958611647166,-74.04311746358871,3203,"Hamilton Park",40.727595966,-74.044247311,29293,"Subscriber",1973,1
395,"2018-12-21 19:34:26.9990","2018-12-21 19:41:02.9120",3186,"Grove St PATH",40.71958611647166,-74.04311746358871,3209,"Brunswick St",40.7241765,-74.0506564,29207,"Subscriber",1979,2
311,"2018-12-21 20:06:51.9500","2018-12-21 20:12:03.7940",3186,"Grove St PATH",40.71958611647166,-74.04311746358871,3209,"Brunswick St",40.7241765,-74.0506564,29461,"Subscriber",1982,1
190,"2018-12-21 20:16:14.4240","2018-12-21 20:19:24.4500",3186,"Grove St PATH",40.71958611647166,-74.04311746358871,3270,"Jersey & 6th St",40.72528910781132,-74.04557168483734,26206,"Subscriber",1969,2
223,"2018-12-21 20:17:05.6700","2018-12-21 20:20:48.6780",3186,"Grove St PATH",40.71958611647166,-74.04311746358871,3209,"Brunswick St",40.7241765,-74.0506564,29225,"Subscriber",1991,2
203,"2018-12-21 20:18:35.1290","2018-12-21 20:21:58.7430",3186,"Grove St PATH",40.71958611647166,-74.04311746358871,3272,"Jersey & 3rd",40.72333158646436,-74.04595255851744,29534,"Subscriber",1958,1
297,"2018-12-21 20:30:45.2510","2018-12-21 20:35:42.5650",3186,"Grove St PATH",40.71958611647166,-74.04311746358871,3203,"Hamilton Park",40.727595966,-74.044247311,26279,"Subscriber",1968,1
279,"2018-12-21 20:37:58.3600","2018-12-21 20:42:38.1480",3186,"Grove St PATH",40.71958611647166,-74.04311746358871,3203,"Hamilton Park",40.727595966,-74.044247311,26268,"Subscriber",1971,2
309,"2018-12-21 20:45:47.6700","2018-12-21 20:50:57.2960",3186,"Grove St PATH",40.71958611647166,-74.04311746358871,3278,"Monmouth and 6th",40.72568548362901,-74.04879033565521,26202,"Subscriber",1977,2
206,"2018-12-21 21:05:21.2360","2018-12-21 21:08:47.7150",3186,"Grove St PATH",40.71958611647166,-74.04311746358871,3205,"JC Medical Center",40.71653978099194,-74.0496379137039,29496,"Subscriber",1976,2
243,"2018-12-21 21:10:34.7030","2018-12-21 21:14:38.3710",3186,"Grove St PATH",40.71958611647166,-74.04311746358871,3203,"Hamilton Park",40.727595966,-74.044247311,26204,"Subscriber",1983,1
119,"2018-12-21 21:14:51.8180","2018-12-21 21:16:51.6550",3186,"Grove St PATH",40.71958611647166,-74.04311746358871,3211,"Newark Ave",40.72152515,-74.046304543,29442,"Subscriber",1995,1
1251,"2018-12-21 21:15:09.5390","2018-12-21 21:36:01.5300",3186,"Grove St PATH",40.71958611647166,-74.04311746358871,3193,"Lincoln Park",40.7246050998869,-74.07840594649315,26161,"Subscriber",1977,1
127,"2018-12-21 21:46:22.5310","2018-12-21 21:48:29.7540",3186,"Grove St PATH",40.71958611647166,-74.04311746358871,3213,"Van Vorst Park",40.71848892,-74.047726625,29496,"Subscriber",1970,1
502,"2018-12-21 21:55:16.1420","2018-12-21 22:03:38.1620",3186,"Grove St PATH",40.71958611647166,-74.04311746358871,3192,"Liberty Light Rail",40.7112423,-74.0557013,29659,"Subscriber",1988,1
258,"2018-12-21 21:56:50.2950","2018-12-21 22:01:08.8930",3186,"Grove St PATH",40.71958611647166,-74.04311746358871,3203,"Hamilton Park",40.727595966,-74.044247311,29500,"Subscriber",1968,1
240,"2018-12-21 22:35:16.0170","2018-12-21 22:39:16.2590",3186,"Grove St PATH",40.71958611647166,-74.04311746358871,3269,"Brunswick & 6th",40.72601172964625,-74.05038893222809,29517,"Subscriber",1988,1
210,"2018-12-21 22:36:22.5440","2018-12-21 22:39:53.3970",3186,"Grove St PATH",40.71958611647166,-74.04311746358871,3270,"Jersey & 6th St",40.72528910781132,-74.04557168483734,26306,"Subscriber",1988,1
228,"2018-12-21 23:00:17.8510","2018-12-21 23:04:05.9610",3186,"Grove St PATH",40.71958611647166,-74.04311746358871,3481,"York St",40.71649,-74.04105,29204,"Subscriber",1988,1
210,"2018-12-21 23:00:36.1810","2018-12-21 23:04:06.8620",3186,"Grove St PATH",40.71958611647166,-74.04311746358871,3481,"York St",40.71649,-74.04105,26235,"Subscriber",1987,2
303,"2018-12-21 23:05:49.7770","2018-12-21 23:10:52.9730",3186,"Grove St PATH",40.71958611647166,-74.04311746358871,3270,"Jersey & 6th St",40.72528910781132,-74.04557168483734,29257,"Subscriber",1987,1
245,"2018-12-21 23:10:29.1680","2018-12-21 23:14:34.2810",3186,"Grove St PATH",40.71958611647166,-74.04311746358871,3203,"Hamilton Park",40.727595966,-74.044247311,26261,"Subscriber",1986,1
225,"2018-12-21 23:50:01.4920","2018-12-21 23:53:47.2770",3186,"Grove St PATH",40.71958611647166,-74.04311746358871,3279,"Dixon Mills",40.721630142638354,-74.04996782541275,29208,"Subscriber",1996,2
223,"2018-12-22 00:50:30.8180","2018-12-22 00:54:14.4510",3186,"Grove St PATH",40.71958611647166,-74.04311746358871,3269,"Brunswick & 6th",40.72601172964625,-74.05038893222809,29532,"Subscriber",1981,2
129,"2018-12-22 01:50:35.4540","2018-12-22 01:52:44.7400",3186,"Grove St PATH",40.71958611647166,-74.04311746358871,3213,"Van Vorst Park",40.71848892,-74.047726625,26306,"Subscriber",1962,1
269,"2018-12-22 09:35:19.3860","2018-12-22 09:39:49.1620",3186,"Grove St PATH",40.71958611647166,-74.04311746358871,3279,"Dixon Mills",40.721630142638354,-74.04996782541275,29304,"Subscriber",1980,2
188,"2018-12-22 09:40:20.2650","2018-12-22 09:43:28.4380",3186,"Grove St PATH",40.71958611647166,-74.04311746358871,3276,"Marin Light Rail",40.71458403535893,-74.04281705617905,33744,"Subscriber",1979,1
186,"2018-12-22 09:53:01.6960","2018-12-22 09:56:08.6440",3186,"Grove St PATH",40.71958611647166,-74.04311746358871,3279,"Dixon Mills",40.721630142638354,-74.04996782541275,29601,"Subscriber",1980,2
282,"2018-12-22 11:04:12.8000","2018-12-22 11:08:55.1540",3186,"Grove St PATH",40.71958611647166,-74.04311746358871,3203,"Hamilton Park",40.727595966,-74.044247311,29208,"Subscriber",1990,1
304,"2018-12-22 11:43:03.4290","2018-12-22 11:48:07.7000",3186,"Grove St PATH",40.71958611647166,-74.04311746358871,3203,"Hamilton Park",40.727595966,-74.044247311,29276,"Subscriber",1953,2
263,"2018-12-22 11:54:28.6720","2018-12-22 11:58:52.4560",3186,"Grove St PATH",40.71958611647166,-74.04311746358871,3183,"Exchange Place",40.7162469,-74.0334588,26244,"Subscriber",1986,1
244,"2018-12-22 12:38:26.1870","2018-12-22 12:42:30.9480",3186,"Grove St PATH",40.71958611647166,-74.04311746358871,3276,"Marin Light Rail",40.71458403535893,-74.04281705617905,29553,"Subscriber",1967,1
257,"2018-12-22 12:45:09.7730","2018-12-22 12:49:26.9580",3186,"Grove St PATH",40.71958611647166,-74.04311746358871,3203,"Hamilton Park",40.727595966,-74.044247311,26278,"Subscriber",1973,1
206,"2018-12-22 12:55:43.2200","2018-12-22 12:59:09.5560",3186,"Grove St PATH",40.71958611647166,-74.04311746358871,3276,"Marin Light Rail",40.71458403535893,-74.04281705617905,26276,"Subscriber",1994,1
210,"2018-12-22 12:59:06.5790","2018-12-22 13:02:37.1500",3186,"Grove St PATH",40.71958611647166,-74.04311746358871,3276,"Marin Light Rail",40.71458403535893,-74.04281705617905,26254,"Subscriber",1986,1
232,"2018-12-22 13:27:41.2070","2018-12-22 13:31:33.6230",3186,"Grove St PATH",40.71958611647166,-74.04311746358871,3279,"Dixon Mills",40.721630142638354,-74.04996782541275,26248,"Subscriber",1962,2
570,"2018-12-22 13:38:56.2440","2018-12-22 13:48:27.1640",3186,"Grove St PATH",40.71958611647166,-74.04311746358871,3681,"Grand St",40.71517767732029,-74.03768330812454,29492,"Subscriber",1988,1
181,"2018-12-22 14:50:21.8190","2018-12-22 14:53:22.8230",3186,"Grove St PATH",40.71958611647166,-74.04311746358871,3270,"Jersey & 6th St",40.72528910781132,-74.04557168483734,26292,"Subscriber",1991,1
536,"2018-12-22 15:28:42.6620","2018-12-22 15:37:39.2480",3186,"Grove St PATH",40.71958611647166,-74.04311746358871,3185,"City Hall",40.7177325,-74.043845,29127,"Subscriber",1986,1
332,"2018-12-22 16:04:09.9100","2018-12-22 16:09:42.3500",3186,"Grove St PATH",40.71958611647166,-74.04311746358871,3203,"Hamilton Park",40.727595966,-74.044247311,29508,"Subscriber",1992,1
2502,"2018-12-22 16:19:59.4840","2018-12-22 17:01:42.2370",3186,"Grove St PATH",40.71958611647166,-74.04311746358871,3183,"Exchange Place",40.7162469,-74.0334588,29308,"Subscriber",1969,0
113,"2018-12-22 16:25:02.8140","2018-12-22 16:26:56.2300",3186,"Grove St PATH",40.71958611647166,-74.04311746358871,3211,"Newark Ave",40.72152515,-74.046304543,29485,"Subscriber",1993,1
2467,"2018-12-22 16:30:06.7960","2018-12-22 17:11:14.6360",3186,"Grove St PATH",40.71958611647166,-74.04311746358871,3483,"Montgomery St",40.71942,-74.05099,29437,"Subscriber",1991,1
2428,"2018-12-22 16:30:42.2550","2018-12-22 17:11:10.2950",3186,"Grove St PATH",40.71958611647166,-74.04311746358871,3483,"Montgomery St",40.71942,-74.05099,29296,"Subscriber",1993,2
976,"2018-12-22 18:07:06.7600","2018-12-22 18:23:23.3030",3186,"Grove St PATH",40.71958611647166,-74.04311746358871,3268,"Lafayette Park",40.71346382669195,-74.06285852193832,29460,"Customer",1976,1
480,"2018-12-22 18:07:13.2870","2018-12-22 18:15:14.1620",3186,"Grove St PATH",40.71958611647166,-74.04311746358871,3639,"Harborside",40.7192517,-74.034234,29469,"Subscriber",1992,1
556,"2018-12-22 18:08:35.8320","2018-12-22 18:17:51.9960",3186,"Grove St PATH",40.71958611647166,-74.04311746358871,3192,"Liberty Light Rail",40.7112423,-74.0557013,29290,"Subscriber",1983,1
364,"2018-12-22 18:25:00.5160","2018-12-22 18:31:05.0670",3186,"Grove St PATH",40.71958611647166,-74.04311746358871,3203,"Hamilton Park",40.727595966,-74.044247311,29288,"Subscriber",1985,1
290,"2018-12-22 18:26:10.9280","2018-12-22 18:31:01.2640",3186,"Grove St PATH",40.71958611647166,-74.04311746358871,3203,"Hamilton Park",40.727595966,-74.044247311,29272,"Subscriber",1985,2
180,"2018-12-22 18:50:42.4260","2018-12-22 18:53:42.4490",3186,"Grove St PATH",40.71958611647166,-74.04311746358871,3205,"JC Medical Center",40.71653978099194,-74.0496379137039,26242,"Subscriber",1976,2
122,"2018-12-22 19:29:40.9820","2018-12-22 19:31:43.9730",3186,"Grove St PATH",40.71958611647166,-74.04311746358871,3211,"Newark Ave",40.72152515,-74.046304543,29502,"Subscriber",1995,1
962,"2018-12-22 19:47:59.8960","2018-12-22 20:04:01.9290",3186,"Grove St PATH",40.71958611647166,-74.04311746358871,3225,"Baldwin at Montgomery",40.7236589,-74.0641943,29493,"Subscriber",1981,1
376,"2018-12-22 19:56:17.8000","2018-12-22 20:02:33.9810",3186,"Grove St PATH",40.71958611647166,-74.04311746358871,3186,"Grove St PATH",40.71958611647166,-74.04311746358871,29520,"Subscriber",1990,1
175,"2018-12-22 22:36:15.3940","2018-12-22 22:39:11.3390",3186,"Grove St PATH",40.71958611647166,-74.04311746358871,3481,"York St",40.71649,-74.04105,29520,"Subscriber",1988,1
160,"2018-12-22 22:36:35.4010","2018-12-22 22:39:15.4420",3186,"Grove St PATH",40.71958611647166,-74.04311746358871,3481,"York St",40.71649,-74.04105,29639,"Subscriber",1987,2
457,"2018-12-22 22:57:19.5350","2018-12-22 23:04:57.0950",3186,"Grove St PATH",40.71958611647166,-74.04311746358871,3192,"Liberty Light Rail",40.7112423,-74.0557013,33646,"Subscriber",1975,1
651,"2018-12-22 23:13:04.1200","2018-12-22 23:23:55.6650",3186,"Grove St PATH",40.71958611647166,-74.04311746358871,3192,"Liberty Light Rail",40.7112423,-74.0557013,29247,"Subscriber",1988,1
218,"2018-12-22 23:26:30.8950","2018-12-22 23:30:09.7360",3186,"Grove St PATH",40.71958611647166,-74.04311746358871,3279,"Dixon Mills",40.721630142638354,-74.04996782541275,26296,"Subscriber",1987,2
310,"2018-12-23 00:25:30.1630","2018-12-23 00:30:40.9250",3186,"Grove St PATH",40.71958611647166,-74.04311746358871,3269,"Brunswick & 6th",40.72601172964625,-74.05038893222809,29535,"Subscriber",1987,1
271,"2018-12-23 01:18:55.1820","2018-12-23 01:23:26.4580",3186,"Grove St PATH",40.71958611647166,-74.04311746358871,3278,"Monmouth and 6th",40.72568548362901,-74.04879033565521,29304,"Subscriber",1980,2
282,"2018-12-23 01:25:43.0920","2018-12-23 01:30:25.1840",3186,"Grove St PATH",40.71958611647166,-74.04311746358871,3209,"Brunswick St",40.7241765,-74.0506564,26295,"Subscriber",1993,1
104,"2018-12-23 03:41:26.0190","2018-12-23 03:43:10.7770",3186,"Grove St PATH",40.71958611647166,-74.04311746358871,3211,"Newark Ave",40.72152515,-74.046304543,29660,"Subscriber",1993,1
184,"2018-12-23 09:23:36.8630","2018-12-23 09:26:41.2870",3186,"Grove St PATH",40.71958611647166,-74.04311746358871,3279,"Dixon Mills",40.721630142638354,-74.04996782541275,26296,"Subscriber",1976,1
239,"2018-12-23 09:23:59.4130","2018-12-23 09:27:58.7220",3186,"Grove St PATH",40.71958611647166,-74.04311746358871,3278,"Monmouth and 6th",40.72568548362901,-74.04879033565521,29439,"Subscriber",1994,1
227,"2018-12-23 10:23:18.5470","2018-12-23 10:27:06.5250",3186,"Grove St PATH",40.71958611647166,-74.04311746358871,3209,"Brunswick St",40.7241765,-74.0506564,29297,"Subscriber",1980,1
251,"2018-12-23 10:31:17.6100","2018-12-23 10:35:28.6630",3186,"Grove St PATH",40.71958611647166,-74.04311746358871,3205,"JC Medical Center",40.71653978099194,-74.0496379137039,29492,"Subscriber",1969,0
248,"2018-12-23 12:29:55.6940","2018-12-23 12:34:03.9470",3186,"Grove St PATH",40.71958611647166,-74.04311746358871,3681,"Grand St",40.71517767732029,-74.03768330812454,26272,"Subscriber",1974,1
286,"2018-12-23 12:35:44.1950","2018-12-23 12:40:30.3650",3186,"Grove St PATH",40.71958611647166,-74.04311746358871,3483,"Montgomery St",40.71942,-74.05099,29505,"Subscriber",1958,1
301,"2018-12-23 12:44:19.9840","2018-12-23 12:49:21.2300",3186,"Grove St PATH",40.71958611647166,-74.04311746358871,3267,"Morris Canal",40.7124188237569,-74.03852552175522,29457,"Subscriber",1960,1
1949,"2018-12-23 13:59:01.7240","2018-12-23 14:31:31.5660",3186,"Grove St PATH",40.71958611647166,-74.04311746358871,3185,"City Hall",40.7177325,-74.043845,29124,"Subscriber",1965,1
416,"2018-12-23 14:03:34.6650","2018-12-23 14:10:31.2680",3186,"Grove St PATH",40.71958611647166,-74.04311746358871,3183,"Exchange Place",40.7162469,-74.0334588,29640,"Subscriber",1968,1
133,"2018-12-23 14:04:46.5360","2018-12-23 14:06:59.6990",3186,"Grove St PATH",40.71958611647166,-74.04311746358871,3211,"Newark Ave",40.72152515,-74.046304543,29439,"Subscriber",1983,2
356,"2018-12-23 14:12:04.0090","2018-12-23 14:18:00.5710",3186,"Grove St PATH",40.71958611647166,-74.04311746358871,3270,"Jersey & 6th St",40.72528910781132,-74.04557168483734,26296,"Subscriber",1959,1
367,"2018-12-23 14:34:10.8340","2018-12-23 14:40:18.3290",3186,"Grove St PATH",40.71958611647166,-74.04311746358871,3267,"Morris Canal",40.7124188237569,-74.03852552175522,26163,"Subscriber",1955,1
110,"2018-12-23 14:45:11.1900","2018-12-23 14:47:02.0300",3186,"Grove St PATH",40.71958611647166,-74.04311746358871,3211,"Newark Ave",40.72152515,-74.046304543,29304,"Subscriber",1992,1
483,"2018-12-23 15:03:46.0250","2018-12-23 15:11:49.5010",3186,"Grove St PATH",40.71958611647166,-74.04311746358871,3638,"Washington St",40.7242941,-74.0354826,29491,"Subscriber",1982,2
1434,"2018-12-23 15:41:29.6720","2018-12-23 16:05:24.3980",3186,"Grove St PATH",40.71958611647166,-74.04311746358871,3203,"Hamilton Park",40.727595966,-74.044247311,29502,"Subscriber",1976,2
1394,"2018-12-23 15:41:54.2260","2018-12-23 16:05:08.7460",3186,"Grove St PATH",40.71958611647166,-74.04311746358871,3203,"Hamilton Park",40.727595966,-74.044247311,29608,"Subscriber",1973,1
319,"2018-12-23 16:05:04.2640","2018-12-23 16:10:23.7450",3186,"Grove St PATH",40.71958611647166,-74.04311746358871,3209,"Brunswick St",40.7241765,-74.0506564,26212,"Subscriber",1980,2
147,"2018-12-23 16:24:53.6110","2018-12-23 16:27:21.4930",3186,"Grove St PATH",40.71958611647166,-74.04311746358871,3205,"JC Medical Center",40.71653978099194,-74.0496379137039,26286,"Subscriber",1976,2
222,"2018-12-23 16:29:47.5950","2018-12-23 16:33:30.1680",3186,"Grove St PATH",40.71958611647166,-74.04311746358871,3203,"Hamilton Park",40.727595966,-74.044247311,26242,"Subscriber",1984,1
243,"2018-12-23 16:37:03.7630","2018-12-23 16:41:07.7310",3186,"Grove St PATH",40.71958611647166,-74.04311746358871,3270,"Jersey & 6th St",40.72528910781132,-74.04557168483734,29214,"Subscriber",1958,2
158,"2018-12-23 17:16:20.3620","2018-12-23 17:18:58.8090",3186,"Grove St PATH",40.71958611647166,-74.04311746358871,3272,"Jersey & 3rd",40.72333158646436,-74.04595255851744,29442,"Subscriber",1992,2
516,"2018-12-23 17:57:23.8230","2018-12-23 18:06:00.4680",3186,"Grove St PATH",40.71958611647166,-74.04311746358871,3267,"Morris Canal",40.7124188237569,-74.03852552175522,29283,"Subscriber",1979,1
151,"2018-12-23 18:05:19.8610","2018-12-23 18:07:51.7820",3186,"Grove St PATH",40.71958611647166,-74.04311746358871,3272,"Jersey & 3rd",40.72333158646436,-74.04595255851744,26254,"Subscriber",1962,1
209,"2018-12-23 18:05:50.9410","2018-12-23 18:09:20.1390",3186,"Grove St PATH",40.71958611647166,-74.04311746358871,3270,"Jersey & 6th St",40.72528910781132,-74.04557168483734,26192,"Subscriber",1992,2
255,"2018-12-23 18:29:44.5690","2018-12-23 18:33:59.7560",3186,"Grove St PATH",40.71958611647166,-74.04311746358871,3483,"Montgomery St",40.71942,-74.05099,29264,"Subscriber",1977,1
636,"2018-12-23 18:50:41.4570","2018-12-23 19:01:17.8910",3186,"Grove St PATH",40.71958611647166,-74.04311746358871,3202,"Newport PATH",40.7272235,-74.0337589,29494,"Subscriber",1991,1
330,"2018-12-23 19:04:38.5090","2018-12-23 19:10:09.0100",3186,"Grove St PATH",40.71958611647166,-74.04311746358871,3269,"Brunswick & 6th",40.72601172964625,-74.05038893222809,29532,"Subscriber",1987,1
1172,"2018-12-23 19:19:01.5250","2018-12-23 19:38:33.5950",3186,"Grove St PATH",40.71958611647166,-74.04311746358871,3193,"Lincoln Park",40.7246050998869,-74.07840594649315,26303,"Subscriber",1977,1
323,"2018-12-23 20:06:03.5730","2018-12-23 20:11:27.3880",3186,"Grove St PATH",40.71958611647166,-74.04311746358871,3213,"Van Vorst Park",40.71848892,-74.047726625,29484,"Subscriber",1952,1
402,"2018-12-23 20:06:10.6170","2018-12-23 20:12:52.8890",3186,"Grove St PATH",40.71958611647166,-74.04311746358871,3270,"Jersey & 6th St",40.72528910781132,-74.04557168483734,29257,"Customer",1969,0
368,"2018-12-23 20:06:40.3740","2018-12-23 20:12:48.9660",3186,"Grove St PATH",40.71958611647166,-74.04311746358871,3270,"Jersey & 6th St",40.72528910781132,-74.04557168483734,29212,"Customer",1969,0
197,"2018-12-23 21:04:32.4380","2018-12-23 21:07:50.1480",3186,"Grove St PATH",40.71958611647166,-74.04311746358871,3276,"Marin Light Rail",40.71458403535893,-74.04281705617905,29629,"Subscriber",1989,1
265,"2018-12-23 21:16:17.1450","2018-12-23 21:20:42.1950",3186,"Grove St PATH",40.71958611647166,-74.04311746358871,3187,"Warren St",40.7211236,-74.03805095,26164,"Subscriber",1990,2
608,"2018-12-23 21:26:42.1030","2018-12-23 21:36:50.9500",3186,"Grove St PATH",40.71958611647166,-74.04311746358871,3268,"Lafayette Park",40.71346382669195,-74.06285852193832,29288,"Subscriber",1998,1
566,"2018-12-23 22:23:51.5660","2018-12-23 22:33:18.1800",3186,"Grove St PATH",40.71958611647166,-74.04311746358871,3638,"Washington St",40.7242941,-74.0354826,29641,"Subscriber",1990,1
318,"2018-12-23 22:38:04.9960","2018-12-23 22:43:23.8370",3186,"Grove St PATH",40.71958611647166,-74.04311746358871,3269,"Brunswick & 6th",40.72601172964625,-74.05038893222809,29225,"Subscriber",1989,2
186,"2018-12-23 22:56:42.8170","2018-12-23 22:59:49.2180",3186,"Grove St PATH",40.71958611647166,-74.04311746358871,3279,"Dixon Mills",40.721630142638354,-74.04996782541275,29122,"Subscriber",1976,1
180,"2018-12-23 23:15:26.5370","2018-12-23 23:18:27.3830",3186,"Grove St PATH",40.71958611647166,-74.04311746358871,3270,"Jersey & 6th St",40.72528910781132,-74.04557168483734,29492,"Subscriber",1960,1
182,"2018-12-23 23:34:11.6050","2018-12-23 23:37:14.0320",3186,"Grove St PATH",40.71958611647166,-74.04311746358871,3279,"Dixon Mills",40.721630142638354,-74.04996782541275,29503,"Subscriber",1996,2
227,"2018-12-24 01:46:21.5380","2018-12-24 01:50:08.8580",3186,"Grove St PATH",40.71958611647166,-74.04311746358871,3270,"Jersey & 6th St",40.72528910781132,-74.04557168483734,29652,"Subscriber",1991,2
227,"2018-12-24 12:04:56.6660","2018-12-24 12:08:43.8800",3186,"Grove St PATH",40.71958611647166,-74.04311746358871,3270,"Jersey & 6th St",40.72528910781132,-74.04557168483734,29264,"Subscriber",1985,1
231,"2018-12-24 12:32:55.4290","2018-12-24 12:36:47.3190",3186,"Grove St PATH",40.71958611647166,-74.04311746358871,3187,"Warren St",40.7211236,-74.03805095,29542,"Subscriber",1975,1
169,"2018-12-24 12:33:34.2770","2018-12-24 12:36:23.7080",3186,"Grove St PATH",40.71958611647166,-74.04311746358871,3272,"Jersey & 3rd",40.72333158646436,-74.04595255851744,26291,"Subscriber",1970,1
267,"2018-12-24 13:06:02.4520","2018-12-24 13:10:30.1220",3186,"Grove St PATH",40.71958611647166,-74.04311746358871,3205,"JC Medical Center",40.71653978099194,-74.0496379137039,29492,"Subscriber",1992,1
194,"2018-12-24 13:54:02.7680","2018-12-24 13:57:17.7570",3186,"Grove St PATH",40.71958611647166,-74.04311746358871,3209,"Brunswick St",40.7241765,-74.0506564,26192,"Subscriber",1993,1
734,"2018-12-24 13:54:07.8350","2018-12-24 14:06:22.0160",3186,"Grove St PATH",40.71958611647166,-74.04311746358871,3270,"Jersey & 6th St",40.72528910781132,-74.04557168483734,26296,"Subscriber",1981,1
243,"2018-12-24 13:54:16.5850","2018-12-24 13:58:19.8360",3186,"Grove St PATH",40.71958611647166,-74.04311746358871,3203,"Hamilton Park",40.727595966,-74.044247311,29453,"Subscriber",1978,1
246,"2018-12-24 13:54:45.7970","2018-12-24 13:58:52.2040",3186,"Grove St PATH",40.71958611647166,-74.04311746358871,3209,"Brunswick St",40.7241765,-74.0506564,29257,"Subscriber",1980,1
282,"2018-12-24 14:10:37.9180","2018-12-24 14:15:20.0180",3186,"Grove St PATH",40.71958611647166,-74.04311746358871,3203,"Hamilton Park",40.727595966,-74.044247311,29662,"Subscriber",1973,1
182,"2018-12-24 15:24:45.2590","2018-12-24 15:27:47.3940",3186,"Grove St PATH",40.71958611647166,-74.04311746358871,3279,"Dixon Mills",40.721630142638354,-74.04996782541275,26311,"Subscriber",1993,1
1275,"2018-12-24 15:24:54.1040","2018-12-24 15:46:09.7370",3186,"Grove St PATH",40.71958611647166,-74.04311746358871,3185,"City Hall",40.7177325,-74.043845,29608,"Subscriber",1977,1
249,"2018-12-24 15:41:00.2710","2018-12-24 15:45:09.9320",3186,"Grove St PATH",40.71958611647166,-74.04311746358871,3272,"Jersey & 3rd",40.72333158646436,-74.04595255851744,29236,"Subscriber",1976,2
313,"2018-12-24 15:46:01.5400","2018-12-24 15:51:15.0090",3186,"Grove St PATH",40.71958611647166,-74.04311746358871,3278,"Monmouth and 6th",40.72568548362901,-74.04879033565521,29476,"Subscriber",1988,2
225,"2018-12-24 16:41:45.6670","2018-12-24 16:45:30.8090",3186,"Grove St PATH",40.71958611647166,-74.04311746358871,3270,"Jersey & 6th St",40.72528910781132,-74.04557168483734,26225,"Subscriber",1992,2
474,"2018-12-24 17:18:00.9360","2018-12-24 17:25:55.6210",3186,"Grove St PATH",40.71958611647166,-74.04311746358871,3203,"Hamilton Park",40.727595966,-74.044247311,26175,"Subscriber",1968,1
218,"2018-12-24 17:47:46.7440","2018-12-24 17:51:25.0600",3186,"Grove St PATH",40.71958611647166,-74.04311746358871,3276,"Marin Light Rail",40.71458403535893,-74.04281705617905,29122,"Subscriber",1986,1
257,"2018-12-24 18:12:18.6670","2018-12-24 18:16:36.5180",3186,"Grove St PATH",40.71958611647166,-74.04311746358871,3270,"Jersey & 6th St",40.72528910781132,-74.04557168483734,29282,"Customer",1969,0
223,"2018-12-24 18:12:52.0520","2018-12-24 18:16:35.7600",3186,"Grove St PATH",40.71958611647166,-74.04311746358871,3270,"Jersey & 6th St",40.72528910781132,-74.04557168483734,29442,"Customer",1969,0
282,"2018-12-24 18:32:00.1350","2018-12-24 18:36:42.2510",3186,"Grove St PATH",40.71958611647166,-74.04311746358871,3269,"Brunswick & 6th",40.72601172964625,-74.05038893222809,29629,"Subscriber",1980,1
286,"2018-12-24 19:03:09.1980","2018-12-24 19:07:55.3320",3186,"Grove St PATH",40.71958611647166,-74.04311746358871,3278,"Monmouth and 6th",40.72568548362901,-74.04879033565521,29602,"Subscriber",1981,2
193,"2018-12-24 19:08:38.3040","2018-12-24 19:11:51.8940",3186,"Grove St PATH",40.71958611647166,-74.04311746358871,3279,"Dixon Mills",40.721630142638354,-74.04996782541275,29125,"Subscriber",1976,1
651,"2018-12-24 20:58:44.1110","2018-12-24 21:09:35.5580",3186,"Grove St PATH",40.71958611647166,-74.04311746358871,3268,"Lafayette Park",40.71346382669195,-74.06285852193832,29608,"Subscriber",1978,1
823,"2018-12-24 20:59:49.2070","2018-12-24 21:13:32.9380",3186,"Grove St PATH",40.71958611647166,-74.04311746358871,3268,"Lafayette Park",40.71346382669195,-74.06285852193832,26295,"Subscriber",1998,1
318,"2018-12-24 21:24:34.2150","2018-12-24 21:29:52.9080",3186,"Grove St PATH",40.71958611647166,-74.04311746358871,3267,"Morris Canal",40.7124188237569,-74.03852552175522,29264,"Subscriber",1974,1
335,"2018-12-24 23:10:30.1030","2018-12-24 23:16:05.7230",3186,"Grove St PATH",40.71958611647166,-74.04311746358871,3269,"Brunswick & 6th",40.72601172964625,-74.05038893222809,29292,"Subscriber",1990,1
333,"2018-12-24 23:10:35.1150","2018-12-24 23:16:08.5880",3186,"Grove St PATH",40.71958611647166,-74.04311746358871,3269,"Brunswick & 6th",40.72601172964625,-74.05038893222809,29212,"Subscriber",1993,2
121,"2018-12-24 23:57:32.2110","2018-12-24 23:59:33.2660",3186,"Grove St PATH",40.71958611647166,-74.04311746358871,3213,"Van Vorst Park",40.71848892,-74.047726625,29296,"Subscriber",1978,1
290,"2018-12-25 00:03:47.2310","2018-12-25 00:08:37.7090",3186,"Grove St PATH",40.71958611647166,-74.04311746358871,3638,"Washington St",40.7242941,-74.0354826,29572,"Subscriber",1990,1
134,"2018-12-25 00:05:28.0580","2018-12-25 00:07:42.2740",3186,"Grove St PATH",40.71958611647166,-74.04311746358871,3213,"Van Vorst Park",40.71848892,-74.047726625,29550,"Subscriber",1978,1
133,"2018-12-25 00:12:32.2270","2018-12-25 00:14:45.5480",3186,"Grove St PATH",40.71958611647166,-74.04311746358871,3213,"Van Vorst Park",40.71848892,-74.047726625,29546,"Subscriber",1978,1
122,"2018-12-25 00:19:51.1920","2018-12-25 00:21:53.8430",3186,"Grove St PATH",40.71958611647166,-74.04311746358871,3213,"Van Vorst Park",40.71848892,-74.047726625,29502,"Subscriber",1978,1
158,"2018-12-25 00:27:07.1720","2018-12-25 00:29:45.7170",3186,"Grove St PATH",40.71958611647166,-74.04311746358871,3213,"Van Vorst Park",40.71848892,-74.047726625,29254,"Subscriber",1978,1
227,"2018-12-25 00:34:55.2860","2018-12-25 00:38:42.6820",3186,"Grove St PATH",40.71958611647166,-74.04311746358871,3270,"Jersey & 6th St",40.72528910781132,-74.04557168483734,29458,"Subscriber",1978,1
175,"2018-12-25 00:39:54.2130","2018-12-25 00:42:49.7520",3186,"Grove St PATH",40.71958611647166,-74.04311746358871,3213,"Van Vorst Park",40.71848892,-74.047726625,26254,"Subscriber",1952,1
94,"2018-12-25 08:36:07.2880","2018-12-25 08:37:41.3430",3186,"Grove St PATH",40.71958611647166,-74.04311746358871,3273,"Manila & 1st",40.721650724879986,-74.04288411140442,29569,"Subscriber",1987,1
103,"2018-12-25 08:40:11.4510","2018-12-25 08:41:55.3470",3186,"Grove St PATH",40.71958611647166,-74.04311746358871,3273,"Manila & 1st",40.721650724879986,-74.04288411140442,29259,"Subscriber",1987,1
141,"2018-12-25 08:44:47.5800","2018-12-25 08:47:09.1890",3186,"Grove St PATH",40.71958611647166,-74.04311746358871,3273,"Manila & 1st",40.721650724879986,-74.04288411140442,26297,"Subscriber",1987,1
203,"2018-12-25 08:50:04.4380","2018-12-25 08:53:28.0610",3186,"Grove St PATH",40.71958611647166,-74.04311746358871,3483,"Montgomery St",40.71942,-74.05099,29198,"Subscriber",1987,1
139,"2018-12-25 09:57:10.3560","2018-12-25 09:59:29.6230",3186,"Grove St PATH",40.71958611647166,-74.04311746358871,3213,"Van Vorst Park",40.71848892,-74.047726625,26300,"Subscriber",1988,1
221,"2018-12-25 10:55:07.0280","2018-12-25 10:58:48.4160",3186,"Grove St PATH",40.71958611647166,-74.04311746358871,3205,"JC Medical Center",40.71653978099194,-74.0496379137039,26261,"Subscriber",1964,1
211,"2018-12-25 11:24:39.1500","2018-12-25 11:28:11.0460",3186,"Grove St PATH",40.71958611647166,-74.04311746358871,3483,"Montgomery St",40.71942,-74.05099,26184,"Subscriber",1986,1
162,"2018-12-25 14:27:52.5490","2018-12-25 14:30:35.4970",3186,"Grove St PATH",40.71958611647166,-74.04311746358871,3187,"Warren St",40.7211236,-74.03805095,26298,"Subscriber",1991,1
174,"2018-12-25 15:03:25.6450","2018-12-25 15:06:20.3230",3186,"Grove St PATH",40.71958611647166,-74.04311746358871,3213,"Van Vorst Park",40.71848892,-74.047726625,29201,"Subscriber",1990,1
378,"2018-12-25 15:17:51.0600","2018-12-25 15:24:09.8570",3186,"Grove St PATH",40.71958611647166,-74.04311746358871,3205,"JC Medical Center",40.71653978099194,-74.0496379137039,29122,"Subscriber",1976,2
948,"2018-12-25 15:37:22.9260","2018-12-25 15:53:11.4350",3186,"Grove St PATH",40.71958611647166,-74.04311746358871,3638,"Washington St",40.7242941,-74.0354826,26243,"Customer",1969,0
1523,"2018-12-25 15:54:53.3200","2018-12-25 16:20:16.4260",3186,"Grove St PATH",40.71958611647166,-74.04311746358871,3191,"Union St",40.7182113,-74.0836394,29247,"Subscriber",1992,1
1504,"2018-12-25 15:55:00.5250","2018-12-25 16:20:04.7780",3186,"Grove St PATH",40.71958611647166,-74.04311746358871,3191,"Union St",40.7182113,-74.0836394,29662,"Customer",1969,0
178,"2018-12-25 15:58:14.8530","2018-12-25 16:01:13.5990",3186,"Grove St PATH",40.71958611647166,-74.04311746358871,3187,"Warren St",40.7211236,-74.03805095,29233,"Subscriber",1989,1
414,"2018-12-25 16:50:06.7370","2018-12-25 16:57:01.5480",3186,"Grove St PATH",40.71958611647166,-74.04311746358871,3192,"Liberty Light Rail",40.7112423,-74.0557013,26157,"Subscriber",1990,1
185,"2018-12-25 17:34:36.8150","2018-12-25 17:37:42.4780",3186,"Grove St PATH",40.71958611647166,-74.04311746358871,3483,"Montgomery St",40.71942,-74.05099,29300,"Subscriber",1991,1
257,"2018-12-25 18:16:27.9890","2018-12-25 18:20:45.4540",3186,"Grove St PATH",40.71958611647166,-74.04311746358871,3279,"Dixon Mills",40.721630142638354,-74.04996782541275,29532,"Subscriber",1982,2
178,"2018-12-25 18:17:46.1580","2018-12-25 18:20:45.1070",3186,"Grove St PATH",40.71958611647166,-74.04311746358871,3279,"Dixon Mills",40.721630142638354,-74.04996782541275,26279,"Subscriber",1970,1
153,"2018-12-25 18:55:31.6920","2018-12-25 18:58:05.4820",3186,"Grove St PATH",40.71958611647166,-74.04311746358871,3213,"Van Vorst Park",40.71848892,-74.047726625,29201,"Subscriber",1990,1
243,"2018-12-25 20:55:40.4810","2018-12-25 20:59:43.8320",3186,"Grove St PATH",40.71958611647166,-74.04311746358871,3270,"Jersey & 6th St",40.72528910781132,-74.04557168483734,26233,"Subscriber",1992,2
122,"2018-12-25 21:38:13.5490","2018-12-25 21:40:15.7410",3186,"Grove St PATH",40.71958611647166,-74.04311746358871,3275,"Columbus Drive",40.71835519823214,-74.03891444206238,29289,"Subscriber",1983,2
161,"2018-12-25 21:45:55.9650","2018-12-25 21:48:37.2460",3186,"Grove St PATH",40.71958611647166,-74.04311746358871,3275,"Columbus Drive",40.71835519823214,-74.03891444206238,29528,"Subscriber",1983,2
142,"2018-12-25 21:53:58.2220","2018-12-25 21:56:20.5160",3186,"Grove St PATH",40.71958611647166,-74.04311746358871,3275,"Columbus Drive",40.71835519823214,-74.03891444206238,29127,"Subscriber",1983,2
166,"2018-12-25 22:01:48.5350","2018-12-25 22:04:35.0510",3186,"Grove St PATH",40.71958611647166,-74.04311746358871,3275,"Columbus Drive",40.71835519823214,-74.03891444206238,29601,"Subscriber",1983,2
260,"2018-12-25 22:10:35.9530","2018-12-25 22:14:56.5980",3186,"Grove St PATH",40.71958611647166,-74.04311746358871,3278,"Monmouth and 6th",40.72568548362901,-74.04879033565521,29550,"Subscriber",1983,2
255,"2018-12-25 23:12:27.5370","2018-12-25 23:16:43.3920",3186,"Grove St PATH",40.71958611647166,-74.04311746358871,3639,"Harborside",40.7192517,-74.034234,29125,"Subscriber",1988,1
240,"2018-12-25 23:12:25.7480","2018-12-25 23:16:26.6330",3186,"Grove St PATH",40.71958611647166,-74.04311746358871,3639,"Harborside",40.7192517,-74.034234,29288,"Subscriber",1985,1
224,"2018-12-25 23:31:29.2760","2018-12-25 23:35:13.9380",3186,"Grove St PATH",40.71958611647166,-74.04311746358871,3276,"Marin Light Rail",40.71458403535893,-74.04281705617905,29575,"Subscriber",1982,1
217,"2018-12-25 23:31:41.3170","2018-12-25 23:35:18.3620",3186,"Grove St PATH",40.71958611647166,-74.04311746358871,3276,"Marin Light Rail",40.71458403535893,-74.04281705617905,26300,"Subscriber",1985,2
467,"2018-12-26 00:37:54.3450","2018-12-26 00:45:42.3020",3186,"Grove St PATH",40.71958611647166,-74.04311746358871,3279,"Dixon Mills",40.721630142638354,-74.04996782541275,26279,"Subscriber",1996,2
520,"2018-12-26 08:47:25.7470","2018-12-26 08:56:05.9880",3186,"Grove St PATH",40.71958611647166,-74.04311746358871,3277,"Communipaw & Berry Lane",40.71435836870427,-74.06661093235016,29282,"Subscriber",1975,1
172,"2018-12-26 09:54:36.4870","2018-12-26 09:57:28.9620",3186,"Grove St PATH",40.71958611647166,-74.04311746358871,3272,"Jersey & 3rd",40.72333158646436,-74.04595255851744,29476,"Subscriber",1961,1
352,"2018-12-26 10:32:10.3210","2018-12-26 10:38:03.0250",3186,"Grove St PATH",40.71958611647166,-74.04311746358871,3267,"Morris Canal",40.7124188237569,-74.03852552175522,29586,"Subscriber",1961,1
267,"2018-12-26 10:56:00.0500","2018-12-26 11:00:27.7300",3186,"Grove St PATH",40.71958611647166,-74.04311746358871,3205,"JC Medical Center",40.71653978099194,-74.0496379137039,29554,"Subscriber",1964,1
573,"2018-12-26 11:18:13.0000","2018-12-26 11:27:46.6030",3186,"Grove St PATH",40.71958611647166,-74.04311746358871,3277,"Communipaw & Berry Lane",40.71435836870427,-74.06661093235016,26166,"Subscriber",1975,1
227,"2018-12-26 11:54:41.5940","2018-12-26 11:58:28.6200",3186,"Grove St PATH",40.71958611647166,-74.04311746358871,3203,"Hamilton Park",40.727595966,-74.044247311,29465,"Subscriber",1983,1
265,"2018-12-26 11:57:46.0110","2018-12-26 12:02:11.1620",3186,"Grove St PATH",40.71958611647166,-74.04311746358871,3269,"Brunswick & 6th",40.72601172964625,-74.05038893222809,29292,"Subscriber",1969,0
186,"2018-12-26 12:04:55.8750","2018-12-26 12:08:01.8860",3186,"Grove St PATH",40.71958611647166,-74.04311746358871,3211,"Newark Ave",40.72152515,-74.046304543,29275,"Subscriber",1988,1
1575,"2018-12-26 12:14:05.4020","2018-12-26 12:40:20.6670",3186,"Grove St PATH",40.71958611647166,-74.04311746358871,3679,"Bergen Ave",40.722103786686034,-74.07145500183105,26258,"Subscriber",1983,1
452,"2018-12-26 12:25:15.7020","2018-12-26 12:32:48.3190",3186,"Grove St PATH",40.71958611647166,-74.04311746358871,3203,"Hamilton Park",40.727595966,-74.044247311,29453,"Subscriber",1969,1
817,"2018-12-26 12:31:14.1200","2018-12-26 12:44:51.5160",3186,"Grove St PATH",40.71958611647166,-74.04311746358871,3267,"Morris Canal",40.7124188237569,-74.03852552175522,29438,"Subscriber",1968,1
415,"2018-12-26 13:19:07.7970","2018-12-26 13:26:02.9200",3186,"Grove St PATH",40.71958611647166,-74.04311746358871,3184,"Paulus Hook",40.7141454,-74.0335519,29520,"Subscriber",1977,1
1171,"2018-12-26 13:25:45.6340","2018-12-26 13:45:17.4470",3186,"Grove St PATH",40.71958611647166,-74.04311746358871,3210,"Pershing Field",40.742677141,-74.051788633,29282,"Subscriber",1991,1
1211,"2018-12-26 15:05:31.5010","2018-12-26 15:25:43.3490",3186,"Grove St PATH",40.71958611647166,-74.04311746358871,3184,"Paulus Hook",40.7141454,-74.0335519,26259,"Subscriber",1982,1
248,"2018-12-26 15:21:01.9130","2018-12-26 15:25:10.8470",3186,"Grove St PATH",40.71958611647166,-74.04311746358871,3481,"York St",40.71649,-74.04105,26244,"Subscriber",1954,2
514,"2018-12-26 15:23:38.6520","2018-12-26 15:32:13.1400",3186,"Grove St PATH",40.71958611647166,-74.04311746358871,3192,"Liberty Light Rail",40.7112423,-74.0557013,26271,"Subscriber",1969,1
268,"2018-12-26 15:23:46.0550","2018-12-26 15:28:15.0050",3186,"Grove St PATH",40.71958611647166,-74.04311746358871,3203,"Hamilton Park",40.727595966,-74.044247311,29284,"Subscriber",1956,2
319,"2018-12-26 15:56:55.6510","2018-12-26 16:02:15.0130",3186,"Grove St PATH",40.71958611647166,-74.04311746358871,3203,"Hamilton Park",40.727595966,-74.044247311,29550,"Subscriber",1968,1
183,"2018-12-26 16:00:21.4970","2018-12-26 16:03:25.3890",3186,"Grove St PATH",40.71958611647166,-74.04311746358871,3213,"Van Vorst Park",40.71848892,-74.047726625,29126,"Subscriber",1976,1
409,"2018-12-26 16:01:44.1800","2018-12-26 16:08:33.5970",3186,"Grove St PATH",40.71958611647166,-74.04311746358871,3278,"Monmouth and 6th",40.72568548362901,-74.04879033565521,29602,"Subscriber",1988,1
158,"2018-12-26 16:10:05.1660","2018-12-26 16:12:44.1580",3186,"Grove St PATH",40.71958611647166,-74.04311746358871,3272,"Jersey & 3rd",40.72333158646436,-74.04595255851744,29476,"Subscriber",1987,2
163,"2018-12-26 16:13:26.2330","2018-12-26 16:16:09.4300",3186,"Grove St PATH",40.71958611647166,-74.04311746358871,3272,"Jersey & 3rd",40.72333158646436,-74.04595255851744,29645,"Subscriber",1952,1
278,"2018-12-26 16:20:18.9690","2018-12-26 16:24:57.7250",3186,"Grove St PATH",40.71958611647166,-74.04311746358871,3269,"Brunswick & 6th",40.72601172964625,-74.05038893222809,26216,"Subscriber",1991,1
185,"2018-12-26 16:25:39.0410","2018-12-26 16:28:44.5630",3186,"Grove St PATH",40.71958611647166,-74.04311746358871,3279,"Dixon Mills",40.721630142638354,-74.04996782541275,29652,"Subscriber",1986,1
210,"2018-12-26 17:02:19.2250","2018-12-26 17:05:49.7540",3186,"Grove St PATH",40.71958611647166,-74.04311746358871,3213,"Van Vorst Park",40.71848892,-74.047726625,29443,"Subscriber",1963,1
243,"2018-12-26 17:10:02.1350","2018-12-26 17:14:05.2130",3186,"Grove St PATH",40.71958611647166,-74.04311746358871,3276,"Marin Light Rail",40.71458403535893,-74.04281705617905,29124,"Subscriber",1989,1
469,"2018-12-26 17:10:49.4710","2018-12-26 17:18:38.9980",3186,"Grove St PATH",40.71958611647166,-74.04311746358871,3278,"Monmouth and 6th",40.72568548362901,-74.04879033565521,26163,"Subscriber",1987,1
247,"2018-12-26 17:19:38.3870","2018-12-26 17:23:46.0760",3186,"Grove St PATH",40.71958611647166,-74.04311746358871,3270,"Jersey & 6th St",40.72528910781132,-74.04557168483734,29212,"Customer",1969,0
239,"2018-12-26 17:19:46.1820","2018-12-26 17:23:45.9600",3186,"Grove St PATH",40.71958611647166,-74.04311746358871,3270,"Jersey & 6th St",40.72528910781132,-74.04557168483734,29307,"Customer",1969,0
246,"2018-12-26 17:32:59.4130","2018-12-26 17:37:05.6340",3186,"Grove St PATH",40.71958611647166,-74.04311746358871,3209,"Brunswick St",40.7241765,-74.0506564,29575,"Subscriber",1980,1
196,"2018-12-26 17:34:38.1210","2018-12-26 17:37:54.8550",3186,"Grove St PATH",40.71958611647166,-74.04311746358871,3209,"Brunswick St",40.7241765,-74.0506564,26279,"Subscriber",1989,1
118,"2018-12-26 17:35:30.1200","2018-12-26 17:37:28.8950",3186,"Grove St PATH",40.71958611647166,-74.04311746358871,3272,"Jersey & 3rd",40.72333158646436,-74.04595255851744,29522,"Subscriber",1992,1
195,"2018-12-26 17:39:42.3380","2018-12-26 17:42:58.0870",3186,"Grove St PATH",40.71958611647166,-74.04311746358871,3187,"Warren St",40.7211236,-74.03805095,29463,"Subscriber",1989,1
198,"2018-12-26 17:40:30.5440","2018-12-26 17:43:48.7800",3186,"Grove St PATH",40.71958611647166,-74.04311746358871,3270,"Jersey & 6th St",40.72528910781132,-74.04557168483734,26260,"Subscriber",1989,1
292,"2018-12-26 17:44:08.5530","2018-12-26 17:49:00.9530",3186,"Grove St PATH",40.71958611647166,-74.04311746358871,3209,"Brunswick St",40.7241765,-74.0506564,29290,"Subscriber",1990,1
149,"2018-12-26 17:54:15.5180","2018-12-26 17:56:44.9580",3186,"Grove St PATH",40.71958611647166,-74.04311746358871,3211,"Newark Ave",40.72152515,-74.046304543,29609,"Subscriber",1982,1
208,"2018-12-26 17:54:40.4160","2018-12-26 17:58:09.3850",3186,"Grove St PATH",40.71958611647166,-74.04311746358871,3279,"Dixon Mills",40.721630142638354,-74.04996782541275,26174,"Subscriber",1976,1
139,"2018-12-26 17:56:22.2640","2018-12-26 17:58:42.0520",3186,"Grove St PATH",40.71958611647166,-74.04311746358871,3272,"Jersey & 3rd",40.72333158646436,-74.04595255851744,29537,"Subscriber",1971,1
328,"2018-12-26 17:59:39.9320","2018-12-26 18:05:08.8350",3186,"Grove St PATH",40.71958611647166,-74.04311746358871,3639,"Harborside",40.7192517,-74.034234,29450,"Subscriber",1993,1
269,"2018-12-26 18:08:20.8090","2018-12-26 18:12:49.9670",3186,"Grove St PATH",40.71958611647166,-74.04311746358871,3269,"Brunswick & 6th",40.72601172964625,-74.05038893222809,29245,"Subscriber",1993,1
88,"2018-12-26 18:10:05.2730","2018-12-26 18:11:33.3730",3186,"Grove St PATH",40.71958611647166,-74.04311746358871,3185,"City Hall",40.7177325,-74.043845,26200,"Subscriber",1987,1
308,"2018-12-26 18:10:07.6990","2018-12-26 18:15:16.2370",3186,"Grove St PATH",40.71958611647166,-74.04311746358871,3269,"Brunswick & 6th",40.72601172964625,-74.05038893222809,26311,"Subscriber",1989,2
298,"2018-12-26 18:13:33.1020","2018-12-26 18:18:31.8700",3186,"Grove St PATH",40.71958611647166,-74.04311746358871,3269,"Brunswick & 6th",40.72601172964625,-74.05038893222809,26291,"Subscriber",1982,2
211,"2018-12-26 18:13:41.8070","2018-12-26 18:17:12.8180",3186,"Grove St PATH",40.71958611647166,-74.04311746358871,3270,"Jersey & 6th St",40.72528910781132,-74.04557168483734,29549,"Subscriber",1981,1
93,"2018-12-26 18:14:20.8120","2018-12-26 18:15:54.4290",3186,"Grove St PATH",40.71958611647166,-74.04311746358871,3185,"City Hall",40.7177325,-74.043845,29265,"Subscriber",1987,1
175,"2018-12-26 18:17:31.1310","2018-12-26 18:20:26.9760",3186,"Grove St PATH",40.71958611647166,-74.04311746358871,3213,"Van Vorst Park",40.71848892,-74.047726625,29293,"Subscriber",1988,1
114,"2018-12-26 18:18:10.5230","2018-12-26 18:20:05.0540",3186,"Grove St PATH",40.71958611647166,-74.04311746358871,3211,"Newark Ave",40.72152515,-74.046304543,29127,"Subscriber",1993,1
364,"2018-12-26 18:20:52.2010","2018-12-26 18:26:57.1770",3186,"Grove St PATH",40.71958611647166,-74.04311746358871,3270,"Jersey & 6th St",40.72528910781132,-74.04557168483734,29276,"Subscriber",1977,1
178,"2018-12-26 18:30:45.7280","2018-12-26 18:33:44.3050",3186,"Grove St PATH",40.71958611647166,-74.04311746358871,3276,"Marin Light Rail",40.71458403535893,-74.04281705617905,26166,"Subscriber",1986,1
419,"2018-12-26 18:41:25.2500","2018-12-26 18:48:24.9190",3186,"Grove St PATH",40.71958611647166,-74.04311746358871,3213,"Van Vorst Park",40.71848892,-74.047726625,29652,"Subscriber",1962,1
334,"2018-12-26 18:49:04.6640","2018-12-26 18:54:38.7610",3186,"Grove St PATH",40.71958611647166,-74.04311746358871,3269,"Brunswick & 6th",40.72601172964625,-74.05038893222809,29642,"Subscriber",1984,1
296,"2018-12-26 18:57:13.9710","2018-12-26 19:02:10.7940",3186,"Grove St PATH",40.71958611647166,-74.04311746358871,3203,"Hamilton Park",40.727595966,-74.044247311,29284,"Subscriber",1972,1
203,"2018-12-26 19:00:10.4670","2018-12-26 19:03:34.3310",3186,"Grove St PATH",40.71958611647166,-74.04311746358871,3209,"Brunswick St",40.7241765,-74.0506564,26278,"Subscriber",1981,1
316,"2018-12-26 19:03:19.9990","2018-12-26 19:08:36.5930",3186,"Grove St PATH",40.71958611647166,-74.04311746358871,3278,"Monmouth and 6th",40.72568548362901,-74.04879033565521,29676,"Subscriber",1986,2
274,"2018-12-26 19:17:26.1700","2018-12-26 19:22:01.1000",3186,"Grove St PATH",40.71958611647166,-74.04311746358871,3203,"Hamilton Park",40.727595966,-74.044247311,26197,"Subscriber",1968,1
201,"2018-12-26 19:38:35.4310","2018-12-26 19:41:56.4840",3186,"Grove St PATH",40.71958611647166,-74.04311746358871,3483,"Montgomery St",40.71942,-74.05099,29297,"Subscriber",1985,1
670,"2018-12-26 19:57:09.9120","2018-12-26 20:08:20.8070",3186,"Grove St PATH",40.71958611647166,-74.04311746358871,3268,"Lafayette Park",40.71346382669195,-74.06285852193832,29474,"Subscriber",1979,1
512,"2018-12-26 20:19:55.2590","2018-12-26 20:28:27.7380",3186,"Grove St PATH",40.71958611647166,-74.04311746358871,3192,"Liberty Light Rail",40.7112423,-74.0557013,29495,"Subscriber",1988,1
224,"2018-12-26 20:51:10.9880","2018-12-26 20:54:55.6430",3186,"Grove St PATH",40.71958611647166,-74.04311746358871,3276,"Marin Light Rail",40.71458403535893,-74.04281705617905,26163,"Subscriber",1967,1
239,"2018-12-26 20:52:24.5880","2018-12-26 20:56:23.8520",3186,"Grove St PATH",40.71958611647166,-74.04311746358871,3203,"Hamilton Park",40.727595966,-74.044247311,29201,"Subscriber",1969,1
236,"2018-12-26 21:22:02.4610","2018-12-26 21:25:58.6090",3186,"Grove St PATH",40.71958611647166,-74.04311746358871,3203,"Hamilton Park",40.727595966,-74.044247311,29265,"Subscriber",1983,1
180,"2018-12-26 21:23:37.8800","2018-12-26 21:26:38.5840",3186,"Grove St PATH",40.71958611647166,-74.04311746358871,3481,"York St",40.71649,-74.04105,26200,"Subscriber",1993,1
363,"2018-12-26 21:28:58.3400","2018-12-26 21:35:02.0720",3186,"Grove St PATH",40.71958611647166,-74.04311746358871,3278,"Monmouth and 6th",40.72568548362901,-74.04879033565521,29289,"Subscriber",1989,2
161,"2018-12-26 21:36:34.3380","2018-12-26 21:39:15.9030",3186,"Grove St PATH",40.71958611647166,-74.04311746358871,3270,"Jersey & 6th St",40.72528910781132,-74.04557168483734,29554,"Subscriber",1960,1
216,"2018-12-26 21:38:46.6030","2018-12-26 21:42:22.7610",3186,"Grove St PATH",40.71958611647166,-74.04311746358871,3209,"Brunswick St",40.7241765,-74.0506564,29503,"Subscriber",1982,1
180,"2018-12-26 21:56:43.7700","2018-12-26 21:59:44.7330",3186,"Grove St PATH",40.71958611647166,-74.04311746358871,3203,"Hamilton Park",40.727595966,-74.044247311,26287,"Subscriber",1990,1
261,"2018-12-26 21:57:29.8450","2018-12-26 22:01:51.5800",3186,"Grove St PATH",40.71958611647166,-74.04311746358871,3278,"Monmouth and 6th",40.72568548362901,-74.04879033565521,29445,"Subscriber",1981,2
162,"2018-12-26 22:04:10.5100","2018-12-26 22:06:53.3170",3186,"Grove St PATH",40.71958611647166,-74.04311746358871,3213,"Van Vorst Park",40.71848892,-74.047726625,29516,"Subscriber",1977,1
237,"2018-12-26 22:04:51.9850","2018-12-26 22:08:49.8260",3186,"Grove St PATH",40.71958611647166,-74.04311746358871,3639,"Harborside",40.7192517,-74.034234,26268,"Subscriber",1988,1
455,"2018-12-26 22:28:26.8830","2018-12-26 22:36:01.9870",3186,"Grove St PATH",40.71958611647166,-74.04311746358871,3192,"Liberty Light Rail",40.7112423,-74.0557013,29586,"Subscriber",1992,1
601,"2018-12-26 22:37:36.1630","2018-12-26 22:47:37.3060",3186,"Grove St PATH",40.71958611647166,-74.04311746358871,3268,"Lafayette Park",40.71346382669195,-74.06285852193832,29463,"Subscriber",1998,1
559,"2018-12-26 22:38:35.7520","2018-12-26 22:47:54.8470",3186,"Grove St PATH",40.71958611647166,-74.04311746358871,3268,"Lafayette Park",40.71346382669195,-74.06285852193832,29506,"Subscriber",1978,1
286,"2018-12-27 00:03:29.0350","2018-12-27 00:08:15.1250",3186,"Grove St PATH",40.71958611647166,-74.04311746358871,3278,"Monmouth and 6th",40.72568548362901,-74.04879033565521,26174,"Subscriber",1987,1
280,"2018-12-27 04:23:12.1370","2018-12-27 04:27:53.0520",3186,"Grove St PATH",40.71958611647166,-74.04311746358871,3278,"Monmouth and 6th",40.72568548362901,-74.04879033565521,29222,"Subscriber",1983,2
76,"2018-12-27 06:49:21.0520","2018-12-27 06:50:37.7050",3186,"Grove St PATH",40.71958611647166,-74.04311746358871,3273,"Manila & 1st",40.721650724879986,-74.04288411140442,29569,"Subscriber",1983,1
387,"2018-12-27 08:19:43.1620","2018-12-27 08:26:11.0730",3186,"Grove St PATH",40.71958611647166,-74.04311746358871,3278,"Monmouth and 6th",40.72568548362901,-74.04879033565521,26204,"Subscriber",1990,0
681,"2018-12-27 09:09:12.3260","2018-12-27 09:20:33.6230",3186,"Grove St PATH",40.71958611647166,-74.04311746358871,3186,"Grove St PATH",40.71958611647166,-74.04311746358871,26287,"Subscriber",1985,1
247,"2018-12-27 09:24:33.9160","2018-12-27 09:28:41.5390",3186,"Grove St PATH",40.71958611647166,-74.04311746358871,3183,"Exchange Place",40.7162469,-74.0334588,29198,"Subscriber",1991,1
443,"2018-12-27 09:26:45.3540","2018-12-27 09:34:09.1170",3186,"Grove St PATH",40.71958611647166,-74.04311746358871,3203,"Hamilton Park",40.727595966,-74.044247311,26206,"Subscriber",1953,2
235,"2018-12-27 09:27:41.7710","2018-12-27 09:31:37.2620",3186,"Grove St PATH",40.71958611647166,-74.04311746358871,3279,"Dixon Mills",40.721630142638354,-74.04996782541275,29493,"Subscriber",1994,1
552,"2018-12-27 10:57:27.5840","2018-12-27 11:06:40.2710",3186,"Grove St PATH",40.71958611647166,-74.04311746358871,3192,"Liberty Light Rail",40.7112423,-74.0557013,29122,"Subscriber",1992,1
1685,"2018-12-27 12:30:20.6440","2018-12-27 12:58:26.3060",3186,"Grove St PATH",40.71958611647166,-74.04311746358871,3270,"Jersey & 6th St",40.72528910781132,-74.04557168483734,26291,"Subscriber",1976,1
210,"2018-12-27 12:36:56.6760","2018-12-27 12:40:27.5440",3186,"Grove St PATH",40.71958611647166,-74.04311746358871,3209,"Brunswick St",40.7241765,-74.0506564,29276,"Subscriber",1980,1
543,"2018-12-27 12:45:39.9450","2018-12-27 12:54:43.8750",3186,"Grove St PATH",40.71958611647166,-74.04311746358871,3269,"Brunswick & 6th",40.72601172964625,-74.05038893222809,29609,"Subscriber",1986,1
652,"2018-12-27 12:47:33.1320","2018-12-27 12:58:25.6180",3186,"Grove St PATH",40.71958611647166,-74.04311746358871,3195,"Sip Ave",40.73074262530658,-74.06378388404846,29445,"Subscriber",1969,0
298,"2018-12-27 13:02:25.2170","2018-12-27 13:07:24.0020",3186,"Grove St PATH",40.71958611647166,-74.04311746358871,3681,"Grand St",40.71517767732029,-74.03768330812454,29465,"Subscriber",1981,1
1216,"2018-12-27 13:10:12.7280","2018-12-27 13:30:28.9420",3186,"Grove St PATH",40.71958611647166,-74.04311746358871,3210,"Pershing Field",40.742677141,-74.051788633,26282,"Subscriber",1991,1
243,"2018-12-27 13:15:00.3570","2018-12-27 13:19:03.5000",3186,"Grove St PATH",40.71958611647166,-74.04311746358871,3276,"Marin Light Rail",40.71458403535893,-74.04281705617905,26216,"Subscriber",1989,1
320,"2018-12-27 13:56:58.3710","2018-12-27 14:02:18.8300",3186,"Grove St PATH",40.71958611647166,-74.04311746358871,3278,"Monmouth and 6th",40.72568548362901,-74.04879033565521,26275,"Subscriber",1981,1
508,"2018-12-27 13:57:34.8820","2018-12-27 14:06:03.3700",3186,"Grove St PATH",40.71958611647166,-74.04311746358871,3279,"Dixon Mills",40.721630142638354,-74.04996782541275,29295,"Subscriber",1986,1
202,"2018-12-27 14:08:56.4580","2018-12-27 14:12:18.6270",3186,"Grove St PATH",40.71958611647166,-74.04311746358871,3213,"Van Vorst Park",40.71848892,-74.047726625,29443,"Subscriber",1988,1
168,"2018-12-27 14:19:01.3060","2018-12-27 14:21:50.1360",3186,"Grove St PATH",40.71958611647166,-74.04311746358871,3213,"Van Vorst Park",40.71848892,-74.047726625,29522,"Subscriber",1987,1
331,"2018-12-27 14:33:54.1980","2018-12-27 14:39:25.6750",3186,"Grove St PATH",40.71958611647166,-74.04311746358871,3205,"JC Medical Center",40.71653978099194,-74.0496379137039,29529,"Subscriber",1993,1
178,"2018-12-27 15:13:56.0410","2018-12-27 15:16:54.7040",3186,"Grove St PATH",40.71958611647166,-74.04311746358871,3213,"Van Vorst Park",40.71848892,-74.047726625,29276,"Subscriber",1983,1
215,"2018-12-27 15:15:37.1990","2018-12-27 15:19:12.8890",3186,"Grove St PATH",40.71958611647166,-74.04311746358871,3276,"Marin Light Rail",40.71458403535893,-74.04281705617905,29120,"Subscriber",1980,1
603,"2018-12-27 15:24:26.5810","2018-12-27 15:34:29.6450",3186,"Grove St PATH",40.71958611647166,-74.04311746358871,3277,"Communipaw & Berry Lane",40.71435836870427,-74.06661093235016,29290,"Subscriber",1975,1
243,"2018-12-27 15:26:15.6790","2018-12-27 15:30:18.7260",3186,"Grove St PATH",40.71958611647166,-74.04311746358871,3269,"Brunswick & 6th",40.72601172964625,-74.05038893222809,26271,"Subscriber",1993,1
182,"2018-12-27 15:30:17.3380","2018-12-27 15:33:20.2600",3186,"Grove St PATH",40.71958611647166,-74.04311746358871,3272,"Jersey & 3rd",40.72333158646436,-74.04595255851744,29605,"Subscriber",1961,1
794,"2018-12-27 15:58:41.6500","2018-12-27 16:11:55.8140",3186,"Grove St PATH",40.71958611647166,-74.04311746358871,3203,"Hamilton Park",40.727595966,-74.044247311,26272,"Subscriber",1979,2
249,"2018-12-27 16:01:58.0840","2018-12-27 16:06:07.7690",3186,"Grove St PATH",40.71958611647166,-74.04311746358871,3272,"Jersey & 3rd",40.72333158646436,-74.04595255851744,29284,"Subscriber",1987,1
164,"2018-12-27 16:09:54.5990","2018-12-27 16:12:39.4800",3186,"Grove St PATH",40.71958611647166,-74.04311746358871,3279,"Dixon Mills",40.721630142638354,-74.04996782541275,29204,"Subscriber",1981,2
249,"2018-12-27 16:13:04.3740","2018-12-27 16:17:14.2390",3186,"Grove St PATH",40.71958611647166,-74.04311746358871,3270,"Jersey & 6th St",40.72528910781132,-74.04557168483734,29549,"Subscriber",1971,1
221,"2018-12-27 16:43:03.6520","2018-12-27 16:46:45.6500",3186,"Grove St PATH",40.71958611647166,-74.04311746358871,3270,"Jersey & 6th St",40.72528910781132,-74.04557168483734,29521,"Subscriber",1985,1
356,"2018-12-27 16:56:08.1160","2018-12-27 17:02:04.4180",3186,"Grove St PATH",40.71958611647166,-74.04311746358871,3205,"JC Medical Center",40.71653978099194,-74.0496379137039,29609,"Subscriber",1992,1
295,"2018-12-27 17:16:17.6230","2018-12-27 17:21:13.5430",3186,"Grove St PATH",40.71958611647166,-74.04311746358871,3278,"Monmouth and 6th",40.72568548362901,-74.04879033565521,29250,"Subscriber",1983,2
795,"2018-12-27 17:30:31.0480","2018-12-27 17:43:46.7280",3186,"Grove St PATH",40.71958611647166,-74.04311746358871,3192,"Liberty Light Rail",40.7112423,-74.0557013,26230,"Subscriber",1990,1
241,"2018-12-27 17:31:25.2190","2018-12-27 17:35:26.3970",3186,"Grove St PATH",40.71958611647166,-74.04311746358871,3270,"Jersey & 6th St",40.72528910781132,-74.04557168483734,26202,"Customer",1969,0
230,"2018-12-27 17:31:36.1370","2018-12-27 17:35:26.2790",3186,"Grove St PATH",40.71958611647166,-74.04311746358871,3270,"Jersey & 6th St",40.72528910781132,-74.04557168483734,29616,"Customer",1969,0
181,"2018-12-27 17:37:23.5760","2018-12-27 17:40:24.7330",3186,"Grove St PATH",40.71958611647166,-74.04311746358871,3279,"Dixon Mills",40.721630142638354,-74.04996782541275,29289,"Subscriber",1976,1
548,"2018-12-27 17:37:21.3750","2018-12-27 17:46:29.7310",3186,"Grove St PATH",40.71958611647166,-74.04311746358871,3192,"Liberty Light Rail",40.7112423,-74.0557013,29474,"Subscriber",1985,1
333,"2018-12-27 17:38:57.6820","2018-12-27 17:44:30.9110",3186,"Grove St PATH",40.71958611647166,-74.04311746358871,3276,"Marin Light Rail",40.71458403535893,-74.04281705617905,29295,"Subscriber",1989,1
865,"2018-12-27 17:39:39.6890","2018-12-27 17:54:05.4120",3186,"Grove St PATH",40.71958611647166,-74.04311746358871,3203,"Hamilton Park",40.727595966,-74.044247311,29609,"Subscriber",1988,1
452,"2018-12-27 17:40:06.6060","2018-12-27 17:47:38.7160",3186,"Grove St PATH",40.71958611647166,-74.04311746358871,3192,"Liberty Light Rail",40.7112423,-74.0557013,29554,"Subscriber",1988,1
205,"2018-12-27 17:46:35.8680","2018-12-27 17:50:01.3260",3186,"Grove St PATH",40.71958611647166,-74.04311746358871,3187,"Warren St",40.7211236,-74.03805095,26263,"Subscriber",1989,1
243,"2018-12-27 17:46:53.1910","2018-12-27 17:50:56.8050",3186,"Grove St PATH",40.71958611647166,-74.04311746358871,3209,"Brunswick St",40.7241765,-74.0506564,29608,"Subscriber",1981,1
216,"2018-12-27 18:06:50.9560","2018-12-27 18:10:27.5850",3186,"Grove St PATH",40.71958611647166,-74.04311746358871,3270,"Jersey & 6th St",40.72528910781132,-74.04557168483734,29228,"Subscriber",1981,1
392,"2018-12-27 18:07:16.7440","2018-12-27 18:13:49.5340",3186,"Grove St PATH",40.71958611647166,-74.04311746358871,3214,"Essex Light Rail",40.7127742,-74.0364857,29209,"Subscriber",1987,1
117,"2018-12-27 18:07:23.6940","2018-12-27 18:09:21.6170",3186,"Grove St PATH",40.71958611647166,-74.04311746358871,3279,"Dixon Mills",40.721630142638354,-74.04996782541275,29245,"Subscriber",1982,1
125,"2018-12-27 18:08:20.6620","2018-12-27 18:10:26.3460",3186,"Grove St PATH",40.71958611647166,-74.04311746358871,3272,"Jersey & 3rd",40.72333158646436,-74.04595255851744,29250,"Subscriber",1992,1
268,"2018-12-27 18:11:37.2680","2018-12-27 18:16:06.0160",3186,"Grove St PATH",40.71958611647166,-74.04311746358871,3203,"Hamilton Park",40.727595966,-74.044247311,26278,"Subscriber",1985,1
279,"2018-12-27 18:15:07.3520","2018-12-27 18:19:47.0540",3186,"Grove St PATH",40.71958611647166,-74.04311746358871,3269,"Brunswick & 6th",40.72601172964625,-74.05038893222809,29222,"Subscriber",1982,2
286,"2018-12-27 18:18:29.3370","2018-12-27 18:23:16.2610",3186,"Grove St PATH",40.71958611647166,-74.04311746358871,3203,"Hamilton Park",40.727595966,-74.044247311,26223,"Subscriber",1973,1
169,"2018-12-27 18:25:53.0090","2018-12-27 18:28:42.8840",3186,"Grove St PATH",40.71958611647166,-74.04311746358871,3272,"Jersey & 3rd",40.72333158646436,-74.04595255851744,29252,"Subscriber",1971,1
227,"2018-12-27 18:28:18.1490","2018-12-27 18:32:05.7260",3186,"Grove St PATH",40.71958611647166,-74.04311746358871,3205,"JC Medical Center",40.71653978099194,-74.0496379137039,26164,"Subscriber",1983,1
120,"2018-12-27 18:41:21.8230","2018-12-27 18:43:22.0510",3186,"Grove St PATH",40.71958611647166,-74.04311746358871,3213,"Van Vorst Park",40.71848892,-74.047726625,29455,"Subscriber",1989,2
242,"2018-12-27 18:44:51.2680","2018-12-27 18:48:53.3660",3186,"Grove St PATH",40.71958611647166,-74.04311746358871,3483,"Montgomery St",40.71942,-74.05099,29619,"Subscriber",1985,1
497,"2018-12-27 18:45:13.2760","2018-12-27 18:53:30.8060",3186,"Grove St PATH",40.71958611647166,-74.04311746358871,3192,"Liberty Light Rail",40.7112423,-74.0557013,29293,"Subscriber",1988,1
299,"2018-12-27 18:54:44.5300","2018-12-27 18:59:44.1960",3186,"Grove St PATH",40.71958611647166,-74.04311746358871,3213,"Van Vorst Park",40.71848892,-74.047726625,26233,"Subscriber",1969,0
326,"2018-12-27 19:00:06.1480","2018-12-27 19:05:32.4630",3186,"Grove St PATH",40.71958611647166,-74.04311746358871,3203,"Hamilton Park",40.727595966,-74.044247311,29608,"Subscriber",1983,1
320,"2018-12-27 19:03:58.7710","2018-12-27 19:09:19.1940",3186,"Grove St PATH",40.71958611647166,-74.04311746358871,3269,"Brunswick & 6th",40.72601172964625,-74.05038893222809,29542,"Subscriber",1980,1
246,"2018-12-27 19:06:13.5050","2018-12-27 19:10:19.5980",3186,"Grove St PATH",40.71958611647166,-74.04311746358871,3681,"Grand St",40.71517767732029,-74.03768330812454,26287,"Subscriber",1986,1
312,"2018-12-27 19:07:45.1340","2018-12-27 19:12:57.1770",3186,"Grove St PATH",40.71958611647166,-74.04311746358871,3214,"Essex Light Rail",40.7127742,-74.0364857,29677,"Subscriber",1970,1
342,"2018-12-27 19:10:21.7760","2018-12-27 19:16:03.9450",3186,"Grove St PATH",40.71958611647166,-74.04311746358871,3267,"Morris Canal",40.7124188237569,-74.03852552175522,29284,"Subscriber",1961,1
153,"2018-12-27 19:11:26.3700","2018-12-27 19:13:59.5190",3186,"Grove St PATH",40.71958611647166,-74.04311746358871,3213,"Van Vorst Park",40.71848892,-74.047726625,29286,"Subscriber",1962,1
273,"2018-12-27 19:30:44.9770","2018-12-27 19:35:18.8190",3186,"Grove St PATH",40.71958611647166,-74.04311746358871,3213,"Van Vorst Park",40.71848892,-74.047726625,29597,"Subscriber",1964,1
164,"2018-12-27 19:31:26.7860","2018-12-27 19:34:11.4410",3186,"Grove St PATH",40.71958611647166,-74.04311746358871,3279,"Dixon Mills",40.721630142638354,-74.04996782541275,29616,"Subscriber",1993,1
270,"2018-12-27 19:42:57.7490","2018-12-27 19:47:28.3600",3186,"Grove St PATH",40.71958611647166,-74.04311746358871,3203,"Hamilton Park",40.727595966,-74.044247311,29289,"Subscriber",1968,1
185,"2018-12-27 19:43:37.9580","2018-12-27 19:46:43.0120",3186,"Grove St PATH",40.71958611647166,-74.04311746358871,3276,"Marin Light Rail",40.71458403535893,-74.04281705617905,29538,"Subscriber",1967,1
175,"2018-12-27 19:51:55.5120","2018-12-27 19:54:50.5580",3186,"Grove St PATH",40.71958611647166,-74.04311746358871,3213,"Van Vorst Park",40.71848892,-74.047726625,29645,"Subscriber",1977,1
289,"2018-12-27 19:56:49.4760","2018-12-27 20:01:39.0350",3186,"Grove St PATH",40.71958611647166,-74.04311746358871,3213,"Van Vorst Park",40.71848892,-74.047726625,26262,"Subscriber",1997,1
331,"2018-12-27 20:03:19.0470","2018-12-27 20:08:50.9940",3186,"Grove St PATH",40.71958611647166,-74.04311746358871,3203,"Hamilton Park",40.727595966,-74.044247311,29503,"Subscriber",1968,1
289,"2018-12-27 20:07:35.3690","2018-12-27 20:12:24.6640",3186,"Grove St PATH",40.71958611647166,-74.04311746358871,3269,"Brunswick & 6th",40.72601172964625,-74.05038893222809,29448,"Subscriber",1985,1
240,"2018-12-27 20:11:23.0210","2018-12-27 20:15:23.1160",3186,"Grove St PATH",40.71958611647166,-74.04311746358871,3203,"Hamilton Park",40.727595966,-74.044247311,29225,"Subscriber",1986,1
311,"2018-12-27 20:33:36.2440","2018-12-27 20:38:47.9580",3186,"Grove St PATH",40.71958611647166,-74.04311746358871,3209,"Brunswick St",40.7241765,-74.0506564,26221,"Subscriber",1986,1
274,"2018-12-27 20:37:39.9870","2018-12-27 20:42:14.4970",3186,"Grove St PATH",40.71958611647166,-74.04311746358871,3681,"Grand St",40.71517767732029,-74.03768330812454,29437,"Subscriber",1974,1
168,"2018-12-27 21:18:56.1200","2018-12-27 21:21:45.1140",3186,"Grove St PATH",40.71958611647166,-74.04311746358871,3279,"Dixon Mills",40.721630142638354,-74.04996782541275,29231,"Subscriber",1996,2
255,"2018-12-27 21:20:54.6070","2018-12-27 21:25:09.6340",3186,"Grove St PATH",40.71958611647166,-74.04311746358871,3203,"Hamilton Park",40.727595966,-74.044247311,29495,"Subscriber",1983,1
251,"2018-12-27 21:40:32.8200","2018-12-27 21:44:43.8340",3186,"Grove St PATH",40.71958611647166,-74.04311746358871,3278,"Monmouth and 6th",40.72568548362901,-74.04879033565521,29597,"Subscriber",1981,2
638,"2018-12-27 21:46:18.1000","2018-12-27 21:56:56.7270",3186,"Grove St PATH",40.71958611647166,-74.04311746358871,3268,"Lafayette Park",40.71346382669195,-74.06285852193832,29660,"Subscriber",1998,1
84,"2018-12-27 22:49:52.3920","2018-12-27 22:51:17.2960",3186,"Grove St PATH",40.71958611647166,-74.04311746358871,3211,"Newark Ave",40.72152515,-74.046304543,29665,"Subscriber",1993,1
503,"2018-12-27 22:51:07.0690","2018-12-27 22:59:30.9610",3186,"Grove St PATH",40.71958611647166,-74.04311746358871,3268,"Lafayette Park",40.71346382669195,-74.06285852193832,29603,"Subscriber",1978,1
208,"2018-12-27 23:03:23.6700","2018-12-27 23:06:51.7400",3186,"Grove St PATH",40.71958611647166,-74.04311746358871,3203,"Hamilton Park",40.727595966,-74.044247311,26291,"Subscriber",1990,1
333,"2018-12-27 23:30:03.6520","2018-12-27 23:35:37.2270",3186,"Grove St PATH",40.71958611647166,-74.04311746358871,3279,"Dixon Mills",40.721630142638354,-74.04996782541275,29548,"Subscriber",1994,1
134,"2018-12-27 23:41:29.4780","2018-12-27 23:43:43.8870",3186,"Grove St PATH",40.71958611647166,-74.04311746358871,3213,"Van Vorst Park",40.71848892,-74.047726625,29221,"Subscriber",1988,1
279,"2018-12-28 01:18:35.9760","2018-12-28 01:23:15.7000",3186,"Grove St PATH",40.71958611647166,-74.04311746358871,3270,"Jersey & 6th St",40.72528910781132,-74.04557168483734,29290,"Subscriber",1992,2
107,"2018-12-28 08:28:59.4220","2018-12-28 08:30:46.9340",3186,"Grove St PATH",40.71958611647166,-74.04311746358871,3273,"Manila & 1st",40.721650724879986,-74.04288411140442,29455,"Subscriber",1987,1
167,"2018-12-28 09:54:57.8270","2018-12-28 09:57:45.4550",3186,"Grove St PATH",40.71958611647166,-74.04311746358871,3276,"Marin Light Rail",40.71458403535893,-74.04281705617905,26286,"Subscriber",1994,1
258,"2018-12-28 12:04:56.4900","2018-12-28 12:09:15.4680",3186,"Grove St PATH",40.71958611647166,-74.04311746358871,3205,"JC Medical Center",40.71653978099194,-74.0496379137039,29472,"Subscriber",1989,1
1233,"2018-12-28 12:26:58.5710","2018-12-28 12:47:31.7270",3186,"Grove St PATH",40.71958611647166,-74.04311746358871,3211,"Newark Ave",40.72152515,-74.046304543,29204,"Subscriber",1975,1
368,"2018-12-28 12:37:00.5010","2018-12-28 12:43:09.4440",3186,"Grove St PATH",40.71958611647166,-74.04311746358871,3183,"Exchange Place",40.7162469,-74.0334588,29544,"Subscriber",1976,1
187,"2018-12-28 13:48:06.6330","2018-12-28 13:51:14.4280",3186,"Grove St PATH",40.71958611647166,-74.04311746358871,3483,"Montgomery St",40.71942,-74.05099,29597,"Subscriber",1987,1
227,"2018-12-28 16:49:02.7810","2018-12-28 16:52:50.6510",3186,"Grove St PATH",40.71958611647166,-74.04311746358871,3483,"Montgomery St",40.71942,-74.05099,26174,"Subscriber",1982,1
299,"2018-12-28 17:09:59.8160","2018-12-28 17:14:59.1360",3186,"Grove St PATH",40.71958611647166,-74.04311746358871,3269,"Brunswick & 6th",40.72601172964625,-74.05038893222809,29645,"Subscriber",1982,1
507,"2018-12-28 17:20:01.2430","2018-12-28 17:28:29.1750",3186,"Grove St PATH",40.71958611647166,-74.04311746358871,3192,"Liberty Light Rail",40.7112423,-74.0557013,29474,"Subscriber",1985,1
215,"2018-12-28 17:32:21.6500","2018-12-28 17:35:57.4200",3186,"Grove St PATH",40.71958611647166,-74.04311746358871,3276,"Marin Light Rail",40.71458403535893,-74.04281705617905,26244,"Subscriber",1986,1
268,"2018-12-28 17:33:10.1350","2018-12-28 17:37:39.0130",3186,"Grove St PATH",40.71958611647166,-74.04311746358871,3209,"Brunswick St",40.7241765,-74.0506564,26271,"Subscriber",1990,1
175,"2018-12-28 18:13:57.3890","2018-12-28 18:16:53.1560",3186,"Grove St PATH",40.71958611647166,-74.04311746358871,3209,"Brunswick St",40.7241765,-74.0506564,29120,"Subscriber",1993,1
279,"2018-12-28 18:30:21.0390","2018-12-28 18:35:00.8310",3186,"Grove St PATH",40.71958611647166,-74.04311746358871,3483,"Montgomery St",40.71942,-74.05099,26251,"Subscriber",1990,1
533,"2018-12-28 18:34:20.9830","2018-12-28 18:43:14.0450",3186,"Grove St PATH",40.71958611647166,-74.04311746358871,3268,"Lafayette Park",40.71346382669195,-74.06285852193832,26259,"Subscriber",1987,1
165,"2018-12-28 18:36:38.7960","2018-12-28 18:39:24.4730",3186,"Grove St PATH",40.71958611647166,-74.04311746358871,3213,"Van Vorst Park",40.71848892,-74.047726625,29597,"Subscriber",1962,1
230,"2018-12-28 18:38:33.7520","2018-12-28 18:42:23.9600",3186,"Grove St PATH",40.71958611647166,-74.04311746358871,3213,"Van Vorst Park",40.71848892,-74.047726625,29534,"Subscriber",1969,0
532,"2018-12-28 18:39:47.7230","2018-12-28 18:48:40.6050",3186,"Grove St PATH",40.71958611647166,-74.04311746358871,3192,"Liberty Light Rail",40.7112423,-74.0557013,26216,"Subscriber",1988,1
248,"2018-12-28 18:45:18.3980","2018-12-28 18:49:26.8650",3186,"Grove St PATH",40.71958611647166,-74.04311746358871,3269,"Brunswick & 6th",40.72601172964625,-74.05038893222809,26291,"Subscriber",1992,1
136,"2018-12-28 19:19:05.3780","2018-12-28 19:21:21.9030",3186,"Grove St PATH",40.71958611647166,-74.04311746358871,3213,"Van Vorst Park",40.71848892,-74.047726625,29635,"Subscriber",1989,2
713,"2018-12-28 19:19:50.0370","2018-12-28 19:31:43.7190",3186,"Grove St PATH",40.71958611647166,-74.04311746358871,3194,"McGinley Square",40.7253399253558,-74.06762212514877,29126,"Subscriber",1981,1
156,"2018-12-28 19:39:38.4340","2018-12-28 19:42:15.1240",3186,"Grove St PATH",40.71958611647166,-74.04311746358871,3279,"Dixon Mills",40.721630142638354,-74.04996782541275,26251,"Subscriber",1981,1
451,"2018-12-28 19:51:59.2650","2018-12-28 19:59:30.6750",3186,"Grove St PATH",40.71958611647166,-74.04311746358871,3203,"Hamilton Park",40.727595966,-74.044247311,29247,"Subscriber",1968,1
251,"2018-12-28 20:17:08.3410","2018-12-28 20:21:20.1190",3186,"Grove St PATH",40.71958611647166,-74.04311746358871,3276,"Marin Light Rail",40.71458403535893,-74.04281705617905,29601,"Subscriber",1989,1
358,"2018-12-28 20:21:30.7560","2018-12-28 20:27:29.3100",3186,"Grove St PATH",40.71958611647166,-74.04311746358871,3203,"Hamilton Park",40.727595966,-74.044247311,26202,"Subscriber",1984,2
211,"2018-12-28 20:42:03.9750","2018-12-28 20:45:35.2150",3186,"Grove St PATH",40.71958611647166,-74.04311746358871,3203,"Hamilton Park",40.727595966,-74.044247311,29231,"Subscriber",1986,1
103,"2018-12-28 20:47:36.4260","2018-12-28 20:49:20.2820",3186,"Grove St PATH",40.71958611647166,-74.04311746358871,3211,"Newark Ave",40.72152515,-74.046304543,29665,"Subscriber",1993,1
131,"2018-12-28 21:15:08.5350","2018-12-28 21:17:19.8330",3186,"Grove St PATH",40.71958611647166,-74.04311746358871,3213,"Van Vorst Park",40.71848892,-74.047726625,29597,"Subscriber",1984,1
295,"2018-12-28 21:45:43.1510","2018-12-28 21:50:38.9870",3186,"Grove St PATH",40.71958611647166,-74.04311746358871,3278,"Monmouth and 6th",40.72568548362901,-74.04879033565521,29293,"Subscriber",1980,2
153,"2018-12-28 21:54:36.3130","2018-12-28 21:57:09.8990",3186,"Grove St PATH",40.71958611647166,-74.04311746358871,3279,"Dixon Mills",40.721630142638354,-74.04996782541275,26160,"Subscriber",1993,1
262,"2018-12-28 23:04:09.4810","2018-12-28 23:08:32.0660",3186,"Grove St PATH",40.71958611647166,-74.04311746358871,3203,"Hamilton Park",40.727595966,-74.044247311,29217,"Subscriber",1990,1
533,"2018-12-28 23:39:58.1730","2018-12-28 23:48:51.9360",3186,"Grove St PATH",40.71958611647166,-74.04311746358871,3203,"Hamilton Park",40.727595966,-74.044247311,29493,"Subscriber",1993,2
504,"2018-12-28 23:40:49.1000","2018-12-28 23:49:13.9040",3186,"Grove St PATH",40.71958611647166,-74.04311746358871,3203,"Hamilton Park",40.727595966,-74.044247311,29290,"Subscriber",1992,1
148,"2018-12-29 01:11:53.1240","2018-12-29 01:14:21.1830",3186,"Grove St PATH",40.71958611647166,-74.04311746358871,3279,"Dixon Mills",40.721630142638354,-74.04996782541275,29245,"Subscriber",1996,2
328,"2018-12-29 02:39:21.1060","2018-12-29 02:44:49.4660",3186,"Grove St PATH",40.71958611647166,-74.04311746358871,3278,"Monmouth and 6th",40.72568548362901,-74.04879033565521,29278,"Subscriber",1988,1
180,"2018-12-29 07:00:46.0290","2018-12-29 07:03:46.3480",3186,"Grove St PATH",40.71958611647166,-74.04311746358871,3205,"JC Medical Center",40.71653978099194,-74.0496379137039,29597,"Subscriber",1980,1
98,"2018-12-29 08:38:33.6140","2018-12-29 08:40:12.4970",3186,"Grove St PATH",40.71958611647166,-74.04311746358871,3273,"Manila & 1st",40.721650724879986,-74.04288411140442,29289,"Subscriber",1987,1
102,"2018-12-29 08:42:44.4710","2018-12-29 08:44:27.1750",3186,"Grove St PATH",40.71958611647166,-74.04311746358871,3273,"Manila & 1st",40.721650724879986,-74.04288411140442,26309,"Subscriber",1987,1
275,"2018-12-29 08:45:18.0210","2018-12-29 08:49:53.4960",3186,"Grove St PATH",40.71958611647166,-74.04311746358871,3209,"Brunswick St",40.7241765,-74.0506564,29204,"Subscriber",1977,2
195,"2018-12-29 08:48:05.7280","2018-12-29 08:51:21.6180",3186,"Grove St PATH",40.71958611647166,-74.04311746358871,3205,"JC Medical Center",40.71653978099194,-74.0496379137039,26174,"Subscriber",1987,1
554,"2018-12-29 09:05:37.5650","2018-12-29 09:14:51.8480",3186,"Grove St PATH",40.71958611647166,-74.04311746358871,3192,"Liberty Light Rail",40.7112423,-74.0557013,29285,"Subscriber",1992,1
4115,"2018-12-29 09:25:25.9690","2018-12-29 10:34:01.8440",3186,"Grove St PATH",40.71958611647166,-74.04311746358871,3186,"Grove St PATH",40.71958611647166,-74.04311746358871,29481,"Customer",1967,2
3676,"2018-12-29 09:33:16.3690","2018-12-29 10:34:32.8050",3186,"Grove St PATH",40.71958611647166,-74.04311746358871,3186,"Grove St PATH",40.71958611647166,-74.04311746358871,29221,"Customer",1995,1
417,"2018-12-29 09:43:45.0900","2018-12-29 09:50:42.9000",3186,"Grove St PATH",40.71958611647166,-74.04311746358871,3269,"Brunswick & 6th",40.72601172964625,-74.05038893222809,29640,"Subscriber",1980,1
187,"2018-12-29 09:59:58.9150","2018-12-29 10:03:06.1710",3186,"Grove St PATH",40.71958611647166,-74.04311746358871,3279,"Dixon Mills",40.721630142638354,-74.04996782541275,29522,"Subscriber",1977,2
213,"2018-12-29 11:23:45.2720","2018-12-29 11:27:18.8040",3186,"Grove St PATH",40.71958611647166,-74.04311746358871,3205,"JC Medical Center",40.71653978099194,-74.0496379137039,29213,"Subscriber",1964,1
1944,"2018-12-29 12:10:15.8950","2018-12-29 12:42:40.8080",3186,"Grove St PATH",40.71958611647166,-74.04311746358871,3205,"JC Medical Center",40.71653978099194,-74.0496379137039,29481,"Customer",1994,2
1916,"2018-12-29 12:10:30.4940","2018-12-29 12:42:26.5580",3186,"Grove St PATH",40.71958611647166,-74.04311746358871,3205,"JC Medical Center",40.71653978099194,-74.0496379137039,29549,"Customer",1993,1
321,"2018-12-29 12:10:46.8810","2018-12-29 12:16:08.4460",3186,"Grove St PATH",40.71958611647166,-74.04311746358871,3267,"Morris Canal",40.7124188237569,-74.03852552175522,29221,"Subscriber",1969,0
2254,"2018-12-29 12:37:19.6380","2018-12-29 13:14:54.4910",3186,"Grove St PATH",40.71958611647166,-74.04311746358871,3213,"Van Vorst Park",40.71848892,-74.047726625,29250,"Subscriber",1983,1
334,"2018-12-29 12:46:17.6890","2018-12-29 12:51:51.8810",3186,"Grove St PATH",40.71958611647166,-74.04311746358871,3278,"Monmouth and 6th",40.72568548362901,-74.04879033565521,29500,"Subscriber",1987,1
1569,"2018-12-29 13:00:36.5120","2018-12-29 13:26:46.3270",3186,"Grove St PATH",40.71958611647166,-74.04311746358871,3192,"Liberty Light Rail",40.7112423,-74.0557013,29665,"Subscriber",1958,1
354,"2018-12-29 13:35:15.6360","2018-12-29 13:41:10.0950",3186,"Grove St PATH",40.71958611647166,-74.04311746358871,3639,"Harborside",40.7192517,-74.034234,26261,"Subscriber",1985,2
288,"2018-12-29 13:57:44.8420","2018-12-29 14:02:32.8770",3186,"Grove St PATH",40.71958611647166,-74.04311746358871,3209,"Brunswick St",40.7241765,-74.0506564,29645,"Subscriber",1970,1
364,"2018-12-29 14:46:41.5260","2018-12-29 14:52:45.6330",3186,"Grove St PATH",40.71958611647166,-74.04311746358871,3276,"Marin Light Rail",40.71458403535893,-74.04281705617905,26291,"Subscriber",1994,1
142,"2018-12-29 18:23:57.3130","2018-12-29 18:26:19.4400",3186,"Grove St PATH",40.71958611647166,-74.04311746358871,3272,"Jersey & 3rd",40.72333158646436,-74.04595255851744,29209,"Subscriber",1992,2
187,"2018-12-29 18:24:09.1800","2018-12-29 18:27:17.0480",3186,"Grove St PATH",40.71958611647166,-74.04311746358871,3279,"Dixon Mills",40.721630142638354,-74.04996782541275,29640,"Subscriber",1975,1
276,"2018-12-29 18:47:27.6150","2018-12-29 18:52:03.9000",3186,"Grove St PATH",40.71958611647166,-74.04311746358871,3209,"Brunswick St",40.7241765,-74.0506564,26275,"Subscriber",1990,1
240,"2018-12-29 19:24:03.4400","2018-12-29 19:28:03.8100",3186,"Grove St PATH",40.71958611647166,-74.04311746358871,3203,"Hamilton Park",40.727595966,-74.044247311,29533,"Subscriber",1973,1
365,"2018-12-29 19:24:21.1070","2018-12-29 19:30:26.3090",3186,"Grove St PATH",40.71958611647166,-74.04311746358871,3203,"Hamilton Park",40.727595966,-74.044247311,29472,"Subscriber",1968,1
480,"2018-12-29 19:41:43.9630","2018-12-29 19:49:44.6550",3186,"Grove St PATH",40.71958611647166,-74.04311746358871,3267,"Morris Canal",40.7124188237569,-74.03852552175522,29278,"Subscriber",1993,1
147,"2018-12-29 19:44:56.8000","2018-12-29 19:47:24.5470",3186,"Grove St PATH",40.71958611647166,-74.04311746358871,3213,"Van Vorst Park",40.71848892,-74.047726625,29294,"Subscriber",1988,1
211,"2018-12-29 19:45:20.4790","2018-12-29 19:48:51.5730",3186,"Grove St PATH",40.71958611647166,-74.04311746358871,3203,"Hamilton Park",40.727595966,-74.044247311,29573,"Subscriber",1983,1
99,"2018-12-29 20:03:54.2140","2018-12-29 20:05:34.1040",3186,"Grove St PATH",40.71958611647166,-74.04311746358871,3211,"Newark Ave",40.72152515,-74.046304543,26223,"Subscriber",1993,1
214,"2018-12-29 20:06:11.0670","2018-12-29 20:09:45.4930",3186,"Grove St PATH",40.71958611647166,-74.04311746358871,3279,"Dixon Mills",40.721630142638354,-74.04996782541275,26221,"Subscriber",1982,1
734,"2018-12-29 20:28:25.4080","2018-12-29 20:40:40.2430",3186,"Grove St PATH",40.71958611647166,-74.04311746358871,3268,"Lafayette Park",40.71346382669195,-74.06285852193832,26233,"Subscriber",1998,1
293,"2018-12-29 21:26:05.9240","2018-12-29 21:30:59.6200",3186,"Grove St PATH",40.71958611647166,-74.04311746358871,3278,"Monmouth and 6th",40.72568548362901,-74.04879033565521,26235,"Subscriber",1981,2
376,"2018-12-29 21:37:44.4610","2018-12-29 21:44:00.7420",3186,"Grove St PATH",40.71958611647166,-74.04311746358871,3269,"Brunswick & 6th",40.72601172964625,-74.05038893222809,26244,"Subscriber",1981,1
319,"2018-12-29 22:24:19.3680","2018-12-29 22:29:38.7030",3186,"Grove St PATH",40.71958611647166,-74.04311746358871,3278,"Monmouth and 6th",40.72568548362901,-74.04879033565521,29234,"Subscriber",1983,2
270,"2018-12-29 22:45:25.4190","2018-12-29 22:49:56.0880",3186,"Grove St PATH",40.71958611647166,-74.04311746358871,3209,"Brunswick St",40.7241765,-74.0506564,29610,"Subscriber",1984,1
480,"2018-12-29 22:50:18.1220","2018-12-29 22:58:18.8640",3186,"Grove St PATH",40.71958611647166,-74.04311746358871,3192,"Liberty Light Rail",40.7112423,-74.0557013,29228,"Subscriber",1986,1
376,"2018-12-29 23:15:46.9810","2018-12-29 23:22:03.7030",3186,"Grove St PATH",40.71958611647166,-74.04311746358871,3211,"Newark Ave",40.72152515,-74.046304543,29230,"Customer",1969,0
371,"2018-12-29 23:15:52.7540","2018-12-29 23:22:04.4480",3186,"Grove St PATH",40.71958611647166,-74.04311746358871,3211,"Newark Ave",40.72152515,-74.046304543,29575,"Customer",1969,0
197,"2018-12-29 23:21:27.7900","2018-12-29 23:24:45.3480",3186,"Grove St PATH",40.71958611647166,-74.04311746358871,3203,"Hamilton Park",40.727595966,-74.044247311,26193,"Subscriber",1990,1
229,"2018-12-29 23:21:48.1820","2018-12-29 23:25:37.9240",3186,"Grove St PATH",40.71958611647166,-74.04311746358871,3270,"Jersey & 6th St",40.72528910781132,-74.04557168483734,29645,"Subscriber",1958,2
187,"2018-12-29 23:57:33.0000","2018-12-30 00:00:40.1670",3186,"Grove St PATH",40.71958611647166,-74.04311746358871,3270,"Jersey & 6th St",40.72528910781132,-74.04557168483734,29306,"Subscriber",1991,2
310,"2018-12-30 00:26:56.5650","2018-12-30 00:32:06.6280",3186,"Grove St PATH",40.71958611647166,-74.04311746358871,3209,"Brunswick St",40.7241765,-74.0506564,29610,"Subscriber",1984,1
214,"2018-12-30 02:00:33.7210","2018-12-30 02:04:08.7080",3186,"Grove St PATH",40.71958611647166,-74.04311746358871,3276,"Marin Light Rail",40.71458403535893,-74.04281705617905,29207,"Subscriber",1970,1
173,"2018-12-30 02:23:20.8520","2018-12-30 02:26:14.3640",3186,"Grove St PATH",40.71958611647166,-74.04311746358871,3279,"Dixon Mills",40.721630142638354,-74.04996782541275,26160,"Subscriber",1987,2
136,"2018-12-30 08:22:48.6160","2018-12-30 08:25:05.1000",3186,"Grove St PATH",40.71958611647166,-74.04311746358871,3272,"Jersey & 3rd",40.72333158646436,-74.04595255851744,26166,"Subscriber",1987,1
230,"2018-12-30 09:21:43.3910","2018-12-30 09:25:33.4870",3186,"Grove St PATH",40.71958611647166,-74.04311746358871,3481,"York St",40.71649,-74.04105,29593,"Subscriber",1962,1
242,"2018-12-30 10:45:15.1760","2018-12-30 10:49:17.2520",3186,"Grove St PATH",40.71958611647166,-74.04311746358871,3483,"Montgomery St",40.71942,-74.05099,29542,"Subscriber",1958,1
136,"2018-12-30 10:51:14.7630","2018-12-30 10:53:31.7380",3186,"Grove St PATH",40.71958611647166,-74.04311746358871,3279,"Dixon Mills",40.721630142638354,-74.04996782541275,29294,"Subscriber",1986,1
615,"2018-12-30 11:18:24.9540","2018-12-30 11:28:40.4050",3186,"Grove St PATH",40.71958611647166,-74.04311746358871,3202,"Newport PATH",40.7272235,-74.0337589,26233,"Subscriber",1991,1
139,"2018-12-30 12:12:20.9290","2018-12-30 12:14:40.3010",3186,"Grove St PATH",40.71958611647166,-74.04311746358871,3481,"York St",40.71649,-74.04105,26193,"Subscriber",1974,1
257,"2018-12-30 12:45:36.6070","2018-12-30 12:49:54.5280",3186,"Grove St PATH",40.71958611647166,-74.04311746358871,3203,"Hamilton Park",40.727595966,-74.044247311,29207,"Subscriber",1973,1
294,"2018-12-30 13:17:21.0270","2018-12-30 13:22:15.4520",3186,"Grove St PATH",40.71958611647166,-74.04311746358871,3481,"York St",40.71649,-74.04105,29593,"Subscriber",1993,1
287,"2018-12-30 13:17:31.7830","2018-12-30 13:22:19.5580",3186,"Grove St PATH",40.71958611647166,-74.04311746358871,3481,"York St",40.71649,-74.04105,29249,"Subscriber",1991,2
244,"2018-12-30 13:22:15.7810","2018-12-30 13:26:20.2630",3186,"Grove St PATH",40.71958611647166,-74.04311746358871,3276,"Marin Light Rail",40.71458403535893,-74.04281705617905,29250,"Subscriber",1972,2
116,"2018-12-30 13:27:37.7940","2018-12-30 13:29:34.4520",3186,"Grove St PATH",40.71958611647166,-74.04311746358871,3185,"City Hall",40.7177325,-74.043845,29546,"Subscriber",1957,1
536,"2018-12-30 14:10:01.6400","2018-12-30 14:18:57.7680",3186,"Grove St PATH",40.71958611647166,-74.04311746358871,3202,"Newport PATH",40.7272235,-74.0337589,29215,"Subscriber",1987,2
200,"2018-12-30 14:25:44.5050","2018-12-30 14:29:04.9120",3186,"Grove St PATH",40.71958611647166,-74.04311746358871,3187,"Warren St",40.7211236,-74.03805095,29554,"Subscriber",1989,1
228,"2018-12-30 16:57:09.5910","2018-12-30 17:00:58.2310",3186,"Grove St PATH",40.71958611647166,-74.04311746358871,3203,"Hamilton Park",40.727595966,-74.044247311,26221,"Subscriber",1985,1
322,"2018-12-30 17:15:09.4280","2018-12-30 17:20:31.7770",3186,"Grove St PATH",40.71958611647166,-74.04311746358871,3209,"Brunswick St",40.7241765,-74.0506564,29517,"Subscriber",1968,2
272,"2018-12-30 17:20:02.1250","2018-12-30 17:24:34.8760",3186,"Grove St PATH",40.71958611647166,-74.04311746358871,3483,"Montgomery St",40.71942,-74.05099,26212,"Subscriber",1982,2
155,"2018-12-30 17:51:02.5530","2018-12-30 17:53:38.0440",3186,"Grove St PATH",40.71958611647166,-74.04311746358871,3213,"Van Vorst Park",40.71848892,-74.047726625,29474,"Subscriber",1989,2
374,"2018-12-30 18:02:11.9300","2018-12-30 18:08:26.2300",3186,"Grove St PATH",40.71958611647166,-74.04311746358871,3269,"Brunswick & 6th",40.72601172964625,-74.05038893222809,26267,"Subscriber",1986,2
136,"2018-12-30 18:02:24.1710","2018-12-30 18:04:41.1370",3186,"Grove St PATH",40.71958611647166,-74.04311746358871,3279,"Dixon Mills",40.721630142638354,-74.04996782541275,26233,"Subscriber",1960,1
159,"2018-12-30 18:21:53.7780","2018-12-30 18:24:33.7050",3186,"Grove St PATH",40.71958611647166,-74.04311746358871,3279,"Dixon Mills",40.721630142638354,-74.04996782541275,29259,"Subscriber",1975,1
236,"2018-12-30 18:25:04.0700","2018-12-30 18:29:00.6720",3186,"Grove St PATH",40.71958611647166,-74.04311746358871,3270,"Jersey & 6th St",40.72528910781132,-74.04557168483734,29306,"Subscriber",1992,2
268,"2018-12-30 18:42:17.0160","2018-12-30 18:46:45.0980",3186,"Grove St PATH",40.71958611647166,-74.04311746358871,3203,"Hamilton Park",40.727595966,-74.044247311,29597,"Subscriber",1983,1
429,"2018-12-30 19:12:20.6220","2018-12-30 19:19:29.8190",3186,"Grove St PATH",40.71958611647166,-74.04311746358871,3267,"Morris Canal",40.7124188237569,-74.03852552175522,29252,"Subscriber",1960,1
436,"2018-12-30 19:22:48.2480","2018-12-30 19:30:04.6210",3186,"Grove St PATH",40.71958611647166,-74.04311746358871,3275,"Columbus Drive",40.71835519823214,-74.03891444206238,26197,"Subscriber",1960,1
766,"2018-12-30 19:41:44.8490","2018-12-30 19:54:31.0230",3186,"Grove St PATH",40.71958611647166,-74.04311746358871,3201,"Dey St",40.737711,-74.066921,29573,"Subscriber",1980,1
301,"2018-12-30 19:46:35.9570","2018-12-30 19:51:37.2310",3186,"Grove St PATH",40.71958611647166,-74.04311746358871,3203,"Hamilton Park",40.727595966,-74.044247311,26268,"Subscriber",1968,1
97,"2018-12-30 20:02:10.2240","2018-12-30 20:03:47.6110",3186,"Grove St PATH",40.71958611647166,-74.04311746358871,3273,"Manila & 1st",40.721650724879986,-74.04288411140442,26275,"Subscriber",1983,1
310,"2018-12-30 20:02:47.0090","2018-12-30 20:07:57.5620",3186,"Grove St PATH",40.71958611647166,-74.04311746358871,3187,"Warren St",40.7211236,-74.03805095,26212,"Subscriber",1990,2
193,"2018-12-30 20:24:06.6630","2018-12-30 20:27:19.7950",3186,"Grove St PATH",40.71958611647166,-74.04311746358871,3276,"Marin Light Rail",40.71458403535893,-74.04281705617905,26163,"Subscriber",1991,1
723,"2018-12-30 20:28:48.8620","2018-12-30 20:40:52.3440",3186,"Grove St PATH",40.71958611647166,-74.04311746358871,3268,"Lafayette Park",40.71346382669195,-74.06285852193832,29259,"Subscriber",1998,1
462,"2018-12-30 20:39:47.1560","2018-12-30 20:47:29.8120",3186,"Grove St PATH",40.71958611647166,-74.04311746358871,3213,"Van Vorst Park",40.71848892,-74.047726625,29286,"Subscriber",1952,1
872,"2018-12-30 20:45:38.9140","2018-12-30 21:00:11.8880",3186,"Grove St PATH",40.71958611647166,-74.04311746358871,3277,"Communipaw & Berry Lane",40.71435836870427,-74.06661093235016,26166,"Subscriber",1988,1
219,"2018-12-30 21:53:06.3580","2018-12-30 21:56:45.7010",3186,"Grove St PATH",40.71958611647166,-74.04311746358871,3269,"Brunswick & 6th",40.72601172964625,-74.05038893222809,29294,"Subscriber",1993,1
192,"2018-12-30 21:53:44.1920","2018-12-30 21:56:57.0830",3186,"Grove St PATH",40.71958611647166,-74.04311746358871,3481,"York St",40.71649,-74.04105,29217,"Subscriber",1954,2
451,"2018-12-30 22:58:10.5280","2018-12-30 23:05:42.1150",3186,"Grove St PATH",40.71958611647166,-74.04311746358871,3638,"Washington St",40.7242941,-74.0354826,29609,"Subscriber",1990,1
342,"2018-12-30 23:50:36.9580","2018-12-30 23:56:19.5910",3186,"Grove St PATH",40.71958611647166,-74.04311746358871,3270,"Jersey & 6th St",40.72528910781132,-74.04557168483734,29498,"Customer",1969,0
334,"2018-12-30 23:50:39.2640","2018-12-30 23:56:13.4280",3186,"Grove St PATH",40.71958611647166,-74.04311746358871,3270,"Jersey & 6th St",40.72528910781132,-74.04557168483734,29492,"Customer",1969,0
553,"2018-12-31 00:08:39.2670","2018-12-31 00:17:52.9890",3186,"Grove St PATH",40.71958611647166,-74.04311746358871,3225,"Baldwin at Montgomery",40.7236589,-74.0641943,29463,"Subscriber",1989,1
256,"2018-12-31 00:38:19.1690","2018-12-31 00:42:35.4050",3186,"Grove St PATH",40.71958611647166,-74.04311746358871,3276,"Marin Light Rail",40.71458403535893,-74.04281705617905,29520,"Subscriber",1979,1
495,"2018-12-31 06:41:37.6320","2018-12-31 06:49:53.3790",3186,"Grove St PATH",40.71958611647166,-74.04311746358871,3192,"Liberty Light Rail",40.7112423,-74.0557013,29492,"Subscriber",1991,1
208,"2018-12-31 07:57:10.7280","2018-12-31 08:00:39.0260",3186,"Grove St PATH",40.71958611647166,-74.04311746358871,3205,"JC Medical Center",40.71653978099194,-74.0496379137039,29492,"Subscriber",1976,2
329,"2018-12-31 08:47:00.1030","2018-12-31 08:52:29.5990",3186,"Grove St PATH",40.71958611647166,-74.04311746358871,3184,"Paulus Hook",40.7141454,-74.0335519,26163,"Subscriber",1989,1
147,"2018-12-31 09:29:10.3250","2018-12-31 09:31:37.5080",3186,"Grove St PATH",40.71958611647166,-74.04311746358871,3279,"Dixon Mills",40.721630142638354,-74.04996782541275,26233,"Subscriber",1987,1
192,"2018-12-31 09:42:53.7870","2018-12-31 09:46:06.2880",3186,"Grove St PATH",40.71958611647166,-74.04311746358871,3213,"Van Vorst Park",40.71848892,-74.047726625,29664,"Subscriber",1988,1
356,"2018-12-31 10:32:19.4560","2018-12-31 10:38:15.8520",3186,"Grove St PATH",40.71958611647166,-74.04311746358871,3203,"Hamilton Park",40.727595966,-74.044247311,29474,"Subscriber",1978,1
225,"2018-12-31 11:03:18.7810","2018-12-31 11:07:04.2800",3186,"Grove St PATH",40.71958611647166,-74.04311746358871,3481,"York St",40.71649,-74.04105,29222,"Subscriber",1962,1
299,"2018-12-31 11:07:09.3790","2018-12-31 11:12:09.1010",3186,"Grove St PATH",40.71958611647166,-74.04311746358871,3209,"Brunswick St",40.7241765,-74.0506564,29125,"Subscriber",1979,2
2588,"2018-12-31 11:12:35.1170","2018-12-31 11:55:43.8080",3186,"Grove St PATH",40.71958611647166,-74.04311746358871,3186,"Grove St PATH",40.71958611647166,-74.04311746358871,29642,"Subscriber",1990,2
236,"2018-12-31 11:17:35.3790","2018-12-31 11:21:31.7390",3186,"Grove St PATH",40.71958611647166,-74.04311746358871,3276,"Marin Light Rail",40.71458403535893,-74.04281705617905,29520,"Subscriber",1962,1
191,"2018-12-31 11:31:56.9670","2018-12-31 11:35:08.6930",3186,"Grove St PATH",40.71958611647166,-74.04311746358871,3481,"York St",40.71649,-74.04105,29461,"Subscriber",1962,1
411,"2018-12-31 11:41:44.5120","2018-12-31 11:48:35.7160",3186,"Grove St PATH",40.71958611647166,-74.04311746358871,3483,"Montgomery St",40.71942,-74.05099,29513,"Subscriber",1995,2
173,"2018-12-31 11:45:23.9120","2018-12-31 11:48:17.6500",3186,"Grove St PATH",40.71958611647166,-74.04311746358871,3276,"Marin Light Rail",40.71458403535893,-74.04281705617905,29267,"Subscriber",1962,1
118,"2018-12-31 11:46:52.4670","2018-12-31 11:48:51.1670",3186,"Grove St PATH",40.71958611647166,-74.04311746358871,3211,"Newark Ave",40.72152515,-74.046304543,29247,"Subscriber",1968,1
190,"2018-12-31 11:57:47.1680","2018-12-31 12:00:57.8560",3186,"Grove St PATH",40.71958611647166,-74.04311746358871,3481,"York St",40.71649,-74.04105,29220,"Subscriber",1962,1
259,"2018-12-31 12:28:17.3550","2018-12-31 12:32:36.7700",3186,"Grove St PATH",40.71958611647166,-74.04311746358871,3209,"Brunswick St",40.7241765,-74.0506564,29230,"Subscriber",1980,1
377,"2018-12-31 12:44:56.9820","2018-12-31 12:51:14.0480",3186,"Grove St PATH",40.71958611647166,-74.04311746358871,3681,"Grand St",40.71517767732029,-74.03768330812454,29209,"Subscriber",1987,1
207,"2018-12-31 13:04:54.2460","2018-12-31 13:08:21.5210",3186,"Grove St PATH",40.71958611647166,-74.04311746358871,3270,"Jersey & 6th St",40.72528910781132,-74.04557168483734,29283,"Subscriber",1985,1
651,"2018-12-31 13:12:24.9490","2018-12-31 13:23:16.7790",3186,"Grove St PATH",40.71958611647166,-74.04311746358871,3203,"Hamilton Park",40.727595966,-74.044247311,29542,"Subscriber",1979,1
269,"2018-12-31 13:12:30.6860","2018-12-31 13:17:00.0810",3186,"Grove St PATH",40.71958611647166,-74.04311746358871,3278,"Monmouth and 6th",40.72568548362901,-74.04879033565521,29598,"Subscriber",1991,1
245,"2018-12-31 13:35:09.2530","2018-12-31 13:39:14.8340",3186,"Grove St PATH",40.71958611647166,-74.04311746358871,3269,"Brunswick & 6th",40.72601172964625,-74.05038893222809,29586,"Subscriber",1969,0
318,"2018-12-31 14:07:37.6330","2018-12-31 14:12:55.9910",3186,"Grove St PATH",40.71958611647166,-74.04311746358871,3276,"Marin Light Rail",40.71458403535893,-74.04281705617905,29443,"Subscriber",1987,2
139,"2018-12-31 14:50:10.2650","2018-12-31 14:52:29.4330",3186,"Grove St PATH",40.71958611647166,-74.04311746358871,3275,"Columbus Drive",40.71835519823214,-74.03891444206238,29642,"Subscriber",1987,1
224,"2018-12-31 14:58:00.0490","2018-12-31 15:01:44.7330",3186,"Grove St PATH",40.71958611647166,-74.04311746358871,3483,"Montgomery St",40.71942,-74.05099,26251,"Subscriber",1987,1
182,"2018-12-31 15:07:07.9560","2018-12-31 15:10:10.2600",3186,"Grove St PATH",40.71958611647166,-74.04311746358871,3272,"Jersey & 3rd",40.72333158646436,-74.04595255851744,29220,"Subscriber",1984,1
773,"2018-12-31 15:16:25.2990","2018-12-31 15:29:19.0250",3186,"Grove St PATH",40.71958611647166,-74.04311746358871,3194,"McGinley Square",40.7253399253558,-74.06762212514877,29286,"Subscriber",1981,1
121,"2018-12-31 15:45:44.9150","2018-12-31 15:47:46.4830",3186,"Grove St PATH",40.71958611647166,-74.04311746358871,3279,"Dixon Mills",40.721630142638354,-74.04996782541275,29597,"Subscriber",1982,1
340,"2018-12-31 16:37:46.8270","2018-12-31 16:43:27.3590",3186,"Grove St PATH",40.71958611647166,-74.04311746358871,3481,"York St",40.71649,-74.04105,26264,"Subscriber",1962,1
209,"2018-12-31 17:08:44.6470","2018-12-31 17:12:14.6400",3186,"Grove St PATH",40.71958611647166,-74.04311746358871,3203,"Hamilton Park",40.727595966,-74.044247311,29549,"Subscriber",1983,1
300,"2018-12-31 17:25:16.8580","2018-12-31 17:30:17.5880",3186,"Grove St PATH",40.71958611647166,-74.04311746358871,3276,"Marin Light Rail",40.71458403535893,-74.04281705617905,29502,"Subscriber",1987,1
323,"2018-12-31 17:25:43.6930","2018-12-31 17:31:07.6100",3186,"Grove St PATH",40.71958611647166,-74.04311746358871,3278,"Monmouth and 6th",40.72568548362901,-74.04879033565521,29676,"Subscriber",1988,1
132,"2018-12-31 17:58:58.2020","2018-12-31 18:01:10.5260",3186,"Grove St PATH",40.71958611647166,-74.04311746358871,3272,"Jersey & 3rd",40.72333158646436,-74.04595255851744,26259,"Subscriber",1969,1
249,"2018-12-31 19:05:27.7570","2018-12-31 19:09:36.9940",3186,"Grove St PATH",40.71958611647166,-74.04311746358871,3203,"Hamilton Park",40.727595966,-74.044247311,29665,"Subscriber",1984,1
270,"2018-12-31 19:05:44.7060","2018-12-31 19:10:15.1930",3186,"Grove St PATH",40.71958611647166,-74.04311746358871,3203,"Hamilton Park",40.727595966,-74.044247311,29453,"Subscriber",1983,1
93,"2018-12-31 19:07:41.1730","2018-12-31 19:09:14.8350",3186,"Grove St PATH",40.71958611647166,-74.04311746358871,3211,"Newark Ave",40.72152515,-74.046304543,29241,"Subscriber",1987,1
95,"2018-12-31 19:13:01.4750","2018-12-31 19:14:37.3590",3186,"Grove St PATH",40.71958611647166,-74.04311746358871,3211,"Newark Ave",40.72152515,-74.046304543,29534,"Subscriber",1987,1
73,"2018-12-31 19:19:02.3430","2018-12-31 19:20:15.5700",3186,"Grove St PATH",40.71958611647166,-74.04311746358871,3185,"City Hall",40.7177325,-74.043845,29640,"Subscriber",1987,1
82,"2018-12-31 19:23:48.6350","2018-12-31 19:25:11.2020",3186,"Grove St PATH",40.71958611647166,-74.04311746358871,3185,"City Hall",40.7177325,-74.043845,26291,"Subscriber",1987,1
281,"2018-12-31 19:27:58.5480","2018-12-31 19:32:39.9790",3186,"Grove St PATH",40.71958611647166,-74.04311746358871,3203,"Hamilton Park",40.727595966,-74.044247311,29608,"Subscriber",1987,1
413,"2018-12-01 08:41:57.3640","2018-12-01 08:48:50.8890",3187,"Warren St",40.7211236,-74.03805095,3199,"Newport Pkwy",40.7287448,-74.0321082,29546,"Subscriber",1975,1
314,"2018-12-01 10:02:42.3420","2018-12-01 10:07:56.4230",3187,"Warren St",40.7211236,-74.03805095,3202,"Newport PATH",40.7272235,-74.0337589,29254,"Subscriber",1991,1
365,"2018-12-01 10:08:23.9150","2018-12-01 10:14:29.8030",3187,"Warren St",40.7211236,-74.03805095,3199,"Newport Pkwy",40.7287448,-74.0321082,29515,"Subscriber",1996,2
1268,"2018-12-01 11:11:51.1410","2018-12-01 11:32:59.2660",3187,"Warren St",40.7211236,-74.03805095,3185,"City Hall",40.7177325,-74.043845,26251,"Customer",1992,1
541,"2018-12-01 11:15:29.1990","2018-12-01 11:24:30.2180",3187,"Warren St",40.7211236,-74.03805095,3199,"Newport Pkwy",40.7287448,-74.0321082,29231,"Subscriber",1972,1
219,"2018-12-01 11:45:10.2540","2018-12-01 11:48:50.0080",3187,"Warren St",40.7211236,-74.03805095,3202,"Newport PATH",40.7272235,-74.0337589,29643,"Subscriber",1985,1
246,"2018-12-01 11:58:51.0740","2018-12-01 12:02:57.1280",3187,"Warren St",40.7211236,-74.03805095,3202,"Newport PATH",40.7272235,-74.0337589,29260,"Subscriber",1992,2
188,"2018-12-01 12:04:16.2290","2018-12-01 12:07:24.6050",3187,"Warren St",40.7211236,-74.03805095,3481,"York St",40.71649,-74.04105,29635,"Subscriber",1985,2
384,"2018-12-01 12:18:38.1180","2018-12-01 12:25:02.6980",3187,"Warren St",40.7211236,-74.03805095,3186,"Grove St PATH",40.71958611647166,-74.04311746358871,29531,"Subscriber",1972,1
408,"2018-12-01 12:19:20.9260","2018-12-01 12:26:09.9080",3187,"Warren St",40.7211236,-74.03805095,3186,"Grove St PATH",40.71958611647166,-74.04311746358871,29606,"Customer",1943,2
186,"2018-12-01 13:05:35.1370","2018-12-01 13:08:42.0500",3187,"Warren St",40.7211236,-74.03805095,3183,"Exchange Place",40.7162469,-74.0334588,29257,"Subscriber",1985,2
407,"2018-12-01 13:14:22.8640","2018-12-01 13:21:10.0270",3187,"Warren St",40.7211236,-74.03805095,3214,"Essex Light Rail",40.7127742,-74.0364857,29525,"Subscriber",1991,2
335,"2018-12-01 13:20:22.1000","2018-12-01 13:25:58.0430",3187,"Warren St",40.7211236,-74.03805095,3681,"Grand St",40.71517767732029,-74.03768330812454,33781,"Subscriber",1956,1
252,"2018-12-01 13:21:14.8240","2018-12-01 13:25:26.8850",3187,"Warren St",40.7211236,-74.03805095,3270,"Jersey & 6th St",40.72528910781132,-74.04557168483734,26205,"Subscriber",1987,1
268,"2018-12-01 13:21:28.0860","2018-12-01 13:25:56.9100",3187,"Warren St",40.7211236,-74.03805095,3681,"Grand St",40.71517767732029,-74.03768330812454,26199,"Subscriber",1957,1
797,"2018-12-01 13:43:57.1670","2018-12-01 13:57:14.9780",3187,"Warren St",40.7211236,-74.03805095,3276,"Marin Light Rail",40.71458403535893,-74.04281705617905,29538,"Subscriber",1963,1
761,"2018-12-01 13:44:33.3660","2018-12-01 13:57:15.1370",3187,"Warren St",40.7211236,-74.03805095,3276,"Marin Light Rail",40.71458403535893,-74.04281705617905,29659,"Subscriber",1964,2
337,"2018-12-01 14:09:54.9160","2018-12-01 14:15:32.8100",3187,"Warren St",40.7211236,-74.03805095,3209,"Brunswick St",40.7241765,-74.0506564,28164,"Subscriber",1986,2
254,"2018-12-01 15:41:56.4080","2018-12-01 15:46:10.8490",3187,"Warren St",40.7211236,-74.03805095,3681,"Grand St",40.71517767732029,-74.03768330812454,29465,"Subscriber",1969,1
1464,"2018-12-01 16:04:56.7140","2018-12-01 16:29:20.8070",3187,"Warren St",40.7211236,-74.03805095,3679,"Bergen Ave",40.722103786686034,-74.07145500183105,29616,"Subscriber",1995,1
423,"2018-12-01 17:00:10.3040","2018-12-01 17:07:13.8870",3187,"Warren St",40.7211236,-74.03805095,3205,"JC Medical Center",40.71653978099194,-74.0496379137039,29123,"Subscriber",1975,1
383,"2018-12-01 20:43:24.6010","2018-12-01 20:49:48.5930",3187,"Warren St",40.7211236,-74.03805095,3202,"Newport PATH",40.7272235,-74.0337589,26206,"Subscriber",1987,1
368,"2018-12-02 12:09:02.9040","2018-12-02 12:15:10.9770",3187,"Warren St",40.7211236,-74.03805095,3267,"Morris Canal",40.7124188237569,-74.03852552175522,29593,"Subscriber",1993,1
392,"2018-12-02 13:36:05.2250","2018-12-02 13:42:37.8760",3187,"Warren St",40.7211236,-74.03805095,3276,"Marin Light Rail",40.71458403535893,-74.04281705617905,29489,"Subscriber",1980,1
432,"2018-12-02 17:48:58.8310","2018-12-02 17:56:11.8020",3187,"Warren St",40.7211236,-74.03805095,3276,"Marin Light Rail",40.71458403535893,-74.04281705617905,29252,"Subscriber",1976,2
349,"2018-12-02 18:18:14.8070","2018-12-02 18:24:04.2370",3187,"Warren St",40.7211236,-74.03805095,3276,"Marin Light Rail",40.71458403535893,-74.04281705617905,26257,"Subscriber",1992,1
441,"2018-12-02 18:45:25.5050","2018-12-02 18:52:46.9910",3187,"Warren St",40.7211236,-74.03805095,3279,"Dixon Mills",40.721630142638354,-74.04996782541275,29201,"Subscriber",1991,1
337,"2018-12-02 18:49:07.6550","2018-12-02 18:54:45.1020",3187,"Warren St",40.7211236,-74.03805095,3276,"Marin Light Rail",40.71458403535893,-74.04281705617905,29228,"Subscriber",1982,1
1229,"2018-12-03 00:19:26.3120","2018-12-03 00:39:55.6800",3187,"Warren St",40.7211236,-74.03805095,3679,"Bergen Ave",40.722103786686034,-74.07145500183105,29554,"Subscriber",1995,1
706,"2018-12-03 07:12:35.8050","2018-12-03 07:24:21.9190",3187,"Warren St",40.7211236,-74.03805095,3194,"McGinley Square",40.7253399253558,-74.06762212514877,29210,"Subscriber",1984,1
212,"2018-12-03 08:08:59.5750","2018-12-03 08:12:32.2640",3187,"Warren St",40.7211236,-74.03805095,3183,"Exchange Place",40.7162469,-74.0334588,31443,"Subscriber",1980,1
285,"2018-12-03 08:29:59.4040","2018-12-03 08:34:44.5200",3187,"Warren St",40.7211236,-74.03805095,3183,"Exchange Place",40.7162469,-74.0334588,29542,"Subscriber",1979,1
654,"2018-12-03 08:38:13.7850","2018-12-03 08:49:08.1430",3187,"Warren St",40.7211236,-74.03805095,3183,"Exchange Place",40.7162469,-74.0334588,26213,"Subscriber",1992,1
185,"2018-12-03 08:43:26.1250","2018-12-03 08:46:31.4810",3187,"Warren St",40.7211236,-74.03805095,3639,"Harborside",40.7192517,-74.034234,29444,"Subscriber",1969,0
117,"2018-12-03 08:47:08.8610","2018-12-03 08:49:05.9870",3187,"Warren St",40.7211236,-74.03805095,3638,"Washington St",40.7242941,-74.0354826,29286,"Subscriber",1987,1
241,"2018-12-03 09:02:25.3130","2018-12-03 09:06:27.0120",3187,"Warren St",40.7211236,-74.03805095,3183,"Exchange Place",40.7162469,-74.0334588,26258,"Subscriber",1975,1
264,"2018-12-03 09:17:27.5550","2018-12-03 09:21:51.5570",3187,"Warren St",40.7211236,-74.03805095,3183,"Exchange Place",40.7162469,-74.0334588,26190,"Subscriber",1988,1
277,"2018-12-03 09:33:22.6100","2018-12-03 09:37:59.7580",3187,"Warren St",40.7211236,-74.03805095,3183,"Exchange Place",40.7162469,-74.0334588,26262,"Subscriber",1987,1
429,"2018-12-03 12:32:04.6230","2018-12-03 12:39:13.6750",3187,"Warren St",40.7211236,-74.03805095,3269,"Brunswick & 6th",40.72601172964625,-74.05038893222809,29623,"Subscriber",1991,2
143,"2018-12-03 15:37:55.8360","2018-12-03 15:40:19.1570",3187,"Warren St",40.7211236,-74.03805095,3639,"Harborside",40.7192517,-74.034234,26155,"Subscriber",1969,1
677,"2018-12-03 17:42:38.5150","2018-12-03 17:53:55.5720",3187,"Warren St",40.7211236,-74.03805095,3269,"Brunswick & 6th",40.72601172964625,-74.05038893222809,29540,"Subscriber",1975,1
390,"2018-12-03 18:23:16.0410","2018-12-03 18:29:47.0060",3187,"Warren St",40.7211236,-74.03805095,3214,"Essex Light Rail",40.7127742,-74.0364857,29573,"Subscriber",1990,1
119,"2018-12-03 18:24:46.4810","2018-12-03 18:26:45.9300",3187,"Warren St",40.7211236,-74.03805095,3275,"Columbus Drive",40.71835519823214,-74.03891444206238,29656,"Subscriber",1951,1
1490,"2018-12-03 18:59:57.1240","2018-12-03 19:24:47.8930",3187,"Warren St",40.7211236,-74.03805095,3194,"McGinley Square",40.7253399253558,-74.06762212514877,29678,"Subscriber",1981,1
501,"2018-12-03 19:40:23.4980","2018-12-03 19:48:45.1700",3187,"Warren St",40.7211236,-74.03805095,3279,"Dixon Mills",40.721630142638354,-74.04996782541275,29286,"Subscriber",1991,1
467,"2018-12-03 20:08:00.8620","2018-12-03 20:15:47.9660",3187,"Warren St",40.7211236,-74.03805095,3199,"Newport Pkwy",40.7287448,-74.0321082,29224,"Subscriber",1996,2
232,"2018-12-03 20:12:04.7910","2018-12-03 20:15:57.2880",3187,"Warren St",40.7211236,-74.03805095,3185,"City Hall",40.7177325,-74.043845,29587,"Subscriber",1988,1
132,"2018-12-03 22:29:01.1740","2018-12-03 22:31:13.3960",3187,"Warren St",40.7211236,-74.03805095,3638,"Washington St",40.7242941,-74.0354826,29643,"Subscriber",1978,1
353,"2018-12-03 22:45:56.8090","2018-12-03 22:51:50.2700",3187,"Warren St",40.7211236,-74.03805095,3183,"Exchange Place",40.7162469,-74.0334588,29595,"Customer",1969,0
359,"2018-12-03 22:45:53.7750","2018-12-03 22:51:53.5040",3187,"Warren St",40.7211236,-74.03805095,3183,"Exchange Place",40.7162469,-74.0334588,29612,"Customer",1969,0
1190,"2018-12-04 00:05:37.5630","2018-12-04 00:25:28.2900",3187,"Warren St",40.7211236,-74.03805095,3679,"Bergen Ave",40.722103786686034,-74.07145500183105,29308,"Subscriber",1995,1
296,"2018-12-04 08:33:29.2910","2018-12-04 08:38:26.2630",3187,"Warren St",40.7211236,-74.03805095,3183,"Exchange Place",40.7162469,-74.0334588,29540,"Subscriber",1979,1
167,"2018-12-04 08:42:03.7890","2018-12-04 08:44:51.2210",3187,"Warren St",40.7211236,-74.03805095,3639,"Harborside",40.7192517,-74.034234,29278,"Subscriber",1969,0
547,"2018-12-04 08:46:51.3980","2018-12-04 08:55:58.5450",3187,"Warren St",40.7211236,-74.03805095,3638,"Washington St",40.7242941,-74.0354826,29509,"Subscriber",1994,1
169,"2018-12-04 10:17:22.1420","2018-12-04 10:20:12.0060",3187,"Warren St",40.7211236,-74.03805095,3183,"Exchange Place",40.7162469,-74.0334588,29275,"Subscriber",1987,1
420,"2018-12-04 12:05:47.7910","2018-12-04 12:12:48.4000",3187,"Warren St",40.7211236,-74.03805095,3184,"Paulus Hook",40.7141454,-74.0335519,26203,"Subscriber",1965,1
145,"2018-12-04 12:51:40.0220","2018-12-04 12:54:05.9060",3187,"Warren St",40.7211236,-74.03805095,3639,"Harborside",40.7192517,-74.034234,26316,"Subscriber",1952,2
289,"2018-12-04 17:51:40.9130","2018-12-04 17:56:30.4110",3187,"Warren St",40.7211236,-74.03805095,3276,"Marin Light Rail",40.71458403535893,-74.04281705617905,29500,"Subscriber",1991,1
962,"2018-12-04 19:44:53.2720","2018-12-04 20:00:55.9960",3187,"Warren St",40.7211236,-74.03805095,3192,"Liberty Light Rail",40.7112423,-74.0557013,29498,"Subscriber",1990,1
246,"2018-12-05 00:41:23.5100","2018-12-05 00:45:29.7690",3187,"Warren St",40.7211236,-74.03805095,3213,"Van Vorst Park",40.71848892,-74.047726625,26304,"Subscriber",1976,1
72,"2018-12-05 06:46:27.2210","2018-12-05 06:47:39.4250",3187,"Warren St",40.7211236,-74.03805095,3275,"Columbus Drive",40.71835519823214,-74.03891444206238,26287,"Subscriber",1986,2
257,"2018-12-05 07:15:51.0370","2018-12-05 07:20:08.4640",3187,"Warren St",40.7211236,-74.03805095,3183,"Exchange Place",40.7162469,-74.0334588,29266,"Subscriber",1983,1
314,"2018-12-05 07:50:02.6650","2018-12-05 07:55:17.3300",3187,"Warren St",40.7211236,-74.03805095,3184,"Paulus Hook",40.7141454,-74.0335519,29606,"Subscriber",1980,1
294,"2018-12-05 08:30:01.2190","2018-12-05 08:34:55.9530",3187,"Warren St",40.7211236,-74.03805095,3183,"Exchange Place",40.7162469,-74.0334588,29640,"Subscriber",1979,1
173,"2018-12-05 08:42:58.7660","2018-12-05 08:45:52.2920",3187,"Warren St",40.7211236,-74.03805095,3639,"Harborside",40.7192517,-74.034234,29278,"Subscriber",1969,0
220,"2018-12-05 09:10:29.8210","2018-12-05 09:14:10.3070",3187,"Warren St",40.7211236,-74.03805095,3183,"Exchange Place",40.7162469,-74.0334588,26211,"Subscriber",1975,1
537,"2018-12-05 10:13:20.2420","2018-12-05 10:22:18.0640",3187,"Warren St",40.7211236,-74.03805095,3199,"Newport Pkwy",40.7287448,-74.0321082,29645,"Subscriber",1959,2
174,"2018-12-05 10:15:16.5620","2018-12-05 10:18:10.5760",3187,"Warren St",40.7211236,-74.03805095,3183,"Exchange Place",40.7162469,-74.0334588,33781,"Subscriber",1987,1
682,"2018-12-05 13:35:38.3720","2018-12-05 13:47:00.6990",3187,"Warren St",40.7211236,-74.03805095,3270,"Jersey & 6th St",40.72528910781132,-74.04557168483734,29444,"Customer",1996,2
441,"2018-12-05 14:48:50.4850","2018-12-05 14:56:11.9390",3187,"Warren St",40.7211236,-74.03805095,3267,"Morris Canal",40.7124188237569,-74.03852552175522,26166,"Subscriber",1984,1
412,"2018-12-05 17:55:31.0290","2018-12-05 18:02:24.0210",3187,"Warren St",40.7211236,-74.03805095,3209,"Brunswick St",40.7241765,-74.0506564,29645,"Customer",1992,1
487,"2018-12-05 20:06:37.3220","2018-12-05 20:14:45.0360",3187,"Warren St",40.7211236,-74.03805095,3199,"Newport Pkwy",40.7287448,-74.0321082,26173,"Subscriber",1996,2
329,"2018-12-05 20:44:31.1550","2018-12-05 20:50:00.7650",3187,"Warren St",40.7211236,-74.03805095,3276,"Marin Light Rail",40.71458403535893,-74.04281705617905,26242,"Subscriber",1982,1
204,"2018-12-05 22:36:20.1440","2018-12-05 22:39:44.7590",3187,"Warren St",40.7211236,-74.03805095,3202,"Newport PATH",40.7272235,-74.0337589,26302,"Subscriber",1990,1
234,"2018-12-06 07:55:26.4940","2018-12-06 07:59:20.7120",3187,"Warren St",40.7211236,-74.03805095,3183,"Exchange Place",40.7162469,-74.0334588,26274,"Subscriber",1980,1
210,"2018-12-06 08:13:32.2650","2018-12-06 08:17:03.1440",3187,"Warren St",40.7211236,-74.03805095,3183,"Exchange Place",40.7162469,-74.0334588,29475,"Subscriber",1990,1
293,"2018-12-06 08:24:41.5830","2018-12-06 08:29:34.8860",3187,"Warren St",40.7211236,-74.03805095,3183,"Exchange Place",40.7162469,-74.0334588,29549,"Subscriber",1978,1
182,"2018-12-06 08:42:43.4090","2018-12-06 08:45:45.7240",3187,"Warren St",40.7211236,-74.03805095,3639,"Harborside",40.7192517,-74.034234,29440,"Subscriber",1969,0
292,"2018-12-06 08:48:50.5030","2018-12-06 08:53:43.2030",3187,"Warren St",40.7211236,-74.03805095,3202,"Newport PATH",40.7272235,-74.0337589,29468,"Subscriber",1983,1
257,"2018-12-06 09:32:35.7310","2018-12-06 09:36:53.1340",3187,"Warren St",40.7211236,-74.03805095,3202,"Newport PATH",40.7272235,-74.0337589,29549,"Subscriber",1973,2
173,"2018-12-06 09:49:35.1420","2018-12-06 09:52:28.6280",3187,"Warren St",40.7211236,-74.03805095,3183,"Exchange Place",40.7162469,-74.0334588,26174,"Subscriber",1987,1
445,"2018-12-06 10:57:54.6490","2018-12-06 11:05:20.0600",3187,"Warren St",40.7211236,-74.03805095,3199,"Newport Pkwy",40.7287448,-74.0321082,26221,"Subscriber",1959,2
1087,"2018-12-06 11:05:12.8520","2018-12-06 11:23:20.3950",3187,"Warren St",40.7211236,-74.03805095,3267,"Morris Canal",40.7124188237569,-74.03852552175522,29214,"Subscriber",1968,1
254,"2018-12-06 13:37:53.6030","2018-12-06 13:42:07.6890",3187,"Warren St",40.7211236,-74.03805095,3183,"Exchange Place",40.7162469,-74.0334588,26173,"Subscriber",1979,1
203,"2018-12-06 15:32:13.6320","2018-12-06 15:35:37.3570",3187,"Warren St",40.7211236,-74.03805095,3272,"Jersey & 3rd",40.72333158646436,-74.04595255851744,26245,"Subscriber",1970,1
104,"2018-12-06 17:36:43.7430","2018-12-06 17:38:28.3200",3187,"Warren St",40.7211236,-74.03805095,3275,"Columbus Drive",40.71835519823214,-74.03891444206238,29257,"Subscriber",1951,1
1170,"2018-12-06 19:14:41.4460","2018-12-06 19:34:11.5840",3187,"Warren St",40.7211236,-74.03805095,3194,"McGinley Square",40.7253399253558,-74.06762212514877,29586,"Subscriber",1981,1
323,"2018-12-06 19:34:51.1200","2018-12-06 19:40:14.4020",3187,"Warren St",40.7211236,-74.03805095,3202,"Newport PATH",40.7272235,-74.0337589,26269,"Subscriber",1984,1
226,"2018-12-06 21:20:37.0370","2018-12-06 21:24:23.3570",3187,"Warren St",40.7211236,-74.03805095,3272,"Jersey & 3rd",40.72333158646436,-74.04595255851744,29257,"Subscriber",1988,2
433,"2018-12-06 22:13:13.5970","2018-12-06 22:20:27.4140",3187,"Warren St",40.7211236,-74.03805095,3211,"Newark Ave",40.72152515,-74.046304543,26296,"Subscriber",1990,1
1418,"2018-12-07 00:05:23.1290","2018-12-07 00:29:02.0250",3187,"Warren St",40.7211236,-74.03805095,3679,"Bergen Ave",40.722103786686034,-74.07145500183105,26269,"Subscriber",1995,1
262,"2018-12-07 08:28:59.6420","2018-12-07 08:33:22.2550",3187,"Warren St",40.7211236,-74.03805095,3183,"Exchange Place",40.7162469,-74.0334588,29289,"Subscriber",1979,1
251,"2018-12-07 08:31:20.2340","2018-12-07 08:35:31.4380",3187,"Warren St",40.7211236,-74.03805095,3183,"Exchange Place",40.7162469,-74.0334588,29292,"Subscriber",1978,1
183,"2018-12-07 08:40:42.3680","2018-12-07 08:43:45.8080",3187,"Warren St",40.7211236,-74.03805095,3639,"Harborside",40.7192517,-74.034234,29533,"Subscriber",1969,0
25545,"2018-12-07 09:13:45.9090","2018-12-07 16:19:31.4260",3187,"Warren St",40.7211236,-74.03805095,3639,"Harborside",40.7192517,-74.034234,26157,"Subscriber",1981,1
209,"2018-12-07 09:37:12.0790","2018-12-07 09:40:41.1850",3187,"Warren St",40.7211236,-74.03805095,3183,"Exchange Place",40.7162469,-74.0334588,26280,"Subscriber",1983,1
172,"2018-12-07 10:25:56.3290","2018-12-07 10:28:49.1730",3187,"Warren St",40.7211236,-74.03805095,3183,"Exchange Place",40.7162469,-74.0334588,26221,"Subscriber",1987,1
266,"2018-12-07 10:43:35.6100","2018-12-07 10:48:01.7620",3187,"Warren St",40.7211236,-74.03805095,3183,"Exchange Place",40.7162469,-74.0334588,29496,"Subscriber",1975,1
121,"2018-12-07 13:49:39.7570","2018-12-07 13:51:41.5590",3187,"Warren St",40.7211236,-74.03805095,3638,"Washington St",40.7242941,-74.0354826,26186,"Subscriber",1975,1
310,"2018-12-07 16:32:48.0730","2018-12-07 16:37:58.6820",3187,"Warren St",40.7211236,-74.03805095,3681,"Grand St",40.71517767732029,-74.03768330812454,29640,"Subscriber",1969,1
123,"2018-12-07 17:35:10.2790","2018-12-07 17:37:14.0310",3187,"Warren St",40.7211236,-74.03805095,3275,"Columbus Drive",40.71835519823214,-74.03891444206238,26173,"Subscriber",1951,1
509,"2018-12-07 18:00:10.8390","2018-12-07 18:08:40.7770",3187,"Warren St",40.7211236,-74.03805095,3199,"Newport Pkwy",40.7287448,-74.0321082,26288,"Subscriber",1996,2
377,"2018-12-07 18:09:04.0740","2018-12-07 18:15:21.6460",3187,"Warren St",40.7211236,-74.03805095,3209,"Brunswick St",40.7241765,-74.0506564,29308,"Subscriber",1989,1
387,"2018-12-07 18:39:15.1480","2018-12-07 18:45:43.0720",3187,"Warren St",40.7211236,-74.03805095,3203,"Hamilton Park",40.727595966,-74.044247311,29500,"Subscriber",1988,1
1799,"2018-12-08 02:21:01.9500","2018-12-08 02:51:01.4320",3187,"Warren St",40.7211236,-74.03805095,3195,"Sip Ave",40.73074262530658,-74.06378388404846,29231,"Subscriber",1995,1
258,"2018-12-08 10:16:42.8910","2018-12-08 10:21:01.4050",3187,"Warren St",40.7211236,-74.03805095,3270,"Jersey & 6th St",40.72528910781132,-74.04557168483734,26171,"Subscriber",1978,1
416,"2018-12-08 11:46:55.7870","2018-12-08 11:53:52.5120",3187,"Warren St",40.7211236,-74.03805095,3205,"JC Medical Center",40.71653978099194,-74.0496379137039,29250,"Subscriber",1975,1
392,"2018-12-08 12:22:03.7000","2018-12-08 12:28:36.6120",3187,"Warren St",40.7211236,-74.03805095,3203,"Hamilton Park",40.727595966,-74.044247311,26292,"Subscriber",1972,1
194,"2018-12-08 14:55:12.5250","2018-12-08 14:58:26.6990",3187,"Warren St",40.7211236,-74.03805095,3202,"Newport PATH",40.7272235,-74.0337589,26208,"Subscriber",1987,1
296,"2018-12-08 15:39:19.7680","2018-12-08 15:44:16.0030",3187,"Warren St",40.7211236,-74.03805095,3211,"Newark Ave",40.72152515,-74.046304543,29439,"Subscriber",1970,1
313,"2018-12-08 15:46:23.1730","2018-12-08 15:51:36.7810",3187,"Warren St",40.7211236,-74.03805095,3203,"Hamilton Park",40.727595966,-74.044247311,29457,"Subscriber",1984,1
857,"2018-12-08 18:00:56.3690","2018-12-08 18:15:14.3200",3187,"Warren St",40.7211236,-74.03805095,3483,"Montgomery St",40.71942,-74.05099,29249,"Subscriber",1992,1
575,"2018-12-09 10:00:53.8320","2018-12-09 10:10:29.6830",3187,"Warren St",40.7211236,-74.03805095,3205,"JC Medical Center",40.71653978099194,-74.0496379137039,26303,"Subscriber",1992,1
577,"2018-12-09 10:01:07.2020","2018-12-09 10:10:44.8590",3187,"Warren St",40.7211236,-74.03805095,3205,"JC Medical Center",40.71653978099194,-74.0496379137039,29489,"Subscriber",1988,2
282,"2018-12-09 10:05:15.2280","2018-12-09 10:09:57.6390",3187,"Warren St",40.7211236,-74.03805095,3276,"Marin Light Rail",40.71458403535893,-74.04281705617905,29602,"Subscriber",1992,2
266,"2018-12-09 10:23:26.6810","2018-12-09 10:27:53.4990",3187,"Warren St",40.7211236,-74.03805095,3202,"Newport PATH",40.7272235,-74.0337589,26213,"Subscriber",1993,2
302,"2018-12-09 10:25:37.9880","2018-12-09 10:30:40.2040",3187,"Warren St",40.7211236,-74.03805095,3209,"Brunswick St",40.7241765,-74.0506564,29260,"Subscriber",1982,1
493,"2018-12-09 11:40:34.6320","2018-12-09 11:48:47.9750",3187,"Warren St",40.7211236,-74.03805095,3214,"Essex Light Rail",40.7127742,-74.0364857,29516,"Subscriber",1991,2
226,"2018-12-09 12:26:17.6880","2018-12-09 12:30:04.6540",3187,"Warren St",40.7211236,-74.03805095,3202,"Newport PATH",40.7272235,-74.0337589,29286,"Subscriber",1985,1
197,"2018-12-09 13:20:56.9430","2018-12-09 13:24:14.8610",3187,"Warren St",40.7211236,-74.03805095,3186,"Grove St PATH",40.71958611647166,-74.04311746358871,29252,"Subscriber",1981,1
149,"2018-12-09 13:55:59.1380","2018-12-09 13:58:28.1840",3187,"Warren St",40.7211236,-74.03805095,3186,"Grove St PATH",40.71958611647166,-74.04311746358871,29533,"Subscriber",1987,1
433,"2018-12-09 14:44:04.0050","2018-12-09 14:51:17.3310",3187,"Warren St",40.7211236,-74.03805095,3199,"Newport Pkwy",40.7287448,-74.0321082,29533,"Subscriber",1982,2
383,"2018-12-09 17:49:31.4790","2018-12-09 17:55:54.7400",3187,"Warren St",40.7211236,-74.03805095,3276,"Marin Light Rail",40.71458403535893,-74.04281705617905,26275,"Subscriber",1982,1
384,"2018-12-09 18:30:59.9630","2018-12-09 18:37:24.9050",3187,"Warren St",40.7211236,-74.03805095,3278,"Monmouth and 6th",40.72568548362901,-74.04879033565521,26202,"Subscriber",1976,1
117,"2018-12-09 18:48:54.8230","2018-12-09 18:50:52.5280",3187,"Warren St",40.7211236,-74.03805095,3275,"Columbus Drive",40.71835519823214,-74.03891444206238,29577,"Subscriber",1992,2
613,"2018-12-09 19:57:17.6590","2018-12-09 20:07:31.1060",3187,"Warren St",40.7211236,-74.03805095,3187,"Warren St",40.7211236,-74.03805095,26281,"Subscriber",1978,1
348,"2018-12-09 20:07:08.1140","2018-12-09 20:12:57.0490",3187,"Warren St",40.7211236,-74.03805095,3202,"Newport PATH",40.7272235,-74.0337589,26202,"Subscriber",1969,0
117,"2018-12-09 20:39:47.4830","2018-12-09 20:41:44.6840",3187,"Warren St",40.7211236,-74.03805095,3273,"Manila & 1st",40.721650724879986,-74.04288411140442,29661,"Subscriber",1984,1
244,"2018-12-10 07:32:48.3610","2018-12-10 07:36:52.6120",3187,"Warren St",40.7211236,-74.03805095,3202,"Newport PATH",40.7272235,-74.0337589,29589,"Subscriber",1983,1
248,"2018-12-10 08:25:21.3390","2018-12-10 08:29:29.8190",3187,"Warren St",40.7211236,-74.03805095,3183,"Exchange Place",40.7162469,-74.0334588,29273,"Subscriber",1978,1
266,"2018-12-10 08:32:57.6370","2018-12-10 08:37:24.5440",3187,"Warren St",40.7211236,-74.03805095,3183,"Exchange Place",40.7162469,-74.0334588,29204,"Subscriber",1979,1
201,"2018-12-10 08:37:21.6670","2018-12-10 08:40:43.3590",3187,"Warren St",40.7211236,-74.03805095,3639,"Harborside",40.7192517,-74.034234,26159,"Subscriber",1969,0
267,"2018-12-10 09:10:58.7420","2018-12-10 09:15:26.5530",3187,"Warren St",40.7211236,-74.03805095,3183,"Exchange Place",40.7162469,-74.0334588,29272,"Subscriber",1975,1
241,"2018-12-10 09:26:56.2030","2018-12-10 09:30:57.5050",3187,"Warren St",40.7211236,-74.03805095,3186,"Grove St PATH",40.71958611647166,-74.04311746358871,29635,"Subscriber",1991,2
176,"2018-12-10 10:15:21.4310","2018-12-10 10:18:17.5650",3187,"Warren St",40.7211236,-74.03805095,3183,"Exchange Place",40.7162469,-74.0334588,29221,"Subscriber",1987,1
70,"2018-12-10 11:40:41.7890","2018-12-10 11:41:51.9350",3187,"Warren St",40.7211236,-74.03805095,3275,"Columbus Drive",40.71835519823214,-74.03891444206238,29503,"Subscriber",1987,1
262,"2018-12-10 14:51:06.9080","2018-12-10 14:55:29.5720",3187,"Warren St",40.7211236,-74.03805095,3186,"Grove St PATH",40.71958611647166,-74.04311746358871,29581,"Subscriber",1996,1
363,"2018-12-10 16:39:36.7510","2018-12-10 16:45:40.0190",3187,"Warren St",40.7211236,-74.03805095,3184,"Paulus Hook",40.7141454,-74.0335519,26199,"Subscriber",1995,2
536,"2018-12-10 17:06:32.7630","2018-12-10 17:15:29.3130",3187,"Warren St",40.7211236,-74.03805095,3269,"Brunswick & 6th",40.72601172964625,-74.05038893222809,26243,"Subscriber",1975,1
342,"2018-12-10 18:54:54.2050","2018-12-10 19:00:36.6060",3187,"Warren St",40.7211236,-74.03805095,3214,"Essex Light Rail",40.7127742,-74.0364857,29666,"Subscriber",1986,1
309,"2018-12-10 19:11:56.1730","2018-12-10 19:17:05.5830",3187,"Warren St",40.7211236,-74.03805095,3279,"Dixon Mills",40.721630142638354,-74.04996782541275,29614,"Subscriber",1987,1
186,"2018-12-10 19:35:20.7590","2018-12-10 19:38:26.9780",3187,"Warren St",40.7211236,-74.03805095,3481,"York St",40.71649,-74.04105,26159,"Subscriber",1988,1
557,"2018-12-10 20:43:23.4900","2018-12-10 20:52:41.3170",3187,"Warren St",40.7211236,-74.03805095,3199,"Newport Pkwy",40.7287448,-74.0321082,26203,"Subscriber",1996,2
254,"2018-12-10 21:24:14.7830","2018-12-10 21:28:29.0920",3187,"Warren St",40.7211236,-74.03805095,3270,"Jersey & 6th St",40.72528910781132,-74.04557168483734,29546,"Subscriber",1987,1
233,"2018-12-11 07:11:25.3750","2018-12-11 07:15:18.5650",3187,"Warren St",40.7211236,-74.03805095,3202,"Newport PATH",40.7272235,-74.0337589,26244,"Subscriber",1983,1
274,"2018-12-11 07:38:34.1410","2018-12-11 07:43:08.7340",3187,"Warren St",40.7211236,-74.03805095,3183,"Exchange Place",40.7162469,-74.0334588,29545,"Subscriber",1978,1
432,"2018-12-11 07:47:10.5700","2018-12-11 07:54:23.1210",3187,"Warren St",40.7211236,-74.03805095,3184,"Paulus Hook",40.7141454,-74.0335519,29531,"Subscriber",1980,1
181,"2018-12-11 08:41:59.7830","2018-12-11 08:45:01.4380",3187,"Warren St",40.7211236,-74.03805095,3639,"Harborside",40.7192517,-74.034234,29460,"Subscriber",1969,0
342,"2018-12-11 08:43:14.6020","2018-12-11 08:48:56.8550",3187,"Warren St",40.7211236,-74.03805095,3202,"Newport PATH",40.7272235,-74.0337589,29496,"Subscriber",1993,2
225,"2018-12-11 09:00:25.4820","2018-12-11 09:04:10.6370",3187,"Warren St",40.7211236,-74.03805095,3183,"Exchange Place",40.7162469,-74.0334588,29599,"Subscriber",1975,1
249,"2018-12-11 09:22:12.8220","2018-12-11 09:26:22.2880",3187,"Warren St",40.7211236,-74.03805095,3186,"Grove St PATH",40.71958611647166,-74.04311746358871,29308,"Subscriber",1991,2
180,"2018-12-11 09:48:05.5450","2018-12-11 09:51:05.6440",3187,"Warren St",40.7211236,-74.03805095,3183,"Exchange Place",40.7162469,-74.0334588,29434,"Subscriber",1989,1
191,"2018-12-11 10:20:04.7120","2018-12-11 10:23:16.1400",3187,"Warren St",40.7211236,-74.03805095,3183,"Exchange Place",40.7162469,-74.0334588,29663,"Subscriber",1987,1
97,"2018-12-11 11:15:29.8440","2018-12-11 11:17:07.1900",3187,"Warren St",40.7211236,-74.03805095,3275,"Columbus Drive",40.71835519823214,-74.03891444206238,29308,"Subscriber",1987,1
399,"2018-12-11 13:05:19.1190","2018-12-11 13:11:58.8720",3187,"Warren St",40.7211236,-74.03805095,3211,"Newark Ave",40.72152515,-74.046304543,26316,"Subscriber",1991,2
938,"2018-12-11 13:43:12.3860","2018-12-11 13:58:51.0500",3187,"Warren St",40.7211236,-74.03805095,3199,"Newport Pkwy",40.7287448,-74.0321082,29250,"Subscriber",1993,1
354,"2018-12-11 16:24:54.4670","2018-12-11 16:30:49.1600",3187,"Warren St",40.7211236,-74.03805095,3276,"Marin Light Rail",40.71458403535893,-74.04281705617905,33744,"Subscriber",1986,1
504,"2018-12-11 16:54:20.7590","2018-12-11 17:02:45.6890",3187,"Warren St",40.7211236,-74.03805095,3269,"Brunswick & 6th",40.72601172964625,-74.05038893222809,17260,"Subscriber",1972,2
109,"2018-12-11 17:46:37.9110","2018-12-11 17:48:27.2800",3187,"Warren St",40.7211236,-74.03805095,3275,"Columbus Drive",40.71835519823214,-74.03891444206238,26254,"Subscriber",1951,1
212,"2018-12-11 17:57:45.2960","2018-12-11 18:01:18.1800",3187,"Warren St",40.7211236,-74.03805095,3185,"City Hall",40.7177325,-74.043845,29677,"Subscriber",1972,1
421,"2018-12-11 18:35:22.5890","2018-12-11 18:42:23.6010",3187,"Warren St",40.7211236,-74.03805095,3278,"Monmouth and 6th",40.72568548362901,-74.04879033565521,26175,"Subscriber",1984,1
278,"2018-12-11 18:36:31.1750","2018-12-11 18:41:09.6630",3187,"Warren St",40.7211236,-74.03805095,3183,"Exchange Place",40.7162469,-74.0334588,29594,"Subscriber",1988,1
1132,"2018-12-11 18:36:56.9160","2018-12-11 18:55:49.0350",3187,"Warren St",40.7211236,-74.03805095,3194,"McGinley Square",40.7253399253558,-74.06762212514877,26268,"Subscriber",1981,1
231,"2018-12-11 18:53:59.0120","2018-12-11 18:57:50.9510",3187,"Warren St",40.7211236,-74.03805095,3681,"Grand St",40.71517767732029,-74.03768330812454,29437,"Subscriber",1989,1
445,"2018-12-11 20:05:55.6280","2018-12-11 20:13:20.7560",3187,"Warren St",40.7211236,-74.03805095,3199,"Newport Pkwy",40.7287448,-74.0321082,29542,"Subscriber",1996,2
140,"2018-12-12 07:12:49.7320","2018-12-12 07:15:10.5570",3187,"Warren St",40.7211236,-74.03805095,3639,"Harborside",40.7192517,-74.034234,29237,"Subscriber",1984,2
244,"2018-12-12 07:35:14.4550","2018-12-12 07:39:18.7330",3187,"Warren St",40.7211236,-74.03805095,3183,"Exchange Place",40.7162469,-74.0334588,29476,"Subscriber",1978,1
287,"2018-12-12 08:33:14.5940","2018-12-12 08:38:01.9460",3187,"Warren St",40.7211236,-74.03805095,3183,"Exchange Place",40.7162469,-74.0334588,26211,"Subscriber",1979,1
181,"2018-12-12 08:42:37.9710","2018-12-12 08:45:39.7340",3187,"Warren St",40.7211236,-74.03805095,3639,"Harborside",40.7192517,-74.034234,29293,"Subscriber",1969,0
245,"2018-12-12 09:02:38.1900","2018-12-12 09:06:43.3950",3187,"Warren St",40.7211236,-74.03805095,3183,"Exchange Place",40.7162469,-74.0334588,29672,"Subscriber",1975,1
139,"2018-12-12 09:25:11.0530","2018-12-12 09:27:30.9330",3187,"Warren St",40.7211236,-74.03805095,3275,"Columbus Drive",40.71835519823214,-74.03891444206238,26244,"Subscriber",1986,1
331,"2018-12-12 09:29:33.4080","2018-12-12 09:35:04.8890",3187,"Warren St",40.7211236,-74.03805095,3639,"Harborside",40.7192517,-74.034234,26159,"Subscriber",1975,1
263,"2018-12-12 09:29:34.8260","2018-12-12 09:33:58.1640",3187,"Warren St",40.7211236,-74.03805095,3186,"Grove St PATH",40.71958611647166,-74.04311746358871,29502,"Subscriber",1991,2
169,"2018-12-12 09:58:28.2680","2018-12-12 10:01:18.0640",3187,"Warren St",40.7211236,-74.03805095,3183,"Exchange Place",40.7162469,-74.0334588,29231,"Subscriber",1987,1
99,"2018-12-12 10:28:25.6220","2018-12-12 10:30:04.7120",3187,"Warren St",40.7211236,-74.03805095,3275,"Columbus Drive",40.71835519823214,-74.03891444206238,29203,"Subscriber",1987,1
336,"2018-12-12 12:46:08.7480","2018-12-12 12:51:44.7530",3187,"Warren St",40.7211236,-74.03805095,3186,"Grove St PATH",40.71958611647166,-74.04311746358871,26206,"Customer",1989,1
187,"2018-12-12 13:01:51.4970","2018-12-12 13:04:59.2040",3187,"Warren St",40.7211236,-74.03805095,3183,"Exchange Place",40.7162469,-74.0334588,29257,"Subscriber",1990,1
389,"2018-12-12 13:13:32.0510","2018-12-12 13:20:01.5020",3187,"Warren St",40.7211236,-74.03805095,3211,"Newark Ave",40.72152515,-74.046304543,29502,"Subscriber",1991,2
308,"2018-12-12 13:38:00.0920","2018-12-12 13:43:08.9740",3187,"Warren St",40.7211236,-74.03805095,3681,"Grand St",40.71517767732029,-74.03768330812454,26197,"Subscriber",1965,2
2494,"2018-12-12 14:43:10.2650","2018-12-12 15:24:44.4080",3187,"Warren St",40.7211236,-74.03805095,3201,"Dey St",40.737711,-74.066921,29666,"Subscriber",1963,1
234,"2018-12-12 15:03:37.6620","2018-12-12 15:07:32.1240",3187,"Warren St",40.7211236,-74.03805095,3279,"Dixon Mills",40.721630142638354,-74.04996782541275,29676,"Subscriber",1982,1
238,"2018-12-12 16:58:27.1880","2018-12-12 17:02:25.6070",3187,"Warren St",40.7211236,-74.03805095,3481,"York St",40.71649,-74.04105,26234,"Subscriber",1989,1
98,"2018-12-12 17:29:08.3540","2018-12-12 17:30:46.9850",3187,"Warren St",40.7211236,-74.03805095,3275,"Columbus Drive",40.71835519823214,-74.03891444206238,29244,"Subscriber",1951,1
540,"2018-12-12 18:27:51.0310","2018-12-12 18:36:51.5350",3187,"Warren St",40.7211236,-74.03805095,3269,"Brunswick & 6th",40.72601172964625,-74.05038893222809,29495,"Subscriber",1975,1
239,"2018-12-12 20:10:18.1860","2018-12-12 20:14:17.6530",3187,"Warren St",40.7211236,-74.03805095,3186,"Grove St PATH",40.71958611647166,-74.04311746358871,29552,"Subscriber",1963,1
471,"2018-12-12 23:15:34.7550","2018-12-12 23:23:26.7000",3187,"Warren St",40.7211236,-74.03805095,3187,"Warren St",40.7211236,-74.03805095,29434,"Subscriber",1986,1
255,"2018-12-13 07:47:01.1400","2018-12-13 07:51:16.2970",3187,"Warren St",40.7211236,-74.03805095,3183,"Exchange Place",40.7162469,-74.0334588,26164,"Subscriber",1978,1
211,"2018-12-13 08:11:24.9410","2018-12-13 08:14:56.8750",3187,"Warren St",40.7211236,-74.03805095,3639,"Harborside",40.7192517,-74.034234,29489,"Subscriber",1969,0
208,"2018-12-13 08:32:03.7460","2018-12-13 08:35:32.2510",3187,"Warren St",40.7211236,-74.03805095,3186,"Grove St PATH",40.71958611647166,-74.04311746358871,29125,"Subscriber",1991,2
143,"2018-12-13 08:55:28.8370","2018-12-13 08:57:52.1890",3187,"Warren St",40.7211236,-74.03805095,3275,"Columbus Drive",40.71835519823214,-74.03891444206238,29434,"Subscriber",1990,2
208,"2018-12-13 09:43:09.4000","2018-12-13 09:46:38.3780",3187,"Warren St",40.7211236,-74.03805095,3183,"Exchange Place",40.7162469,-74.0334588,29587,"Subscriber",1987,1
170,"2018-12-13 12:51:16.1340","2018-12-13 12:54:06.2730",3187,"Warren St",40.7211236,-74.03805095,3639,"Harborside",40.7192517,-74.034234,26234,"Subscriber",1952,2
742,"2018-12-13 13:10:57.4300","2018-12-13 13:23:19.6600",3187,"Warren St",40.7211236,-74.03805095,3199,"Newport Pkwy",40.7287448,-74.0321082,29593,"Subscriber",1993,1
117,"2018-12-13 13:22:29.5000","2018-12-13 13:24:26.6040",3187,"Warren St",40.7211236,-74.03805095,3639,"Harborside",40.7192517,-74.034234,29434,"Subscriber",1980,1
434,"2018-12-13 18:04:39.1590","2018-12-13 18:11:53.6950",3187,"Warren St",40.7211236,-74.03805095,3269,"Brunswick & 6th",40.72601172964625,-74.05038893222809,29531,"Subscriber",1969,0
185,"2018-12-13 18:45:26.5480","2018-12-13 18:48:32.2880",3187,"Warren St",40.7211236,-74.03805095,3481,"York St",40.71649,-74.04105,26270,"Subscriber",1988,1
1182,"2018-12-13 19:35:16.0840","2018-12-13 19:54:58.7330",3187,"Warren St",40.7211236,-74.03805095,3194,"McGinley Square",40.7253399253558,-74.06762212514877,29608,"Subscriber",1981,1
652,"2018-12-13 20:05:34.4570","2018-12-13 20:16:26.5510",3187,"Warren St",40.7211236,-74.03805095,3192,"Liberty Light Rail",40.7112423,-74.0557013,29572,"Subscriber",1982,1
253,"2018-12-13 23:33:22.9630","2018-12-13 23:37:36.6510",3187,"Warren St",40.7211236,-74.03805095,3481,"York St",40.71649,-74.04105,26189,"Subscriber",1985,2
246,"2018-12-13 23:51:24.9710","2018-12-13 23:55:31.2140",3187,"Warren St",40.7211236,-74.03805095,3202,"Newport PATH",40.7272235,-74.0337589,26263,"Subscriber",1995,2
405,"2018-12-14 07:42:48.3460","2018-12-14 07:49:33.4590",3187,"Warren St",40.7211236,-74.03805095,3184,"Paulus Hook",40.7141454,-74.0335519,29453,"Subscriber",1980,1
330,"2018-12-14 08:12:35.0150","2018-12-14 08:18:05.9290",3187,"Warren St",40.7211236,-74.03805095,3183,"Exchange Place",40.7162469,-74.0334588,29552,"Subscriber",1978,1
27326,"2018-12-14 08:31:07.0920","2018-12-14 16:06:33.4000",3187,"Warren St",40.7211236,-74.03805095,3275,"Columbus Drive",40.71835519823214,-74.03891444206238,26246,"Subscriber",1990,2
276,"2018-12-14 08:34:08.3090","2018-12-14 08:38:44.8610",3187,"Warren St",40.7211236,-74.03805095,3481,"York St",40.71649,-74.04105,26282,"Subscriber",1987,2
370,"2018-12-14 08:38:07.7680","2018-12-14 08:44:18.2450",3187,"Warren St",40.7211236,-74.03805095,3183,"Exchange Place",40.7162469,-74.0334588,26318,"Subscriber",1979,1
165,"2018-12-14 08:54:58.6710","2018-12-14 08:57:44.1630",3187,"Warren St",40.7211236,-74.03805095,3639,"Harborside",40.7192517,-74.034234,29475,"Subscriber",1969,0
169,"2018-12-14 08:56:10.8190","2018-12-14 08:59:00.0480",3187,"Warren St",40.7211236,-74.03805095,3481,"York St",40.71649,-74.04105,26251,"Subscriber",1986,1
240,"2018-12-14 09:17:18.4140","2018-12-14 09:21:19.0880",3187,"Warren St",40.7211236,-74.03805095,3183,"Exchange Place",40.7162469,-74.0334588,29597,"Subscriber",1975,1
425,"2018-12-14 09:19:31.6510","2018-12-14 09:26:37.1030",3187,"Warren St",40.7211236,-74.03805095,3183,"Exchange Place",40.7162469,-74.0334588,29304,"Subscriber",1988,1
222,"2018-12-14 09:30:47.3500","2018-12-14 09:34:29.7540",3187,"Warren St",40.7211236,-74.03805095,3183,"Exchange Place",40.7162469,-74.0334588,29301,"Subscriber",1989,1
167,"2018-12-14 10:35:48.1890","2018-12-14 10:38:35.2790",3187,"Warren St",40.7211236,-74.03805095,3183,"Exchange Place",40.7162469,-74.0334588,29296,"Subscriber",1987,1
875,"2018-12-14 12:38:27.4550","2018-12-14 12:53:03.1080",3187,"Warren St",40.7211236,-74.03805095,3280,"Astor Place",40.71928220070702,-74.07126188278198,26251,"Subscriber",1988,1
257,"2018-12-14 13:28:16.6690","2018-12-14 13:32:34.4910",3187,"Warren St",40.7211236,-74.03805095,3211,"Newark Ave",40.72152515,-74.046304543,29258,"Subscriber",1993,1
288,"2018-12-14 13:37:56.5690","2018-12-14 13:42:44.7670",3187,"Warren St",40.7211236,-74.03805095,3184,"Paulus Hook",40.7141454,-74.0335519,29499,"Subscriber",1989,1
251,"2018-12-14 14:51:21.6290","2018-12-14 14:55:33.3190",3187,"Warren St",40.7211236,-74.03805095,3211,"Newark Ave",40.72152515,-74.046304543,29589,"Subscriber",1984,1
410,"2018-12-14 15:15:02.2670","2018-12-14 15:21:52.6600",3187,"Warren St",40.7211236,-74.03805095,3187,"Warren St",40.7211236,-74.03805095,26199,"Subscriber",1983,1
230,"2018-12-14 15:27:16.3530","2018-12-14 15:31:07.3480",3187,"Warren St",40.7211236,-74.03805095,3202,"Newport PATH",40.7272235,-74.0337589,29299,"Subscriber",1985,1
284,"2018-12-14 15:29:07.0580","2018-12-14 15:33:51.4270",3187,"Warren St",40.7211236,-74.03805095,3681,"Grand St",40.71517767732029,-74.03768330812454,29642,"Subscriber",1956,1
812,"2018-12-14 15:38:34.5900","2018-12-14 15:52:07.2650",3187,"Warren St",40.7211236,-74.03805095,3268,"Lafayette Park",40.71346382669195,-74.06285852193832,29524,"Subscriber",1991,1
287,"2018-12-14 17:56:11.8700","2018-12-14 18:00:59.7930",3187,"Warren St",40.7211236,-74.03805095,3276,"Marin Light Rail",40.71458403535893,-74.04281705617905,29538,"Subscriber",1988,1
332,"2018-12-14 18:36:50.6880","2018-12-14 18:42:23.6160",3187,"Warren St",40.7211236,-74.03805095,3185,"City Hall",40.7177325,-74.043845,29581,"Subscriber",1988,1
491,"2018-12-14 18:55:47.3020","2018-12-14 19:03:59.0940",3187,"Warren St",40.7211236,-74.03805095,3209,"Brunswick St",40.7241765,-74.0506564,26155,"Subscriber",1985,2
301,"2018-12-14 19:05:10.3690","2018-12-14 19:10:11.5690",3187,"Warren St",40.7211236,-74.03805095,3638,"Washington St",40.7242941,-74.0354826,29661,"Subscriber",1980,1
353,"2018-12-14 19:23:49.4320","2018-12-14 19:29:43.2920",3187,"Warren St",40.7211236,-74.03805095,3186,"Grove St PATH",40.71958611647166,-74.04311746358871,26200,"Subscriber",1990,2
178,"2018-12-14 20:41:51.8130","2018-12-14 20:44:49.8970",3187,"Warren St",40.7211236,-74.03805095,3186,"Grove St PATH",40.71958611647166,-74.04311746358871,29244,"Subscriber",1972,1
253,"2018-12-15 09:32:53.1620","2018-12-15 09:37:06.5620",3187,"Warren St",40.7211236,-74.03805095,3481,"York St",40.71649,-74.04105,26200,"Subscriber",1985,2
234,"2018-12-15 10:41:16.2110","2018-12-15 10:45:10.5550",3187,"Warren St",40.7211236,-74.03805095,3202,"Newport PATH",40.7272235,-74.0337589,29593,"Subscriber",1986,1
316,"2018-12-15 12:13:08.0190","2018-12-15 12:18:24.1770",3187,"Warren St",40.7211236,-74.03805095,3213,"Van Vorst Park",40.71848892,-74.047726625,29475,"Subscriber",1977,1
252,"2018-12-15 12:34:27.3150","2018-12-15 12:38:39.8780",3187,"Warren St",40.7211236,-74.03805095,3211,"Newark Ave",40.72152515,-74.046304543,29453,"Subscriber",1975,1
279,"2018-12-15 12:41:05.4130","2018-12-15 12:45:44.5600",3187,"Warren St",40.7211236,-74.03805095,3202,"Newport PATH",40.7272235,-74.0337589,29489,"Subscriber",1987,1
332,"2018-12-15 12:41:28.5990","2018-12-15 12:47:01.1660",3187,"Warren St",40.7211236,-74.03805095,3211,"Newark Ave",40.72152515,-74.046304543,29468,"Subscriber",1982,1
278,"2018-12-15 13:21:43.2400","2018-12-15 13:26:21.4470",3187,"Warren St",40.7211236,-74.03805095,3214,"Essex Light Rail",40.7127742,-74.0364857,29643,"Subscriber",1989,1
440,"2018-12-15 16:09:52.3180","2018-12-15 16:17:12.4540",3187,"Warren St",40.7211236,-74.03805095,3272,"Jersey & 3rd",40.72333158646436,-74.04595255851744,29460,"Subscriber",1992,1
572,"2018-12-15 16:59:22.8220","2018-12-15 17:08:55.3290",3187,"Warren St",40.7211236,-74.03805095,3203,"Hamilton Park",40.727595966,-74.044247311,26211,"Subscriber",1988,2
443,"2018-12-15 17:01:35.6100","2018-12-15 17:08:59.3130",3187,"Warren St",40.7211236,-74.03805095,3203,"Hamilton Park",40.727595966,-74.044247311,26172,"Subscriber",1992,1
396,"2018-12-15 17:52:11.8730","2018-12-15 17:58:48.1070",3187,"Warren St",40.7211236,-74.03805095,3211,"Newark Ave",40.72152515,-74.046304543,29281,"Subscriber",1992,1
910,"2018-12-15 18:00:48.2160","2018-12-15 18:15:58.6120",3187,"Warren St",40.7211236,-74.03805095,3187,"Warren St",40.7211236,-74.03805095,29593,"Subscriber",1978,1
663,"2018-12-15 18:12:33.7670","2018-12-15 18:23:37.4490",3187,"Warren St",40.7211236,-74.03805095,3187,"Warren St",40.7211236,-74.03805095,29277,"Subscriber",1982,1
232,"2018-12-15 19:42:28.2060","2018-12-15 19:46:21.0960",3187,"Warren St",40.7211236,-74.03805095,3183,"Exchange Place",40.7162469,-74.0334588,29583,"Subscriber",1990,1
233,"2018-12-15 20:29:45.5130","2018-12-15 20:33:38.7690",3187,"Warren St",40.7211236,-74.03805095,3186,"Grove St PATH",40.71958611647166,-74.04311746358871,29254,"Subscriber",1990,1
1231,"2018-12-15 21:09:35.8340","2018-12-15 21:30:07.2650",3187,"Warren St",40.7211236,-74.03805095,3187,"Warren St",40.7211236,-74.03805095,29453,"Subscriber",1958,1
270,"2018-12-15 21:15:13.0520","2018-12-15 21:19:43.4750",3187,"Warren St",40.7211236,-74.03805095,3186,"Grove St PATH",40.71958611647166,-74.04311746358871,29529,"Subscriber",1990,2
319,"2018-12-15 22:03:59.0590","2018-12-15 22:09:18.8590",3187,"Warren St",40.7211236,-74.03805095,3276,"Marin Light Rail",40.71458403535893,-74.04281705617905,26193,"Subscriber",1989,1
245,"2018-12-16 12:38:38.0580","2018-12-16 12:42:43.5930",3187,"Warren St",40.7211236,-74.03805095,3202,"Newport PATH",40.7272235,-74.0337589,26184,"Subscriber",1983,1
482,"2018-12-16 17:50:43.0780","2018-12-16 17:58:45.1250",3187,"Warren St",40.7211236,-74.03805095,3276,"Marin Light Rail",40.71458403535893,-74.04281705617905,26294,"Subscriber",1976,2
289,"2018-12-16 19:44:03.9090","2018-12-16 19:48:53.6050",3187,"Warren St",40.7211236,-74.03805095,3276,"Marin Light Rail",40.71458403535893,-74.04281705617905,29670,"Subscriber",1982,1
723,"2018-12-17 07:15:22.5400","2018-12-17 07:27:25.8360",3187,"Warren St",40.7211236,-74.03805095,3194,"McGinley Square",40.7253399253558,-74.06762212514877,26173,"Subscriber",1984,1
196,"2018-12-17 08:25:09.6400","2018-12-17 08:28:26.4390",3187,"Warren St",40.7211236,-74.03805095,3638,"Washington St",40.7242941,-74.0354826,29453,"Subscriber",1969,0
377,"2018-12-17 08:29:46.7290","2018-12-17 08:36:04.1050",3187,"Warren St",40.7211236,-74.03805095,3202,"Newport PATH",40.7272235,-74.0337589,26170,"Subscriber",1993,2
250,"2018-12-17 08:32:32.6350","2018-12-17 08:36:43.3880",3187,"Warren St",40.7211236,-74.03805095,3183,"Exchange Place",40.7162469,-74.0334588,29512,"Subscriber",1979,1
256,"2018-12-17 08:32:26.4210","2018-12-17 08:36:42.9710",3187,"Warren St",40.7211236,-74.03805095,3183,"Exchange Place",40.7162469,-74.0334588,29553,"Subscriber",1978,1
141,"2018-12-17 08:41:00.4420","2018-12-17 08:43:22.3300",3187,"Warren St",40.7211236,-74.03805095,3639,"Harborside",40.7192517,-74.034234,26303,"Subscriber",1969,0
215,"2018-12-17 09:29:23.2610","2018-12-17 09:32:58.5510",3187,"Warren St",40.7211236,-74.03805095,3273,"Manila & 1st",40.721650724879986,-74.04288411140442,26291,"Subscriber",1991,2
224,"2018-12-17 09:40:04.9660","2018-12-17 09:43:49.7110",3187,"Warren St",40.7211236,-74.03805095,3481,"York St",40.71649,-74.04105,29593,"Subscriber",1989,1
217,"2018-12-17 09:46:41.6290","2018-12-17 09:50:19.3490",3187,"Warren St",40.7211236,-74.03805095,3183,"Exchange Place",40.7162469,-74.0334588,26284,"Subscriber",1977,1
97,"2018-12-17 10:14:58.2120","2018-12-17 10:16:35.4620",3187,"Warren St",40.7211236,-74.03805095,3275,"Columbus Drive",40.71835519823214,-74.03891444206238,29578,"Subscriber",1987,1
182,"2018-12-17 10:24:43.3050","2018-12-17 10:27:45.3280",3187,"Warren St",40.7211236,-74.03805095,3183,"Exchange Place",40.7162469,-74.0334588,29246,"Subscriber",1987,1
191,"2018-12-17 12:54:20.6170","2018-12-17 12:57:32.1950",3187,"Warren St",40.7211236,-74.03805095,3186,"Grove St PATH",40.71958611647166,-74.04311746358871,29245,"Subscriber",1975,1
132,"2018-12-17 15:19:32.1320","2018-12-17 15:21:44.8030",3187,"Warren St",40.7211236,-74.03805095,3639,"Harborside",40.7192517,-74.034234,29569,"Subscriber",1969,1
321,"2018-12-17 18:07:49.2980","2018-12-17 18:13:11.2600",3187,"Warren St",40.7211236,-74.03805095,3185,"City Hall",40.7177325,-74.043845,29277,"Subscriber",1951,1
107,"2018-12-17 18:48:49.6440","2018-12-17 18:50:37.6230",3187,"Warren St",40.7211236,-74.03805095,3639,"Harborside",40.7192517,-74.034234,29468,"Subscriber",1988,1
422,"2018-12-17 18:51:31.0020","2018-12-17 18:58:33.0130",3187,"Warren St",40.7211236,-74.03805095,3202,"Newport PATH",40.7272235,-74.0337589,29264,"Subscriber",1990,1
222,"2018-12-17 19:44:46.9240","2018-12-17 19:48:29.6360",3187,"Warren St",40.7211236,-74.03805095,3481,"York St",40.71649,-74.04105,29212,"Subscriber",1987,2
284,"2018-12-17 19:58:48.0470","2018-12-17 20:03:32.0500",3187,"Warren St",40.7211236,-74.03805095,3202,"Newport PATH",40.7272235,-74.0337589,26288,"Subscriber",1989,1
438,"2018-12-17 20:49:53.8860","2018-12-17 20:57:12.0320",3187,"Warren St",40.7211236,-74.03805095,3276,"Marin Light Rail",40.71458403535893,-74.04281705617905,26303,"Subscriber",1989,1
197,"2018-12-18 08:12:19.2150","2018-12-18 08:15:36.5740",3187,"Warren St",40.7211236,-74.03805095,3183,"Exchange Place",40.7162469,-74.0334588,29569,"Subscriber",1980,1
162,"2018-12-18 08:36:57.7710","2018-12-18 08:39:40.3220",3187,"Warren St",40.7211236,-74.03805095,3639,"Harborside",40.7192517,-74.034234,29480,"Subscriber",1969,0
365,"2018-12-18 08:39:43.4010","2018-12-18 08:45:49.1840",3187,"Warren St",40.7211236,-74.03805095,3276,"Marin Light Rail",40.71458403535893,-74.04281705617905,29264,"Subscriber",1979,1
181,"2018-12-18 09:43:07.9520","2018-12-18 09:46:09.1980",3187,"Warren St",40.7211236,-74.03805095,3183,"Exchange Place",40.7162469,-74.0334588,26247,"Subscriber",1987,1
360,"2018-12-18 12:30:19.1030","2018-12-18 12:36:19.4640",3187,"Warren St",40.7211236,-74.03805095,3184,"Paulus Hook",40.7141454,-74.0335519,29212,"Subscriber",1990,1
646,"2018-12-18 12:47:14.8490","2018-12-18 12:58:01.0450",3187,"Warren St",40.7211236,-74.03805095,3203,"Hamilton Park",40.727595966,-74.044247311,29450,"Subscriber",1991,2
143,"2018-12-18 13:18:21.9970","2018-12-18 13:20:45.6170",3187,"Warren St",40.7211236,-74.03805095,3638,"Washington St",40.7242941,-74.0354826,29206,"Subscriber",1986,1
167,"2018-12-18 13:20:43.4490","2018-12-18 13:23:30.4560",3187,"Warren St",40.7211236,-74.03805095,3639,"Harborside",40.7192517,-74.034234,29587,"Subscriber",1952,2
1144,"2018-12-18 13:32:39.4210","2018-12-18 13:51:44.0240",3187,"Warren St",40.7211236,-74.03805095,3199,"Newport Pkwy",40.7287448,-74.0321082,26276,"Subscriber",1993,1
411,"2018-12-18 17:38:55.2220","2018-12-18 17:45:46.9430",3187,"Warren St",40.7211236,-74.03805095,3213,"Van Vorst Park",40.71848892,-74.047726625,29293,"Subscriber",1988,2
105,"2018-12-18 18:09:42.1730","2018-12-18 18:11:27.5400",3187,"Warren St",40.7211236,-74.03805095,3275,"Columbus Drive",40.71835519823214,-74.03891444206238,26295,"Subscriber",1951,1
310,"2018-12-18 18:29:57.9590","2018-12-18 18:35:08.7960",3187,"Warren St",40.7211236,-74.03805095,3199,"Newport Pkwy",40.7287448,-74.0321082,26296,"Subscriber",1972,1
283,"2018-12-18 18:48:35.1770","2018-12-18 18:53:19.0630",3187,"Warren St",40.7211236,-74.03805095,3209,"Brunswick St",40.7241765,-74.0506564,29602,"Subscriber",1989,1
389,"2018-12-18 19:13:05.4170","2018-12-18 19:19:34.4220",3187,"Warren St",40.7211236,-74.03805095,3203,"Hamilton Park",40.727595966,-74.044247311,29241,"Subscriber",1966,1
275,"2018-12-18 19:50:41.1520","2018-12-18 19:55:16.4910",3187,"Warren St",40.7211236,-74.03805095,3199,"Newport Pkwy",40.7287448,-74.0321082,29602,"Subscriber",1980,1
364,"2018-12-18 20:13:30.1750","2018-12-18 20:19:34.4710",3187,"Warren St",40.7211236,-74.03805095,3272,"Jersey & 3rd",40.72333158646436,-74.04595255851744,26283,"Subscriber",1988,2
263,"2018-12-18 20:15:24.7220","2018-12-18 20:19:48.6790",3187,"Warren St",40.7211236,-74.03805095,3270,"Jersey & 6th St",40.72528910781132,-74.04557168483734,29665,"Subscriber",1981,1
314,"2018-12-18 20:53:43.6760","2018-12-18 20:58:58.4280",3187,"Warren St",40.7211236,-74.03805095,3214,"Essex Light Rail",40.7127742,-74.0364857,29126,"Subscriber",1987,1
369,"2018-12-18 23:26:48.5620","2018-12-18 23:32:58.4100",3187,"Warren St",40.7211236,-74.03805095,3272,"Jersey & 3rd",40.72333158646436,-74.04595255851744,26283,"Subscriber",1981,1
227,"2018-12-19 09:16:28.6150","2018-12-19 09:20:16.5270",3187,"Warren St",40.7211236,-74.03805095,3183,"Exchange Place",40.7162469,-74.0334588,29586,"Subscriber",1975,1
222,"2018-12-19 09:20:24.3950","2018-12-19 09:24:06.8180",3187,"Warren St",40.7211236,-74.03805095,3183,"Exchange Place",40.7162469,-74.0334588,29261,"Subscriber",1989,1
189,"2018-12-19 10:01:22.8450","2018-12-19 10:04:32.4100",3187,"Warren St",40.7211236,-74.03805095,3183,"Exchange Place",40.7162469,-74.0334588,29276,"Subscriber",1987,1
456,"2018-12-19 10:02:52.7470","2018-12-19 10:10:29.2180",3187,"Warren St",40.7211236,-74.03805095,3214,"Essex Light Rail",40.7127742,-74.0364857,29254,"Subscriber",1984,1
289,"2018-12-19 10:33:54.5710","2018-12-19 10:38:44.3700",3187,"Warren St",40.7211236,-74.03805095,3202,"Newport PATH",40.7272235,-74.0337589,29228,"Subscriber",1987,1
69,"2018-12-19 12:25:00.4860","2018-12-19 12:26:09.5050",3187,"Warren St",40.7211236,-74.03805095,3275,"Columbus Drive",40.71835519823214,-74.03891444206238,29244,"Subscriber",1990,1
286,"2018-12-19 13:15:26.7240","2018-12-19 13:20:13.6890",3187,"Warren St",40.7211236,-74.03805095,3211,"Newark Ave",40.72152515,-74.046304543,29276,"Subscriber",1991,2
608,"2018-12-19 18:20:11.9760","2018-12-19 18:30:20.3690",3187,"Warren St",40.7211236,-74.03805095,3269,"Brunswick & 6th",40.72601172964625,-74.05038893222809,29293,"Subscriber",1975,1
275,"2018-12-19 19:05:26.5210","2018-12-19 19:10:01.8100",3187,"Warren St",40.7211236,-74.03805095,3186,"Grove St PATH",40.71958611647166,-74.04311746358871,26203,"Subscriber",1990,1
341,"2018-12-19 19:24:40.4420","2018-12-19 19:30:21.7370",3187,"Warren St",40.7211236,-74.03805095,3211,"Newark Ave",40.72152515,-74.046304543,29262,"Subscriber",1990,1
371,"2018-12-19 20:29:53.9830","2018-12-19 20:36:05.4860",3187,"Warren St",40.7211236,-74.03805095,3278,"Monmouth and 6th",40.72568548362901,-74.04879033565521,29120,"Subscriber",1983,2
483,"2018-12-19 22:11:26.8070","2018-12-19 22:19:30.0850",3187,"Warren St",40.7211236,-74.03805095,3199,"Newport Pkwy",40.7287448,-74.0321082,29480,"Subscriber",1983,1
293,"2018-12-19 23:27:42.3760","2018-12-19 23:32:35.9390",3187,"Warren St",40.7211236,-74.03805095,3270,"Jersey & 6th St",40.72528910781132,-74.04557168483734,29252,"Subscriber",1987,1
347,"2018-12-20 07:54:42.6610","2018-12-20 08:00:30.4920",3187,"Warren St",40.7211236,-74.03805095,3184,"Paulus Hook",40.7141454,-74.0335519,29616,"Subscriber",1980,1
186,"2018-12-20 08:41:48.2750","2018-12-20 08:44:55.2150",3187,"Warren St",40.7211236,-74.03805095,3639,"Harborside",40.7192517,-74.034234,29678,"Subscriber",1969,0
328,"2018-12-20 09:12:32.7720","2018-12-20 09:18:01.3300",3187,"Warren St",40.7211236,-74.03805095,3186,"Grove St PATH",40.71958611647166,-74.04311746358871,29214,"Subscriber",1990,2
588,"2018-12-20 09:15:43.3610","2018-12-20 09:25:32.3330",3187,"Warren St",40.7211236,-74.03805095,3639,"Harborside",40.7192517,-74.034234,29512,"Subscriber",1975,1
285,"2018-12-20 09:33:42.3080","2018-12-20 09:38:27.4690",3187,"Warren St",40.7211236,-74.03805095,3186,"Grove St PATH",40.71958611647166,-74.04311746358871,29519,"Subscriber",1991,2
180,"2018-12-20 10:33:12.6160","2018-12-20 10:36:12.6670",3187,"Warren St",40.7211236,-74.03805095,3202,"Newport PATH",40.7272235,-74.0337589,29496,"Subscriber",1987,1
484,"2018-12-20 11:41:09.4080","2018-12-20 11:49:13.6790",3187,"Warren St",40.7211236,-74.03805095,3638,"Washington St",40.7242941,-74.0354826,29589,"Customer",1994,2
244,"2018-12-20 12:34:35.5960","2018-12-20 12:38:39.9180",3187,"Warren St",40.7211236,-74.03805095,3183,"Exchange Place",40.7162469,-74.0334588,29554,"Subscriber",1967,1
150,"2018-12-20 15:58:30.8080","2018-12-20 16:01:01.1570",3187,"Warren St",40.7211236,-74.03805095,3186,"Grove St PATH",40.71958611647166,-74.04311746358871,29536,"Subscriber",1979,1
340,"2018-12-20 16:59:36.0340","2018-12-20 17:05:16.7750",3187,"Warren St",40.7211236,-74.03805095,3279,"Dixon Mills",40.721630142638354,-74.04996782541275,29236,"Subscriber",1988,2
215,"2018-12-20 20:05:00.2100","2018-12-20 20:08:35.4190",3187,"Warren St",40.7211236,-74.03805095,3481,"York St",40.71649,-74.04105,26268,"Subscriber",1988,1
158,"2018-12-21 08:40:57.9370","2018-12-21 08:43:36.7920",3187,"Warren St",40.7211236,-74.03805095,3639,"Harborside",40.7192517,-74.034234,26255,"Subscriber",1969,0
268,"2018-12-21 15:36:41.2220","2018-12-21 15:41:09.4010",3187,"Warren St",40.7211236,-74.03805095,3276,"Marin Light Rail",40.71458403535893,-74.04281705617905,29127,"Subscriber",1979,1
297,"2018-12-21 16:37:32.2140","2018-12-21 16:42:29.2180",3187,"Warren St",40.7211236,-74.03805095,3203,"Hamilton Park",40.727595966,-74.044247311,29612,"Subscriber",1990,1
389,"2018-12-21 16:52:39.9850","2018-12-21 16:59:09.0720",3187,"Warren St",40.7211236,-74.03805095,3211,"Newark Ave",40.72152515,-74.046304543,29491,"Subscriber",1989,1
115,"2018-12-21 17:20:18.2550","2018-12-21 17:22:13.6710",3187,"Warren St",40.7211236,-74.03805095,3275,"Columbus Drive",40.71835519823214,-74.03891444206238,29491,"Subscriber",1989,1
253,"2018-12-21 17:23:29.8330","2018-12-21 17:27:43.7090",3187,"Warren St",40.7211236,-74.03805095,3183,"Exchange Place",40.7162469,-74.0334588,29198,"Subscriber",1979,2
318,"2018-12-21 18:59:44.3270","2018-12-21 19:05:02.7810",3187,"Warren St",40.7211236,-74.03805095,3202,"Newport PATH",40.7272235,-74.0337589,29616,"Subscriber",1991,1
256,"2018-12-21 19:04:31.1010","2018-12-21 19:08:47.9840",3187,"Warren St",40.7211236,-74.03805095,3481,"York St",40.71649,-74.04105,29273,"Subscriber",1989,1
894,"2018-12-21 20:00:35.2570","2018-12-21 20:15:29.7820",3187,"Warren St",40.7211236,-74.03805095,3272,"Jersey & 3rd",40.72333158646436,-74.04595255851744,29236,"Subscriber",1994,2
248,"2018-12-22 00:51:18.8960","2018-12-22 00:55:27.2350",3187,"Warren St",40.7211236,-74.03805095,3211,"Newark Ave",40.72152515,-74.046304543,26179,"Subscriber",1986,1
374,"2018-12-22 09:56:54.7140","2018-12-22 10:03:09.3550",3187,"Warren St",40.7211236,-74.03805095,3278,"Monmouth and 6th",40.72568548362901,-74.04879033565521,29288,"Subscriber",1969,0
282,"2018-12-22 10:15:06.0580","2018-12-22 10:19:48.7570",3187,"Warren St",40.7211236,-74.03805095,3270,"Jersey & 6th St",40.72528910781132,-74.04557168483734,29273,"Subscriber",1978,1
211,"2018-12-22 11:33:12.8360","2018-12-22 11:36:44.5750",3187,"Warren St",40.7211236,-74.03805095,3481,"York St",40.71649,-74.04105,29677,"Subscriber",1988,1
206,"2018-12-22 11:33:17.9740","2018-12-22 11:36:44.9450",3187,"Warren St",40.7211236,-74.03805095,3481,"York St",40.71649,-74.04105,26236,"Subscriber",1987,2
232,"2018-12-22 11:36:21.0940","2018-12-22 11:40:13.8260",3187,"Warren St",40.7211236,-74.03805095,3202,"Newport PATH",40.7272235,-74.0337589,29275,"Subscriber",1985,1
402,"2018-12-22 12:29:02.7870","2018-12-22 12:35:45.7560",3187,"Warren St",40.7211236,-74.03805095,3203,"Hamilton Park",40.727595966,-74.044247311,26284,"Subscriber",1972,1
288,"2018-12-22 13:31:19.9370","2018-12-22 13:36:08.5310",3187,"Warren St",40.7211236,-74.03805095,3186,"Grove St PATH",40.71958611647166,-74.04311746358871,29492,"Subscriber",1996,1
1360,"2018-12-22 13:52:34.8290","2018-12-22 14:15:15.3190",3187,"Warren St",40.7211236,-74.03805095,3192,"Liberty Light Rail",40.7112423,-74.0557013,26187,"Subscriber",1984,1
307,"2018-12-22 14:33:28.5880","2018-12-22 14:38:35.7260",3187,"Warren St",40.7211236,-74.03805095,3202,"Newport PATH",40.7272235,-74.0337589,29275,"Subscriber",1972,2
380,"2018-12-22 15:07:20.4250","2018-12-22 15:13:40.6120",3187,"Warren St",40.7211236,-74.03805095,3205,"JC Medical Center",40.71653978099194,-74.0496379137039,26254,"Subscriber",1975,1
692,"2018-12-22 16:13:42.9140","2018-12-22 16:25:15.1110",3187,"Warren St",40.7211236,-74.03805095,3187,"Warren St",40.7211236,-74.03805095,26157,"Subscriber",1992,1
1016,"2018-12-22 19:05:11.8140","2018-12-22 19:22:08.2780",3187,"Warren St",40.7211236,-74.03805095,3187,"Warren St",40.7211236,-74.03805095,29526,"Subscriber",1990,2
340,"2018-12-22 21:03:16.8620","2018-12-22 21:08:57.1970",3187,"Warren St",40.7211236,-74.03805095,3202,"Newport PATH",40.7272235,-74.0337589,29544,"Subscriber",1992,2
1084,"2018-12-23 10:47:14.4800","2018-12-23 11:05:19.0410",3187,"Warren St",40.7211236,-74.03805095,3186,"Grove St PATH",40.71958611647166,-74.04311746358871,26192,"Subscriber",1972,1
324,"2018-12-23 10:59:57.1780","2018-12-23 11:05:21.2300",3187,"Warren St",40.7211236,-74.03805095,3186,"Grove St PATH",40.71958611647166,-74.04311746358871,29457,"Subscriber",1995,1
311,"2018-12-23 11:01:59.7500","2018-12-23 11:07:11.5850",3187,"Warren St",40.7211236,-74.03805095,3211,"Newark Ave",40.72152515,-74.046304543,26157,"Subscriber",1963,1
315,"2018-12-23 11:45:16.7450","2018-12-23 11:50:31.9850",3187,"Warren St",40.7211236,-74.03805095,3203,"Hamilton Park",40.727595966,-74.044247311,29308,"Subscriber",1978,1
291,"2018-12-23 12:59:44.2460","2018-12-23 13:04:35.4070",3187,"Warren St",40.7211236,-74.03805095,3186,"Grove St PATH",40.71958611647166,-74.04311746358871,29122,"Subscriber",1990,2
416,"2018-12-23 14:21:16.5910","2018-12-23 14:28:13.3750",3187,"Warren St",40.7211236,-74.03805095,3269,"Brunswick & 6th",40.72601172964625,-74.05038893222809,29544,"Subscriber",1989,2
268,"2018-12-23 15:18:47.9360","2018-12-23 15:23:16.0410",3187,"Warren St",40.7211236,-74.03805095,3272,"Jersey & 3rd",40.72333158646436,-74.04595255851744,26294,"Subscriber",1985,1
571,"2018-12-23 16:01:45.4760","2018-12-23 16:11:17.4640",3187,"Warren St",40.7211236,-74.03805095,3272,"Jersey & 3rd",40.72333158646436,-74.04595255851744,29569,"Subscriber",1952,1
294,"2018-12-23 18:49:08.6030","2018-12-23 18:54:03.4880",3187,"Warren St",40.7211236,-74.03805095,3202,"Newport PATH",40.7272235,-74.0337589,29607,"Subscriber",1969,0
466,"2018-12-23 19:51:23.1890","2018-12-23 19:59:09.8870",3187,"Warren St",40.7211236,-74.03805095,3483,"Montgomery St",40.71942,-74.05099,29264,"Subscriber",1958,1
250,"2018-12-24 08:25:32.0890","2018-12-24 08:29:42.4820",3187,"Warren St",40.7211236,-74.03805095,3183,"Exchange Place",40.7162469,-74.0334588,29640,"Subscriber",1980,1
254,"2018-12-24 09:23:45.5970","2018-12-24 09:27:59.7430",3187,"Warren St",40.7211236,-74.03805095,3183,"Exchange Place",40.7162469,-74.0334588,29675,"Subscriber",1980,1
418,"2018-12-24 10:42:43.4750","2018-12-24 10:49:42.3590",3187,"Warren St",40.7211236,-74.03805095,3203,"Hamilton Park",40.727595966,-74.044247311,29214,"Subscriber",1969,0
2247,"2018-12-24 11:10:22.6320","2018-12-24 11:47:50.5970",3187,"Warren St",40.7211236,-74.03805095,3187,"Warren St",40.7211236,-74.03805095,29307,"Customer",1969,0
407,"2018-12-24 12:50:24.9640","2018-12-24 12:57:12.3380",3187,"Warren St",40.7211236,-74.03805095,3638,"Washington St",40.7242941,-74.0354826,29307,"Customer",1969,0
99,"2018-12-24 13:16:51.9420","2018-12-24 13:18:31.5580",3187,"Warren St",40.7211236,-74.03805095,3275,"Columbus Drive",40.71835519823214,-74.03891444206238,29542,"Subscriber",1990,1
98,"2018-12-24 13:16:51.3020","2018-12-24 13:18:30.1140",3187,"Warren St",40.7211236,-74.03805095,3275,"Columbus Drive",40.71835519823214,-74.03891444206238,29526,"Subscriber",1991,1
284,"2018-12-24 15:42:30.3340","2018-12-24 15:47:14.5780",3187,"Warren St",40.7211236,-74.03805095,3267,"Morris Canal",40.7124188237569,-74.03852552175522,29661,"Subscriber",1993,1
1365,"2018-12-24 18:34:50.0170","2018-12-24 18:57:35.5900",3187,"Warren St",40.7211236,-74.03805095,3194,"McGinley Square",40.7253399253558,-74.06762212514877,26164,"Subscriber",1981,1
297,"2018-12-24 23:59:43.5470","2018-12-25 00:04:41.0030",3187,"Warren St",40.7211236,-74.03805095,3203,"Hamilton Park",40.727595966,-74.044247311,29640,"Subscriber",1968,1
167,"2018-12-25 13:45:52.2250","2018-12-25 13:48:40.2170",3187,"Warren St",40.7211236,-74.03805095,3186,"Grove St PATH",40.71958611647166,-74.04311746358871,26298,"Subscriber",1991,1
72,"2018-12-25 14:55:56.1280","2018-12-25 14:57:08.5280",3187,"Warren St",40.7211236,-74.03805095,3275,"Columbus Drive",40.71835519823214,-74.03891444206238,29435,"Subscriber",1992,1
281,"2018-12-25 15:39:30.8710","2018-12-25 15:44:12.6240",3187,"Warren St",40.7211236,-74.03805095,3483,"Montgomery St",40.71942,-74.05099,29250,"Subscriber",1987,1
263,"2018-12-25 17:29:29.7840","2018-12-25 17:33:52.8140",3187,"Warren St",40.7211236,-74.03805095,3186,"Grove St PATH",40.71958611647166,-74.04311746358871,29254,"Subscriber",1991,1
699,"2018-12-25 20:48:13.1650","2018-12-25 20:59:52.3860",3187,"Warren St",40.7211236,-74.03805095,3195,"Sip Ave",40.73074262530658,-74.06378388404846,29300,"Subscriber",1992,1
264,"2018-12-26 00:37:06.6110","2018-12-26 00:41:30.7530",3187,"Warren St",40.7211236,-74.03805095,3199,"Newport Pkwy",40.7287448,-74.0321082,29220,"Subscriber",1980,1
254,"2018-12-26 09:04:23.6430","2018-12-26 09:08:38.6170",3187,"Warren St",40.7211236,-74.03805095,3183,"Exchange Place",40.7162469,-74.0334588,29233,"Subscriber",1977,1
186,"2018-12-26 09:40:31.8220","2018-12-26 09:43:38.6660",3187,"Warren St",40.7211236,-74.03805095,3183,"Exchange Place",40.7162469,-74.0334588,29480,"Subscriber",1989,1
170,"2018-12-26 09:42:58.8410","2018-12-26 09:45:49.7740",3187,"Warren St",40.7211236,-74.03805095,3183,"Exchange Place",40.7162469,-74.0334588,29250,"Subscriber",1987,1
96,"2018-12-26 10:57:01.2470","2018-12-26 10:58:38.1360",3187,"Warren St",40.7211236,-74.03805095,3275,"Columbus Drive",40.71835519823214,-74.03891444206238,29120,"Subscriber",1987,1
87,"2018-12-26 12:18:50.0800","2018-12-26 12:20:17.3600",3187,"Warren St",40.7211236,-74.03805095,3275,"Columbus Drive",40.71835519823214,-74.03891444206238,29264,"Subscriber",1983,1
165,"2018-12-26 14:10:42.7970","2018-12-26 14:13:27.9020",3187,"Warren St",40.7211236,-74.03805095,3639,"Harborside",40.7192517,-74.034234,29296,"Subscriber",1969,0
241,"2018-12-26 18:32:22.3700","2018-12-26 18:36:23.6850",3187,"Warren St",40.7211236,-74.03805095,3186,"Grove St PATH",40.71958611647166,-74.04311746358871,29463,"Subscriber",1963,1
235,"2018-12-26 20:44:56.4400","2018-12-26 20:48:51.9170",3187,"Warren St",40.7211236,-74.03805095,3211,"Newark Ave",40.72152515,-74.046304543,29607,"Subscriber",1977,1
225,"2018-12-27 08:58:23.9740","2018-12-27 09:02:09.2480",3187,"Warren St",40.7211236,-74.03805095,3183,"Exchange Place",40.7162469,-74.0334588,29619,"Subscriber",1977,1
177,"2018-12-27 09:52:46.1440","2018-12-27 09:55:43.4580",3187,"Warren St",40.7211236,-74.03805095,3183,"Exchange Place",40.7162469,-74.0334588,26298,"Subscriber",1987,1
480,"2018-12-27 11:08:37.6380","2018-12-27 11:16:38.4670",3187,"Warren St",40.7211236,-74.03805095,3681,"Grand St",40.71517767732029,-74.03768330812454,29536,"Subscriber",1990,2
460,"2018-12-27 12:44:57.4140","2018-12-27 12:52:38.1970",3187,"Warren St",40.7211236,-74.03805095,3209,"Brunswick St",40.7241765,-74.0506564,29655,"Subscriber",1986,1
263,"2018-12-27 12:48:14.5130","2018-12-27 12:52:38.2990",3187,"Warren St",40.7211236,-74.03805095,3681,"Grand St",40.71517767732029,-74.03768330812454,26298,"Subscriber",1965,2
381,"2018-12-27 12:51:45.1540","2018-12-27 12:58:06.9710",3187,"Warren St",40.7211236,-74.03805095,3203,"Hamilton Park",40.727595966,-74.044247311,29593,"Subscriber",1968,1
67,"2018-12-27 12:55:49.8410","2018-12-27 12:56:57.3170",3187,"Warren St",40.7211236,-74.03805095,3187,"Warren St",40.7211236,-74.03805095,29641,"Subscriber",1987,1
207,"2018-12-27 13:38:14.6990","2018-12-27 13:41:41.9830",3187,"Warren St",40.7211236,-74.03805095,3202,"Newport PATH",40.7272235,-74.0337589,26153,"Subscriber",1985,1
296,"2018-12-27 17:45:36.1030","2018-12-27 17:50:32.7660",3187,"Warren St",40.7211236,-74.03805095,3209,"Brunswick St",40.7241765,-74.0506564,29597,"Subscriber",1989,1
639,"2018-12-27 17:55:36.1100","2018-12-27 18:06:15.5590",3187,"Warren St",40.7211236,-74.03805095,3185,"City Hall",40.7177325,-74.043845,29676,"Subscriber",1992,1
181,"2018-12-27 18:06:48.9450","2018-12-27 18:09:49.9800",3187,"Warren St",40.7211236,-74.03805095,3186,"Grove St PATH",40.71958611647166,-74.04311746358871,26223,"Subscriber",1972,1
585,"2018-12-27 18:34:36.8740","2018-12-27 18:44:22.7250",3187,"Warren St",40.7211236,-74.03805095,3640,"Journal Square",40.73367,-74.0625,29641,"Subscriber",1992,2
994,"2018-12-27 19:36:25.1650","2018-12-27 19:52:59.7090",3187,"Warren St",40.7211236,-74.03805095,3194,"McGinley Square",40.7253399253558,-74.06762212514877,26189,"Subscriber",1981,1
1709,"2018-12-27 22:11:41.9880","2018-12-27 22:40:11.5610",3187,"Warren St",40.7211236,-74.03805095,3187,"Warren St",40.7211236,-74.03805095,29659,"Customer",1969,0
227,"2018-12-28 10:42:48.6200","2018-12-28 10:46:36.2570",3187,"Warren St",40.7211236,-74.03805095,3202,"Newport PATH",40.7272235,-74.0337589,29659,"Subscriber",1990,1
508,"2018-12-28 13:48:43.3610","2018-12-28 13:57:11.8630",3187,"Warren St",40.7211236,-74.03805095,3639,"Harborside",40.7192517,-74.034234,26311,"Subscriber",1962,1
324,"2018-12-28 16:59:02.2340","2018-12-28 17:04:26.9450",3187,"Warren St",40.7211236,-74.03805095,3481,"York St",40.71649,-74.04105,29575,"Subscriber",1957,1
270,"2018-12-28 21:46:44.3670","2018-12-28 21:51:15.1170",3187,"Warren St",40.7211236,-74.03805095,3185,"City Hall",40.7177325,-74.043845,29592,"Subscriber",1983,1
251,"2018-12-29 01:03:52.6140","2018-12-29 01:08:04.4710",3187,"Warren St",40.7211236,-74.03805095,3186,"Grove St PATH",40.71958611647166,-74.04311746358871,29245,"Subscriber",1972,1
221,"2018-12-29 01:04:22.8420","2018-12-29 01:08:04.4040",3187,"Warren St",40.7211236,-74.03805095,3186,"Grove St PATH",40.71958611647166,-74.04311746358871,29278,"Subscriber",1995,1
301,"2018-12-29 09:29:27.3210","2018-12-29 09:34:29.1100",3187,"Warren St",40.7211236,-74.03805095,3202,"Newport PATH",40.7272235,-74.0337589,29503,"Subscriber",1967,1
67,"2018-12-29 11:09:05.7870","2018-12-29 11:10:12.9920",3187,"Warren St",40.7211236,-74.03805095,3275,"Columbus Drive",40.71835519823214,-74.03891444206238,29283,"Subscriber",1987,1
292,"2018-12-29 11:10:24.5600","2018-12-29 11:15:16.9230",3187,"Warren St",40.7211236,-74.03805095,3211,"Newark Ave",40.72152515,-74.046304543,29602,"Subscriber",1983,1
221,"2018-12-29 12:59:36.3470","2018-12-29 13:03:17.5660",3187,"Warren St",40.7211236,-74.03805095,3202,"Newport PATH",40.7272235,-74.0337589,29608,"Subscriber",1985,1
383,"2018-12-29 14:33:18.0240","2018-12-29 14:39:41.3240",3187,"Warren St",40.7211236,-74.03805095,3270,"Jersey & 6th St",40.72528910781132,-74.04557168483734,29610,"Subscriber",1986,1
268,"2018-12-29 20:14:52.3850","2018-12-29 20:19:20.9110",3187,"Warren St",40.7211236,-74.03805095,3276,"Marin Light Rail",40.71458403535893,-74.04281705617905,29676,"Subscriber",1989,1
1004,"2018-12-30 01:26:20.8350","2018-12-30 01:43:04.9400",3187,"Warren St",40.7211236,-74.03805095,3211,"Newark Ave",40.72152515,-74.046304543,29668,"Subscriber",1970,1
207,"2018-12-30 02:04:00.0780","2018-12-30 02:07:28.0200",3187,"Warren St",40.7211236,-74.03805095,3211,"Newark Ave",40.72152515,-74.046304543,29595,"Subscriber",1986,1
202,"2018-12-30 10:39:31.3470","2018-12-30 10:42:54.2170",3187,"Warren St",40.7211236,-74.03805095,3267,"Morris Canal",40.7124188237569,-74.03852552175522,26264,"Subscriber",1980,1
185,"2018-12-30 11:26:57.4710","2018-12-30 11:30:03.2230",3187,"Warren St",40.7211236,-74.03805095,3183,"Exchange Place",40.7162469,-74.0334588,29677,"Subscriber",1972,1
305,"2018-12-30 12:21:53.5830","2018-12-30 12:26:58.9640",3187,"Warren St",40.7211236,-74.03805095,3184,"Paulus Hook",40.7141454,-74.0335519,29495,"Subscriber",1989,1
220,"2018-12-30 12:30:53.1420","2018-12-30 12:34:33.2340",3187,"Warren St",40.7211236,-74.03805095,3202,"Newport PATH",40.7272235,-74.0337589,26202,"Subscriber",1985,1
190,"2018-12-30 14:22:04.0800","2018-12-30 14:25:14.3140",3187,"Warren St",40.7211236,-74.03805095,3639,"Harborside",40.7192517,-74.034234,26188,"Subscriber",1969,0
185,"2018-12-30 17:14:05.9480","2018-12-30 17:17:11.1460",3187,"Warren St",40.7211236,-74.03805095,3211,"Newark Ave",40.72152515,-74.046304543,29586,"Subscriber",1989,1
523,"2018-12-30 18:18:19.5400","2018-12-30 18:27:02.8580",3187,"Warren St",40.7211236,-74.03805095,3185,"City Hall",40.7177325,-74.043845,29659,"Subscriber",1990,2
107,"2018-12-30 18:54:14.9280","2018-12-30 18:56:02.7910",3187,"Warren St",40.7211236,-74.03805095,3275,"Columbus Drive",40.71835519823214,-74.03891444206238,29273,"Subscriber",1968,1
1712,"2018-12-30 18:59:23.6360","2018-12-30 19:27:55.9280",3187,"Warren St",40.7211236,-74.03805095,3269,"Brunswick & 6th",40.72601172964625,-74.05038893222809,29608,"Subscriber",1981,1
103,"2018-12-30 20:19:20.7630","2018-12-30 20:21:04.5030",3187,"Warren St",40.7211236,-74.03805095,3275,"Columbus Drive",40.71835519823214,-74.03891444206238,26247,"Subscriber",1983,1
157,"2018-12-30 21:31:34.7690","2018-12-30 21:34:12.2980",3187,"Warren St",40.7211236,-74.03805095,3639,"Harborside",40.7192517,-74.034234,26251,"Subscriber",1981,1
250,"2018-12-30 23:26:23.9100","2018-12-30 23:30:34.3880",3187,"Warren St",40.7211236,-74.03805095,3202,"Newport PATH",40.7272235,-74.0337589,29289,"Subscriber",1990,1
228,"2018-12-31 08:17:06.1290","2018-12-31 08:20:54.1790",3187,"Warren St",40.7211236,-74.03805095,3183,"Exchange Place",40.7162469,-74.0334588,29299,"Subscriber",1980,1
188,"2018-12-31 10:23:03.1850","2018-12-31 10:26:12.0160",3187,"Warren St",40.7211236,-74.03805095,3183,"Exchange Place",40.7162469,-74.0334588,26212,"Subscriber",1987,1
350,"2018-12-31 11:40:14.1870","2018-12-31 11:46:04.6770",3187,"Warren St",40.7211236,-74.03805095,3213,"Van Vorst Park",40.71848892,-74.047726625,26312,"Subscriber",1986,1
344,"2018-12-31 11:40:19.8720","2018-12-31 11:46:04.7510",3187,"Warren St",40.7211236,-74.03805095,3213,"Van Vorst Park",40.71848892,-74.047726625,29602,"Subscriber",1987,2
305,"2018-12-31 12:20:11.9560","2018-12-31 12:25:17.8840",3187,"Warren St",40.7211236,-74.03805095,3203,"Hamilton Park",40.727595966,-74.044247311,29593,"Subscriber",1987,1
1885,"2018-12-31 15:57:04.9340","2018-12-31 16:28:29.9960",3187,"Warren St",40.7211236,-74.03805095,3187,"Warren St",40.7211236,-74.03805095,26174,"Subscriber",1982,1
440,"2018-12-31 16:17:54.1370","2018-12-31 16:25:14.9660",3187,"Warren St",40.7211236,-74.03805095,3209,"Brunswick St",40.7241765,-74.0506564,26267,"Subscriber",1979,1
354,"2018-12-31 17:13:26.6750","2018-12-31 17:19:21.4370",3187,"Warren St",40.7211236,-74.03805095,3267,"Morris Canal",40.7124188237569,-74.03852552175522,29230,"Subscriber",1993,1
627,"2018-12-03 06:34:03.0850","2018-12-03 06:44:30.4290",3191,"Union St",40.7182113,-74.0836394,3195,"Sip Ave",40.73074262530658,-74.06378388404846,29249,"Subscriber",1990,1
1316,"2018-12-03 07:57:30.6030","2018-12-03 08:19:27.5960",3191,"Union St",40.7182113,-74.0836394,3195,"Sip Ave",40.73074262530658,-74.06378388404846,29541,"Subscriber",1971,2
923,"2018-12-03 08:35:08.2120","2018-12-03 08:50:31.9960",3191,"Union St",40.7182113,-74.0836394,3213,"Van Vorst Park",40.71848892,-74.047726625,29507,"Subscriber",1983,1
622,"2018-12-03 11:13:42.1210","2018-12-03 11:24:04.2060",3191,"Union St",40.7182113,-74.0836394,3195,"Sip Ave",40.73074262530658,-74.06378388404846,29442,"Subscriber",1994,1
724,"2018-12-04 04:43:57.8250","2018-12-04 04:56:02.1680",3191,"Union St",40.7182113,-74.0836394,3195,"Sip Ave",40.73074262530658,-74.06378388404846,26203,"Subscriber",1990,1
801,"2018-12-04 07:30:44.7700","2018-12-04 07:44:05.8540",3191,"Union St",40.7182113,-74.0836394,3195,"Sip Ave",40.73074262530658,-74.06378388404846,29611,"Subscriber",1971,2
575,"2018-12-04 09:31:05.7280","2018-12-04 09:40:40.7610",3191,"Union St",40.7182113,-74.0836394,3194,"McGinley Square",40.7253399253558,-74.06762212514877,26258,"Subscriber",1990,1
479,"2018-12-04 17:57:09.0120","2018-12-04 18:05:08.8810",3191,"Union St",40.7182113,-74.0836394,3194,"McGinley Square",40.7253399253558,-74.06762212514877,29469,"Subscriber",1990,1
709,"2018-12-05 06:31:12.3610","2018-12-05 06:43:01.8580",3191,"Union St",40.7182113,-74.0836394,3195,"Sip Ave",40.73074262530658,-74.06378388404846,29587,"Subscriber",1990,1
1058,"2018-12-05 07:55:57.0900","2018-12-05 08:13:35.9340",3191,"Union St",40.7182113,-74.0836394,3195,"Sip Ave",40.73074262530658,-74.06378388404846,26205,"Subscriber",1971,2
482,"2018-12-05 18:20:42.2890","2018-12-05 18:28:45.0050",3191,"Union St",40.7182113,-74.0836394,3194,"McGinley Square",40.7253399253558,-74.06762212514877,29262,"Subscriber",1990,1
963,"2018-12-06 08:20:12.6440","2018-12-06 08:36:16.5200",3191,"Union St",40.7182113,-74.0836394,3195,"Sip Ave",40.73074262530658,-74.06378388404846,26298,"Subscriber",1971,2
625,"2018-12-07 04:31:44.5200","2018-12-07 04:42:09.5720",3191,"Union St",40.7182113,-74.0836394,3195,"Sip Ave",40.73074262530658,-74.06378388404846,29577,"Subscriber",1990,1
1311,"2018-12-07 08:00:37.7570","2018-12-07 08:22:28.8480",3191,"Union St",40.7182113,-74.0836394,3195,"Sip Ave",40.73074262530658,-74.06378388404846,26219,"Subscriber",1971,2
540,"2018-12-07 09:23:39.4110","2018-12-07 09:32:39.5020",3191,"Union St",40.7182113,-74.0836394,3194,"McGinley Square",40.7253399253558,-74.06762212514877,29216,"Subscriber",1990,1
700,"2018-12-08 10:32:36.7490","2018-12-08 10:44:17.4170",3191,"Union St",40.7182113,-74.0836394,3195,"Sip Ave",40.73074262530658,-74.06378388404846,26172,"Subscriber",1990,1
687,"2018-12-10 06:31:16.2430","2018-12-10 06:42:43.3500",3191,"Union St",40.7182113,-74.0836394,3195,"Sip Ave",40.73074262530658,-74.06378388404846,29642,"Subscriber",1990,1
1003,"2018-12-10 07:50:40.5970","2018-12-10 08:07:24.4640",3191,"Union St",40.7182113,-74.0836394,3195,"Sip Ave",40.73074262530658,-74.06378388404846,29217,"Subscriber",1971,2
760,"2018-12-11 08:06:08.7290","2018-12-11 08:18:49.3960",3191,"Union St",40.7182113,-74.0836394,3195,"Sip Ave",40.73074262530658,-74.06378388404846,29205,"Subscriber",1987,2
457,"2018-12-11 09:20:47.4910","2018-12-11 09:28:24.8040",3191,"Union St",40.7182113,-74.0836394,3194,"McGinley Square",40.7253399253558,-74.06762212514877,26158,"Subscriber",1990,1
568,"2018-12-11 17:45:18.6610","2018-12-11 17:54:46.7330",3191,"Union St",40.7182113,-74.0836394,3194,"McGinley Square",40.7253399253558,-74.06762212514877,26300,"Subscriber",1990,1
632,"2018-12-12 06:36:04.7200","2018-12-12 06:46:36.7370",3191,"Union St",40.7182113,-74.0836394,3195,"Sip Ave",40.73074262530658,-74.06378388404846,29577,"Subscriber",1990,1
876,"2018-12-12 07:40:50.1470","2018-12-12 07:55:27.0900",3191,"Union St",40.7182113,-74.0836394,3195,"Sip Ave",40.73074262530658,-74.06378388404846,26187,"Subscriber",1971,2
526,"2018-12-12 18:20:49.0860","2018-12-12 18:29:35.5070",3191,"Union St",40.7182113,-74.0836394,3194,"McGinley Square",40.7253399253558,-74.06762212514877,29205,"Subscriber",1990,1
1136,"2018-12-12 19:57:25.7520","2018-12-12 20:16:22.1840",3191,"Union St",40.7182113,-74.0836394,3681,"Grand St",40.71517767732029,-74.03768330812454,26187,"Customer",1992,1
704,"2018-12-13 06:00:56.3570","2018-12-13 06:12:40.4800",3191,"Union St",40.7182113,-74.0836394,3195,"Sip Ave",40.73074262530658,-74.06378388404846,29205,"Subscriber",1990,1
615,"2018-12-15 10:42:51.0160","2018-12-15 10:53:06.1580",3191,"Union St",40.7182113,-74.0836394,3195,"Sip Ave",40.73074262530658,-74.06378388404846,29520,"Subscriber",1990,1
1121,"2018-12-17 13:32:17.2850","2018-12-17 13:50:58.3050",3191,"Union St",40.7182113,-74.0836394,3185,"City Hall",40.7177325,-74.043845,29450,"Subscriber",1991,1
705,"2018-12-17 15:22:04.5630","2018-12-17 15:33:50.0540",3191,"Union St",40.7182113,-74.0836394,3195,"Sip Ave",40.73074262530658,-74.06378388404846,29218,"Subscriber",1990,1
220,"2018-12-18 22:02:49.6750","2018-12-18 22:06:30.2270",3191,"Union St",40.7182113,-74.0836394,3193,"Lincoln Park",40.7246050998869,-74.07840594649315,29570,"Subscriber",1987,2
593,"2018-12-19 07:06:25.4240","2018-12-19 07:16:19.2740",3191,"Union St",40.7182113,-74.0836394,3195,"Sip Ave",40.73074262530658,-74.06378388404846,26292,"Subscriber",1990,1
1221,"2018-12-19 07:50:05.4440","2018-12-19 08:10:26.5470",3191,"Union St",40.7182113,-74.0836394,3195,"Sip Ave",40.73074262530658,-74.06378388404846,26161,"Subscriber",1971,2
694,"2018-12-19 18:28:17.3380","2018-12-19 18:39:51.4410",3191,"Union St",40.7182113,-74.0836394,3195,"Sip Ave",40.73074262530658,-74.06378388404846,29587,"Subscriber",1990,1
1054,"2018-12-20 08:10:02.1380","2018-12-20 08:27:36.7100",3191,"Union St",40.7182113,-74.0836394,3195,"Sip Ave",40.73074262530658,-74.06378388404846,26280,"Subscriber",1971,2
683,"2018-12-20 13:21:58.1780","2018-12-20 13:33:21.2010",3191,"Union St",40.7182113,-74.0836394,3195,"Sip Ave",40.73074262530658,-74.06378388404846,29444,"Subscriber",1990,1
760,"2018-12-20 20:29:02.5610","2018-12-20 20:41:43.4170",3191,"Union St",40.7182113,-74.0836394,3483,"Montgomery St",40.71942,-74.05099,26243,"Subscriber",1987,2
403,"2018-12-21 21:49:08.6350","2018-12-21 21:55:52.1060",3191,"Union St",40.7182113,-74.0836394,3280,"Astor Place",40.71928220070702,-74.07126188278198,26160,"Subscriber",1987,2
614,"2018-12-22 10:00:22.5280","2018-12-22 10:10:36.6550",3191,"Union St",40.7182113,-74.0836394,3194,"McGinley Square",40.7253399253558,-74.06762212514877,29547,"Subscriber",1991,1
863,"2018-12-26 00:00:18.7880","2018-12-26 00:14:42.2980",3191,"Union St",40.7182113,-74.0836394,3195,"Sip Ave",40.73074262530658,-74.06378388404846,29246,"Subscriber",1984,1
781,"2018-12-26 13:57:34.1690","2018-12-26 14:10:35.3580",3191,"Union St",40.7182113,-74.0836394,3195,"Sip Ave",40.73074262530658,-74.06378388404846,29249,"Subscriber",1962,1
644,"2018-12-27 06:51:30.9030","2018-12-27 07:02:15.8180",3191,"Union St",40.7182113,-74.0836394,3195,"Sip Ave",40.73074262530658,-74.06378388404846,29662,"Subscriber",1990,1
694,"2018-12-27 07:40:40.5320","2018-12-27 07:52:15.0220",3191,"Union St",40.7182113,-74.0836394,3195,"Sip Ave",40.73074262530658,-74.06378388404846,29551,"Subscriber",1992,1
1225,"2018-12-27 08:32:50.2240","2018-12-27 08:53:16.1140",3191,"Union St",40.7182113,-74.0836394,3183,"Exchange Place",40.7162469,-74.0334588,29247,"Subscriber",1987,2
698,"2018-12-27 09:14:08.8170","2018-12-27 09:25:47.7560",3191,"Union St",40.7182113,-74.0836394,3640,"Journal Square",40.73367,-74.0625,29673,"Subscriber",1991,1
710,"2018-12-27 09:29:07.9040","2018-12-27 09:40:57.9980",3191,"Union St",40.7182113,-74.0836394,3195,"Sip Ave",40.73074262530658,-74.06378388404846,29657,"Subscriber",1990,1
1438,"2018-12-27 16:02:50.2400","2018-12-27 16:26:48.5670",3191,"Union St",40.7182113,-74.0836394,3210,"Pershing Field",40.742677141,-74.051788633,26302,"Subscriber",1988,1
207,"2018-12-28 01:21:14.7570","2018-12-28 01:24:42.5800",3191,"Union St",40.7182113,-74.0836394,3193,"Lincoln Park",40.7246050998869,-74.07840594649315,29551,"Subscriber",1991,1
1338,"2018-12-28 08:34:08.2050","2018-12-28 08:56:27.0600",3191,"Union St",40.7182113,-74.0836394,3183,"Exchange Place",40.7162469,-74.0334588,29570,"Subscriber",1987,2
353,"2018-12-28 09:07:34.4740","2018-12-28 09:13:28.1440",3191,"Union St",40.7182113,-74.0836394,3280,"Astor Place",40.71928220070702,-74.07126188278198,29678,"Subscriber",1988,1
1501,"2018-12-28 12:22:38.3330","2018-12-28 12:47:39.5390",3191,"Union St",40.7182113,-74.0836394,3681,"Grand St",40.71517767732029,-74.03768330812454,29210,"Subscriber",1988,1
672,"2018-12-29 10:36:50.6340","2018-12-29 10:48:02.8270",3191,"Union St",40.7182113,-74.0836394,3195,"Sip Ave",40.73074262530658,-74.06378388404846,29551,"Subscriber",1990,1
978,"2018-12-29 11:00:00.6450","2018-12-29 11:16:19.4410",3191,"Union St",40.7182113,-74.0836394,3195,"Sip Ave",40.73074262530658,-74.06378388404846,29267,"Subscriber",1971,2
1039,"2018-12-29 11:32:25.8140","2018-12-29 11:49:45.6710",3191,"Union St",40.7182113,-74.0836394,3681,"Grand St",40.71517767732029,-74.03768330812454,26155,"Subscriber",1987,2
380,"2018-12-30 09:11:47.4800","2018-12-30 09:18:07.6390",3191,"Union St",40.7182113,-74.0836394,3280,"Astor Place",40.71928220070702,-74.07126188278198,29453,"Subscriber",1988,1
1132,"2018-12-30 15:51:02.9080","2018-12-30 16:09:55.4940",3191,"Union St",40.7182113,-74.0836394,3209,"Brunswick St",40.7241765,-74.0506564,26257,"Subscriber",1990,1
855,"2018-12-31 09:45:19.8350","2018-12-31 09:59:34.9620",3191,"Union St",40.7182113,-74.0836394,3195,"Sip Ave",40.73074262530658,-74.06378388404846,29300,"Subscriber",1962,1
521,"2018-12-01 05:18:36.9450","2018-12-01 05:27:18.7860",3192,"Liberty Light Rail",40.7112423,-74.0557013,3186,"Grove St PATH",40.71958611647166,-74.04311746358871,29300,"Subscriber",1983,1
467,"2018-12-01 08:58:40.8290","2018-12-01 09:06:28.7650",3192,"Liberty Light Rail",40.7112423,-74.0557013,3186,"Grove St PATH",40.71958611647166,-74.04311746358871,29223,"Subscriber",1977,1
1548,"2018-12-01 09:53:38.9200","2018-12-01 10:19:27.4510",3192,"Liberty Light Rail",40.7112423,-74.0557013,3192,"Liberty Light Rail",40.7112423,-74.0557013,26264,"Customer",1995,2
1546,"2018-12-01 09:53:47.9940","2018-12-01 10:19:34.8060",3192,"Liberty Light Rail",40.7112423,-74.0557013,3192,"Liberty Light Rail",40.7112423,-74.0557013,20783,"Customer",1992,1
589,"2018-12-01 10:23:07.0160","2018-12-01 10:32:56.1790",3192,"Liberty Light Rail",40.7112423,-74.0557013,3186,"Grove St PATH",40.71958611647166,-74.04311746358871,26264,"Customer",1995,2
594,"2018-12-01 10:23:06.0710","2018-12-01 10:33:00.4140",3192,"Liberty Light Rail",40.7112423,-74.0557013,3186,"Grove St PATH",40.71958611647166,-74.04311746358871,20783,"Customer",1992,1
1843,"2018-12-01 11:52:17.7350","2018-12-01 12:23:01.6990",3192,"Liberty Light Rail",40.7112423,-74.0557013,3192,"Liberty Light Rail",40.7112423,-74.0557013,29619,"Subscriber",1960,1
513,"2018-12-01 11:58:43.1600","2018-12-01 12:07:16.4960",3192,"Liberty Light Rail",40.7112423,-74.0557013,3280,"Astor Place",40.71928220070702,-74.07126188278198,29672,"Subscriber",1978,1
1348,"2018-12-01 14:11:19.0870","2018-12-01 14:33:47.6090",3192,"Liberty Light Rail",40.7112423,-74.0557013,3206,"Hilltop",40.7311689,-74.0575736,29217,"Subscriber",1976,2
1372,"2018-12-01 14:11:26.8450","2018-12-01 14:34:19.1910",3192,"Liberty Light Rail",40.7112423,-74.0557013,3206,"Hilltop",40.7311689,-74.0575736,26203,"Subscriber",1988,1
4716,"2018-12-01 14:15:46.6040","2018-12-01 15:34:23.4520",3192,"Liberty Light Rail",40.7112423,-74.0557013,3192,"Liberty Light Rail",40.7112423,-74.0557013,29471,"Customer",1969,0
493,"2018-12-02 09:33:27.2620","2018-12-02 09:41:40.7810",3192,"Liberty Light Rail",40.7112423,-74.0557013,3186,"Grove St PATH",40.71958611647166,-74.04311746358871,29619,"Subscriber",1992,1
785,"2018-12-02 15:41:12.4550","2018-12-02 15:54:18.2550",3192,"Liberty Light Rail",40.7112423,-74.0557013,3638,"Washington St",40.7242941,-74.0354826,33744,"Customer",1969,0
1152,"2018-12-02 15:55:17.3500","2018-12-02 16:14:29.9100",3192,"Liberty Light Rail",40.7112423,-74.0557013,3192,"Liberty Light Rail",40.7112423,-74.0557013,29578,"Customer",1969,0
538,"2018-12-02 18:10:06.7580","2018-12-02 18:19:05.3540",3192,"Liberty Light Rail",40.7112423,-74.0557013,3186,"Grove St PATH",40.71958611647166,-74.04311746358871,29644,"Subscriber",1992,1
399,"2018-12-03 03:29:14.2470","2018-12-03 03:35:53.5690",3192,"Liberty Light Rail",40.7112423,-74.0557013,3186,"Grove St PATH",40.71958611647166,-74.04311746358871,29658,"Subscriber",1992,2
750,"2018-12-03 07:25:32.1420","2018-12-03 07:38:02.4670",3192,"Liberty Light Rail",40.7112423,-74.0557013,3183,"Exchange Place",40.7162469,-74.0334588,29673,"Subscriber",1993,2
475,"2018-12-03 07:29:49.2400","2018-12-03 07:37:44.5810",3192,"Liberty Light Rail",40.7112423,-74.0557013,3186,"Grove St PATH",40.71958611647166,-74.04311746358871,29586,"Subscriber",1985,1
472,"2018-12-03 07:59:12.0700","2018-12-03 08:07:04.6550",3192,"Liberty Light Rail",40.7112423,-74.0557013,3186,"Grove St PATH",40.71958611647166,-74.04311746358871,29289,"Subscriber",1969,1
750,"2018-12-03 08:03:26.2530","2018-12-03 08:15:56.3690",3192,"Liberty Light Rail",40.7112423,-74.0557013,3639,"Harborside",40.7192517,-74.034234,29619,"Subscriber",1984,1
372,"2018-12-03 08:08:50.0160","2018-12-03 08:15:02.4510",3192,"Liberty Light Rail",40.7112423,-74.0557013,3213,"Van Vorst Park",40.71848892,-74.047726625,26245,"Subscriber",1977,1
515,"2018-12-03 08:19:59.2370","2018-12-03 08:28:34.8140",3192,"Liberty Light Rail",40.7112423,-74.0557013,3186,"Grove St PATH",40.71958611647166,-74.04311746358871,29682,"Subscriber",1983,1
491,"2018-12-03 08:26:05.9890","2018-12-03 08:34:17.1230",3192,"Liberty Light Rail",40.7112423,-74.0557013,3185,"City Hall",40.7177325,-74.043845,26293,"Subscriber",1990,1
499,"2018-12-03 08:29:30.9140","2018-12-03 08:37:50.8200",3192,"Liberty Light Rail",40.7112423,-74.0557013,3185,"City Hall",40.7177325,-74.043845,29244,"Subscriber",1991,2
683,"2018-12-03 08:37:04.3340","2018-12-03 08:48:28.1960",3192,"Liberty Light Rail",40.7112423,-74.0557013,3183,"Exchange Place",40.7162469,-74.0334588,29533,"Subscriber",1988,1
496,"2018-12-03 09:19:54.5800","2018-12-03 09:28:10.5940",3192,"Liberty Light Rail",40.7112423,-74.0557013,3214,"Essex Light Rail",40.7127742,-74.0364857,26302,"Subscriber",1985,1
423,"2018-12-03 09:35:54.2440","2018-12-03 09:42:58.1320",3192,"Liberty Light Rail",40.7112423,-74.0557013,3185,"City Hall",40.7177325,-74.043845,29254,"Subscriber",1982,1
913,"2018-12-03 09:41:32.9600","2018-12-03 09:56:46.9090",3192,"Liberty Light Rail",40.7112423,-74.0557013,3639,"Harborside",40.7192517,-74.034234,29509,"Subscriber",1978,1
1537,"2018-12-03 10:08:21.2580","2018-12-03 10:33:58.9290",3192,"Liberty Light Rail",40.7112423,-74.0557013,3183,"Exchange Place",40.7162469,-74.0334588,29515,"Subscriber",1971,2
632,"2018-12-03 11:17:48.1370","2018-12-03 11:28:20.5930",3192,"Liberty Light Rail",40.7112423,-74.0557013,3275,"Columbus Drive",40.71835519823214,-74.03891444206238,26234,"Subscriber",1987,1
475,"2018-12-03 12:36:52.5180","2018-12-03 12:44:47.8330",3192,"Liberty Light Rail",40.7112423,-74.0557013,3186,"Grove St PATH",40.71958611647166,-74.04311746358871,29297,"Subscriber",1992,1
2323,"2018-12-03 13:23:32.5110","2018-12-03 14:02:16.0360",3192,"Liberty Light Rail",40.7112423,-74.0557013,3192,"Liberty Light Rail",40.7112423,-74.0557013,29578,"Subscriber",1971,2
1464,"2018-12-03 17:04:43.6410","2018-12-03 17:29:08.3650",3192,"Liberty Light Rail",40.7112423,-74.0557013,3192,"Liberty Light Rail",40.7112423,-74.0557013,29446,"Subscriber",1981,1
646,"2018-12-03 17:33:37.7650","2018-12-03 17:44:24.4580",3192,"Liberty Light Rail",40.7112423,-74.0557013,3211,"Newark Ave",40.72152515,-74.046304543,29578,"Subscriber",1981,1
886,"2018-12-03 18:25:30.2720","2018-12-03 18:40:16.6650",3192,"Liberty Light Rail",40.7112423,-74.0557013,3192,"Liberty Light Rail",40.7112423,-74.0557013,29535,"Subscriber",1988,1
192,"2018-12-03 20:05:20.5880","2018-12-03 20:08:33.5240",3192,"Liberty Light Rail",40.7112423,-74.0557013,3268,"Lafayette Park",40.71346382669195,-74.06285852193832,29607,"Subscriber",1991,1
445,"2018-12-04 04:06:23.8040","2018-12-04 04:13:49.6850",3192,"Liberty Light Rail",40.7112423,-74.0557013,3186,"Grove St PATH",40.71958611647166,-74.04311746358871,29535,"Subscriber",1992,2
623,"2018-12-04 05:44:41.7950","2018-12-04 05:55:05.0300",3192,"Liberty Light Rail",40.7112423,-74.0557013,3183,"Exchange Place",40.7162469,-74.0334588,26216,"Subscriber",1960,1
627,"2018-12-04 07:25:23.3760","2018-12-04 07:35:51.3080",3192,"Liberty Light Rail",40.7112423,-74.0557013,3183,"Exchange Place",40.7162469,-74.0334588,26184,"Subscriber",1990,1
540,"2018-12-04 07:39:37.6070","2018-12-04 07:48:37.6440",3192,"Liberty Light Rail",40.7112423,-74.0557013,3186,"Grove St PATH",40.71958611647166,-74.04311746358871,26284,"Subscriber",1973,1
434,"2018-12-04 07:46:22.5720","2018-12-04 07:53:36.9120",3192,"Liberty Light Rail",40.7112423,-74.0557013,3185,"City Hall",40.7177325,-74.043845,29584,"Subscriber",1986,1
489,"2018-12-04 07:49:29.8020","2018-12-04 07:57:39.6170",3192,"Liberty Light Rail",40.7112423,-74.0557013,3186,"Grove St PATH",40.71958611647166,-74.04311746358871,29604,"Subscriber",1954,1
694,"2018-12-04 07:51:47.3720","2018-12-04 08:03:21.7090",3192,"Liberty Light Rail",40.7112423,-74.0557013,3183,"Exchange Place",40.7162469,-74.0334588,29519,"Subscriber",1980,1
807,"2018-12-04 07:57:54.5830","2018-12-04 08:11:22.2670",3192,"Liberty Light Rail",40.7112423,-74.0557013,3639,"Harborside",40.7192517,-74.034234,26316,"Subscriber",1984,1
571,"2018-12-04 07:59:08.9840","2018-12-04 08:08:40.3270",3192,"Liberty Light Rail",40.7112423,-74.0557013,3186,"Grove St PATH",40.71958611647166,-74.04311746358871,29673,"Subscriber",1969,1
778,"2018-12-04 08:00:43.4620","2018-12-04 08:13:41.8500",3192,"Liberty Light Rail",40.7112423,-74.0557013,3183,"Exchange Place",40.7162469,-74.0334588,29500,"Subscriber",1993,2
1338,"2018-12-04 08:15:35.7230","2018-12-04 08:37:54.6820",3192,"Liberty Light Rail",40.7112423,-74.0557013,3184,"Paulus Hook",40.7141454,-74.0335519,29123,"Subscriber",1984,1
518,"2018-12-04 08:16:42.2450","2018-12-04 08:25:21.0830",3192,"Liberty Light Rail",40.7112423,-74.0557013,3186,"Grove St PATH",40.71958611647166,-74.04311746358871,29446,"Subscriber",1983,1
405,"2018-12-04 08:26:06.7290","2018-12-04 08:32:52.4430",3192,"Liberty Light Rail",40.7112423,-74.0557013,3186,"Grove St PATH",40.71958611647166,-74.04311746358871,29653,"Subscriber",1988,1
474,"2018-12-04 08:28:39.2370","2018-12-04 08:36:33.4960",3192,"Liberty Light Rail",40.7112423,-74.0557013,3185,"City Hall",40.7177325,-74.043845,29536,"Subscriber",1990,1
612,"2018-12-04 08:41:28.8460","2018-12-04 08:51:41.3050",3192,"Liberty Light Rail",40.7112423,-74.0557013,3183,"Exchange Place",40.7162469,-74.0334588,29198,"Subscriber",1985,1
451,"2018-12-04 08:58:28.9620","2018-12-04 09:06:00.1290",3192,"Liberty Light Rail",40.7112423,-74.0557013,3214,"Essex Light Rail",40.7127742,-74.0364857,26302,"Subscriber",1985,1
787,"2018-12-04 09:08:17.2800","2018-12-04 09:21:25.0180",3192,"Liberty Light Rail",40.7112423,-74.0557013,3183,"Exchange Place",40.7162469,-74.0334588,29507,"Subscriber",1978,1
427,"2018-12-04 14:09:53.4780","2018-12-04 14:17:01.2480",3192,"Liberty Light Rail",40.7112423,-74.0557013,3186,"Grove St PATH",40.71958611647166,-74.04311746358871,29471,"Subscriber",1975,1
200,"2018-12-04 20:02:41.2460","2018-12-04 20:06:02.0240",3192,"Liberty Light Rail",40.7112423,-74.0557013,3268,"Lafayette Park",40.71346382669195,-74.06285852193832,26316,"Subscriber",1991,1
454,"2018-12-05 07:30:11.7440","2018-12-05 07:37:45.9270",3192,"Liberty Light Rail",40.7112423,-74.0557013,3186,"Grove St PATH",40.71958611647166,-74.04311746358871,26204,"Subscriber",1985,1
547,"2018-12-05 07:34:01.1240","2018-12-05 07:43:08.1770",3192,"Liberty Light Rail",40.7112423,-74.0557013,3185,"City Hall",40.7177325,-74.043845,29289,"Subscriber",1990,1
743,"2018-12-05 07:36:22.6620","2018-12-05 07:48:46.5560",3192,"Liberty Light Rail",40.7112423,-74.0557013,3183,"Exchange Place",40.7162469,-74.0334588,29498,"Subscriber",1980,1
519,"2018-12-05 07:48:42.9190","2018-12-05 07:57:22.3020",3192,"Liberty Light Rail",40.7112423,-74.0557013,3186,"Grove St PATH",40.71958611647166,-74.04311746358871,26193,"Subscriber",1954,1
637,"2018-12-05 07:52:02.4080","2018-12-05 08:02:40.1760",3192,"Liberty Light Rail",40.7112423,-74.0557013,3186,"Grove St PATH",40.71958611647166,-74.04311746358871,29228,"Subscriber",1969,1
722,"2018-12-05 07:52:37.7650","2018-12-05 08:04:39.8620",3192,"Liberty Light Rail",40.7112423,-74.0557013,3183,"Exchange Place",40.7162469,-74.0334588,26215,"Subscriber",1990,1
691,"2018-12-05 08:01:50.6750","2018-12-05 08:13:22.5150",3192,"Liberty Light Rail",40.7112423,-74.0557013,3639,"Harborside",40.7192517,-74.034234,29588,"Subscriber",1984,1
542,"2018-12-05 08:07:09.0640","2018-12-05 08:16:11.5630",3192,"Liberty Light Rail",40.7112423,-74.0557013,3186,"Grove St PATH",40.71958611647166,-74.04311746358871,26274,"Subscriber",1983,1
354,"2018-12-05 08:10:22.0320","2018-12-05 08:16:16.3290",3192,"Liberty Light Rail",40.7112423,-74.0557013,3276,"Marin Light Rail",40.71458403535893,-74.04281705617905,29298,"Subscriber",1991,1
483,"2018-12-05 09:31:07.3380","2018-12-05 09:39:10.8640",3192,"Liberty Light Rail",40.7112423,-74.0557013,3186,"Grove St PATH",40.71958611647166,-74.04311746358871,29509,"Subscriber",1979,1
650,"2018-12-05 09:38:24.3000","2018-12-05 09:49:15.0540",3192,"Liberty Light Rail",40.7112423,-74.0557013,3186,"Grove St PATH",40.71958611647166,-74.04311746358871,26202,"Subscriber",1966,2
767,"2018-12-05 10:47:21.8000","2018-12-05 11:00:09.7570",3192,"Liberty Light Rail",40.7112423,-74.0557013,3183,"Exchange Place",40.7162469,-74.0334588,26257,"Subscriber",1978,1
2160,"2018-12-05 18:12:14.5790","2018-12-05 18:48:15.0860",3192,"Liberty Light Rail",40.7112423,-74.0557013,3192,"Liberty Light Rail",40.7112423,-74.0557013,29588,"Subscriber",1971,2
296,"2018-12-05 18:28:10.2510","2018-12-05 18:33:06.2800",3192,"Liberty Light Rail",40.7112423,-74.0557013,3213,"Van Vorst Park",40.71848892,-74.047726625,29587,"Subscriber",1985,1
196,"2018-12-05 21:11:52.8790","2018-12-05 21:15:09.0630",3192,"Liberty Light Rail",40.7112423,-74.0557013,3268,"Lafayette Park",40.71346382669195,-74.06285852193832,29588,"Subscriber",1991,1
472,"2018-12-06 03:29:47.8380","2018-12-06 03:37:40.6500",3192,"Liberty Light Rail",40.7112423,-74.0557013,3186,"Grove St PATH",40.71958611647166,-74.04311746358871,29445,"Subscriber",1992,2
651,"2018-12-06 07:12:23.3860","2018-12-06 07:23:15.3260",3192,"Liberty Light Rail",40.7112423,-74.0557013,3184,"Paulus Hook",40.7141454,-74.0335519,26246,"Subscriber",1960,1
440,"2018-12-06 07:38:15.8220","2018-12-06 07:45:36.6710",3192,"Liberty Light Rail",40.7112423,-74.0557013,3186,"Grove St PATH",40.71958611647166,-74.04311746358871,29484,"Subscriber",1985,1
443,"2018-12-06 07:44:48.9710","2018-12-06 07:52:12.4420",3192,"Liberty Light Rail",40.7112423,-74.0557013,3185,"City Hall",40.7177325,-74.043845,29483,"Subscriber",1986,1
552,"2018-12-06 07:51:16.8080","2018-12-06 08:00:29.6960",3192,"Liberty Light Rail",40.7112423,-74.0557013,3186,"Grove St PATH",40.71958611647166,-74.04311746358871,29446,"Subscriber",1954,1
604,"2018-12-06 07:56:53.5680","2018-12-06 08:06:57.9310",3192,"Liberty Light Rail",40.7112423,-74.0557013,3186,"Grove St PATH",40.71958611647166,-74.04311746358871,28164,"Subscriber",1969,1
635,"2018-12-06 07:57:55.3540","2018-12-06 08:08:31.2060",3192,"Liberty Light Rail",40.7112423,-74.0557013,3639,"Harborside",40.7192517,-74.034234,26241,"Subscriber",1984,1
935,"2018-12-06 08:00:58.9160","2018-12-06 08:16:34.2420",3192,"Liberty Light Rail",40.7112423,-74.0557013,3183,"Exchange Place",40.7162469,-74.0334588,29668,"Subscriber",1993,2
671,"2018-12-06 08:13:02.5840","2018-12-06 08:24:13.6120",3192,"Liberty Light Rail",40.7112423,-74.0557013,3183,"Exchange Place",40.7162469,-74.0334588,29573,"Subscriber",1990,1
588,"2018-12-06 08:21:07.3530","2018-12-06 08:30:56.3010",3192,"Liberty Light Rail",40.7112423,-74.0557013,3186,"Grove St PATH",40.71958611647166,-74.04311746358871,29434,"Subscriber",1983,1
536,"2018-12-06 08:25:43.0130","2018-12-06 08:34:39.4780",3192,"Liberty Light Rail",40.7112423,-74.0557013,3185,"City Hall",40.7177325,-74.043845,29507,"Subscriber",1990,1
517,"2018-12-06 08:40:22.3600","2018-12-06 08:48:59.8320",3192,"Liberty Light Rail",40.7112423,-74.0557013,3185,"City Hall",40.7177325,-74.043845,29204,"Subscriber",1995,2
468,"2018-12-06 08:48:43.6320","2018-12-06 08:56:31.8840",3192,"Liberty Light Rail",40.7112423,-74.0557013,3214,"Essex Light Rail",40.7127742,-74.0364857,29239,"Subscriber",1985,1
794,"2018-12-06 09:10:06.3350","2018-12-06 09:23:21.3090",3192,"Liberty Light Rail",40.7112423,-74.0557013,3183,"Exchange Place",40.7162469,-74.0334588,29298,"Subscriber",1978,1
611,"2018-12-06 09:39:18.2870","2018-12-06 09:49:30.1660",3192,"Liberty Light Rail",40.7112423,-74.0557013,3186,"Grove St PATH",40.71958611647166,-74.04311746358871,29536,"Subscriber",1966,2
430,"2018-12-06 09:40:14.5760","2018-12-06 09:47:24.6510",3192,"Liberty Light Rail",40.7112423,-74.0557013,3186,"Grove St PATH",40.71958611647166,-74.04311746358871,26206,"Subscriber",1979,1
2234,"2018-12-06 13:31:25.0980","2018-12-06 14:08:39.8100",3192,"Liberty Light Rail",40.7112423,-74.0557013,3192,"Liberty Light Rail",40.7112423,-74.0557013,26172,"Subscriber",1971,2
472,"2018-12-06 17:01:57.4450","2018-12-06 17:09:50.3670",3192,"Liberty Light Rail",40.7112423,-74.0557013,3278,"Monmouth and 6th",40.72568548362901,-74.04879033565521,26202,"Subscriber",1991,1
542,"2018-12-06 19:36:35.3140","2018-12-06 19:45:37.4120",3192,"Liberty Light Rail",40.7112423,-74.0557013,3211,"Newark Ave",40.72152515,-74.046304543,29485,"Subscriber",1979,1
216,"2018-12-06 20:54:20.5440","2018-12-06 20:57:57.2080",3192,"Liberty Light Rail",40.7112423,-74.0557013,3268,"Lafayette Park",40.71346382669195,-74.06285852193832,29610,"Subscriber",1985,1
509,"2018-12-07 07:30:46.1370","2018-12-07 07:39:15.2160",3192,"Liberty Light Rail",40.7112423,-74.0557013,3186,"Grove St PATH",40.71958611647166,-74.04311746358871,29460,"Subscriber",1985,1
706,"2018-12-07 07:37:50.3290","2018-12-07 07:49:36.4170",3192,"Liberty Light Rail",40.7112423,-74.0557013,3183,"Exchange Place",40.7162469,-74.0334588,29587,"Subscriber",1980,1
534,"2018-12-07 07:58:14.2060","2018-12-07 08:07:08.7210",3192,"Liberty Light Rail",40.7112423,-74.0557013,3186,"Grove St PATH",40.71958611647166,-74.04311746358871,29583,"Subscriber",1969,1
357,"2018-12-07 08:00:23.7990","2018-12-07 08:06:20.9940",3192,"Liberty Light Rail",40.7112423,-74.0557013,3213,"Van Vorst Park",40.71848892,-74.047726625,26233,"Subscriber",1990,1
478,"2018-12-07 08:29:33.5960","2018-12-07 08:37:31.8670",3192,"Liberty Light Rail",40.7112423,-74.0557013,3186,"Grove St PATH",40.71958611647166,-74.04311746358871,26284,"Subscriber",1979,1
1087,"2018-12-07 08:48:37.7140","2018-12-07 09:06:45.2360",3192,"Liberty Light Rail",40.7112423,-74.0557013,3681,"Grand St",40.71517767732029,-74.03768330812454,26262,"Subscriber",1985,1
619,"2018-12-07 08:52:34.6720","2018-12-07 09:02:54.6210",3192,"Liberty Light Rail",40.7112423,-74.0557013,3185,"City Hall",40.7177325,-74.043845,29589,"Subscriber",1988,1
505,"2018-12-07 09:29:07.5660","2018-12-07 09:37:33.4530",3192,"Liberty Light Rail",40.7112423,-74.0557013,3214,"Essex Light Rail",40.7127742,-74.0364857,29212,"Subscriber",1984,1
789,"2018-12-07 09:45:32.9810","2018-12-07 09:58:42.8770",3192,"Liberty Light Rail",40.7112423,-74.0557013,3183,"Exchange Place",40.7162469,-74.0334588,26253,"Subscriber",1978,1
825,"2018-12-07 11:40:28.7530","2018-12-07 11:54:14.0380",3192,"Liberty Light Rail",40.7112423,-74.0557013,3203,"Hamilton Park",40.727595966,-74.044247311,29126,"Subscriber",1970,2
404,"2018-12-07 18:55:36.3680","2018-12-07 19:02:21.3530",3192,"Liberty Light Rail",40.7112423,-74.0557013,3276,"Marin Light Rail",40.71458403535893,-74.04281705617905,26159,"Subscriber",1984,1
484,"2018-12-08 12:15:46.2110","2018-12-08 12:23:50.9100",3192,"Liberty Light Rail",40.7112423,-74.0557013,3186,"Grove St PATH",40.71958611647166,-74.04311746358871,29266,"Subscriber",1979,1
533,"2018-12-08 13:31:28.8890","2018-12-08 13:40:22.3910",3192,"Liberty Light Rail",40.7112423,-74.0557013,3211,"Newark Ave",40.72152515,-74.046304543,29519,"Subscriber",1958,1
485,"2018-12-08 13:39:04.1620","2018-12-08 13:47:09.5390",3192,"Liberty Light Rail",40.7112423,-74.0557013,3186,"Grove St PATH",40.71958611647166,-74.04311746358871,29212,"Subscriber",1988,1
444,"2018-12-08 14:37:17.1960","2018-12-08 14:44:41.5900",3192,"Liberty Light Rail",40.7112423,-74.0557013,3186,"Grove St PATH",40.71958611647166,-74.04311746358871,29573,"Subscriber",1975,1
933,"2018-12-08 15:41:21.1000","2018-12-08 15:56:54.7780",3192,"Liberty Light Rail",40.7112423,-74.0557013,3203,"Hamilton Park",40.727595966,-74.044247311,26254,"Customer",1984,2
923,"2018-12-08 15:41:22.3580","2018-12-08 15:56:45.5180",3192,"Liberty Light Rail",40.7112423,-74.0557013,3203,"Hamilton Park",40.727595966,-74.044247311,26158,"Customer",1976,1
434,"2018-12-08 17:10:43.3070","2018-12-08 17:17:58.0920",3192,"Liberty Light Rail",40.7112423,-74.0557013,3186,"Grove St PATH",40.71958611647166,-74.04311746358871,29483,"Subscriber",1988,1
681,"2018-12-09 09:15:44.6220","2018-12-09 09:27:06.0980",3192,"Liberty Light Rail",40.7112423,-74.0557013,3203,"Hamilton Park",40.727595966,-74.044247311,29288,"Subscriber",1989,1
346,"2018-12-09 10:09:45.4880","2018-12-09 10:15:31.6510",3192,"Liberty Light Rail",40.7112423,-74.0557013,3276,"Marin Light Rail",40.71458403535893,-74.04281705617905,29606,"Subscriber",1986,1
777,"2018-12-09 12:28:33.9020","2018-12-09 12:41:31.4500",3192,"Liberty Light Rail",40.7112423,-74.0557013,3187,"Warren St",40.7211236,-74.03805095,29533,"Subscriber",1992,2
556,"2018-12-09 12:29:06.1340","2018-12-09 12:38:22.8180",3192,"Liberty Light Rail",40.7112423,-74.0557013,3272,"Jersey & 3rd",40.72333158646436,-74.04595255851744,29672,"Subscriber",1976,1
411,"2018-12-09 13:00:13.9180","2018-12-09 13:07:05.3150",3192,"Liberty Light Rail",40.7112423,-74.0557013,3186,"Grove St PATH",40.71958611647166,-74.04311746358871,29210,"Subscriber",1988,1
371,"2018-12-09 15:23:17.8910","2018-12-09 15:29:28.8960",3192,"Liberty Light Rail",40.7112423,-74.0557013,3213,"Van Vorst Park",40.71848892,-74.047726625,29460,"Subscriber",1967,1
628,"2018-12-10 07:19:49.8590","2018-12-10 07:30:18.3010",3192,"Liberty Light Rail",40.7112423,-74.0557013,3184,"Paulus Hook",40.7141454,-74.0335519,26270,"Subscriber",1960,1
528,"2018-12-10 07:33:19.9010","2018-12-10 07:42:08.0620",3192,"Liberty Light Rail",40.7112423,-74.0557013,3186,"Grove St PATH",40.71958611647166,-74.04311746358871,29663,"Subscriber",1985,1
789,"2018-12-10 07:55:00.3160","2018-12-10 08:08:09.3800",3192,"Liberty Light Rail",40.7112423,-74.0557013,3183,"Exchange Place",40.7162469,-74.0334588,29678,"Subscriber",1980,1
637,"2018-12-10 08:02:00.5550","2018-12-10 08:12:37.6120",3192,"Liberty Light Rail",40.7112423,-74.0557013,3183,"Exchange Place",40.7162469,-74.0334588,29434,"Subscriber",1990,1
525,"2018-12-10 08:02:14.5670","2018-12-10 08:10:59.7370",3192,"Liberty Light Rail",40.7112423,-74.0557013,3186,"Grove St PATH",40.71958611647166,-74.04311746358871,29592,"Subscriber",1969,1
625,"2018-12-10 08:20:17.0130","2018-12-10 08:30:42.5380",3192,"Liberty Light Rail",40.7112423,-74.0557013,3186,"Grove St PATH",40.71958611647166,-74.04311746358871,26318,"Subscriber",1983,1
483,"2018-12-10 12:33:26.4780","2018-12-10 12:41:29.6270",3192,"Liberty Light Rail",40.7112423,-74.0557013,3186,"Grove St PATH",40.71958611647166,-74.04311746358871,26248,"Subscriber",1992,1
1690,"2018-12-10 13:48:47.3810","2018-12-10 14:16:58.3420",3192,"Liberty Light Rail",40.7112423,-74.0557013,3183,"Exchange Place",40.7162469,-74.0334588,29545,"Subscriber",1975,1
2130,"2018-12-10 16:04:15.2060","2018-12-10 16:39:45.5530",3192,"Liberty Light Rail",40.7112423,-74.0557013,3192,"Liberty Light Rail",40.7112423,-74.0557013,26210,"Subscriber",1971,2
478,"2018-12-10 17:50:07.8840","2018-12-10 17:58:06.7230",3192,"Liberty Light Rail",40.7112423,-74.0557013,3185,"City Hall",40.7177325,-74.043845,26153,"Customer",1969,0
678,"2018-12-11 07:26:29.4650","2018-12-11 07:37:48.1950",3192,"Liberty Light Rail",40.7112423,-74.0557013,3183,"Exchange Place",40.7162469,-74.0334588,33744,"Subscriber",1990,1
528,"2018-12-11 07:33:14.0920","2018-12-11 07:42:02.9490",3192,"Liberty Light Rail",40.7112423,-74.0557013,3186,"Grove St PATH",40.71958611647166,-74.04311746358871,29662,"Subscriber",1985,1
825,"2018-12-11 07:40:13.6730","2018-12-11 07:53:59.2840",3192,"Liberty Light Rail",40.7112423,-74.0557013,3183,"Exchange Place",40.7162469,-74.0334588,29604,"Subscriber",1993,2
696,"2018-12-11 07:47:53.3220","2018-12-11 07:59:29.6670",3192,"Liberty Light Rail",40.7112423,-74.0557013,3183,"Exchange Place",40.7162469,-74.0334588,29236,"Subscriber",1985,1
519,"2018-12-11 07:48:55.5130","2018-12-11 07:57:34.8060",3192,"Liberty Light Rail",40.7112423,-74.0557013,3186,"Grove St PATH",40.71958611647166,-74.04311746358871,26210,"Subscriber",1954,1
617,"2018-12-11 07:52:17.2460","2018-12-11 08:02:34.5730",3192,"Liberty Light Rail",40.7112423,-74.0557013,3183,"Exchange Place",40.7162469,-74.0334588,29573,"Subscriber",1980,1
709,"2018-12-11 07:57:49.2270","2018-12-11 08:09:38.3690",3192,"Liberty Light Rail",40.7112423,-74.0557013,3639,"Harborside",40.7192517,-74.034234,29243,"Subscriber",1984,1
548,"2018-12-11 08:00:40.5120","2018-12-11 08:09:49.3360",3192,"Liberty Light Rail",40.7112423,-74.0557013,3185,"City Hall",40.7177325,-74.043845,26160,"Subscriber",1988,1
552,"2018-12-11 08:04:36.1750","2018-12-11 08:13:48.3310",3192,"Liberty Light Rail",40.7112423,-74.0557013,3186,"Grove St PATH",40.71958611647166,-74.04311746358871,26271,"Subscriber",1969,1
549,"2018-12-11 08:15:55.2650","2018-12-11 08:25:05.0410",3192,"Liberty Light Rail",40.7112423,-74.0557013,3186,"Grove St PATH",40.71958611647166,-74.04311746358871,29266,"Subscriber",1983,1
505,"2018-12-11 08:32:43.6580","2018-12-11 08:41:08.8960",3192,"Liberty Light Rail",40.7112423,-74.0557013,3185,"City Hall",40.7177325,-74.043845,26292,"Subscriber",1990,1
518,"2018-12-11 08:50:07.0660","2018-12-11 08:58:45.6810",3192,"Liberty Light Rail",40.7112423,-74.0557013,3214,"Essex Light Rail",40.7127742,-74.0364857,29252,"Subscriber",1985,1
884,"2018-12-11 09:11:25.4910","2018-12-11 09:26:10.1920",3192,"Liberty Light Rail",40.7112423,-74.0557013,3183,"Exchange Place",40.7162469,-74.0334588,26274,"Subscriber",1978,1
604,"2018-12-11 09:57:44.4230","2018-12-11 10:07:48.9620",3192,"Liberty Light Rail",40.7112423,-74.0557013,3267,"Morris Canal",40.7124188237569,-74.03852552175522,29471,"Subscriber",1976,1
618,"2018-12-11 10:28:33.5070","2018-12-11 10:38:52.4570",3192,"Liberty Light Rail",40.7112423,-74.0557013,3186,"Grove St PATH",40.71958611647166,-74.04311746358871,29251,"Customer",1969,0
383,"2018-12-11 11:59:35.7740","2018-12-11 12:05:59.0000",3192,"Liberty Light Rail",40.7112423,-74.0557013,3211,"Newark Ave",40.72152515,-74.046304543,29124,"Subscriber",1992,1
482,"2018-12-11 13:39:37.5430","2018-12-11 13:47:40.4210",3192,"Liberty Light Rail",40.7112423,-74.0557013,3185,"City Hall",40.7177325,-74.043845,29596,"Subscriber",1989,1
2035,"2018-12-11 16:21:21.8960","2018-12-11 16:55:17.6260",3192,"Liberty Light Rail",40.7112423,-74.0557013,3192,"Liberty Light Rail",40.7112423,-74.0557013,29525,"Subscriber",1971,2
364,"2018-12-11 18:58:12.7860","2018-12-11 19:04:17.2700",3192,"Liberty Light Rail",40.7112423,-74.0557013,3211,"Newark Ave",40.72152515,-74.046304543,29679,"Subscriber",1985,1
61,"2018-12-12 07:19:25.7530","2018-12-12 07:20:27.3670",3192,"Liberty Light Rail",40.7112423,-74.0557013,3192,"Liberty Light Rail",40.7112423,-74.0557013,29500,"Subscriber",1986,1
385,"2018-12-12 07:20:35.8090","2018-12-12 07:27:01.2160",3192,"Liberty Light Rail",40.7112423,-74.0557013,3185,"City Hall",40.7177325,-74.043845,29597,"Subscriber",1986,1
643,"2018-12-12 07:42:04.9020","2018-12-12 07:52:48.0570",3192,"Liberty Light Rail",40.7112423,-74.0557013,3183,"Exchange Place",40.7162469,-74.0334588,29500,"Subscriber",1990,1
537,"2018-12-12 07:59:26.4520","2018-12-12 08:08:23.9000",3192,"Liberty Light Rail",40.7112423,-74.0557013,3185,"City Hall",40.7177325,-74.043845,29551,"Subscriber",1988,1
530,"2018-12-12 07:59:52.3550","2018-12-12 08:08:43.0080",3192,"Liberty Light Rail",40.7112423,-74.0557013,3186,"Grove St PATH",40.71958611647166,-74.04311746358871,29611,"Subscriber",1969,1
636,"2018-12-12 08:04:24.2410","2018-12-12 08:15:00.2830",3192,"Liberty Light Rail",40.7112423,-74.0557013,3639,"Harborside",40.7192517,-74.034234,26197,"Subscriber",1984,1
661,"2018-12-12 08:13:12.4130","2018-12-12 08:24:14.3920",3192,"Liberty Light Rail",40.7112423,-74.0557013,3186,"Grove St PATH",40.71958611647166,-74.04311746358871,26293,"Subscriber",1983,1
570,"2018-12-12 08:40:38.1700","2018-12-12 08:50:09.1570",3192,"Liberty Light Rail",40.7112423,-74.0557013,3185,"City Hall",40.7177325,-74.043845,26276,"Subscriber",1974,2
450,"2018-12-12 08:44:49.0760","2018-12-12 08:52:19.2100",3192,"Liberty Light Rail",40.7112423,-74.0557013,3186,"Grove St PATH",40.71958611647166,-74.04311746358871,29525,"Subscriber",1974,1
769,"2018-12-12 10:59:34.8070","2018-12-12 11:12:24.5200",3192,"Liberty Light Rail",40.7112423,-74.0557013,3183,"Exchange Place",40.7162469,-74.0334588,26204,"Subscriber",1978,1
526,"2018-12-12 11:28:08.3380","2018-12-12 11:36:54.5950",3192,"Liberty Light Rail",40.7112423,-74.0557013,3209,"Brunswick St",40.7241765,-74.0506564,26242,"Subscriber",1992,1
382,"2018-12-12 14:37:56.7060","2018-12-12 14:44:19.0570",3192,"Liberty Light Rail",40.7112423,-74.0557013,3185,"City Hall",40.7177325,-74.043845,26260,"Subscriber",1989,1
470,"2018-12-12 20:17:27.5630","2018-12-12 20:25:18.3440",3192,"Liberty Light Rail",40.7112423,-74.0557013,3186,"Grove St PATH",40.71958611647166,-74.04311746358871,29671,"Subscriber",1977,1
682,"2018-12-12 23:51:00.6790","2018-12-13 00:02:23.2240",3192,"Liberty Light Rail",40.7112423,-74.0557013,3186,"Grove St PATH",40.71958611647166,-74.04311746358871,29544,"Subscriber",1979,1
700,"2018-12-13 07:22:22.7330","2018-12-13 07:34:03.3980",3192,"Liberty Light Rail",40.7112423,-74.0557013,3184,"Paulus Hook",40.7141454,-74.0335519,29639,"Subscriber",1960,1
463,"2018-12-13 07:34:19.2150","2018-12-13 07:42:02.4730",3192,"Liberty Light Rail",40.7112423,-74.0557013,3186,"Grove St PATH",40.71958611647166,-74.04311746358871,29640,"Subscriber",1985,1
703,"2018-12-13 07:59:36.7810","2018-12-13 08:11:19.8760",3192,"Liberty Light Rail",40.7112423,-74.0557013,3183,"Exchange Place",40.7162469,-74.0334588,29597,"Subscriber",1990,1
740,"2018-12-13 08:00:00.2140","2018-12-13 08:12:20.7400",3192,"Liberty Light Rail",40.7112423,-74.0557013,3639,"Harborside",40.7192517,-74.034234,26234,"Subscriber",1984,1
543,"2018-12-13 08:01:58.8700","2018-12-13 08:11:02.2840",3192,"Liberty Light Rail",40.7112423,-74.0557013,3185,"City Hall",40.7177325,-74.043845,29278,"Subscriber",1988,1
530,"2018-12-13 08:18:33.7250","2018-12-13 08:27:24.0960",3192,"Liberty Light Rail",40.7112423,-74.0557013,3681,"Grand St",40.71517767732029,-74.03768330812454,29608,"Subscriber",1977,1
476,"2018-12-13 08:23:22.1800","2018-12-13 08:31:19.0940",3192,"Liberty Light Rail",40.7112423,-74.0557013,3185,"City Hall",40.7177325,-74.043845,26295,"Subscriber",1984,1
599,"2018-12-13 08:26:42.8560","2018-12-13 08:36:42.6560",3192,"Liberty Light Rail",40.7112423,-74.0557013,3185,"City Hall",40.7177325,-74.043845,26215,"Subscriber",1990,1
409,"2018-12-13 08:34:50.8250","2018-12-13 08:41:40.4000",3192,"Liberty Light Rail",40.7112423,-74.0557013,3185,"City Hall",40.7177325,-74.043845,29234,"Subscriber",1979,1
535,"2018-12-13 08:39:23.0070","2018-12-13 08:48:18.0330",3192,"Liberty Light Rail",40.7112423,-74.0557013,3185,"City Hall",40.7177325,-74.043845,26270,"Subscriber",1974,2
715,"2018-12-13 10:00:11.2410","2018-12-13 10:12:06.9580",3192,"Liberty Light Rail",40.7112423,-74.0557013,3186,"Grove St PATH",40.71958611647166,-74.04311746358871,29221,"Subscriber",1983,1
609,"2018-12-13 10:58:47.2540","2018-12-13 11:08:57.1460",3192,"Liberty Light Rail",40.7112423,-74.0557013,3183,"Exchange Place",40.7162469,-74.0334588,29636,"Subscriber",1985,1
324,"2018-12-13 16:07:34.2510","2018-12-13 16:12:58.5480",3192,"Liberty Light Rail",40.7112423,-74.0557013,3483,"Montgomery St",40.71942,-74.05099,29468,"Subscriber",1989,1
1580,"2018-12-13 16:17:40.3640","2018-12-13 16:44:01.3280",3192,"Liberty Light Rail",40.7112423,-74.0557013,3192,"Liberty Light Rail",40.7112423,-74.0557013,26266,"Subscriber",1960,1
465,"2018-12-14 03:59:05.3660","2018-12-14 04:06:50.7250",3192,"Liberty Light Rail",40.7112423,-74.0557013,3186,"Grove St PATH",40.71958611647166,-74.04311746358871,29598,"Subscriber",1992,2
841,"2018-12-14 07:24:29.8080","2018-12-14 07:38:30.9670",3192,"Liberty Light Rail",40.7112423,-74.0557013,3183,"Exchange Place",40.7162469,-74.0334588,29477,"Subscriber",1980,1
477,"2018-12-14 07:26:31.8740","2018-12-14 07:34:29.3710",3192,"Liberty Light Rail",40.7112423,-74.0557013,3186,"Grove St PATH",40.71958611647166,-74.04311746358871,26199,"Subscriber",1985,1
586,"2018-12-14 07:44:31.2370","2018-12-14 07:54:17.4570",3192,"Liberty Light Rail",40.7112423,-74.0557013,3183,"Exchange Place",40.7162469,-74.0334588,26234,"Subscriber",1990,1
510,"2018-12-14 07:49:03.7130","2018-12-14 07:57:34.5040",3192,"Liberty Light Rail",40.7112423,-74.0557013,3186,"Grove St PATH",40.71958611647166,-74.04311746358871,29222,"Subscriber",1969,1
420,"2018-12-14 07:58:58.2420","2018-12-14 08:05:59.0020",3192,"Liberty Light Rail",40.7112423,-74.0557013,3185,"City Hall",40.7177325,-74.043845,26300,"Subscriber",1986,1
473,"2018-12-14 08:01:59.6900","2018-12-14 08:09:53.6160",3192,"Liberty Light Rail",40.7112423,-74.0557013,3185,"City Hall",40.7177325,-74.043845,26266,"Subscriber",1988,1
650,"2018-12-14 08:15:52.0460","2018-12-14 08:26:42.3930",3192,"Liberty Light Rail",40.7112423,-74.0557013,3183,"Exchange Place",40.7162469,-74.0334588,29576,"Subscriber",1985,1
714,"2018-12-14 08:17:51.6200","2018-12-14 08:29:46.3190",3192,"Liberty Light Rail",40.7112423,-74.0557013,3273,"Manila & 1st",40.721650724879986,-74.04288411140442,29540,"Subscriber",1983,1
719,"2018-12-14 08:27:38.3490","2018-12-14 08:39:37.7300",3192,"Liberty Light Rail",40.7112423,-74.0557013,3639,"Harborside",40.7192517,-74.034234,29263,"Subscriber",1984,1
468,"2018-12-14 08:36:18.7780","2018-12-14 08:44:07.3430",3192,"Liberty Light Rail",40.7112423,-74.0557013,3186,"Grove St PATH",40.71958611647166,-74.04311746358871,26201,"Subscriber",1979,1
564,"2018-12-14 08:45:55.5380","2018-12-14 08:55:19.5570",3192,"Liberty Light Rail",40.7112423,-74.0557013,3185,"City Hall",40.7177325,-74.043845,29452,"Subscriber",1974,2
1981,"2018-12-14 08:46:28.4870","2018-12-14 09:19:29.7230",3192,"Liberty Light Rail",40.7112423,-74.0557013,3192,"Liberty Light Rail",40.7112423,-74.0557013,26261,"Subscriber",1971,2
627,"2018-12-14 09:33:34.5010","2018-12-14 09:44:02.2710",3192,"Liberty Light Rail",40.7112423,-74.0557013,3267,"Morris Canal",40.7124188237569,-74.03852552175522,29553,"Subscriber",1976,1
816,"2018-12-14 09:39:09.4920","2018-12-14 09:52:45.9620",3192,"Liberty Light Rail",40.7112423,-74.0557013,3183,"Exchange Place",40.7162469,-74.0334588,29254,"Subscriber",1978,1
459830,"2018-12-14 11:41:42.5980","2018-12-19 19:25:32.9380",3192,"Liberty Light Rail",40.7112423,-74.0557013,3192,"Liberty Light Rail",40.7112423,-74.0557013,29217,"Customer",1969,0
246197,"2018-12-14 11:41:59.6550","2018-12-17 08:05:17.4680",3192,"Liberty Light Rail",40.7112423,-74.0557013,3192,"Liberty Light Rail",40.7112423,-74.0557013,26165,"Customer",1969,0
710,"2018-12-14 12:48:26.4670","2018-12-14 13:00:17.1580",3192,"Liberty Light Rail",40.7112423,-74.0557013,3183,"Exchange Place",40.7162469,-74.0334588,26242,"Subscriber",1975,1
289,"2018-12-14 13:06:18.1100","2018-12-14 13:11:07.7660",3192,"Liberty Light Rail",40.7112423,-74.0557013,3213,"Van Vorst Park",40.71848892,-74.047726625,26261,"Subscriber",1980,1
524,"2018-12-15 04:33:29.0490","2018-12-15 04:42:14.0030",3192,"Liberty Light Rail",40.7112423,-74.0557013,3186,"Grove St PATH",40.71958611647166,-74.04311746358871,29272,"Subscriber",1983,1
449,"2018-12-15 08:46:58.9810","2018-12-15 08:54:28.6870",3192,"Liberty Light Rail",40.7112423,-74.0557013,3185,"City Hall",40.7177325,-74.043845,29473,"Subscriber",1989,1
427,"2018-12-15 09:45:41.1600","2018-12-15 09:52:48.5140",3192,"Liberty Light Rail",40.7112423,-74.0557013,3186,"Grove St PATH",40.71958611647166,-74.04311746358871,29502,"Subscriber",1975,1
426,"2018-12-15 10:32:09.3000","2018-12-15 10:39:15.4960",3192,"Liberty Light Rail",40.7112423,-74.0557013,3185,"City Hall",40.7177325,-74.043845,29201,"Subscriber",1986,1
608,"2018-12-15 11:03:49.9720","2018-12-15 11:13:58.7510",3192,"Liberty Light Rail",40.7112423,-74.0557013,3185,"City Hall",40.7177325,-74.043845,29494,"Subscriber",1958,1
1285,"2018-12-15 13:41:01.5730","2018-12-15 14:02:26.6030",3192,"Liberty Light Rail",40.7112423,-74.0557013,3184,"Paulus Hook",40.7141454,-74.0335519,29532,"Subscriber",1971,1
713,"2018-12-15 15:02:23.7790","2018-12-15 15:14:17.0690",3192,"Liberty Light Rail",40.7112423,-74.0557013,3183,"Exchange Place",40.7162469,-74.0334588,29618,"Subscriber",1993,1
2618,"2018-12-15 15:29:04.5380","2018-12-15 16:12:43.5060",3192,"Liberty Light Rail",40.7112423,-74.0557013,3205,"JC Medical Center",40.71653978099194,-74.0496379137039,29655,"Subscriber",1978,2
540,"2018-12-15 17:32:17.2910","2018-12-15 17:41:17.6790",3192,"Liberty Light Rail",40.7112423,-74.0557013,3184,"Paulus Hook",40.7141454,-74.0335519,26271,"Subscriber",1974,1
436,"2018-12-15 18:37:38.0400","2018-12-15 18:44:54.2630",3192,"Liberty Light Rail",40.7112423,-74.0557013,3483,"Montgomery St",40.71942,-74.05099,29672,"Subscriber",1989,1
632,"2018-12-15 18:56:13.7210","2018-12-15 19:06:45.9890",3192,"Liberty Light Rail",40.7112423,-74.0557013,3481,"York St",40.71649,-74.04105,26287,"Subscriber",1987,1
666,"2018-12-15 23:39:17.8640","2018-12-15 23:50:24.2790",3192,"Liberty Light Rail",40.7112423,-74.0557013,3183,"Exchange Place",40.7162469,-74.0334588,29652,"Subscriber",1990,2
502,"2018-12-17 07:38:07.3330","2018-12-17 07:46:29.3850",3192,"Liberty Light Rail",40.7112423,-74.0557013,3186,"Grove St PATH",40.71958611647166,-74.04311746358871,29576,"Subscriber",1985,1
558,"2018-12-17 07:48:03.2020","2018-12-17 07:57:21.5660",3192,"Liberty Light Rail",40.7112423,-74.0557013,3186,"Grove St PATH",40.71958611647166,-74.04311746358871,29308,"Subscriber",1954,1
843,"2018-12-17 08:00:59.9730","2018-12-17 08:15:03.1370",3192,"Liberty Light Rail",40.7112423,-74.0557013,3183,"Exchange Place",40.7162469,-74.0334588,29661,"Subscriber",1993,2
680,"2018-12-17 08:05:24.3790","2018-12-17 08:16:44.5250",3192,"Liberty Light Rail",40.7112423,-74.0557013,3183,"Exchange Place",40.7162469,-74.0334588,29215,"Subscriber",1990,1
565,"2018-12-17 08:06:05.7850","2018-12-17 08:15:31.6290",3192,"Liberty Light Rail",40.7112423,-74.0557013,3186,"Grove St PATH",40.71958611647166,-74.04311746358871,26244,"Subscriber",1969,1
615,"2018-12-17 08:13:44.5320","2018-12-17 08:24:00.0370",3192,"Liberty Light Rail",40.7112423,-74.0557013,3186,"Grove St PATH",40.71958611647166,-74.04311746358871,29236,"Subscriber",1983,1
577,"2018-12-17 08:17:33.8350","2018-12-17 08:27:11.2490",3192,"Liberty Light Rail",40.7112423,-74.0557013,3185,"City Hall",40.7177325,-74.043845,26266,"Subscriber",1990,1
559,"2018-12-17 08:44:27.2020","2018-12-17 08:53:46.3300",3192,"Liberty Light Rail",40.7112423,-74.0557013,3185,"City Hall",40.7177325,-74.043845,29614,"Subscriber",1974,1
488,"2018-12-17 08:58:57.9360","2018-12-17 09:07:06.0770",3192,"Liberty Light Rail",40.7112423,-74.0557013,3185,"City Hall",40.7177325,-74.043845,29513,"Subscriber",1988,1
592,"2018-12-17 09:08:49.9410","2018-12-17 09:18:42.2470",3192,"Liberty Light Rail",40.7112423,-74.0557013,3183,"Exchange Place",40.7162469,-74.0334588,29459,"Subscriber",1982,1
753,"2018-12-17 09:18:46.5820","2018-12-17 09:31:20.1910",3192,"Liberty Light Rail",40.7112423,-74.0557013,3183,"Exchange Place",40.7162469,-74.0334588,29572,"Subscriber",1978,1
1738,"2018-12-17 09:41:52.8580","2018-12-17 10:10:50.9990",3192,"Liberty Light Rail",40.7112423,-74.0557013,3192,"Liberty Light Rail",40.7112423,-74.0557013,29495,"Subscriber",1960,1
526,"2018-12-17 09:52:56.8820","2018-12-17 10:01:43.7000",3192,"Liberty Light Rail",40.7112423,-74.0557013,3267,"Morris Canal",40.7124188237569,-74.03852552175522,26255,"Subscriber",1976,1
713,"2018-12-17 16:37:07.8950","2018-12-17 16:49:01.0570",3192,"Liberty Light Rail",40.7112423,-74.0557013,3280,"Astor Place",40.71928220070702,-74.07126188278198,29495,"Subscriber",1956,1
197,"2018-12-17 18:55:46.7340","2018-12-17 18:59:03.8890",3192,"Liberty Light Rail",40.7112423,-74.0557013,3268,"Lafayette Park",40.71346382669195,-74.06285852193832,29246,"Subscriber",1984,1
962,"2018-12-17 19:20:34.1260","2018-12-17 19:36:36.4520",3192,"Liberty Light Rail",40.7112423,-74.0557013,3214,"Essex Light Rail",40.7127742,-74.0364857,26300,"Subscriber",1993,1
517,"2018-12-17 19:52:40.8400","2018-12-17 20:01:18.4160",3192,"Liberty Light Rail",40.7112423,-74.0557013,3279,"Dixon Mills",40.721630142638354,-74.04996782541275,29523,"Subscriber",1980,1
227,"2018-12-17 22:50:17.0060","2018-12-17 22:54:04.1450",3192,"Liberty Light Rail",40.7112423,-74.0557013,3268,"Lafayette Park",40.71346382669195,-74.06285852193832,29442,"Subscriber",1991,1
553,"2018-12-18 05:48:20.8670","2018-12-18 05:57:34.8200",3192,"Liberty Light Rail",40.7112423,-74.0557013,3184,"Paulus Hook",40.7141454,-74.0335519,26179,"Subscriber",1960,1
493,"2018-12-18 07:28:46.2760","2018-12-18 07:36:59.4330",3192,"Liberty Light Rail",40.7112423,-74.0557013,3186,"Grove St PATH",40.71958611647166,-74.04311746358871,26284,"Subscriber",1985,1
525,"2018-12-18 07:38:18.8700","2018-12-18 07:47:04.6360",3192,"Liberty Light Rail",40.7112423,-74.0557013,3186,"Grove St PATH",40.71958611647166,-74.04311746358871,26206,"Subscriber",1988,1
724,"2018-12-18 07:42:19.9620","2018-12-18 07:54:24.8570",3192,"Liberty Light Rail",40.7112423,-74.0557013,3183,"Exchange Place",40.7162469,-74.0334588,26208,"Subscriber",1990,1
479,"2018-12-18 08:02:33.0960","2018-12-18 08:10:32.4080",3192,"Liberty Light Rail",40.7112423,-74.0557013,3186,"Grove St PATH",40.71958611647166,-74.04311746358871,29525,"Subscriber",1969,1
646,"2018-12-18 08:11:57.4740","2018-12-18 08:22:43.5280",3192,"Liberty Light Rail",40.7112423,-74.0557013,3186,"Grove St PATH",40.71958611647166,-74.04311746358871,29676,"Subscriber",1983,1
649,"2018-12-18 08:18:17.2560","2018-12-18 08:29:06.4610",3192,"Liberty Light Rail",40.7112423,-74.0557013,3183,"Exchange Place",40.7162469,-74.0334588,29230,"Subscriber",1985,1
577,"2018-12-18 08:28:20.1360","2018-12-18 08:37:57.1880",3192,"Liberty Light Rail",40.7112423,-74.0557013,3185,"City Hall",40.7177325,-74.043845,29639,"Subscriber",1990,1
693,"2018-12-18 08:55:29.5780","2018-12-18 09:07:03.2690",3192,"Liberty Light Rail",40.7112423,-74.0557013,3185,"City Hall",40.7177325,-74.043845,29502,"Subscriber",1988,1
761,"2018-12-18 08:57:29.1280","2018-12-18 09:10:10.6640",3192,"Liberty Light Rail",40.7112423,-74.0557013,3183,"Exchange Place",40.7162469,-74.0334588,29125,"Subscriber",1978,1
1471,"2018-12-18 08:57:45.3980","2018-12-18 09:22:17.1440",3192,"Liberty Light Rail",40.7112423,-74.0557013,3192,"Liberty Light Rail",40.7112423,-74.0557013,26223,"Subscriber",1971,2
1106,"2018-12-18 17:03:29.4750","2018-12-18 17:21:56.0200",3192,"Liberty Light Rail",40.7112423,-74.0557013,3638,"Washington St",40.7242941,-74.0354826,29587,"Customer",1996,1
740,"2018-12-19 07:35:30.8040","2018-12-19 07:47:51.3280",3192,"Liberty Light Rail",40.7112423,-74.0557013,3183,"Exchange Place",40.7162469,-74.0334588,26173,"Subscriber",1980,1
512,"2018-12-19 07:46:42.2000","2018-12-19 07:55:15.1920",3192,"Liberty Light Rail",40.7112423,-74.0557013,3186,"Grove St PATH",40.71958611647166,-74.04311746358871,29659,"Subscriber",1954,1
711,"2018-12-19 07:59:30.4240","2018-12-19 08:11:22.3500",3192,"Liberty Light Rail",40.7112423,-74.0557013,3183,"Exchange Place",40.7162469,-74.0334588,29276,"Subscriber",1985,1
454,"2018-12-19 08:00:44.1250","2018-12-19 08:08:19.0640",3192,"Liberty Light Rail",40.7112423,-74.0557013,3185,"City Hall",40.7177325,-74.043845,29208,"Subscriber",1988,1
628,"2018-12-19 08:26:05.7460","2018-12-19 08:36:34.1130",3192,"Liberty Light Rail",40.7112423,-74.0557013,3185,"City Hall",40.7177325,-74.043845,29619,"Subscriber",1990,1
667,"2018-12-19 09:35:32.7920","2018-12-19 09:46:40.1220",3192,"Liberty Light Rail",40.7112423,-74.0557013,3186,"Grove St PATH",40.71958611647166,-74.04311746358871,26245,"Subscriber",1983,1
691,"2018-12-19 14:22:43.3420","2018-12-19 14:34:14.8760",3192,"Liberty Light Rail",40.7112423,-74.0557013,3192,"Liberty Light Rail",40.7112423,-74.0557013,33744,"Subscriber",1972,1
1029,"2018-12-19 14:34:34.4680","2018-12-19 14:51:43.9980",3192,"Liberty Light Rail",40.7112423,-74.0557013,3183,"Exchange Place",40.7162469,-74.0334588,33744,"Subscriber",1972,1
2296,"2018-12-19 15:34:01.6280","2018-12-19 16:12:18.2640",3192,"Liberty Light Rail",40.7112423,-74.0557013,3192,"Liberty Light Rail",40.7112423,-74.0557013,29595,"Subscriber",1971,2
543,"2018-12-19 16:47:49.9500","2018-12-19 16:56:53.6160",3192,"Liberty Light Rail",40.7112423,-74.0557013,3186,"Grove St PATH",40.71958611647166,-74.04311746358871,26262,"Subscriber",1991,1
196,"2018-12-19 22:46:31.6240","2018-12-19 22:49:48.5890",3192,"Liberty Light Rail",40.7112423,-74.0557013,3268,"Lafayette Park",40.71346382669195,-74.06285852193832,29595,"Subscriber",1991,1
477,"2018-12-20 07:28:03.2030","2018-12-20 07:36:01.1150",3192,"Liberty Light Rail",40.7112423,-74.0557013,3186,"Grove St PATH",40.71958611647166,-74.04311746358871,26266,"Subscriber",1985,1
556,"2018-12-20 08:00:14.8010","2018-12-20 08:09:31.2880",3192,"Liberty Light Rail",40.7112423,-74.0557013,3185,"City Hall",40.7177325,-74.043845,29546,"Subscriber",1988,1
560,"2018-12-20 08:04:05.0870","2018-12-20 08:13:25.2230",3192,"Liberty Light Rail",40.7112423,-74.0557013,3186,"Grove St PATH",40.71958611647166,-74.04311746358871,29208,"Subscriber",1983,1
697,"2018-12-20 08:08:38.6440","2018-12-20 08:20:15.7840",3192,"Liberty Light Rail",40.7112423,-74.0557013,3183,"Exchange Place",40.7162469,-74.0334588,29598,"Subscriber",1985,1
714,"2018-12-20 08:08:56.2460","2018-12-20 08:20:50.6880",3192,"Liberty Light Rail",40.7112423,-74.0557013,3183,"Exchange Place",40.7162469,-74.0334588,26296,"Subscriber",1993,2
735,"2018-12-20 08:37:38.5970","2018-12-20 08:49:54.3250",3192,"Liberty Light Rail",40.7112423,-74.0557013,3639,"Harborside",40.7192517,-74.034234,26291,"Subscriber",1984,1
304,"2018-12-20 21:28:15.6990","2018-12-20 21:33:19.9120",3192,"Liberty Light Rail",40.7112423,-74.0557013,3277,"Communipaw & Berry Lane",40.71435836870427,-74.06661093235016,29586,"Subscriber",1984,2
488,"2018-12-21 07:28:20.3460","2018-12-21 07:36:29.2460",3192,"Liberty Light Rail",40.7112423,-74.0557013,3186,"Grove St PATH",40.71958611647166,-74.04311746358871,29498,"Subscriber",1985,1
519,"2018-12-21 08:08:43.4530","2018-12-21 08:17:22.5910",3192,"Liberty Light Rail",40.7112423,-74.0557013,3186,"Grove St PATH",40.71958611647166,-74.04311746358871,29275,"Subscriber",1983,1
489,"2018-12-21 08:59:34.5230","2018-12-21 09:07:44.4270",3192,"Liberty Light Rail",40.7112423,-74.0557013,3185,"City Hall",40.7177325,-74.043845,29549,"Subscriber",1988,1
526,"2018-12-21 09:03:24.0390","2018-12-21 09:12:10.3860",3192,"Liberty Light Rail",40.7112423,-74.0557013,3186,"Grove St PATH",40.71958611647166,-74.04311746358871,29542,"Subscriber",1988,1
1098,"2018-12-21 15:10:30.4680","2018-12-21 15:28:49.2250",3192,"Liberty Light Rail",40.7112423,-74.0557013,3183,"Exchange Place",40.7162469,-74.0334588,29301,"Subscriber",1980,2
1113,"2018-12-21 15:10:26.7520","2018-12-21 15:29:00.5640",3192,"Liberty Light Rail",40.7112423,-74.0557013,3183,"Exchange Place",40.7162469,-74.0334588,29639,"Subscriber",1993,1
1844,"2018-12-21 16:18:55.8100","2018-12-21 16:49:39.8630",3192,"Liberty Light Rail",40.7112423,-74.0557013,3192,"Liberty Light Rail",40.7112423,-74.0557013,29209,"Subscriber",1971,2
527,"2018-12-21 18:01:56.9960","2018-12-21 18:10:44.2240",3192,"Liberty Light Rail",40.7112423,-74.0557013,3186,"Grove St PATH",40.71958611647166,-74.04311746358871,33744,"Subscriber",1991,1
396,"2018-12-21 19:37:32.9400","2018-12-21 19:44:09.7030",3192,"Liberty Light Rail",40.7112423,-74.0557013,3186,"Grove St PATH",40.71958611647166,-74.04311746358871,29496,"Subscriber",1975,1
591,"2018-12-21 21:29:28.3240","2018-12-21 21:39:19.3430",3192,"Liberty Light Rail",40.7112423,-74.0557013,3273,"Manila & 1st",40.721650724879986,-74.04288411140442,29542,"Subscriber",1987,1
42125,"2018-12-22 00:19:00.4530","2018-12-22 12:01:06.3410",3192,"Liberty Light Rail",40.7112423,-74.0557013,3192,"Liberty Light Rail",40.7112423,-74.0557013,29659,"Subscriber",1968,2
574,"2018-12-22 08:00:27.6340","2018-12-22 08:10:01.9940",3192,"Liberty Light Rail",40.7112423,-74.0557013,3186,"Grove St PATH",40.71958611647166,-74.04311746358871,33744,"Subscriber",1983,1
2477,"2018-12-22 10:30:43.0980","2018-12-22 11:12:00.9890",3192,"Liberty Light Rail",40.7112423,-74.0557013,3192,"Liberty Light Rail",40.7112423,-74.0557013,29209,"Subscriber",1971,2
2636,"2018-12-22 14:15:34.4050","2018-12-22 14:59:30.9630",3192,"Liberty Light Rail",40.7112423,-74.0557013,3270,"Jersey & 6th St",40.72528910781132,-74.04557168483734,34791,"Subscriber",1984,1
423,"2018-12-22 17:26:25.9400","2018-12-22 17:33:29.0600",3192,"Liberty Light Rail",40.7112423,-74.0557013,3185,"City Hall",40.7177325,-74.043845,29215,"Subscriber",1986,1
426,"2018-12-22 17:37:31.3550","2018-12-22 17:44:37.9520",3192,"Liberty Light Rail",40.7112423,-74.0557013,3213,"Van Vorst Park",40.71848892,-74.047726625,29297,"Subscriber",1970,1
414,"2018-12-22 17:37:52.5140","2018-12-22 17:44:46.7950",3192,"Liberty Light Rail",40.7112423,-74.0557013,3213,"Van Vorst Park",40.71848892,-74.047726625,26187,"Subscriber",1982,2
284,"2018-12-22 18:50:08.0370","2018-12-22 18:54:52.1000",3192,"Liberty Light Rail",40.7112423,-74.0557013,3205,"JC Medical Center",40.71653978099194,-74.0496379137039,29209,"Subscriber",1988,1
389,"2018-12-22 19:05:57.9840","2018-12-22 19:12:27.1340",3192,"Liberty Light Rail",40.7112423,-74.0557013,3211,"Newark Ave",40.72152515,-74.046304543,29290,"Subscriber",1977,1
375,"2018-12-22 19:29:37.3450","2018-12-22 19:35:52.7800",3192,"Liberty Light Rail",40.7112423,-74.0557013,3186,"Grove St PATH",40.71958611647166,-74.04311746358871,33646,"Subscriber",1975,1
2210,"2018-12-22 19:35:31.9920","2018-12-22 20:12:22.9660",3192,"Liberty Light Rail",40.7112423,-74.0557013,3192,"Liberty Light Rail",40.7112423,-74.0557013,26243,"Customer",1969,0
427,"2018-12-23 09:39:14.8590","2018-12-23 09:46:22.6580",3192,"Liberty Light Rail",40.7112423,-74.0557013,3186,"Grove St PATH",40.71958611647166,-74.04311746358871,29442,"Subscriber",1977,1
992,"2018-12-23 15:30:39.0570","2018-12-23 15:47:11.3010",3192,"Liberty Light Rail",40.7112423,-74.0557013,3275,"Columbus Drive",40.71835519823214,-74.03891444206238,26298,"Subscriber",1988,1
903,"2018-12-23 15:31:02.4120","2018-12-23 15:46:05.7470",3192,"Liberty Light Rail",40.7112423,-74.0557013,3275,"Columbus Drive",40.71835519823214,-74.03891444206238,26197,"Customer",1969,0
963,"2018-12-23 15:31:30.4750","2018-12-23 15:47:34.0620",3192,"Liberty Light Rail",40.7112423,-74.0557013,3275,"Columbus Drive",40.71835519823214,-74.03891444206238,26243,"Customer",1988,1
923,"2018-12-23 15:31:53.4140","2018-12-23 15:47:16.4610",3192,"Liberty Light Rail",40.7112423,-74.0557013,3275,"Columbus Drive",40.71835519823214,-74.03891444206238,26179,"Customer",1989,1
443,"2018-12-24 12:50:37.6550","2018-12-24 12:58:01.5930",3192,"Liberty Light Rail",40.7112423,-74.0557013,3185,"City Hall",40.7177325,-74.043845,29215,"Subscriber",1989,1
2048,"2018-12-24 17:04:25.4270","2018-12-24 17:38:33.6910",3192,"Liberty Light Rail",40.7112423,-74.0557013,3192,"Liberty Light Rail",40.7112423,-74.0557013,26271,"Customer",1969,0
1959,"2018-12-24 17:06:03.8630","2018-12-24 17:38:43.1500",3192,"Liberty Light Rail",40.7112423,-74.0557013,3192,"Liberty Light Rail",40.7112423,-74.0557013,29610,"Customer",1969,0
685,"2018-12-25 11:27:24.1400","2018-12-25 11:38:49.8210",3192,"Liberty Light Rail",40.7112423,-74.0557013,3186,"Grove St PATH",40.71958611647166,-74.04311746358871,29247,"Subscriber",1968,2
4073,"2018-12-25 12:45:52.6720","2018-12-25 13:53:46.2610",3192,"Liberty Light Rail",40.7112423,-74.0557013,3192,"Liberty Light Rail",40.7112423,-74.0557013,26286,"Customer",1969,0
4079,"2018-12-25 12:46:01.2210","2018-12-25 13:54:01.0710",3192,"Liberty Light Rail",40.7112423,-74.0557013,3192,"Liberty Light Rail",40.7112423,-74.0557013,26271,"Customer",1969,0
677,"2018-12-25 16:25:46.9790","2018-12-25 16:37:04.8140",3192,"Liberty Light Rail",40.7112423,-74.0557013,3186,"Grove St PATH",40.71958611647166,-74.04311746358871,29127,"Subscriber",1979,1
678,"2018-12-25 16:25:45.9800","2018-12-25 16:37:04.6610",3192,"Liberty Light Rail",40.7112423,-74.0557013,3186,"Grove St PATH",40.71958611647166,-74.04311746358871,26157,"Subscriber",1982,0
384,"2018-12-26 02:30:33.1530","2018-12-26 02:36:57.8440",3192,"Liberty Light Rail",40.7112423,-74.0557013,3185,"City Hall",40.7177325,-74.043845,29595,"Subscriber",1990,1
698,"2018-12-26 07:42:17.7200","2018-12-26 07:53:56.6000",3192,"Liberty Light Rail",40.7112423,-74.0557013,3639,"Harborside",40.7192517,-74.034234,29610,"Subscriber",1984,1
505,"2018-12-26 07:56:00.2780","2018-12-26 08:04:25.5930",3192,"Liberty Light Rail",40.7112423,-74.0557013,3185,"City Hall",40.7177325,-74.043845,29215,"Subscriber",1988,1
658,"2018-12-26 08:01:41.2610","2018-12-26 08:12:39.6520",3192,"Liberty Light Rail",40.7112423,-74.0557013,3183,"Exchange Place",40.7162469,-74.0334588,26245,"Subscriber",1990,1
605,"2018-12-26 08:31:26.6550","2018-12-26 08:41:32.4650",3192,"Liberty Light Rail",40.7112423,-74.0557013,3214,"Essex Light Rail",40.7127742,-74.0364857,26157,"Subscriber",1984,1
2137,"2018-12-26 13:15:39.8400","2018-12-26 13:51:17.8050",3192,"Liberty Light Rail",40.7112423,-74.0557013,3639,"Harborside",40.7192517,-74.034234,29610,"Subscriber",1963,1
356,"2018-12-26 15:44:12.5460","2018-12-26 15:50:08.5740",3192,"Liberty Light Rail",40.7112423,-74.0557013,3185,"City Hall",40.7177325,-74.043845,26271,"Subscriber",1989,1
666,"2018-12-26 18:58:44.4330","2018-12-26 19:09:51.2090",3192,"Liberty Light Rail",40.7112423,-74.0557013,3203,"Hamilton Park",40.727595966,-74.044247311,29608,"Subscriber",1974,1
1483,"2018-12-26 20:04:22.4830","2018-12-26 20:29:06.2880",3192,"Liberty Light Rail",40.7112423,-74.0557013,3276,"Marin Light Rail",40.71458403535893,-74.04281705617905,29259,"Customer",1998,1
505,"2018-12-27 07:30:17.9290","2018-12-27 07:38:43.3310",3192,"Liberty Light Rail",40.7112423,-74.0557013,3186,"Grove St PATH",40.71958611647166,-74.04311746358871,26245,"Subscriber",1985,1
666,"2018-12-27 07:46:54.2580","2018-12-27 07:58:00.3390",3192,"Liberty Light Rail",40.7112423,-74.0557013,3639,"Harborside",40.7192517,-74.034234,29586,"Subscriber",1984,1
533,"2018-12-27 07:51:45.8210","2018-12-27 08:00:38.8760",3192,"Liberty Light Rail",40.7112423,-74.0557013,3186,"Grove St PATH",40.71958611647166,-74.04311746358871,29204,"Subscriber",1954,1
473,"2018-12-27 07:53:20.8830","2018-12-27 08:01:14.7310",3192,"Liberty Light Rail",40.7112423,-74.0557013,3185,"City Hall",40.7177325,-74.043845,29495,"Subscriber",1988,1
644,"2018-12-27 08:00:10.3470","2018-12-27 08:10:54.8540",3192,"Liberty Light Rail",40.7112423,-74.0557013,3183,"Exchange Place",40.7162469,-74.0334588,29225,"Subscriber",1990,1
417,"2018-12-27 08:05:19.9850","2018-12-27 08:12:17.4660",3192,"Liberty Light Rail",40.7112423,-74.0557013,3185,"City Hall",40.7177325,-74.043845,29234,"Subscriber",1986,1
642,"2018-12-27 08:08:34.5910","2018-12-27 08:19:17.3700",3192,"Liberty Light Rail",40.7112423,-74.0557013,3183,"Exchange Place",40.7162469,-74.0334588,26275,"Subscriber",1960,1
721,"2018-12-27 08:30:01.1500","2018-12-27 08:42:02.6740",3192,"Liberty Light Rail",40.7112423,-74.0557013,3214,"Essex Light Rail",40.7127742,-74.0364857,26286,"Subscriber",1984,1
654,"2018-12-27 08:33:03.8800","2018-12-27 08:43:58.0490",3192,"Liberty Light Rail",40.7112423,-74.0557013,3183,"Exchange Place",40.7162469,-74.0334588,29296,"Subscriber",1985,1
608,"2018-12-27 10:17:00.3060","2018-12-27 10:27:08.8530",3192,"Liberty Light Rail",40.7112423,-74.0557013,3186,"Grove St PATH",40.71958611647166,-74.04311746358871,29437,"Subscriber",1992,1
584,"2018-12-27 12:05:14.6960","2018-12-27 12:14:58.9880",3192,"Liberty Light Rail",40.7112423,-74.0557013,3185,"City Hall",40.7177325,-74.043845,29273,"Subscriber",1990,1
460,"2018-12-27 15:42:42.7060","2018-12-27 15:50:23.0520",3192,"Liberty Light Rail",40.7112423,-74.0557013,3483,"Montgomery St",40.71942,-74.05099,26206,"Subscriber",1992,1
1773,"2018-12-27 16:29:46.7060","2018-12-27 16:59:19.9470",3192,"Liberty Light Rail",40.7112423,-74.0557013,3192,"Liberty Light Rail",40.7112423,-74.0557013,29122,"Customer",1969,0
1742,"2018-12-27 16:30:07.2710","2018-12-27 16:59:09.6670",3192,"Liberty Light Rail",40.7112423,-74.0557013,3192,"Liberty Light Rail",40.7112423,-74.0557013,29586,"Customer",1969,0
1004,"2018-12-27 17:04:21.5730","2018-12-27 17:21:06.4220",3192,"Liberty Light Rail",40.7112423,-74.0557013,3639,"Harborside",40.7192517,-74.034234,26220,"Subscriber",1988,2
957,"2018-12-27 17:05:09.3730","2018-12-27 17:21:06.7440",3192,"Liberty Light Rail",40.7112423,-74.0557013,3639,"Harborside",40.7192517,-74.034234,29586,"Subscriber",1992,1
429,"2018-12-27 19:03:14.0860","2018-12-27 19:10:23.6830",3192,"Liberty Light Rail",40.7112423,-74.0557013,3186,"Grove St PATH",40.71958611647166,-74.04311746358871,29448,"Subscriber",1975,1
345,"2018-12-27 19:03:55.1620","2018-12-27 19:09:41.0530",3192,"Liberty Light Rail",40.7112423,-74.0557013,3213,"Van Vorst Park",40.71848892,-74.047726625,29124,"Subscriber",1984,1
430,"2018-12-28 07:05:54.9860","2018-12-28 07:13:05.8190",3192,"Liberty Light Rail",40.7112423,-74.0557013,3186,"Grove St PATH",40.71958611647166,-74.04311746358871,29474,"Subscriber",1985,1
488,"2018-12-28 07:59:52.9480","2018-12-28 08:08:01.9070",3192,"Liberty Light Rail",40.7112423,-74.0557013,3185,"City Hall",40.7177325,-74.043845,29293,"Subscriber",1988,1
361,"2018-12-29 10:23:27.6770","2018-12-29 10:29:28.7690",3192,"Liberty Light Rail",40.7112423,-74.0557013,3185,"City Hall",40.7177325,-74.043845,29474,"Subscriber",1986,1
1015,"2018-12-29 10:59:29.1740","2018-12-29 11:16:24.2800",3192,"Liberty Light Rail",40.7112423,-74.0557013,3184,"Paulus Hook",40.7141454,-74.0335519,26260,"Subscriber",1956,1
463,"2018-12-29 11:09:05.3220","2018-12-29 11:16:48.6420",3192,"Liberty Light Rail",40.7112423,-74.0557013,3185,"City Hall",40.7177325,-74.043845,29554,"Subscriber",1991,1
1639,"2018-12-29 11:38:41.6820","2018-12-29 12:06:00.8860",3192,"Liberty Light Rail",40.7112423,-74.0557013,3202,"Newport PATH",40.7272235,-74.0337589,26197,"Subscriber",1958,1
4526,"2018-12-29 12:02:01.3830","2018-12-29 13:17:27.9820",3192,"Liberty Light Rail",40.7112423,-74.0557013,3192,"Liberty Light Rail",40.7112423,-74.0557013,29612,"Customer",1969,0
2426,"2018-12-29 12:32:11.8960","2018-12-29 13:12:38.1220",3192,"Liberty Light Rail",40.7112423,-74.0557013,3192,"Liberty Light Rail",40.7112423,-74.0557013,29443,"Subscriber",1971,2
622,"2018-12-29 14:48:28.1670","2018-12-29 14:58:51.0740",3192,"Liberty Light Rail",40.7112423,-74.0557013,3186,"Grove St PATH",40.71958611647166,-74.04311746358871,29228,"Subscriber",1978,1
437,"2018-12-29 19:54:58.2720","2018-12-29 20:02:15.7520",3192,"Liberty Light Rail",40.7112423,-74.0557013,3211,"Newark Ave",40.72152515,-74.046304543,29594,"Subscriber",1990,1
2286,"2018-12-30 12:08:19.1500","2018-12-30 12:46:25.6610",3192,"Liberty Light Rail",40.7112423,-74.0557013,3205,"JC Medical Center",40.71653978099194,-74.0496379137039,26230,"Subscriber",1994,1
400,"2018-12-30 14:45:57.1910","2018-12-30 14:52:37.8450",3192,"Liberty Light Rail",40.7112423,-74.0557013,3483,"Montgomery St",40.71942,-74.05099,29443,"Subscriber",1992,2
1441,"2018-12-30 15:42:19.0260","2018-12-30 16:06:20.2020",3192,"Liberty Light Rail",40.7112423,-74.0557013,3185,"City Hall",40.7177325,-74.043845,29448,"Customer",1990,1
864,"2018-12-30 16:03:31.5500","2018-12-30 16:17:55.8840",3192,"Liberty Light Rail",40.7112423,-74.0557013,3186,"Grove St PATH",40.71958611647166,-74.04311746358871,26260,"Customer",1969,0
834,"2018-12-30 16:03:36.2920","2018-12-30 16:17:31.1300",3192,"Liberty Light Rail",40.7112423,-74.0557013,3186,"Grove St PATH",40.71958611647166,-74.04311746358871,29665,"Customer",1969,0
418,"2018-12-30 21:08:23.2140","2018-12-30 21:15:21.6070",3192,"Liberty Light Rail",40.7112423,-74.0557013,3211,"Newark Ave",40.72152515,-74.046304543,29231,"Subscriber",1990,1
902,"2018-12-31 07:07:06.0280","2018-12-31 07:22:08.5010",3192,"Liberty Light Rail",40.7112423,-74.0557013,3186,"Grove St PATH",40.71958611647166,-74.04311746358871,29492,"Subscriber",1991,1
582,"2018-12-31 07:56:10.3620","2018-12-31 08:05:53.0240",3192,"Liberty Light Rail",40.7112423,-74.0557013,3639,"Harborside",40.7192517,-74.034234,29593,"Subscriber",1984,1
612,"2018-12-31 08:25:01.3600","2018-12-31 08:35:13.5060",3192,"Liberty Light Rail",40.7112423,-74.0557013,3183,"Exchange Place",40.7162469,-74.0334588,29612,"Subscriber",1990,1
588,"2018-12-31 08:30:00.1070","2018-12-31 08:39:48.9580",3192,"Liberty Light Rail",40.7112423,-74.0557013,3267,"Morris Canal",40.7124188237569,-74.03852552175522,29447,"Subscriber",1984,1
727,"2018-12-31 10:37:25.4510","2018-12-31 10:49:32.8000",3192,"Liberty Light Rail",40.7112423,-74.0557013,3183,"Exchange Place",40.7162469,-74.0334588,29285,"Subscriber",1978,1
716,"2018-12-01 07:32:46.3770","2018-12-01 07:44:42.5220",3193,"Lincoln Park",40.7246050998869,-74.07840594649315,3195,"Sip Ave",40.73074262530658,-74.06378388404846,26292,"Subscriber",1984,1
1033,"2018-12-01 11:40:12.4070","2018-12-01 11:57:26.3040",3193,"Lincoln Park",40.7246050998869,-74.07840594649315,3639,"Harborside",40.7192517,-74.034234,26204,"Subscriber",1969,1
501,"2018-12-01 11:51:33.0200","2018-12-01 11:59:54.6260",3193,"Lincoln Park",40.7246050998869,-74.07840594649315,3195,"Sip Ave",40.73074262530658,-74.06378388404846,29586,"Subscriber",1992,1
1467,"2018-12-01 15:50:04.4190","2018-12-01 16:14:31.5860",3193,"Lincoln Park",40.7246050998869,-74.07840594649315,3193,"Lincoln Park",40.7246050998869,-74.07840594649315,26266,"Subscriber",1985,1
593,"2018-12-01 17:28:21.3440","2018-12-01 17:38:14.5830",3193,"Lincoln Park",40.7246050998869,-74.07840594649315,3195,"Sip Ave",40.73074262530658,-74.06378388404846,29234,"Subscriber",1969,1
389,"2018-12-01 22:18:04.8000","2018-12-01 22:24:33.8370",3193,"Lincoln Park",40.7246050998869,-74.07840594649315,3195,"Sip Ave",40.73074262530658,-74.06378388404846,29668,"Subscriber",1983,1
515,"2018-12-02 10:51:53.4170","2018-12-02 11:00:28.7400",3193,"Lincoln Park",40.7246050998869,-74.07840594649315,3195,"Sip Ave",40.73074262530658,-74.06378388404846,26292,"Subscriber",1969,1
1032,"2018-12-02 12:30:31.5380","2018-12-02 12:47:44.2180",3193,"Lincoln Park",40.7246050998869,-74.07840594649315,3640,"Journal Square",40.73367,-74.0625,29209,"Subscriber",1989,1
374,"2018-12-02 22:19:04.5100","2018-12-02 22:25:19.2620",3193,"Lincoln Park",40.7246050998869,-74.07840594649315,3195,"Sip Ave",40.73074262530658,-74.06378388404846,29245,"Subscriber",1983,1
179,"2018-12-03 05:10:23.0450","2018-12-03 05:13:22.9860",3193,"Lincoln Park",40.7246050998869,-74.07840594649315,3193,"Lincoln Park",40.7246050998869,-74.07840594649315,26166,"Subscriber",1992,1
918,"2018-12-03 05:10:28.4760","2018-12-03 05:25:47.2440",3193,"Lincoln Park",40.7246050998869,-74.07840594649315,3195,"Sip Ave",40.73074262530658,-74.06378388404846,29241,"Subscriber",1991,2
443,"2018-12-03 05:18:35.5470","2018-12-03 05:25:58.7090",3193,"Lincoln Park",40.7246050998869,-74.07840594649315,3195,"Sip Ave",40.73074262530658,-74.06378388404846,26197,"Subscriber",1992,1
466,"2018-12-03 07:43:18.3620","2018-12-03 07:51:04.3990",3193,"Lincoln Park",40.7246050998869,-74.07840594649315,3195,"Sip Ave",40.73074262530658,-74.06378388404846,29303,"Subscriber",1992,1
739,"2018-12-03 08:58:37.9560","2018-12-03 09:10:57.3080",3193,"Lincoln Park",40.7246050998869,-74.07840594649315,3481,"York St",40.71649,-74.04105,29575,"Subscriber",1991,1
1473,"2018-12-03 11:07:45.4810","2018-12-03 11:32:19.0890",3193,"Lincoln Park",40.7246050998869,-74.07840594649315,3193,"Lincoln Park",40.7246050998869,-74.07840594649315,29222,"Subscriber",1969,1
1456,"2018-12-03 14:09:58.5350","2018-12-03 14:34:15.3270",3193,"Lincoln Park",40.7246050998869,-74.07840594649315,3193,"Lincoln Park",40.7246050998869,-74.07840594649315,26166,"Subscriber",1974,1
814,"2018-12-03 17:07:26.8600","2018-12-03 17:21:01.7860",3193,"Lincoln Park",40.7246050998869,-74.07840594649315,3195,"Sip Ave",40.73074262530658,-74.06378388404846,29307,"Subscriber",1969,1
355,"2018-12-03 22:19:40.8400","2018-12-03 22:25:36.2790",3193,"Lincoln Park",40.7246050998869,-74.07840594649315,3195,"Sip Ave",40.73074262530658,-74.06378388404846,29474,"Subscriber",1983,1
434,"2018-12-04 06:13:45.3070","2018-12-04 06:21:00.2130",3193,"Lincoln Park",40.7246050998869,-74.07840594649315,3195,"Sip Ave",40.73074262530658,-74.06378388404846,29515,"Subscriber",1990,2
485,"2018-12-04 07:50:19.3790","2018-12-04 07:58:24.4930",3193,"Lincoln Park",40.7246050998869,-74.07840594649315,3195,"Sip Ave",40.73074262530658,-74.06378388404846,26281,"Subscriber",1992,1
566,"2018-12-04 08:26:17.8860","2018-12-04 08:35:44.8190",3193,"Lincoln Park",40.7246050998869,-74.07840594649315,3195,"Sip Ave",40.73074262530658,-74.06378388404846,26196,"Subscriber",1991,2
554,"2018-12-04 08:26:26.1140","2018-12-04 08:35:40.9580",3193,"Lincoln Park",40.7246050998869,-74.07840594649315,3195,"Sip Ave",40.73074262530658,-74.06378388404846,29303,"Subscriber",1992,1
796,"2018-12-04 09:00:52.0400","2018-12-04 09:14:08.6760",3193,"Lincoln Park",40.7246050998869,-74.07840594649315,3193,"Lincoln Park",40.7246050998869,-74.07840594649315,29602,"Subscriber",1969,1
897,"2018-12-04 10:07:44.9520","2018-12-04 10:22:42.6120",3193,"Lincoln Park",40.7246050998869,-74.07840594649315,3186,"Grove St PATH",40.71958611647166,-74.04311746358871,29602,"Subscriber",1969,1
463,"2018-12-04 14:36:33.4820","2018-12-04 14:44:16.7100",3193,"Lincoln Park",40.7246050998869,-74.07840594649315,3195,"Sip Ave",40.73074262530658,-74.06378388404846,29515,"Subscriber",1990,2
515,"2018-12-04 18:18:00.1260","2018-12-04 18:26:35.3830",3193,"Lincoln Park",40.7246050998869,-74.07840594649315,3195,"Sip Ave",40.73074262530658,-74.06378388404846,29286,"Subscriber",1969,1
447,"2018-12-05 05:12:14.7580","2018-12-05 05:19:42.3390",3193,"Lincoln Park",40.7246050998869,-74.07840594649315,3195,"Sip Ave",40.73074262530658,-74.06378388404846,29300,"Subscriber",1991,2
1191,"2018-12-05 08:39:40.9010","2018-12-05 08:59:32.8150",3193,"Lincoln Park",40.7246050998869,-74.07840594649315,3426,"JCBS Depot",40.70965083364061,-74.06860113143921,29587,"Subscriber",1991,1
576,"2018-12-05 09:08:27.5730","2018-12-05 09:18:03.8030",3193,"Lincoln Park",40.7246050998869,-74.07840594649315,3195,"Sip Ave",40.73074262530658,-74.06378388404846,29577,"Subscriber",1969,1
476,"2018-12-05 12:37:38.3910","2018-12-05 12:45:35.1840",3193,"Lincoln Park",40.7246050998869,-74.07840594649315,3195,"Sip Ave",40.73074262530658,-74.06378388404846,29532,"Subscriber",1990,2
490,"2018-12-06 06:08:16.2650","2018-12-06 06:16:27.1210",3193,"Lincoln Park",40.7246050998869,-74.07840594649315,3195,"Sip Ave",40.73074262530658,-74.06378388404846,26190,"Subscriber",1991,2
447,"2018-12-06 06:11:50.5480","2018-12-06 06:19:18.1400",3193,"Lincoln Park",40.7246050998869,-74.07840594649315,3195,"Sip Ave",40.73074262530658,-74.06378388404846,29577,"Subscriber",1990,2
551,"2018-12-06 07:32:21.5490","2018-12-06 07:41:32.5880",3193,"Lincoln Park",40.7246050998869,-74.07840594649315,3195,"Sip Ave",40.73074262530658,-74.06378388404846,29290,"Subscriber",1987,1
532,"2018-12-06 07:32:40.5360","2018-12-06 07:41:32.6390",3193,"Lincoln Park",40.7246050998869,-74.07840594649315,3195,"Sip Ave",40.73074262530658,-74.06378388404846,29680,"Subscriber",1984,1
603,"2018-12-06 08:34:14.0510","2018-12-06 08:44:17.1570",3193,"Lincoln Park",40.7246050998869,-74.07840594649315,3195,"Sip Ave",40.73074262530658,-74.06378388404846,29208,"Subscriber",1969,0
1297,"2018-12-06 08:52:37.4760","2018-12-06 09:14:14.4970",3193,"Lincoln Park",40.7246050998869,-74.07840594649315,3193,"Lincoln Park",40.7246050998869,-74.07840594649315,26183,"Subscriber",1969,1
511,"2018-12-06 12:32:33.4010","2018-12-06 12:41:04.9500",3193,"Lincoln Park",40.7246050998869,-74.07840594649315,3195,"Sip Ave",40.73074262530658,-74.06378388404846,29286,"Subscriber",1990,2
380,"2018-12-06 22:22:42.6300","2018-12-06 22:29:02.6710",3193,"Lincoln Park",40.7246050998869,-74.07840594649315,3195,"Sip Ave",40.73074262530658,-74.06378388404846,26183,"Subscriber",1983,1
1270,"2018-12-07 10:22:39.7100","2018-12-07 10:43:49.8840",3193,"Lincoln Park",40.7246050998869,-74.07840594649315,3193,"Lincoln Park",40.7246050998869,-74.07840594649315,29577,"Subscriber",1969,1
640,"2018-12-07 20:32:30.4050","2018-12-07 20:43:10.5830",3193,"Lincoln Park",40.7246050998869,-74.07840594649315,3195,"Sip Ave",40.73074262530658,-74.06378388404846,29577,"Subscriber",1967,1
424,"2018-12-07 22:31:44.8170","2018-12-07 22:38:49.6290",3193,"Lincoln Park",40.7246050998869,-74.07840594649315,3195,"Sip Ave",40.73074262530658,-74.06378388404846,29586,"Subscriber",1983,1
657,"2018-12-08 07:29:48.4430","2018-12-08 07:40:45.9550",3193,"Lincoln Park",40.7246050998869,-74.07840594649315,3195,"Sip Ave",40.73074262530658,-74.06378388404846,29219,"Subscriber",1984,1
451,"2018-12-08 09:05:33.3170","2018-12-08 09:13:05.0290",3193,"Lincoln Park",40.7246050998869,-74.07840594649315,3195,"Sip Ave",40.73074262530658,-74.06378388404846,33744,"Subscriber",1990,2
7267,"2018-12-08 14:39:11.6120","2018-12-08 16:40:19.5590",3193,"Lincoln Park",40.7246050998869,-74.07840594649315,3195,"Sip Ave",40.73074262530658,-74.06378388404846,26301,"Customer",1985,1
984,"2018-12-08 18:28:02.5250","2018-12-08 18:44:26.6300",3193,"Lincoln Park",40.7246050998869,-74.07840594649315,3193,"Lincoln Park",40.7246050998869,-74.07840594649315,29652,"Subscriber",1987,1
373,"2018-12-08 22:20:31.0270","2018-12-08 22:26:44.2410",3193,"Lincoln Park",40.7246050998869,-74.07840594649315,3195,"Sip Ave",40.73074262530658,-74.06378388404846,29652,"Subscriber",1983,1
1908,"2018-12-09 08:46:23.3600","2018-12-09 09:18:12.1360",3193,"Lincoln Park",40.7246050998869,-74.07840594649315,3196,"Riverview Park",40.7443187,-74.0439909,29636,"Customer",1983,1
386,"2018-12-09 22:27:05.2900","2018-12-09 22:33:31.4160",3193,"Lincoln Park",40.7246050998869,-74.07840594649315,3195,"Sip Ave",40.73074262530658,-74.06378388404846,29213,"Subscriber",1983,1
478,"2018-12-10 07:14:56.2580","2018-12-10 07:22:55.1830",3193,"Lincoln Park",40.7246050998869,-74.07840594649315,3195,"Sip Ave",40.73074262530658,-74.06378388404846,29586,"Subscriber",1992,1
475,"2018-12-10 07:43:34.5160","2018-12-10 07:51:30.0460",3193,"Lincoln Park",40.7246050998869,-74.07840594649315,3195,"Sip Ave",40.73074262530658,-74.06378388404846,29303,"Subscriber",1992,1
570,"2018-12-10 10:14:04.5470","2018-12-10 10:23:35.3150",3193,"Lincoln Park",40.7246050998869,-74.07840594649315,3195,"Sip Ave",40.73074262530658,-74.06378388404846,29291,"Subscriber",1991,2
737,"2018-12-10 14:10:59.3120","2018-12-10 14:23:16.6060",3193,"Lincoln Park",40.7246050998869,-74.07840594649315,3195,"Sip Ave",40.73074262530658,-74.06378388404846,29211,"Subscriber",1969,1
467,"2018-12-10 14:14:33.0510","2018-12-10 14:22:20.9230",3193,"Lincoln Park",40.7246050998869,-74.07840594649315,3195,"Sip Ave",40.73074262530658,-74.06378388404846,29660,"Subscriber",1990,2
401,"2018-12-10 22:19:15.8850","2018-12-10 22:25:57.5150",3193,"Lincoln Park",40.7246050998869,-74.07840594649315,3195,"Sip Ave",40.73074262530658,-74.06378388404846,29642,"Subscriber",1983,1
520,"2018-12-11 05:11:54.8740","2018-12-11 05:20:35.8590",3193,"Lincoln Park",40.7246050998869,-74.07840594649315,3195,"Sip Ave",40.73074262530658,-74.06378388404846,26161,"Subscriber",1991,2
436,"2018-12-11 06:46:49.0490","2018-12-11 06:54:05.8610",3193,"Lincoln Park",40.7246050998869,-74.07840594649315,3194,"McGinley Square",40.7253399253558,-74.06762212514877,26183,"Subscriber",1980,1
473,"2018-12-11 07:45:11.1720","2018-12-11 07:53:04.6950",3193,"Lincoln Park",40.7246050998869,-74.07840594649315,3195,"Sip Ave",40.73074262530658,-74.06378388404846,29217,"Subscriber",1992,1
618,"2018-12-11 09:06:58.4090","2018-12-11 09:17:17.3530",3193,"Lincoln Park",40.7246050998869,-74.07840594649315,3195,"Sip Ave",40.73074262530658,-74.06378388404846,29453,"Subscriber",1992,1
1312,"2018-12-11 09:59:04.3030","2018-12-11 10:20:57.2320",3193,"Lincoln Park",40.7246050998869,-74.07840594649315,3193,"Lincoln Park",40.7246050998869,-74.07840594649315,29616,"Subscriber",1969,1
605,"2018-12-11 16:38:10.5530","2018-12-11 16:48:16.1270",3193,"Lincoln Park",40.7246050998869,-74.07840594649315,3195,"Sip Ave",40.73074262530658,-74.06378388404846,29616,"Subscriber",1969,1
504,"2018-12-12 05:15:33.6040","2018-12-12 05:23:58.3730",3193,"Lincoln Park",40.7246050998869,-74.07840594649315,3195,"Sip Ave",40.73074262530658,-74.06378388404846,29616,"Subscriber",1992,1
487,"2018-12-12 05:15:49.2900","2018-12-12 05:23:57.2320",3193,"Lincoln Park",40.7246050998869,-74.07840594649315,3195,"Sip Ave",40.73074262530658,-74.06378388404846,29277,"Subscriber",1991,2
513,"2018-12-12 07:47:51.2610","2018-12-12 07:56:25.1270",3193,"Lincoln Park",40.7246050998869,-74.07840594649315,3195,"Sip Ave",40.73074262530658,-74.06378388404846,26161,"Subscriber",1992,1
848,"2018-12-12 08:48:06.0190","2018-12-12 09:02:14.8040",3193,"Lincoln Park",40.7246050998869,-74.07840594649315,3481,"York St",40.71649,-74.04105,26282,"Subscriber",1991,1
448,"2018-12-12 08:56:26.5830","2018-12-12 09:03:55.1800",3193,"Lincoln Park",40.7246050998869,-74.07840594649315,3195,"Sip Ave",40.73074262530658,-74.06378388404846,29616,"Subscriber",1990,2
1016,"2018-12-12 12:00:14.3320","2018-12-12 12:17:11.3000",3193,"Lincoln Park",40.7246050998869,-74.07840594649315,3193,"Lincoln Park",40.7246050998869,-74.07840594649315,29681,"Subscriber",1969,1
719,"2018-12-12 17:47:27.9520","2018-12-12 17:59:27.8260",3193,"Lincoln Park",40.7246050998869,-74.07840594649315,3195,"Sip Ave",40.73074262530658,-74.06378388404846,29681,"Subscriber",1969,1
498,"2018-12-13 05:43:54.9000","2018-12-13 05:52:13.8390",3193,"Lincoln Park",40.7246050998869,-74.07840594649315,3195,"Sip Ave",40.73074262530658,-74.06378388404846,26193,"Subscriber",1990,2
595,"2018-12-13 06:16:55.0550","2018-12-13 06:26:50.7680",3193,"Lincoln Park",40.7246050998869,-74.07840594649315,3195,"Sip Ave",40.73074262530658,-74.06378388404846,29577,"Subscriber",1992,1
587,"2018-12-13 06:16:55.9460","2018-12-13 06:26:43.5050",3193,"Lincoln Park",40.7246050998869,-74.07840594649315,3195,"Sip Ave",40.73074262530658,-74.06378388404846,29526,"Subscriber",1991,2
214,"2018-12-13 10:20:52.9770","2018-12-13 10:24:27.4680",3193,"Lincoln Park",40.7246050998869,-74.07840594649315,3193,"Lincoln Park",40.7246050998869,-74.07840594649315,29546,"Subscriber",1969,1
461,"2018-12-13 14:12:54.8910","2018-12-13 14:20:36.4370",3193,"Lincoln Park",40.7246050998869,-74.07840594649315,3195,"Sip Ave",40.73074262530658,-74.06378388404846,29666,"Subscriber",1990,2
438,"2018-12-13 15:37:45.8730","2018-12-13 15:45:04.7930",3193,"Lincoln Park",40.7246050998869,-74.07840594649315,3677,"Glenwood Ave",40.72755146730012,-74.07106071710587,29548,"Subscriber",1963,1
555,"2018-12-13 17:38:32.1160","2018-12-13 17:47:47.3530",3193,"Lincoln Park",40.7246050998869,-74.07840594649315,3195,"Sip Ave",40.73074262530658,-74.06378388404846,29662,"Subscriber",1969,1
421,"2018-12-13 22:26:57.0140","2018-12-13 22:33:58.5820",3193,"Lincoln Park",40.7246050998869,-74.07840594649315,3195,"Sip Ave",40.73074262530658,-74.06378388404846,29266,"Subscriber",1983,1
487,"2018-12-14 07:46:33.2390","2018-12-14 07:54:41.2220",3193,"Lincoln Park",40.7246050998869,-74.07840594649315,3195,"Sip Ave",40.73074262530658,-74.06378388404846,29635,"Subscriber",1992,1
257,"2018-12-14 11:12:50.5070","2018-12-14 11:17:08.0970",3193,"Lincoln Park",40.7246050998869,-74.07840594649315,3677,"Glenwood Ave",40.72755146730012,-74.07106071710587,29546,"Subscriber",1976,1
518,"2018-12-14 17:49:31.9150","2018-12-14 17:58:09.9710",3193,"Lincoln Park",40.7246050998869,-74.07840594649315,3194,"McGinley Square",40.7253399253558,-74.06762212514877,29577,"Subscriber",1988,1
377,"2018-12-15 08:51:35.8110","2018-12-15 08:57:53.3940",3193,"Lincoln Park",40.7246050998869,-74.07840594649315,3194,"McGinley Square",40.7253399253558,-74.06762212514877,29210,"Subscriber",1980,1
639,"2018-12-15 08:56:51.4700","2018-12-15 09:07:30.6350",3193,"Lincoln Park",40.7246050998869,-74.07840594649315,3195,"Sip Ave",40.73074262530658,-74.06378388404846,29448,"Subscriber",1969,1
994,"2018-12-15 15:20:25.4160","2018-12-15 15:37:00.0110",3193,"Lincoln Park",40.7246050998869,-74.07840594649315,3213,"Van Vorst Park",40.71848892,-74.047726625,29635,"Subscriber",1991,2
993,"2018-12-15 15:20:21.4960","2018-12-15 15:36:54.7740",3193,"Lincoln Park",40.7246050998869,-74.07840594649315,3213,"Van Vorst Park",40.71848892,-74.047726625,26271,"Subscriber",1992,1
580,"2018-12-16 09:21:04.7720","2018-12-16 09:30:45.5020",3193,"Lincoln Park",40.7246050998869,-74.07840594649315,3195,"Sip Ave",40.73074262530658,-74.06378388404846,29276,"Subscriber",1969,1
574,"2018-12-16 12:15:51.1340","2018-12-16 12:25:25.2280",3193,"Lincoln Park",40.7246050998869,-74.07840594649315,3195,"Sip Ave",40.73074262530658,-74.06378388404846,26243,"Subscriber",1992,1
468,"2018-12-17 05:12:02.3910","2018-12-17 05:19:51.0920",3193,"Lincoln Park",40.7246050998869,-74.07840594649315,3195,"Sip Ave",40.73074262530658,-74.06378388404846,29434,"Subscriber",1991,2
478,"2018-12-17 07:47:54.6580","2018-12-17 07:55:53.2380",3193,"Lincoln Park",40.7246050998869,-74.07840594649315,3195,"Sip Ave",40.73074262530658,-74.06378388404846,29455,"Subscriber",1992,1
509,"2018-12-17 08:08:26.8770","2018-12-17 08:16:56.2650",3193,"Lincoln Park",40.7246050998869,-74.07840594649315,3195,"Sip Ave",40.73074262530658,-74.06378388404846,26243,"Customer",1973,2
1055,"2018-12-17 08:46:26.4190","2018-12-17 09:04:01.8550",3193,"Lincoln Park",40.7246050998869,-74.07840594649315,3193,"Lincoln Park",40.7246050998869,-74.07840594649315,29588,"Subscriber",1969,1
496,"2018-12-17 13:58:03.6480","2018-12-17 14:06:20.2320",3193,"Lincoln Park",40.7246050998869,-74.07840594649315,3195,"Sip Ave",40.73074262530658,-74.06378388404846,29588,"Subscriber",1990,2
439,"2018-12-17 16:06:20.7050","2018-12-17 16:13:39.9490",3193,"Lincoln Park",40.7246050998869,-74.07840594649315,3195,"Sip Ave",40.73074262530658,-74.06378388404846,29575,"Subscriber",1983,1
520,"2018-12-17 17:21:49.6540","2018-12-17 17:30:29.7320",3193,"Lincoln Park",40.7246050998869,-74.07840594649315,3195,"Sip Ave",40.73074262530658,-74.06378388404846,29211,"Subscriber",1969,1
907,"2018-12-17 19:07:41.2560","2018-12-17 19:22:48.7440",3193,"Lincoln Park",40.7246050998869,-74.07840594649315,3281,"Leonard Gordon Park",40.74590996631558,-74.0572714805603,26190,"Subscriber",1985,1
443,"2018-12-18 06:08:28.4060","2018-12-18 06:15:51.4610",3193,"Lincoln Park",40.7246050998869,-74.07840594649315,3195,"Sip Ave",40.73074262530658,-74.06378388404846,29218,"Subscriber",1990,2
606,"2018-12-18 08:03:09.5160","2018-12-18 08:13:16.4950",3193,"Lincoln Park",40.7246050998869,-74.07840594649315,3195,"Sip Ave",40.73074262530658,-74.06378388404846,26193,"Subscriber",1992,1
544,"2018-12-18 09:14:35.7370","2018-12-18 09:23:39.8250",3193,"Lincoln Park",40.7246050998869,-74.07840594649315,3195,"Sip Ave",40.73074262530658,-74.06378388404846,26174,"Subscriber",1969,1
494,"2018-12-18 13:46:01.6740","2018-12-18 13:54:15.6940",3193,"Lincoln Park",40.7246050998869,-74.07840594649315,3195,"Sip Ave",40.73074262530658,-74.06378388404846,26261,"Subscriber",1990,2
462,"2018-12-18 14:03:42.7220","2018-12-18 14:11:25.1570",3193,"Lincoln Park",40.7246050998869,-74.07840594649315,3194,"McGinley Square",40.7253399253558,-74.06762212514877,29211,"Subscriber",1968,1
259,"2018-12-18 22:13:44.2890","2018-12-18 22:18:03.4290",3193,"Lincoln Park",40.7246050998869,-74.07840594649315,3191,"Union St",40.7182113,-74.0836394,29570,"Subscriber",1987,2
492,"2018-12-19 07:45:10.0750","2018-12-19 07:53:22.3460",3193,"Lincoln Park",40.7246050998869,-74.07840594649315,3195,"Sip Ave",40.73074262530658,-74.06378388404846,29679,"Subscriber",1992,1
432,"2018-12-19 13:38:56.6570","2018-12-19 13:46:08.9710",3193,"Lincoln Park",40.7246050998869,-74.07840594649315,3195,"Sip Ave",40.73074262530658,-74.06378388404846,29534,"Subscriber",1990,2
594,"2018-12-19 17:37:01.1790","2018-12-19 17:46:56.1350",3193,"Lincoln Park",40.7246050998869,-74.07840594649315,3195,"Sip Ave",40.73074262530658,-74.06378388404846,29448,"Subscriber",1969,1
476,"2018-12-20 07:47:49.6770","2018-12-20 07:55:45.7800",3193,"Lincoln Park",40.7246050998869,-74.07840594649315,3195,"Sip Ave",40.73074262530658,-74.06378388404846,29294,"Subscriber",1992,1
524,"2018-12-20 08:28:04.0020","2018-12-20 08:36:48.2180",3193,"Lincoln Park",40.7246050998869,-74.07840594649315,3195,"Sip Ave",40.73074262530658,-74.06378388404846,29603,"Subscriber",1969,1
624,"2018-12-20 15:14:22.5660","2018-12-20 15:24:47.2320",3193,"Lincoln Park",40.7246050998869,-74.07840594649315,3195,"Sip Ave",40.73074262530658,-74.06378388404846,26198,"Subscriber",1983,1
611,"2018-12-20 19:28:47.2270","2018-12-20 19:38:58.8850",3193,"Lincoln Park",40.7246050998869,-74.07840594649315,3195,"Sip Ave",40.73074262530658,-74.06378388404846,29550,"Subscriber",1967,1
445,"2018-12-20 22:25:17.3670","2018-12-20 22:32:43.1370",3193,"Lincoln Park",40.7246050998869,-74.07840594649315,3195,"Sip Ave",40.73074262530658,-74.06378388404846,29211,"Subscriber",1983,1
903,"2018-12-21 10:10:10.7960","2018-12-21 10:25:14.2910",3193,"Lincoln Park",40.7246050998869,-74.07840594649315,3185,"City Hall",40.7177325,-74.043845,29222,"Subscriber",1969,1
416,"2018-12-21 22:26:25.6800","2018-12-21 22:33:22.5190",3193,"Lincoln Park",40.7246050998869,-74.07840594649315,3195,"Sip Ave",40.73074262530658,-74.06378388404846,29595,"Subscriber",1983,1
390,"2018-12-22 09:51:18.6120","2018-12-22 09:57:48.8640",3193,"Lincoln Park",40.7246050998869,-74.07840594649315,3194,"McGinley Square",40.7253399253558,-74.06762212514877,26312,"Subscriber",1980,1
1045,"2018-12-22 12:42:44.5870","2018-12-22 13:00:09.5890",3193,"Lincoln Park",40.7246050998869,-74.07840594649315,3212,"Christ Hospital",40.734785818,-74.050443636,26198,"Subscriber",1980,1
491,"2018-12-22 16:10:26.9260","2018-12-22 16:18:38.3950",3193,"Lincoln Park",40.7246050998869,-74.07840594649315,3195,"Sip Ave",40.73074262530658,-74.06378388404846,29587,"Subscriber",1969,1
467,"2018-12-22 22:19:34.9580","2018-12-22 22:27:22.3010",3193,"Lincoln Park",40.7246050998869,-74.07840594649315,3195,"Sip Ave",40.73074262530658,-74.06378388404846,29213,"Subscriber",1983,1
256,"2018-12-23 09:21:53.4680","2018-12-23 09:26:10.3660",3193,"Lincoln Park",40.7246050998869,-74.07840594649315,3678,"Fairmount Ave",40.72572613742557,-74.07195925712585,26205,"Subscriber",1980,1
544,"2018-12-23 20:26:27.6270","2018-12-23 20:35:31.8440",3193,"Lincoln Park",40.7246050998869,-74.07840594649315,3280,"Astor Place",40.71928220070702,-74.07126188278198,26247,"Subscriber",1960,1
428,"2018-12-23 22:22:35.1870","2018-12-23 22:29:43.2850",3193,"Lincoln Park",40.7246050998869,-74.07840594649315,3195,"Sip Ave",40.73074262530658,-74.06378388404846,29673,"Subscriber",1983,1
443,"2018-12-24 08:08:52.0700","2018-12-24 08:16:15.6100",3193,"Lincoln Park",40.7246050998869,-74.07840594649315,3195,"Sip Ave",40.73074262530658,-74.06378388404846,29531,"Subscriber",1992,1
366,"2018-12-25 07:56:15.8850","2018-12-25 08:02:22.6270",3193,"Lincoln Park",40.7246050998869,-74.07840594649315,3194,"McGinley Square",40.7253399253558,-74.06762212514877,29588,"Subscriber",1980,1
457,"2018-12-26 07:26:57.3010","2018-12-26 07:34:35.1200",3193,"Lincoln Park",40.7246050998869,-74.07840594649315,3195,"Sip Ave",40.73074262530658,-74.06378388404846,29533,"Subscriber",1983,1
409,"2018-12-26 07:35:05.3320","2018-12-26 07:41:54.5390",3193,"Lincoln Park",40.7246050998869,-74.07840594649315,3194,"McGinley Square",40.7253399253558,-74.06762212514877,26269,"Subscriber",1980,1
453,"2018-12-26 07:43:24.7600","2018-12-26 07:50:57.8300",3193,"Lincoln Park",40.7246050998869,-74.07840594649315,3195,"Sip Ave",40.73074262530658,-74.06378388404846,29268,"Subscriber",1992,1
963,"2018-12-26 09:37:22.7600","2018-12-26 09:53:26.5510",3193,"Lincoln Park",40.7246050998869,-74.07840594649315,3193,"Lincoln Park",40.7246050998869,-74.07840594649315,29673,"Subscriber",1969,1
439,"2018-12-27 06:37:00.0710","2018-12-27 06:44:19.9840",3193,"Lincoln Park",40.7246050998869,-74.07840594649315,3195,"Sip Ave",40.73074262530658,-74.06378388404846,29673,"Subscriber",1990,2
423,"2018-12-27 07:27:25.0360","2018-12-27 07:34:28.6280",3193,"Lincoln Park",40.7246050998869,-74.07840594649315,3195,"Sip Ave",40.73074262530658,-74.06378388404846,29665,"Subscriber",1983,1
521,"2018-12-27 07:44:09.8390","2018-12-27 07:52:51.1610",3193,"Lincoln Park",40.7246050998869,-74.07840594649315,3195,"Sip Ave",40.73074262530658,-74.06378388404846,29576,"Subscriber",1992,1
267,"2018-12-27 08:39:55.6370","2018-12-27 08:44:23.6300",3193,"Lincoln Park",40.7246050998869,-74.07840594649315,3678,"Fairmount Ave",40.72572613742557,-74.07195925712585,29533,"Subscriber",1980,1
832,"2018-12-27 08:49:55.0930","2018-12-27 09:03:47.6670",3193,"Lincoln Park",40.7246050998869,-74.07840594649315,3481,"York St",40.71649,-74.04105,29530,"Subscriber",1991,1
1201,"2018-12-27 09:19:27.6370","2018-12-27 09:39:29.2640",3193,"Lincoln Park",40.7246050998869,-74.07840594649315,3193,"Lincoln Park",40.7246050998869,-74.07840594649315,29306,"Subscriber",1969,1
443,"2018-12-27 09:23:39.5210","2018-12-27 09:31:03.4460",3193,"Lincoln Park",40.7246050998869,-74.07840594649315,3678,"Fairmount Ave",40.72572613742557,-74.07195925712585,29298,"Subscriber",1983,2
1748,"2018-12-27 12:57:23.1790","2018-12-27 13:26:31.2960",3193,"Lincoln Park",40.7246050998869,-74.07840594649315,3193,"Lincoln Park",40.7246050998869,-74.07840594649315,29551,"Customer",1985,1
484,"2018-12-27 14:36:38.6820","2018-12-27 14:44:43.1020",3193,"Lincoln Park",40.7246050998869,-74.07840594649315,3195,"Sip Ave",40.73074262530658,-74.06378388404846,29551,"Subscriber",1990,2
611,"2018-12-27 15:50:44.0990","2018-12-27 16:00:55.8700",3193,"Lincoln Park",40.7246050998869,-74.07840594649315,3195,"Sip Ave",40.73074262530658,-74.06378388404846,29515,"Subscriber",1991,2
594,"2018-12-27 15:50:48.1520","2018-12-27 16:00:42.9880",3193,"Lincoln Park",40.7246050998869,-74.07840594649315,3195,"Sip Ave",40.73074262530658,-74.06378388404846,29525,"Subscriber",1992,1
543,"2018-12-27 17:00:18.0650","2018-12-27 17:09:21.4370",3193,"Lincoln Park",40.7246050998869,-74.07840594649315,3195,"Sip Ave",40.73074262530658,-74.06378388404846,29306,"Subscriber",1969,1
729,"2018-12-27 19:33:43.1240","2018-12-27 19:45:52.8260",3193,"Lincoln Park",40.7246050998869,-74.07840594649315,3640,"Journal Square",40.73367,-74.0625,29515,"Subscriber",1988,1
456,"2018-12-28 08:16:30.5760","2018-12-28 08:24:07.0670",3193,"Lincoln Park",40.7246050998869,-74.07840594649315,3195,"Sip Ave",40.73074262530658,-74.06378388404846,29125,"Subscriber",1992,1
494,"2018-12-28 11:49:42.6370","2018-12-28 11:57:56.9790",3193,"Lincoln Park",40.7246050998869,-74.07840594649315,3195,"Sip Ave",40.73074262530658,-74.06378388404846,29551,"Subscriber",1990,2
454,"2018-12-28 22:21:53.7450","2018-12-28 22:29:27.9740",3193,"Lincoln Park",40.7246050998869,-74.07840594649315,3195,"Sip Ave",40.73074262530658,-74.06378388404846,26161,"Subscriber",1983,1
792,"2018-12-29 16:16:43.8650","2018-12-29 16:29:56.5790",3193,"Lincoln Park",40.7246050998869,-74.07840594649315,3193,"Lincoln Park",40.7246050998869,-74.07840594649315,29664,"Subscriber",1985,1
807,"2018-12-29 16:16:55.6250","2018-12-29 16:30:23.1380",3193,"Lincoln Park",40.7246050998869,-74.07840594649315,3193,"Lincoln Park",40.7246050998869,-74.07840594649315,29281,"Subscriber",1976,1
400,"2018-12-29 22:28:02.5190","2018-12-29 22:34:42.8630",3193,"Lincoln Park",40.7246050998869,-74.07840594649315,3195,"Sip Ave",40.73074262530658,-74.06378388404846,29527,"Subscriber",1983,1
534,"2018-12-30 20:35:41.0860","2018-12-30 20:44:35.9250",3193,"Lincoln Park",40.7246050998869,-74.07840594649315,3280,"Astor Place",40.71928220070702,-74.07126188278198,29208,"Subscriber",1960,1
653,"2018-12-30 22:26:00.9080","2018-12-30 22:36:54.8290",3193,"Lincoln Park",40.7246050998869,-74.07840594649315,3195,"Sip Ave",40.73074262530658,-74.06378388404846,29304,"Subscriber",1983,1
449,"2018-12-31 08:07:20.4590","2018-12-31 08:14:49.9490",3193,"Lincoln Park",40.7246050998869,-74.07840594649315,3195,"Sip Ave",40.73074262530658,-74.06378388404846,29211,"Subscriber",1992,1
826,"2018-12-31 08:48:05.9210","2018-12-31 09:01:52.0060",3193,"Lincoln Park",40.7246050998869,-74.07840594649315,3481,"York St",40.71649,-74.04105,29664,"Subscriber",1991,1
460,"2018-12-31 09:17:11.2430","2018-12-31 09:24:51.5400",3193,"Lincoln Park",40.7246050998869,-74.07840594649315,3195,"Sip Ave",40.73074262530658,-74.06378388404846,29246,"Subscriber",1990,2
771,"2018-12-01 03:08:51.1840","2018-12-01 03:21:43.1440",3194,"McGinley Square",40.7253399253558,-74.06762212514877,3225,"Baldwin at Montgomery",40.7236589,-74.0641943,26159,"Customer",1969,0
198,"2018-12-01 07:38:19.6150","2018-12-01 07:41:38.4960",3194,"McGinley Square",40.7253399253558,-74.06762212514877,3195,"Sip Ave",40.73074262530658,-74.06378388404846,26166,"Subscriber",1980,1
389,"2018-12-01 08:47:00.8380","2018-12-01 08:53:30.0750",3194,"McGinley Square",40.7253399253558,-74.06762212514877,3483,"Montgomery St",40.71942,-74.05099,29450,"Subscriber",1988,2
203,"2018-12-01 10:13:49.5000","2018-12-01 10:17:12.7380",3194,"McGinley Square",40.7253399253558,-74.06762212514877,3195,"Sip Ave",40.73074262530658,-74.06378388404846,29590,"Subscriber",1980,1
510,"2018-12-01 10:16:43.3420","2018-12-01 10:25:13.6740",3194,"McGinley Square",40.7253399253558,-74.06762212514877,3186,"Grove St PATH",40.71958611647166,-74.04311746358871,29240,"Subscriber",1982,1
272,"2018-12-01 12:04:47.5510","2018-12-01 12:09:19.7240",3194,"McGinley Square",40.7253399253558,-74.06762212514877,3195,"Sip Ave",40.73074262530658,-74.06378388404846,29299,"Customer",1992,1
285,"2018-12-01 13:48:15.7200","2018-12-01 13:53:01.7050",3194,"McGinley Square",40.7253399253558,-74.06762212514877,3195,"Sip Ave",40.73074262530658,-74.06378388404846,29582,"Subscriber",1996,2
219,"2018-12-01 14:50:11.8530","2018-12-01 14:53:51.1070",3194,"McGinley Square",40.7253399253558,-74.06762212514877,3195,"Sip Ave",40.73074262530658,-74.06378388404846,29486,"Subscriber",2000,1
954,"2018-12-01 15:15:09.9690","2018-12-01 15:31:04.5330",3194,"McGinley Square",40.7253399253558,-74.06762212514877,3187,"Warren St",40.7211236,-74.03805095,29465,"Subscriber",1995,1
585,"2018-12-01 16:37:36.3500","2018-12-01 16:47:21.9330",3194,"McGinley Square",40.7253399253558,-74.06762212514877,3186,"Grove St PATH",40.71958611647166,-74.04311746358871,29201,"Subscriber",1984,1
260,"2018-12-01 19:13:40.4080","2018-12-01 19:18:01.0040",3194,"McGinley Square",40.7253399253558,-74.06762212514877,3640,"Journal Square",40.73367,-74.0625,29197,"Subscriber",1981,1
240,"2018-12-01 20:07:21.0530","2018-12-01 20:11:21.4640",3194,"McGinley Square",40.7253399253558,-74.06762212514877,3195,"Sip Ave",40.73074262530658,-74.06378388404846,29222,"Subscriber",1995,1
195,"2018-12-02 10:41:52.9370","2018-12-02 10:45:08.0050",3194,"McGinley Square",40.7253399253558,-74.06762212514877,3195,"Sip Ave",40.73074262530658,-74.06378388404846,29483,"Subscriber",1980,1
237,"2018-12-02 10:44:25.4340","2018-12-02 10:48:23.0320",3194,"McGinley Square",40.7253399253558,-74.06762212514877,3195,"Sip Ave",40.73074262530658,-74.06378388404846,29486,"Subscriber",1996,2
455,"2018-12-02 14:01:33.4970","2018-12-02 14:09:09.0750",3194,"McGinley Square",40.7253399253558,-74.06762212514877,3694,"Jackson Square",40.71113,-74.0789,29439,"Subscriber",1997,1
216,"2018-12-02 14:21:00.4540","2018-12-02 14:24:36.6430",3194,"McGinley Square",40.7253399253558,-74.06762212514877,3195,"Sip Ave",40.73074262530658,-74.06378388404846,29544,"Subscriber",2000,1
1854,"2018-12-02 15:57:55.6460","2018-12-02 16:28:50.2160",3194,"McGinley Square",40.7253399253558,-74.06762212514877,3194,"McGinley Square",40.7253399253558,-74.06762212514877,26212,"Subscriber",1995,1
707,"2018-12-02 22:33:21.2980","2018-12-02 22:45:08.3100",3194,"McGinley Square",40.7253399253558,-74.06762212514877,3277,"Communipaw & Berry Lane",40.71435836870427,-74.06661093235016,29587,"Subscriber",1988,1
207,"2018-12-03 06:38:03.3700","2018-12-03 06:41:31.0110",3194,"McGinley Square",40.7253399253558,-74.06762212514877,3195,"Sip Ave",40.73074262530658,-74.06378388404846,26212,"Subscriber",1994,1
255,"2018-12-03 06:48:06.4670","2018-12-03 06:52:21.9500",3194,"McGinley Square",40.7253399253558,-74.06762212514877,3195,"Sip Ave",40.73074262530658,-74.06378388404846,26196,"Subscriber",1996,2
238,"2018-12-03 07:19:41.1520","2018-12-03 07:23:39.3590",3194,"McGinley Square",40.7253399253558,-74.06762212514877,3195,"Sip Ave",40.73074262530658,-74.06378388404846,29307,"Subscriber",1977,2
922,"2018-12-03 07:36:50.6370","2018-12-03 07:52:13.3250",3194,"McGinley Square",40.7253399253558,-74.06762212514877,3639,"Harborside",40.7192517,-74.034234,29210,"Subscriber",1977,1
207,"2018-12-03 07:51:06.8350","2018-12-03 07:54:34.0430",3194,"McGinley Square",40.7253399253558,-74.06762212514877,3195,"Sip Ave",40.73074262530658,-74.06378388404846,29299,"Subscriber",1982,1
203,"2018-12-03 07:56:29.2660","2018-12-03 07:59:52.3350",3194,"McGinley Square",40.7253399253558,-74.06762212514877,3195,"Sip Ave",40.73074262530658,-74.06378388404846,29536,"Subscriber",1992,1
269,"2018-12-03 08:04:44.7520","2018-12-03 08:09:14.4550",3194,"McGinley Square",40.7253399253558,-74.06762212514877,3195,"Sip Ave",40.73074262530658,-74.06378388404846,26163,"Subscriber",1970,1
753,"2018-12-03 08:22:00.5170","2018-12-03 08:34:33.7960",3194,"McGinley Square",40.7253399253558,-74.06762212514877,3187,"Warren St",40.7211236,-74.03805095,29444,"Subscriber",1991,1
222,"2018-12-03 08:48:43.1260","2018-12-03 08:52:25.3280",3194,"McGinley Square",40.7253399253558,-74.06762212514877,3195,"Sip Ave",40.73074262530658,-74.06378388404846,29261,"Subscriber",1990,1
703,"2018-12-03 09:21:40.0220","2018-12-03 09:33:23.3970",3194,"McGinley Square",40.7253399253558,-74.06762212514877,3183,"Exchange Place",40.7162469,-74.0334588,29197,"Subscriber",1989,1
710,"2018-12-03 16:16:05.6120","2018-12-03 16:27:55.7160",3194,"McGinley Square",40.7253399253558,-74.06762212514877,3184,"Paulus Hook",40.7141454,-74.0335519,29227,"Subscriber",1983,1
1101,"2018-12-03 16:24:27.1490","2018-12-03 16:42:48.2310",3194,"McGinley Square",40.7253399253558,-74.06762212514877,3639,"Harborside",40.7192517,-74.034234,29259,"Subscriber",1973,2
1087,"2018-12-03 18:09:00.9290","2018-12-03 18:27:08.7520",3194,"McGinley Square",40.7253399253558,-74.06762212514877,3273,"Manila & 1st",40.721650724879986,-74.04288411140442,29646,"Subscriber",1978,1
190,"2018-12-03 22:02:34.5610","2018-12-03 22:05:45.3000",3194,"McGinley Square",40.7253399253558,-74.06762212514877,3280,"Astor Place",40.71928220070702,-74.07126188278198,26198,"Subscriber",1987,1
606,"2018-12-03 23:25:28.1520","2018-12-03 23:35:34.8110",3194,"McGinley Square",40.7253399253558,-74.06762212514877,3191,"Union St",40.7182113,-74.0836394,29611,"Subscriber",1962,1
289,"2018-12-03 23:50:21.9910","2018-12-03 23:55:11.8170",3194,"McGinley Square",40.7253399253558,-74.06762212514877,3193,"Lincoln Park",40.7246050998869,-74.07840594649315,29537,"Subscriber",1969,1
224,"2018-12-04 01:30:17.1590","2018-12-04 01:34:01.8770",3194,"McGinley Square",40.7253399253558,-74.06762212514877,3280,"Astor Place",40.71928220070702,-74.07126188278198,26170,"Subscriber",1988,1
165,"2018-12-04 02:46:07.4610","2018-12-04 02:48:53.1790",3194,"McGinley Square",40.7253399253558,-74.06762212514877,3679,"Bergen Ave",40.722103786686034,-74.07145500183105,29254,"Subscriber",1996,2
244,"2018-12-04 07:09:55.2090","2018-12-04 07:14:00.1380",3194,"McGinley Square",40.7253399253558,-74.06762212514877,3195,"Sip Ave",40.73074262530658,-74.06378388404846,26212,"Subscriber",1996,2
185,"2018-12-04 07:24:24.0230","2018-12-04 07:27:29.4430",3194,"McGinley Square",40.7253399253558,-74.06762212514877,3195,"Sip Ave",40.73074262530658,-74.06378388404846,29268,"Subscriber",1977,2
202,"2018-12-04 07:51:15.6860","2018-12-04 07:54:38.5150",3194,"McGinley Square",40.7253399253558,-74.06762212514877,3195,"Sip Ave",40.73074262530658,-74.06378388404846,29587,"Subscriber",1994,1
267,"2018-12-04 08:12:57.3260","2018-12-04 08:17:24.7850",3194,"McGinley Square",40.7253399253558,-74.06762212514877,3195,"Sip Ave",40.73074262530658,-74.06378388404846,26191,"Subscriber",1970,1
244,"2018-12-04 08:25:06.4720","2018-12-04 08:29:11.4530",3194,"McGinley Square",40.7253399253558,-74.06762212514877,3195,"Sip Ave",40.73074262530658,-74.06378388404846,26266,"Subscriber",1984,0
224,"2018-12-04 08:51:12.4220","2018-12-04 08:54:56.8210",3194,"McGinley Square",40.7253399253558,-74.06762212514877,3195,"Sip Ave",40.73074262530658,-74.06378388404846,29554,"Subscriber",1991,1
948,"2018-12-04 10:33:04.5360","2018-12-04 10:48:52.8630",3194,"McGinley Square",40.7253399253558,-74.06762212514877,3214,"Essex Light Rail",40.7127742,-74.0364857,29678,"Subscriber",1980,1
441,"2018-12-04 11:05:54.0780","2018-12-04 11:13:16.0620",3194,"McGinley Square",40.7253399253558,-74.06762212514877,3640,"Journal Square",40.73367,-74.0625,29607,"Subscriber",1991,2
549,"2018-12-04 11:07:47.2100","2018-12-04 11:16:56.4270",3194,"McGinley Square",40.7253399253558,-74.06762212514877,3186,"Grove St PATH",40.71958611647166,-74.04311746358871,29505,"Subscriber",1993,1
372,"2018-12-04 11:16:23.4460","2018-12-04 11:22:36.1020",3194,"McGinley Square",40.7253399253558,-74.06762212514877,3640,"Journal Square",40.73367,-74.0625,26258,"Subscriber",1993,1
822,"2018-12-04 13:31:54.0010","2018-12-04 13:45:36.1540",3194,"McGinley Square",40.7253399253558,-74.06762212514877,3220,"5 Corners Library",40.734961020009514,-74.0595030784607,29268,"Subscriber",1995,1
280,"2018-12-04 13:52:06.5480","2018-12-04 13:56:47.2100",3194,"McGinley Square",40.7253399253558,-74.06762212514877,3483,"Montgomery St",40.71942,-74.05099,29442,"Subscriber",2000,1
253,"2018-12-04 16:35:25.4760","2018-12-04 16:39:38.7830",3194,"McGinley Square",40.7253399253558,-74.06762212514877,3195,"Sip Ave",40.73074262530658,-74.06378388404846,29544,"Subscriber",2000,1
818,"2018-12-04 19:31:57.5890","2018-12-04 19:45:36.2190",3194,"McGinley Square",40.7253399253558,-74.06762212514877,3694,"Jackson Square",40.71113,-74.0789,26266,"Subscriber",1994,1
152,"2018-12-04 22:24:15.6090","2018-12-04 22:26:48.4090",3194,"McGinley Square",40.7253399253558,-74.06762212514877,3280,"Astor Place",40.71928220070702,-74.07126188278198,29208,"Subscriber",1987,1
191,"2018-12-05 06:59:27.8630","2018-12-05 07:02:39.0950",3194,"McGinley Square",40.7253399253558,-74.06762212514877,3195,"Sip Ave",40.73074262530658,-74.06378388404846,29254,"Subscriber",1977,2
228,"2018-12-05 07:53:12.1100","2018-12-05 07:57:00.1720",3194,"McGinley Square",40.7253399253558,-74.06762212514877,3195,"Sip Ave",40.73074262530658,-74.06378388404846,29660,"Subscriber",1984,0
312,"2018-12-05 08:14:22.4640","2018-12-05 08:19:34.6720",3194,"McGinley Square",40.7253399253558,-74.06762212514877,3195,"Sip Ave",40.73074262530658,-74.06378388404846,29544,"Subscriber",1970,1
249,"2018-12-05 08:33:24.0520","2018-12-05 08:37:33.0540",3194,"McGinley Square",40.7253399253558,-74.06762212514877,3195,"Sip Ave",40.73074262530658,-74.06378388404846,29469,"Subscriber",1991,2
234,"2018-12-05 08:56:43.4050","2018-12-05 09:00:37.6050",3194,"McGinley Square",40.7253399253558,-74.06762212514877,3195,"Sip Ave",40.73074262530658,-74.06378388404846,29303,"Subscriber",1991,1
997,"2018-12-05 09:16:11.6310","2018-12-05 09:32:49.3710",3194,"McGinley Square",40.7253399253558,-74.06762212514877,3214,"Essex Light Rail",40.7127742,-74.0364857,29490,"Subscriber",1980,1
194,"2018-12-05 09:50:09.4400","2018-12-05 09:53:23.9240",3194,"McGinley Square",40.7253399253558,-74.06762212514877,3195,"Sip Ave",40.73074262530658,-74.06378388404846,29661,"Subscriber",1980,1
191,"2018-12-05 13:05:01.3520","2018-12-05 13:08:12.4270",3194,"McGinley Square",40.7253399253558,-74.06762212514877,3195,"Sip Ave",40.73074262530658,-74.06378388404846,26283,"Subscriber",1993,1
378,"2018-12-05 21:21:40.6880","2018-12-05 21:27:59.0470",3194,"McGinley Square",40.7253399253558,-74.06762212514877,3277,"Communipaw & Berry Lane",40.71435836870427,-74.06661093235016,29262,"Subscriber",1988,1
331,"2018-12-05 21:54:08.8420","2018-12-05 21:59:39.9540",3194,"McGinley Square",40.7253399253558,-74.06762212514877,3193,"Lincoln Park",40.7246050998869,-74.07840594649315,29208,"Subscriber",1969,1
198,"2018-12-05 22:42:29.2110","2018-12-05 22:45:47.6990",3194,"McGinley Square",40.7253399253558,-74.06762212514877,3280,"Astor Place",40.71928220070702,-74.07126188278198,29201,"Subscriber",1988,1
605,"2018-12-05 23:25:44.0950","2018-12-05 23:35:49.8120",3194,"McGinley Square",40.7253399253558,-74.06762212514877,3191,"Union St",40.7182113,-74.0836394,29660,"Subscriber",1962,1
184,"2018-12-05 23:34:45.9840","2018-12-05 23:37:50.3620",3194,"McGinley Square",40.7253399253558,-74.06762212514877,3280,"Astor Place",40.71928220070702,-74.07126188278198,29572,"Subscriber",1987,1
219,"2018-12-06 06:56:46.8540","2018-12-06 07:00:25.8790",3194,"McGinley Square",40.7253399253558,-74.06762212514877,3195,"Sip Ave",40.73074262530658,-74.06378388404846,29541,"Subscriber",1996,2
218,"2018-12-06 07:02:37.4250","2018-12-06 07:06:15.8690",3194,"McGinley Square",40.7253399253558,-74.06762212514877,3195,"Sip Ave",40.73074262530658,-74.06378388404846,26205,"Subscriber",1977,1
220,"2018-12-06 07:02:40.1770","2018-12-06 07:06:20.5790",3194,"McGinley Square",40.7253399253558,-74.06762212514877,3195,"Sip Ave",40.73074262530658,-74.06378388404846,29607,"Subscriber",1979,1
191,"2018-12-06 07:24:04.1640","2018-12-06 07:27:15.5080",3194,"McGinley Square",40.7253399253558,-74.06762212514877,3195,"Sip Ave",40.73074262530658,-74.06378388404846,29291,"Subscriber",1977,2
217,"2018-12-06 08:04:52.8960","2018-12-06 08:08:30.2150",3194,"McGinley Square",40.7253399253558,-74.06762212514877,3195,"Sip Ave",40.73074262530658,-74.06378388404846,29607,"Subscriber",1984,0
384,"2018-12-06 08:13:09.5560","2018-12-06 08:19:34.3830",3194,"McGinley Square",40.7253399253558,-74.06762212514877,3195,"Sip Ave",40.73074262530658,-74.06378388404846,26283,"Subscriber",1970,1
195,"2018-12-06 08:30:26.1950","2018-12-06 08:33:41.5010",3194,"McGinley Square",40.7253399253558,-74.06762212514877,3195,"Sip Ave",40.73074262530658,-74.06378388404846,26267,"Subscriber",2000,1
255,"2018-12-06 08:49:40.8780","2018-12-06 08:53:56.2140",3194,"McGinley Square",40.7253399253558,-74.06762212514877,3195,"Sip Ave",40.73074262530658,-74.06378388404846,29495,"Subscriber",1995,1
227,"2018-12-06 09:46:53.0050","2018-12-06 09:50:40.4740",3194,"McGinley Square",40.7253399253558,-74.06762212514877,3195,"Sip Ave",40.73074262530658,-74.06378388404846,29675,"Subscriber",1980,1
620,"2018-12-06 11:01:30.1290","2018-12-06 11:11:50.1580",3194,"McGinley Square",40.7253399253558,-74.06762212514877,3186,"Grove St PATH",40.71958611647166,-74.04311746358871,29672,"Subscriber",1981,1
1248,"2018-12-06 11:55:02.5940","2018-12-06 12:15:50.6490",3194,"McGinley Square",40.7253399253558,-74.06762212514877,3201,"Dey St",40.737711,-74.066921,29259,"Subscriber",1957,1
201,"2018-12-06 14:47:32.2790","2018-12-06 14:50:53.9190",3194,"McGinley Square",40.7253399253558,-74.06762212514877,3195,"Sip Ave",40.73074262530658,-74.06378388404846,26254,"Subscriber",1993,1
718,"2018-12-06 16:46:11.6670","2018-12-06 16:58:09.9020",3194,"McGinley Square",40.7253399253558,-74.06762212514877,3187,"Warren St",40.7211236,-74.03805095,29640,"Subscriber",1995,1
646,"2018-12-06 17:16:34.4240","2018-12-06 17:27:20.5500",3194,"McGinley Square",40.7253399253558,-74.06762212514877,3205,"JC Medical Center",40.71653978099194,-74.0496379137039,29301,"Subscriber",1973,2
504,"2018-12-06 18:58:56.8560","2018-12-06 19:07:21.2740",3194,"McGinley Square",40.7253399253558,-74.06762212514877,3213,"Van Vorst Park",40.71848892,-74.047726625,26174,"Subscriber",1970,1
336,"2018-12-06 20:37:24.5140","2018-12-06 20:43:00.9930",3194,"McGinley Square",40.7253399253558,-74.06762212514877,3195,"Sip Ave",40.73074262530658,-74.06378388404846,26190,"Subscriber",1960,1
1103,"2018-12-06 20:58:56.5940","2018-12-06 21:17:19.9840",3194,"McGinley Square",40.7253399253558,-74.06762212514877,3640,"Journal Square",40.73367,-74.0625,29469,"Subscriber",1990,1
223,"2018-12-06 22:10:40.8300","2018-12-06 22:14:24.2860",3194,"McGinley Square",40.7253399253558,-74.06762212514877,3280,"Astor Place",40.71928220070702,-74.07126188278198,29441,"Subscriber",1983,1
266,"2018-12-06 22:23:16.3960","2018-12-06 22:27:42.4070",3194,"McGinley Square",40.7253399253558,-74.06762212514877,3193,"Lincoln Park",40.7246050998869,-74.07840594649315,29586,"Subscriber",1990,2
578,"2018-12-06 23:51:07.9700","2018-12-07 00:00:46.2600",3194,"McGinley Square",40.7253399253558,-74.06762212514877,3191,"Union St",40.7182113,-74.0836394,26172,"Subscriber",1962,1
263,"2018-12-07 07:33:36.5100","2018-12-07 07:38:00.4560",3194,"McGinley Square",40.7253399253558,-74.06762212514877,3195,"Sip Ave",40.73074262530658,-74.06378388404846,29550,"Subscriber",1996,2
173,"2018-12-07 07:50:42.8000","2018-12-07 07:53:36.1270",3194,"McGinley Square",40.7253399253558,-74.06762212514877,3195,"Sip Ave",40.73074262530658,-74.06378388404846,29219,"Subscriber",1977,2
210,"2018-12-07 07:52:57.8960","2018-12-07 07:56:28.7390",3194,"McGinley Square",40.7253399253558,-74.06762212514877,3195,"Sip Ave",40.73074262530658,-74.06378388404846,29208,"Subscriber",1990,1
244,"2018-12-07 08:14:45.9080","2018-12-07 08:18:50.1670",3194,"McGinley Square",40.7253399253558,-74.06762212514877,3195,"Sip Ave",40.73074262530658,-74.06378388404846,26205,"Subscriber",1970,1
264,"2018-12-07 08:49:48.1720","2018-12-07 08:54:12.4840",3194,"McGinley Square",40.7253399253558,-74.06762212514877,3195,"Sip Ave",40.73074262530658,-74.06378388404846,29246,"Subscriber",1978,1
220,"2018-12-07 08:56:54.9270","2018-12-07 09:00:35.8010",3194,"McGinley Square",40.7253399253558,-74.06762212514877,3195,"Sip Ave",40.73074262530658,-74.06378388404846,29604,"Subscriber",1980,1
207,"2018-12-07 10:36:38.9540","2018-12-07 10:40:06.6070",3194,"McGinley Square",40.7253399253558,-74.06762212514877,3195,"Sip Ave",40.73074262530658,-74.06378388404846,26182,"Subscriber",2000,1
147,"2018-12-07 11:22:26.9120","2018-12-07 11:24:54.7780",3194,"McGinley Square",40.7253399253558,-74.06762212514877,3679,"Bergen Ave",40.722103786686034,-74.07145500183105,29216,"Subscriber",1976,1
1109,"2018-12-07 11:59:42.4260","2018-12-07 12:18:11.7700",3194,"McGinley Square",40.7253399253558,-74.06762212514877,3275,"Columbus Drive",40.71835519823214,-74.03891444206238,29547,"Customer",1989,1
444,"2018-12-07 14:42:51.3970","2018-12-07 14:50:15.4590",3194,"McGinley Square",40.7253399253558,-74.06762212514877,3213,"Van Vorst Park",40.71848892,-74.047726625,26234,"Subscriber",1970,2
575,"2018-12-07 14:43:47.5900","2018-12-07 14:53:23.2290",3194,"McGinley Square",40.7253399253558,-74.06762212514877,3694,"Jackson Square",40.71113,-74.0789,29678,"Subscriber",1982,2
614,"2018-12-07 22:40:49.2510","2018-12-07 22:51:04.0950",3194,"McGinley Square",40.7253399253558,-74.06762212514877,3276,"Marin Light Rail",40.71458403535893,-74.04281705617905,29465,"Subscriber",1985,1
208,"2018-12-08 07:07:15.3280","2018-12-08 07:10:43.5770",3194,"McGinley Square",40.7253399253558,-74.06762212514877,3195,"Sip Ave",40.73074262530658,-74.06378388404846,29482,"Subscriber",1988,1
209,"2018-12-08 09:59:28.8150","2018-12-08 10:02:58.3060",3194,"McGinley Square",40.7253399253558,-74.06762212514877,3195,"Sip Ave",40.73074262530658,-74.06378388404846,29213,"Subscriber",1962,1
196,"2018-12-08 10:29:58.9550","2018-12-08 10:33:15.9440",3194,"McGinley Square",40.7253399253558,-74.06762212514877,3195,"Sip Ave",40.73074262530658,-74.06378388404846,26268,"Subscriber",1992,1
167,"2018-12-08 11:14:09.8110","2018-12-08 11:16:57.7080",3194,"McGinley Square",40.7253399253558,-74.06762212514877,3195,"Sip Ave",40.73074262530658,-74.06378388404846,26270,"Subscriber",1977,2
175,"2018-12-08 12:30:07.2180","2018-12-08 12:33:02.2270",3194,"McGinley Square",40.7253399253558,-74.06762212514877,3195,"Sip Ave",40.73074262530658,-74.06378388404846,29198,"Subscriber",2000,1
445,"2018-12-08 12:52:18.6490","2018-12-08 12:59:44.3190",3194,"McGinley Square",40.7253399253558,-74.06762212514877,3186,"Grove St PATH",40.71958611647166,-74.04311746358871,26270,"Subscriber",1984,1
915,"2018-12-08 13:45:10.9800","2018-12-08 14:00:26.6790",3194,"McGinley Square",40.7253399253558,-74.06762212514877,3678,"Fairmount Ave",40.72572613742557,-74.07195925712585,29209,"Subscriber",1991,1
356,"2018-12-08 14:02:35.2850","2018-12-08 14:08:32.2340",3194,"McGinley Square",40.7253399253558,-74.06762212514877,3195,"Sip Ave",40.73074262530658,-74.06378388404846,26301,"Subscriber",1954,1
190,"2018-12-08 15:27:29.7820","2018-12-08 15:30:39.9480",3194,"McGinley Square",40.7253399253558,-74.06762212514877,3195,"Sip Ave",40.73074262530658,-74.06378388404846,29660,"Subscriber",1980,1
209,"2018-12-08 15:36:57.0110","2018-12-08 15:40:26.2960",3194,"McGinley Square",40.7253399253558,-74.06762212514877,3195,"Sip Ave",40.73074262530658,-74.06378388404846,29577,"Subscriber",1985,1
199,"2018-12-08 15:39:45.4990","2018-12-08 15:43:04.7630",3194,"McGinley Square",40.7253399253558,-74.06762212514877,3195,"Sip Ave",40.73074262530658,-74.06378388404846,29277,"Subscriber",1993,1
376,"2018-12-08 22:02:16.9900","2018-12-08 22:08:33.3180",3194,"McGinley Square",40.7253399253558,-74.06762212514877,3195,"Sip Ave",40.73074262530658,-74.06378388404846,29509,"Subscriber",1986,1
283,"2018-12-08 23:31:11.3560","2018-12-08 23:35:55.2100",3194,"McGinley Square",40.7253399253558,-74.06762212514877,3195,"Sip Ave",40.73074262530658,-74.06378388404846,29211,"Subscriber",1975,1
126,"2018-12-09 09:44:23.1980","2018-12-09 09:46:29.2600",3194,"McGinley Square",40.7253399253558,-74.06762212514877,3678,"Fairmount Ave",40.72572613742557,-74.07195925712585,26301,"Subscriber",1994,2
1115,"2018-12-09 11:08:43.7350","2018-12-09 11:27:18.9550",3194,"McGinley Square",40.7253399253558,-74.06762212514877,3225,"Baldwin at Montgomery",40.7236589,-74.0641943,29577,"Subscriber",1994,1
688,"2018-12-09 12:10:45.8980","2018-12-09 12:22:14.4000",3194,"McGinley Square",40.7253399253558,-74.06762212514877,3186,"Grove St PATH",40.71958611647166,-74.04311746358871,29222,"Subscriber",1959,2
289,"2018-12-09 18:03:40.1440","2018-12-09 18:08:29.2680",3194,"McGinley Square",40.7253399253558,-74.06762212514877,3195,"Sip Ave",40.73074262530658,-74.06378388404846,29623,"Subscriber",1964,1
314,"2018-12-09 22:31:20.9560","2018-12-09 22:36:35.2530",3194,"McGinley Square",40.7253399253558,-74.06762212514877,3277,"Communipaw & Berry Lane",40.71435836870427,-74.06661093235016,26283,"Subscriber",1988,1
175,"2018-12-10 06:40:14.9790","2018-12-10 06:43:10.7510",3194,"McGinley Square",40.7253399253558,-74.06762212514877,3195,"Sip Ave",40.73074262530658,-74.06378388404846,29601,"Subscriber",1994,1
177,"2018-12-10 06:51:01.3020","2018-12-10 06:53:58.5940",3194,"McGinley Square",40.7253399253558,-74.06762212514877,3195,"Sip Ave",40.73074262530658,-74.06378388404846,26300,"Subscriber",1989,1
251,"2018-12-10 07:06:29.6400","2018-12-10 07:10:40.6460",3194,"McGinley Square",40.7253399253558,-74.06762212514877,3195,"Sip Ave",40.73074262530658,-74.06378388404846,29437,"Subscriber",1977,1
219,"2018-12-10 07:20:10.9020","2018-12-10 07:23:50.8280",3194,"McGinley Square",40.7253399253558,-74.06762212514877,3195,"Sip Ave",40.73074262530658,-74.06378388404846,33744,"Subscriber",1977,2
254,"2018-12-10 07:50:39.1580","2018-12-10 07:54:53.4450",3194,"McGinley Square",40.7253399253558,-74.06762212514877,3195,"Sip Ave",40.73074262530658,-74.06378388404846,26188,"Subscriber",1984,0
270,"2018-12-10 13:08:52.5770","2018-12-10 13:13:22.9120",3194,"McGinley Square",40.7253399253558,-74.06762212514877,3195,"Sip Ave",40.73074262530658,-74.06378388404846,29519,"Subscriber",1995,1
233,"2018-12-10 13:51:48.1260","2018-12-10 13:55:41.4040",3194,"McGinley Square",40.7253399253558,-74.06762212514877,3195,"Sip Ave",40.73074262530658,-74.06378388404846,29575,"Subscriber",1993,1
793,"2018-12-10 14:39:32.8730","2018-12-10 14:52:46.2470",3194,"McGinley Square",40.7253399253558,-74.06762212514877,3281,"Leonard Gordon Park",40.74590996631558,-74.0572714805603,29271,"Subscriber",1970,1
975,"2018-12-10 14:46:33.8050","2018-12-10 15:02:49.3890",3194,"McGinley Square",40.7253399253558,-74.06762212514877,3184,"Paulus Hook",40.7141454,-74.0335519,29601,"Subscriber",1983,1
331,"2018-12-10 15:13:02.0330","2018-12-10 15:18:34.0240",3194,"McGinley Square",40.7253399253558,-74.06762212514877,3195,"Sip Ave",40.73074262530658,-74.06378388404846,26298,"Subscriber",1996,2
283,"2018-12-10 15:26:56.0970","2018-12-10 15:31:39.5650",3194,"McGinley Square",40.7253399253558,-74.06762212514877,3195,"Sip Ave",40.73074262530658,-74.06378388404846,29216,"Subscriber",1960,1
138,"2018-12-10 19:00:16.4820","2018-12-10 19:02:34.6100",3194,"McGinley Square",40.7253399253558,-74.06762212514877,3679,"Bergen Ave",40.722103786686034,-74.07145500183105,26245,"Subscriber",1993,1
232,"2018-12-11 06:11:06.7700","2018-12-11 06:14:59.1170",3194,"McGinley Square",40.7253399253558,-74.06762212514877,3195,"Sip Ave",40.73074262530658,-74.06378388404846,29616,"Subscriber",1979,1
209,"2018-12-11 06:50:01.1950","2018-12-11 06:53:30.7150",3194,"McGinley Square",40.7253399253558,-74.06762212514877,3195,"Sip Ave",40.73074262530658,-74.06378388404846,29283,"Subscriber",1989,1
204,"2018-12-11 06:51:00.6940","2018-12-11 06:54:25.1660",3194,"McGinley Square",40.7253399253558,-74.06762212514877,3195,"Sip Ave",40.73074262530658,-74.06378388404846,29277,"Subscriber",1994,1
200,"2018-12-11 07:09:47.6300","2018-12-11 07:13:08.0700",3194,"McGinley Square",40.7253399253558,-74.06762212514877,3195,"Sip Ave",40.73074262530658,-74.06378388404846,29519,"Subscriber",1977,2
212,"2018-12-11 07:11:18.8930","2018-12-11 07:14:51.2330",3194,"McGinley Square",40.7253399253558,-74.06762212514877,3195,"Sip Ave",40.73074262530658,-74.06378388404846,29665,"Subscriber",1969,0
245,"2018-12-11 07:38:11.6400","2018-12-11 07:42:17.4820",3194,"McGinley Square",40.7253399253558,-74.06762212514877,3195,"Sip Ave",40.73074262530658,-74.06378388404846,29299,"Subscriber",1984,0
265,"2018-12-11 08:07:58.9930","2018-12-11 08:12:24.6000",3194,"McGinley Square",40.7253399253558,-74.06762212514877,3195,"Sip Ave",40.73074262530658,-74.06378388404846,29283,"Subscriber",1970,1
230,"2018-12-11 08:42:01.8140","2018-12-11 08:45:52.0040",3194,"McGinley Square",40.7253399253558,-74.06762212514877,3195,"Sip Ave",40.73074262530658,-74.06378388404846,29126,"Subscriber",1978,1
216,"2018-12-11 08:43:21.7520","2018-12-11 08:46:58.2020",3194,"McGinley Square",40.7253399253558,-74.06762212514877,3195,"Sip Ave",40.73074262530658,-74.06378388404846,29441,"Subscriber",1990,1
195,"2018-12-11 08:44:50.5500","2018-12-11 08:48:06.4920",3194,"McGinley Square",40.7253399253558,-74.06762212514877,3195,"Sip Ave",40.73074262530658,-74.06378388404846,29234,"Subscriber",1989,1
615,"2018-12-11 08:46:52.1240","2018-12-11 08:57:07.4090",3194,"McGinley Square",40.7253399253558,-74.06762212514877,3273,"Manila & 1st",40.721650724879986,-74.04288411140442,29613,"Subscriber",1991,1
231,"2018-12-11 08:47:52.1930","2018-12-11 08:51:43.6070",3194,"McGinley Square",40.7253399253558,-74.06762212514877,3195,"Sip Ave",40.73074262530658,-74.06378388404846,26183,"Subscriber",1983,2
744,"2018-12-11 08:56:51.8290","2018-12-11 09:09:16.3440",3194,"McGinley Square",40.7253399253558,-74.06762212514877,3481,"York St",40.71649,-74.04105,29268,"Subscriber",1954,2
222,"2018-12-11 09:02:03.0990","2018-12-11 09:05:45.3760",3194,"McGinley Square",40.7253399253558,-74.06762212514877,3195,"Sip Ave",40.73074262530658,-74.06378388404846,29291,"Subscriber",1972,1
196,"2018-12-11 09:02:36.0630","2018-12-11 09:05:52.7710",3194,"McGinley Square",40.7253399253558,-74.06762212514877,3195,"Sip Ave",40.73074262530658,-74.06378388404846,29216,"Subscriber",1980,1
182,"2018-12-11 10:18:56.3900","2018-12-11 10:21:58.7230",3194,"McGinley Square",40.7253399253558,-74.06762212514877,3195,"Sip Ave",40.73074262530658,-74.06378388404846,26158,"Subscriber",1988,1
506,"2018-12-11 13:23:33.7910","2018-12-11 13:32:00.6880",3194,"McGinley Square",40.7253399253558,-74.06762212514877,3191,"Union St",40.7182113,-74.0836394,29577,"Subscriber",1990,1
191,"2018-12-11 13:35:01.1810","2018-12-11 13:38:12.7750",3194,"McGinley Square",40.7253399253558,-74.06762212514877,3195,"Sip Ave",40.73074262530658,-74.06378388404846,26179,"Subscriber",1993,1
321,"2018-12-11 13:53:51.8150","2018-12-11 13:59:13.3230",3194,"McGinley Square",40.7253399253558,-74.06762212514877,3483,"Montgomery St",40.71942,-74.05099,29583,"Subscriber",2000,1
215,"2018-12-11 14:26:55.9940","2018-12-11 14:30:30.9940",3194,"McGinley Square",40.7253399253558,-74.06762212514877,3195,"Sip Ave",40.73074262530658,-74.06378388404846,26155,"Subscriber",1995,1
305,"2018-12-11 18:11:55.3180","2018-12-11 18:17:00.7150",3194,"McGinley Square",40.7253399253558,-74.06762212514877,3195,"Sip Ave",40.73074262530658,-74.06378388404846,26300,"Subscriber",1986,1
183,"2018-12-12 06:53:37.6650","2018-12-12 06:56:41.0170",3194,"McGinley Square",40.7253399253558,-74.06762212514877,3195,"Sip Ave",40.73074262530658,-74.06378388404846,29668,"Subscriber",1989,1
833,"2018-12-12 07:32:36.3420","2018-12-12 07:46:29.7760",3194,"McGinley Square",40.7253399253558,-74.06762212514877,3639,"Harborside",40.7192517,-74.034234,26268,"Subscriber",1977,1
174,"2018-12-12 08:02:42.0940","2018-12-12 08:05:36.2020",3194,"McGinley Square",40.7253399253558,-74.06762212514877,3195,"Sip Ave",40.73074262530658,-74.06378388404846,29583,"Subscriber",1994,1
225,"2018-12-12 08:16:04.6580","2018-12-12 08:19:50.0150",3194,"McGinley Square",40.7253399253558,-74.06762212514877,3195,"Sip Ave",40.73074262530658,-74.06378388404846,29520,"Subscriber",1970,1
388,"2018-12-12 08:33:52.2260","2018-12-12 08:40:21.1230",3194,"McGinley Square",40.7253399253558,-74.06762212514877,3195,"Sip Ave",40.73074262530658,-74.06378388404846,29216,"Subscriber",1992,2
474,"2018-12-12 08:37:47.6200","2018-12-12 08:45:41.6430",3194,"McGinley Square",40.7253399253558,-74.06762212514877,3186,"Grove St PATH",40.71958611647166,-74.04311746358871,29283,"Subscriber",1979,1
233,"2018-12-12 08:40:56.2180","2018-12-12 08:44:49.8570",3194,"McGinley Square",40.7253399253558,-74.06762212514877,3195,"Sip Ave",40.73074262530658,-74.06378388404846,29271,"Subscriber",1990,1
644,"2018-12-12 08:51:56.3050","2018-12-12 09:02:41.0860",3194,"McGinley Square",40.7253399253558,-74.06762212514877,3186,"Grove St PATH",40.71958611647166,-74.04311746358871,29665,"Subscriber",1981,1
190,"2018-12-12 08:55:10.0840","2018-12-12 08:58:20.1580",3194,"McGinley Square",40.7253399253558,-74.06762212514877,3195,"Sip Ave",40.73074262530658,-74.06378388404846,26190,"Subscriber",1977,2
251,"2018-12-12 08:56:04.5030","2018-12-12 09:00:16.0390",3194,"McGinley Square",40.7253399253558,-74.06762212514877,3195,"Sip Ave",40.73074262530658,-74.06378388404846,29528,"Subscriber",1991,1
230,"2018-12-12 09:16:49.7730","2018-12-12 09:20:40.6210",3194,"McGinley Square",40.7253399253558,-74.06762212514877,3195,"Sip Ave",40.73074262530658,-74.06378388404846,26287,"Subscriber",1972,1
222,"2018-12-12 09:55:18.0550","2018-12-12 09:59:00.7800",3194,"McGinley Square",40.7253399253558,-74.06762212514877,3195,"Sip Ave",40.73074262530658,-74.06378388404846,26280,"Subscriber",1980,1
209,"2018-12-12 13:17:11.2010","2018-12-12 13:20:41.1000",3194,"McGinley Square",40.7253399253558,-74.06762212514877,3195,"Sip Ave",40.73074262530658,-74.06378388404846,29642,"Subscriber",1970,1
243,"2018-12-12 14:32:37.5670","2018-12-12 14:36:41.2270",3194,"McGinley Square",40.7253399253558,-74.06762212514877,3195,"Sip Ave",40.73074262530658,-74.06378388404846,29524,"Subscriber",1995,1
192,"2018-12-12 18:33:54.6300","2018-12-12 18:37:06.8970",3194,"McGinley Square",40.7253399253558,-74.06762212514877,3195,"Sip Ave",40.73074262530658,-74.06378388404846,29668,"Subscriber",1986,1
414,"2018-12-12 20:45:40.2290","2018-12-12 20:52:34.6150",3194,"McGinley Square",40.7253399253558,-74.06762212514877,3191,"Union St",40.7182113,-74.0836394,29205,"Subscriber",1990,1
601,"2018-12-12 23:10:25.0630","2018-12-12 23:20:26.6450",3194,"McGinley Square",40.7253399253558,-74.06762212514877,3191,"Union St",40.7182113,-74.0836394,29528,"Subscriber",1962,1
246,"2018-12-13 05:41:17.0830","2018-12-13 05:45:23.3790",3194,"McGinley Square",40.7253399253558,-74.06762212514877,3195,"Sip Ave",40.73074262530658,-74.06378388404846,29245,"Subscriber",1979,1
186,"2018-12-13 06:48:35.1900","2018-12-13 06:51:42.0660",3194,"McGinley Square",40.7253399253558,-74.06762212514877,3195,"Sip Ave",40.73074262530658,-74.06378388404846,29645,"Subscriber",1989,1
206,"2018-12-13 07:20:05.9690","2018-12-13 07:23:32.5790",3194,"McGinley Square",40.7253399253558,-74.06762212514877,3195,"Sip Ave",40.73074262530658,-74.06378388404846,29200,"Subscriber",1977,2
279,"2018-12-13 08:06:07.8090","2018-12-13 08:10:47.1660",3194,"McGinley Square",40.7253399253558,-74.06762212514877,3195,"Sip Ave",40.73074262530658,-74.06378388404846,29291,"Subscriber",1970,1
248,"2018-12-13 08:48:09.8940","2018-12-13 08:52:18.6590",3194,"McGinley Square",40.7253399253558,-74.06762212514877,3195,"Sip Ave",40.73074262530658,-74.06378388404846,29577,"Subscriber",1989,2
222,"2018-12-13 09:14:45.3140","2018-12-13 09:18:28.0050",3194,"McGinley Square",40.7253399253558,-74.06762212514877,3195,"Sip Ave",40.73074262530658,-74.06378388404846,26243,"Subscriber",1991,1
227,"2018-12-13 09:35:04.5080","2018-12-13 09:38:52.2530",3194,"McGinley Square",40.7253399253558,-74.06762212514877,3195,"Sip Ave",40.73074262530658,-74.06378388404846,26174,"Subscriber",1980,1
179,"2018-12-13 12:05:11.6910","2018-12-13 12:08:11.2160",3194,"McGinley Square",40.7253399253558,-74.06762212514877,3195,"Sip Ave",40.73074262530658,-74.06378388404846,29446,"Subscriber",1973,1
374,"2018-12-13 12:40:24.3030","2018-12-13 12:46:38.5170",3194,"McGinley Square",40.7253399253558,-74.06762212514877,3483,"Montgomery St",40.71942,-74.05099,26223,"Subscriber",2000,1
300,"2018-12-13 14:28:29.5650","2018-12-13 14:33:29.6370",3194,"McGinley Square",40.7253399253558,-74.06762212514877,3195,"Sip Ave",40.73074262530658,-74.06378388404846,26267,"Subscriber",1995,1
335,"2018-12-13 14:37:34.5290","2018-12-13 14:43:09.9140",3194,"McGinley Square",40.7253399253558,-74.06762212514877,3640,"Journal Square",40.73367,-74.0625,29641,"Subscriber",1993,1
220,"2018-12-13 15:18:21.9370","2018-12-13 15:22:02.0230",3194,"McGinley Square",40.7253399253558,-74.06762212514877,3195,"Sip Ave",40.73074262530658,-74.06378388404846,26299,"Subscriber",1985,1
237,"2018-12-13 16:57:07.6200","2018-12-13 17:01:04.7040",3194,"McGinley Square",40.7253399253558,-74.06762212514877,3195,"Sip Ave",40.73074262530658,-74.06378388404846,29498,"Subscriber",1983,2
209,"2018-12-13 18:59:15.6000","2018-12-13 19:02:44.8000",3194,"McGinley Square",40.7253399253558,-74.06762212514877,3195,"Sip Ave",40.73074262530658,-74.06378388404846,26155,"Subscriber",1986,1
284,"2018-12-13 21:05:18.4640","2018-12-13 21:10:02.8380",3194,"McGinley Square",40.7253399253558,-74.06762212514877,3193,"Lincoln Park",40.7246050998869,-74.07840594649315,29266,"Subscriber",1990,2
995,"2018-12-13 23:41:33.4720","2018-12-13 23:58:08.8350",3194,"McGinley Square",40.7253399253558,-74.06762212514877,3210,"Pershing Field",40.742677141,-74.051788633,26267,"Subscriber",1988,1
187,"2018-12-14 04:50:00.3870","2018-12-14 04:53:07.7800",3194,"McGinley Square",40.7253399253558,-74.06762212514877,3679,"Bergen Ave",40.722103786686034,-74.07145500183105,29520,"Subscriber",1996,2
203,"2018-12-14 07:03:29.1090","2018-12-14 07:06:52.3900",3194,"McGinley Square",40.7253399253558,-74.06762212514877,3195,"Sip Ave",40.73074262530658,-74.06378388404846,26190,"Subscriber",1989,1
169,"2018-12-14 07:14:47.0580","2018-12-14 07:17:36.3930",3194,"McGinley Square",40.7253399253558,-74.06762212514877,3195,"Sip Ave",40.73074262530658,-74.06378388404846,26151,"Subscriber",1977,2
836,"2018-12-14 07:17:01.8680","2018-12-14 07:30:58.1490",3194,"McGinley Square",40.7253399253558,-74.06762212514877,3183,"Exchange Place",40.7162469,-74.0334588,26267,"Subscriber",1971,1
201,"2018-12-14 07:39:32.1260","2018-12-14 07:42:53.5890",3194,"McGinley Square",40.7253399253558,-74.06762212514877,3195,"Sip Ave",40.73074262530658,-74.06378388404846,26243,"Subscriber",1977,1
238,"2018-12-14 08:06:53.1500","2018-12-14 08:10:51.8200",3194,"McGinley Square",40.7253399253558,-74.06762212514877,3195,"Sip Ave",40.73074262530658,-74.06378388404846,26223,"Subscriber",1994,1
926,"2018-12-14 08:30:34.6620","2018-12-14 08:46:00.8540",3194,"McGinley Square",40.7253399253558,-74.06762212514877,3186,"Grove St PATH",40.71958611647166,-74.04311746358871,26158,"Subscriber",1981,1
246,"2018-12-14 10:06:43.6830","2018-12-14 10:10:49.7620",3194,"McGinley Square",40.7253399253558,-74.06762212514877,3195,"Sip Ave",40.73074262530658,-74.06378388404846,29200,"Subscriber",1980,1
164,"2018-12-14 10:25:13.1900","2018-12-14 10:27:57.2600",3194,"McGinley Square",40.7253399253558,-74.06762212514877,3195,"Sip Ave",40.73074262530658,-74.06378388404846,29608,"Subscriber",2000,1
207,"2018-12-14 11:24:48.5620","2018-12-14 11:28:16.3920",3194,"McGinley Square",40.7253399253558,-74.06762212514877,3195,"Sip Ave",40.73074262530658,-74.06378388404846,29526,"Subscriber",1995,1
219,"2018-12-14 12:10:41.3740","2018-12-14 12:14:21.2710",3194,"McGinley Square",40.7253399253558,-74.06762212514877,3195,"Sip Ave",40.73074262530658,-74.06378388404846,29642,"Customer",1991,2
217,"2018-12-14 12:13:35.7220","2018-12-14 12:17:13.0660",3194,"McGinley Square",40.7253399253558,-74.06762212514877,3195,"Sip Ave",40.73074262530658,-74.06378388404846,29656,"Subscriber",1996,2
214,"2018-12-14 13:55:17.6930","2018-12-14 13:58:51.8500",3194,"McGinley Square",40.7253399253558,-74.06762212514877,3195,"Sip Ave",40.73074262530658,-74.06378388404846,26175,"Subscriber",1993,1
513,"2018-12-14 14:01:49.3920","2018-12-14 14:10:23.0720",3194,"McGinley Square",40.7253399253558,-74.06762212514877,3213,"Van Vorst Park",40.71848892,-74.047726625,29680,"Subscriber",1970,2
343,"2018-12-14 14:02:56.9430","2018-12-14 14:08:40.6930",3194,"McGinley Square",40.7253399253558,-74.06762212514877,3206,"Hilltop",40.7311689,-74.0575736,26304,"Subscriber",2000,1
288,"2018-12-14 16:03:54.9500","2018-12-14 16:08:43.0180",3194,"McGinley Square",40.7253399253558,-74.06762212514877,3195,"Sip Ave",40.73074262530658,-74.06378388404846,26306,"Subscriber",1983,2
234,"2018-12-14 17:10:39.8440","2018-12-14 17:14:34.7390",3194,"McGinley Square",40.7253399253558,-74.06762212514877,3195,"Sip Ave",40.73074262530658,-74.06378388404846,26306,"Subscriber",1971,1
189,"2018-12-14 17:36:31.2900","2018-12-14 17:39:41.0610",3194,"McGinley Square",40.7253399253558,-74.06762212514877,3195,"Sip Ave",40.73074262530658,-74.06378388404846,29642,"Subscriber",1982,1
707,"2018-12-14 19:49:35.2010","2018-12-14 20:01:22.2200",3194,"McGinley Square",40.7253399253558,-74.06762212514877,3210,"Pershing Field",40.742677141,-74.051788633,29577,"Subscriber",1988,1
188,"2018-12-14 20:33:49.6940","2018-12-14 20:36:58.6320",3194,"McGinley Square",40.7253399253558,-74.06762212514877,3195,"Sip Ave",40.73074262530658,-74.06378388404846,26251,"Subscriber",1986,1
225,"2018-12-15 00:53:33.3210","2018-12-15 00:57:18.6640",3194,"McGinley Square",40.7253399253558,-74.06762212514877,3280,"Astor Place",40.71928220070702,-74.07126188278198,26175,"Subscriber",1988,1
865,"2018-12-15 04:21:53.0390","2018-12-15 04:36:18.8250",3194,"McGinley Square",40.7253399253558,-74.06762212514877,3183,"Exchange Place",40.7162469,-74.0334588,29526,"Subscriber",1986,1
199,"2018-12-15 06:52:03.5560","2018-12-15 06:55:23.5420",3194,"McGinley Square",40.7253399253558,-74.06762212514877,3195,"Sip Ave",40.73074262530658,-74.06378388404846,26183,"Subscriber",1984,0
222,"2018-12-15 11:10:15.3170","2018-12-15 11:13:57.7860",3194,"McGinley Square",40.7253399253558,-74.06762212514877,3195,"Sip Ave",40.73074262530658,-74.06378388404846,26288,"Subscriber",1996,2
291,"2018-12-15 11:43:27.2500","2018-12-15 11:48:18.5290",3194,"McGinley Square",40.7253399253558,-74.06762212514877,3195,"Sip Ave",40.73074262530658,-74.06378388404846,29641,"Subscriber",1980,1
226,"2018-12-15 13:15:01.6600","2018-12-15 13:18:47.9450",3194,"McGinley Square",40.7253399253558,-74.06762212514877,3195,"Sip Ave",40.73074262530658,-74.06378388404846,29210,"Subscriber",1995,1
237,"2018-12-15 13:41:36.3180","2018-12-15 13:45:33.5350",3194,"McGinley Square",40.7253399253558,-74.06762212514877,3195,"Sip Ave",40.73074262530658,-74.06378388404846,26251,"Subscriber",1989,2
319,"2018-12-15 14:47:28.1620","2018-12-15 14:52:48.0000",3194,"McGinley Square",40.7253399253558,-74.06762212514877,3640,"Journal Square",40.73367,-74.0625,29551,"Subscriber",1981,1
172,"2018-12-15 16:21:47.1560","2018-12-15 16:24:40.0690",3194,"McGinley Square",40.7253399253558,-74.06762212514877,3195,"Sip Ave",40.73074262530658,-74.06378388404846,29277,"Subscriber",1986,1
976,"2018-12-15 17:42:07.5120","2018-12-15 17:58:23.5160",3194,"McGinley Square",40.7253399253558,-74.06762212514877,3183,"Exchange Place",40.7162469,-74.0334588,29551,"Subscriber",1986,1
275,"2018-12-15 19:41:46.0840","2018-12-15 19:46:22.0630",3194,"McGinley Square",40.7253399253558,-74.06762212514877,3483,"Montgomery St",40.71942,-74.05099,26208,"Subscriber",2000,1
223,"2018-12-16 08:10:20.6990","2018-12-16 08:14:04.6720",3194,"McGinley Square",40.7253399253558,-74.06762212514877,3195,"Sip Ave",40.73074262530658,-74.06378388404846,29262,"Subscriber",1991,2
219,"2018-12-16 10:25:10.3490","2018-12-16 10:28:50.2840",3194,"McGinley Square",40.7253399253558,-74.06762212514877,3195,"Sip Ave",40.73074262530658,-74.06378388404846,26280,"Subscriber",1980,1
361,"2018-12-16 17:31:38.1740","2018-12-16 17:37:39.5390",3194,"McGinley Square",40.7253399253558,-74.06762212514877,3483,"Montgomery St",40.71942,-74.05099,26163,"Subscriber",2000,1
253,"2018-12-17 06:16:07.4230","2018-12-17 06:20:20.8530",3194,"McGinley Square",40.7253399253558,-74.06762212514877,3195,"Sip Ave",40.73074262530658,-74.06378388404846,29210,"Subscriber",1986,1
222,"2018-12-17 06:55:41.5240","2018-12-17 06:59:23.7640",3194,"McGinley Square",40.7253399253558,-74.06762212514877,3195,"Sip Ave",40.73074262530658,-74.06378388404846,26223,"Subscriber",1989,1
211,"2018-12-17 07:11:11.8250","2018-12-17 07:14:43.1660",3194,"McGinley Square",40.7253399253558,-74.06762212514877,3195,"Sip Ave",40.73074262530658,-74.06378388404846,29520,"Subscriber",1977,1
230,"2018-12-17 07:14:12.4010","2018-12-17 07:18:03.1750",3194,"McGinley Square",40.7253399253558,-74.06762212514877,3195,"Sip Ave",40.73074262530658,-74.06378388404846,26306,"Subscriber",1994,1
220,"2018-12-17 07:33:21.1520","2018-12-17 07:37:01.3520",3194,"McGinley Square",40.7253399253558,-74.06762212514877,3195,"Sip Ave",40.73074262530658,-74.06378388404846,29486,"Subscriber",1996,2
248,"2018-12-17 08:10:31.6070","2018-12-17 08:14:40.0980",3194,"McGinley Square",40.7253399253558,-74.06762212514877,3195,"Sip Ave",40.73074262530658,-74.06378388404846,26280,"Subscriber",1995,1
221,"2018-12-17 08:11:37.2990","2018-12-17 08:15:18.3780",3194,"McGinley Square",40.7253399253558,-74.06762212514877,3195,"Sip Ave",40.73074262530658,-74.06378388404846,29603,"Subscriber",1973,1
280,"2018-12-17 08:13:19.5510","2018-12-17 08:17:59.5900",3194,"McGinley Square",40.7253399253558,-74.06762212514877,3195,"Sip Ave",40.73074262530658,-74.06378388404846,29658,"Subscriber",1970,1
243,"2018-12-17 08:27:54.0370","2018-12-17 08:31:57.6940",3194,"McGinley Square",40.7253399253558,-74.06762212514877,3195,"Sip Ave",40.73074262530658,-74.06378388404846,26173,"Subscriber",1984,0
203,"2018-12-17 13:51:41.2010","2018-12-17 13:55:04.7970",3194,"McGinley Square",40.7253399253558,-74.06762212514877,3195,"Sip Ave",40.73074262530658,-74.06378388404846,29289,"Subscriber",1993,1
231,"2018-12-17 14:58:29.0500","2018-12-17 15:02:21.0270",3194,"McGinley Square",40.7253399253558,-74.06762212514877,3195,"Sip Ave",40.73074262530658,-74.06378388404846,29534,"Subscriber",1985,1
225,"2018-12-17 15:34:28.5100","2018-12-17 15:38:13.8400",3194,"McGinley Square",40.7253399253558,-74.06762212514877,3195,"Sip Ave",40.73074262530658,-74.06378388404846,26174,"Subscriber",1996,2
336,"2018-12-17 16:57:10.4200","2018-12-17 17:02:46.4610",3194,"McGinley Square",40.7253399253558,-74.06762212514877,3195,"Sip Ave",40.73074262530658,-74.06378388404846,29258,"Subscriber",1986,1
234,"2018-12-17 16:57:52.7390","2018-12-17 17:01:47.2850",3194,"McGinley Square",40.7253399253558,-74.06762212514877,3195,"Sip Ave",40.73074262530658,-74.06378388404846,29679,"Subscriber",1977,2
955,"2018-12-17 18:07:18.6170","2018-12-17 18:23:14.5720",3194,"McGinley Square",40.7253399253558,-74.06762212514877,3639,"Harborside",40.7192517,-74.034234,29276,"Subscriber",1973,2
179,"2018-12-17 18:41:37.0590","2018-12-17 18:44:36.6490",3194,"McGinley Square",40.7253399253558,-74.06762212514877,3195,"Sip Ave",40.73074262530658,-74.06378388404846,26280,"Subscriber",1986,1
159,"2018-12-17 21:28:06.6780","2018-12-17 21:30:46.3970",3194,"McGinley Square",40.7253399253558,-74.06762212514877,3280,"Astor Place",40.71928220070702,-74.07126188278198,29535,"Subscriber",1987,1
401,"2018-12-17 23:31:49.0010","2018-12-17 23:38:30.4910",3194,"McGinley Square",40.7253399253558,-74.06762212514877,3193,"Lincoln Park",40.7246050998869,-74.07840594649315,29218,"Subscriber",1969,1
434,"2018-12-18 00:19:40.5910","2018-12-18 00:26:55.0300",3194,"McGinley Square",40.7253399253558,-74.06762212514877,3191,"Union St",40.7182113,-74.0836394,26243,"Subscriber",1990,1
136,"2018-12-18 04:01:12.0510","2018-12-18 04:03:28.1780",3194,"McGinley Square",40.7253399253558,-74.06762212514877,3679,"Bergen Ave",40.722103786686034,-74.07145500183105,29298,"Subscriber",1996,2
192,"2018-12-18 06:42:41.7400","2018-12-18 06:45:53.9520",3194,"McGinley Square",40.7253399253558,-74.06762212514877,3195,"Sip Ave",40.73074262530658,-74.06378388404846,29266,"Subscriber",1994,1
202,"2018-12-18 07:21:36.2420","2018-12-18 07:24:59.1520",3194,"McGinley Square",40.7253399253558,-74.06762212514877,3195,"Sip Ave",40.73074262530658,-74.06378388404846,29551,"Subscriber",1977,1
244,"2018-12-18 07:24:17.0280","2018-12-18 07:28:21.4180",3194,"McGinley Square",40.7253399253558,-74.06762212514877,3195,"Sip Ave",40.73074262530658,-74.06378388404846,29603,"Subscriber",1996,2
228,"2018-12-18 07:48:34.1010","2018-12-18 07:52:22.9910",3194,"McGinley Square",40.7253399253558,-74.06762212514877,3195,"Sip Ave",40.73074262530658,-74.06378388404846,29486,"Subscriber",1984,0
250,"2018-12-18 08:13:10.9500","2018-12-18 08:17:21.9010",3194,"McGinley Square",40.7253399253558,-74.06762212514877,3195,"Sip Ave",40.73074262530658,-74.06378388404846,29468,"Subscriber",1970,1
217,"2018-12-18 09:54:08.8260","2018-12-18 09:57:46.7150",3194,"McGinley Square",40.7253399253558,-74.06762212514877,3195,"Sip Ave",40.73074262530658,-74.06378388404846,29550,"Subscriber",1980,1
322,"2018-12-18 11:31:36.0730","2018-12-18 11:36:58.9680",3194,"McGinley Square",40.7253399253558,-74.06762212514877,3640,"Journal Square",40.73367,-74.0625,29294,"Subscriber",1978,1
231,"2018-12-18 13:01:57.9530","2018-12-18 13:05:49.8020",3194,"McGinley Square",40.7253399253558,-74.06762212514877,3195,"Sip Ave",40.73074262530658,-74.06378388404846,29575,"Subscriber",1995,1
210,"2018-12-18 14:31:29.9770","2018-12-18 14:35:00.2880",3194,"McGinley Square",40.7253399253558,-74.06762212514877,3195,"Sip Ave",40.73074262530658,-74.06378388404846,29211,"Subscriber",1993,1
181,"2018-12-18 18:12:13.3210","2018-12-18 18:15:15.1590",3194,"McGinley Square",40.7253399253558,-74.06762212514877,3195,"Sip Ave",40.73074262530658,-74.06378388404846,29258,"Subscriber",1986,1
228,"2018-12-18 20:03:06.0580","2018-12-18 20:06:54.3080",3194,"McGinley Square",40.7253399253558,-74.06762212514877,3679,"Bergen Ave",40.722103786686034,-74.07145500183105,29268,"Subscriber",1969,0
204,"2018-12-19 07:28:16.8690","2018-12-19 07:31:41.3850",3194,"McGinley Square",40.7253399253558,-74.06762212514877,3195,"Sip Ave",40.73074262530658,-74.06378388404846,29211,"Subscriber",1977,2
212,"2018-12-19 07:28:23.8360","2018-12-19 07:31:55.9490",3194,"McGinley Square",40.7253399253558,-74.06762212514877,3195,"Sip Ave",40.73074262530658,-74.06378388404846,29603,"Subscriber",1996,2
865,"2018-12-19 08:06:11.9150","2018-12-19 08:20:37.7640",3194,"McGinley Square",40.7253399253558,-74.06762212514877,3195,"Sip Ave",40.73074262530658,-74.06378388404846,29289,"Subscriber",1970,1
210,"2018-12-19 08:43:49.3000","2018-12-19 08:47:20.2280",3194,"McGinley Square",40.7253399253558,-74.06762212514877,3195,"Sip Ave",40.73074262530658,-74.06378388404846,29522,"Subscriber",1994,1
764,"2018-12-19 08:53:26.9240","2018-12-19 09:06:11.7360",3194,"McGinley Square",40.7253399253558,-74.06762212514877,3273,"Manila & 1st",40.721650724879986,-74.04288411140442,26254,"Subscriber",1991,1
204,"2018-12-19 09:28:27.3470","2018-12-19 09:31:52.3440",3194,"McGinley Square",40.7253399253558,-74.06762212514877,3195,"Sip Ave",40.73074262530658,-74.06378388404846,29222,"Subscriber",1980,1
169,"2018-12-19 09:41:09.6570","2018-12-19 09:43:58.7350",3194,"McGinley Square",40.7253399253558,-74.06762212514877,3195,"Sip Ave",40.73074262530658,-74.06378388404846,29642,"Subscriber",1979,1
185,"2018-12-19 10:31:54.0430","2018-12-19 10:34:59.8730",3194,"McGinley Square",40.7253399253558,-74.06762212514877,3195,"Sip Ave",40.73074262530658,-74.06378388404846,26306,"Subscriber",1988,1
172,"2018-12-19 14:03:48.9040","2018-12-19 14:06:41.2170",3194,"McGinley Square",40.7253399253558,-74.06762212514877,3195,"Sip Ave",40.73074262530658,-74.06378388404846,26280,"Subscriber",1987,1
163,"2018-12-19 14:07:33.8020","2018-12-19 14:10:16.8020",3194,"McGinley Square",40.7253399253558,-74.06762212514877,3195,"Sip Ave",40.73074262530658,-74.06378388404846,26266,"Subscriber",1993,1
230,"2018-12-19 15:44:47.2990","2018-12-19 15:48:37.3100",3194,"McGinley Square",40.7253399253558,-74.06762212514877,3195,"Sip Ave",40.73074262530658,-74.06378388404846,29458,"Subscriber",1985,2
210,"2018-12-19 21:01:56.2290","2018-12-19 21:05:26.6360",3194,"McGinley Square",40.7253399253558,-74.06762212514877,3280,"Astor Place",40.71928220070702,-74.07126188278198,29222,"Subscriber",1987,1
245,"2018-12-20 14:01:34.3280","2018-12-20 14:05:39.6930",3194,"McGinley Square",40.7253399253558,-74.06762212514877,3195,"Sip Ave",40.73074262530658,-74.06378388404846,29547,"Subscriber",1960,1
183,"2018-12-20 14:56:53.1730","2018-12-20 14:59:57.0120",3194,"McGinley Square",40.7253399253558,-74.06762212514877,3195,"Sip Ave",40.73074262530658,-74.06378388404846,29272,"Subscriber",1987,1
253,"2018-12-21 07:18:16.8570","2018-12-21 07:22:30.5480",3194,"McGinley Square",40.7253399253558,-74.06762212514877,3195,"Sip Ave",40.73074262530658,-74.06378388404846,29218,"Subscriber",1977,2
265,"2018-12-21 08:11:18.2220","2018-12-21 08:15:43.9700",3194,"McGinley Square",40.7253399253558,-74.06762212514877,3195,"Sip Ave",40.73074262530658,-74.06378388404846,29444,"Subscriber",1970,1
207,"2018-12-21 09:40:21.2460","2018-12-21 09:43:48.2640",3194,"McGinley Square",40.7253399253558,-74.06762212514877,3195,"Sip Ave",40.73074262530658,-74.06378388404846,29455,"Subscriber",1980,1
869,"2018-12-21 16:51:12.4480","2018-12-21 17:05:41.4730",3194,"McGinley Square",40.7253399253558,-74.06762212514877,3210,"Pershing Field",40.742677141,-74.051788633,29486,"Subscriber",1981,1
223,"2018-12-21 17:27:14.0540","2018-12-21 17:30:57.4270",3194,"McGinley Square",40.7253399253558,-74.06762212514877,3195,"Sip Ave",40.73074262530658,-74.06378388404846,26225,"Subscriber",1971,1
759,"2018-12-21 18:07:43.4410","2018-12-21 18:20:23.4030",3194,"McGinley Square",40.7253399253558,-74.06762212514877,3278,"Monmouth and 6th",40.72568548362901,-74.04879033565521,29532,"Subscriber",1972,1
221,"2018-12-21 18:10:20.8160","2018-12-21 18:14:02.1240",3194,"McGinley Square",40.7253399253558,-74.06762212514877,3195,"Sip Ave",40.73074262530658,-74.06378388404846,29520,"Subscriber",1989,2
180,"2018-12-21 21:21:26.0170","2018-12-21 21:24:26.2310",3194,"McGinley Square",40.7253399253558,-74.06762212514877,3195,"Sip Ave",40.73074262530658,-74.06378388404846,29240,"Subscriber",1980,1
192,"2018-12-21 21:33:20.2640","2018-12-21 21:36:33.0030",3194,"McGinley Square",40.7253399253558,-74.06762212514877,3195,"Sip Ave",40.73074262530658,-74.06378388404846,29230,"Subscriber",1986,1
1031,"2018-12-22 08:06:54.0770","2018-12-22 08:24:05.4300",3194,"McGinley Square",40.7253399253558,-74.06762212514877,3198,"Heights Elevator",40.748715945380226,-74.04044330120087,29263,"Subscriber",1982,1
211,"2018-12-22 09:01:08.6240","2018-12-22 09:04:40.2030",3194,"McGinley Square",40.7253399253558,-74.06762212514877,3195,"Sip Ave",40.73074262530658,-74.06378388404846,29522,"Subscriber",1962,1
237,"2018-12-22 09:22:34.0220","2018-12-22 09:26:31.6350",3194,"McGinley Square",40.7253399253558,-74.06762212514877,3195,"Sip Ave",40.73074262530658,-74.06378388404846,26225,"Subscriber",1977,1
217,"2018-12-22 09:26:25.1860","2018-12-22 09:30:02.2080",3194,"McGinley Square",40.7253399253558,-74.06762212514877,3195,"Sip Ave",40.73074262530658,-74.06378388404846,26280,"Subscriber",1960,1
216,"2018-12-22 09:39:50.7630","2018-12-22 09:43:27.5770",3194,"McGinley Square",40.7253399253558,-74.06762212514877,3195,"Sip Ave",40.73074262530658,-74.06378388404846,29294,"Subscriber",1988,1
202,"2018-12-22 11:41:14.7260","2018-12-22 11:44:37.3070",3194,"McGinley Square",40.7253399253558,-74.06762212514877,3195,"Sip Ave",40.73074262530658,-74.06378388404846,29547,"Subscriber",1991,1
1248,"2018-12-22 11:49:12.4090","2018-12-22 12:10:01.0320",3194,"McGinley Square",40.7253399253558,-74.06762212514877,3194,"McGinley Square",40.7253399253558,-74.06762212514877,29595,"Subscriber",1988,1
222,"2018-12-22 11:57:12.5370","2018-12-22 12:00:54.6220",3194,"McGinley Square",40.7253399253558,-74.06762212514877,3195,"Sip Ave",40.73074262530658,-74.06378388404846,29575,"Subscriber",1980,1
169,"2018-12-22 12:17:16.7810","2018-12-22 12:20:06.5040",3194,"McGinley Square",40.7253399253558,-74.06762212514877,3195,"Sip Ave",40.73074262530658,-74.06378388404846,26295,"Subscriber",1976,0
486,"2018-12-22 12:47:01.2200","2018-12-22 12:55:08.2030",3194,"McGinley Square",40.7253399253558,-74.06762212514877,3694,"Jackson Square",40.71113,-74.0789,29294,"Subscriber",1994,1
717,"2018-12-22 13:43:26.1130","2018-12-22 13:55:23.7160",3194,"McGinley Square",40.7253399253558,-74.06762212514877,3270,"Jersey & 6th St",40.72528910781132,-74.04557168483734,29289,"Subscriber",1978,1
318,"2018-12-22 19:48:14.6330","2018-12-22 19:53:33.6060",3194,"McGinley Square",40.7253399253558,-74.06762212514877,3640,"Journal Square",40.73367,-74.0625,29258,"Subscriber",1981,1
214,"2018-12-23 10:34:07.7130","2018-12-23 10:37:42.2520",3194,"McGinley Square",40.7253399253558,-74.06762212514877,3280,"Astor Place",40.71928220070702,-74.07126188278198,29444,"Subscriber",1988,1
654,"2018-12-23 11:13:14.3110","2018-12-23 11:24:09.3060",3194,"McGinley Square",40.7253399253558,-74.06762212514877,3206,"Hilltop",40.7311689,-74.0575736,29463,"Subscriber",1957,2
543,"2018-12-23 15:52:01.8560","2018-12-23 16:01:05.2470",3194,"McGinley Square",40.7253399253558,-74.06762212514877,3207,"Oakland Ave",40.7376037,-74.0524783,29595,"Subscriber",1985,1
228,"2018-12-23 16:10:36.7850","2018-12-23 16:14:25.7210",3194,"McGinley Square",40.7253399253558,-74.06762212514877,3195,"Sip Ave",40.73074262530658,-74.06378388404846,29576,"Subscriber",1960,1
1080,"2018-12-23 18:24:27.4120","2018-12-23 18:42:27.6300",3194,"McGinley Square",40.7253399253558,-74.06762212514877,3639,"Harborside",40.7192517,-74.034234,26167,"Subscriber",1973,2
200,"2018-12-24 06:23:09.0700","2018-12-24 06:26:30.0340",3194,"McGinley Square",40.7253399253558,-74.06762212514877,3195,"Sip Ave",40.73074262530658,-74.06378388404846,29664,"Subscriber",1980,1
277,"2018-12-24 08:18:05.2320","2018-12-24 08:22:42.5860",3194,"McGinley Square",40.7253399253558,-74.06762212514877,3195,"Sip Ave",40.73074262530658,-74.06378388404846,29295,"Subscriber",1970,1
510,"2018-12-24 08:38:59.5910","2018-12-24 08:47:30.2150",3194,"McGinley Square",40.7253399253558,-74.06762212514877,3186,"Grove St PATH",40.71958611647166,-74.04311746358871,29289,"Subscriber",1981,1
292,"2018-12-24 14:57:34.6520","2018-12-24 15:02:27.6050",3194,"McGinley Square",40.7253399253558,-74.06762212514877,3195,"Sip Ave",40.73074262530658,-74.06378388404846,29496,"Subscriber",1986,1
726,"2018-12-24 16:23:42.6150","2018-12-24 16:35:49.1330",3194,"McGinley Square",40.7253399253558,-74.06762212514877,3194,"McGinley Square",40.7253399253558,-74.06762212514877,29213,"Subscriber",1976,0
500,"2018-12-24 16:40:01.4360","2018-12-24 16:48:21.7860",3194,"McGinley Square",40.7253399253558,-74.06762212514877,3678,"Fairmount Ave",40.72572613742557,-74.07195925712585,26155,"Subscriber",1990,2
159,"2018-12-24 18:42:56.8260","2018-12-24 18:45:36.3990",3194,"McGinley Square",40.7253399253558,-74.06762212514877,3225,"Baldwin at Montgomery",40.7236589,-74.0641943,29295,"Subscriber",1962,1
174,"2018-12-25 09:42:09.0980","2018-12-25 09:45:03.8760",3194,"McGinley Square",40.7253399253558,-74.06762212514877,3195,"Sip Ave",40.73074262530658,-74.06378388404846,29665,"Subscriber",1980,1
219,"2018-12-25 10:42:16.5950","2018-12-25 10:45:56.5370",3194,"McGinley Square",40.7253399253558,-74.06762212514877,3195,"Sip Ave",40.73074262530658,-74.06378388404846,29260,"Subscriber",1962,1
241,"2018-12-25 14:18:36.4570","2018-12-25 14:22:38.2770",3194,"McGinley Square",40.7253399253558,-74.06762212514877,3195,"Sip Ave",40.73074262530658,-74.06378388404846,29252,"Subscriber",1954,1
279,"2018-12-25 15:08:20.4710","2018-12-25 15:13:00.0320",3194,"McGinley Square",40.7253399253558,-74.06762212514877,3195,"Sip Ave",40.73074262530658,-74.06378388404846,29533,"Subscriber",1975,1
167,"2018-12-25 19:43:06.6480","2018-12-25 19:45:54.1720",3194,"McGinley Square",40.7253399253558,-74.06762212514877,3679,"Bergen Ave",40.722103786686034,-74.07145500183105,26312,"Subscriber",1969,0
414,"2018-12-26 07:31:47.0860","2018-12-26 07:38:41.6580",3194,"McGinley Square",40.7253399253558,-74.06762212514877,3195,"Sip Ave",40.73074262530658,-74.06378388404846,29271,"Subscriber",1989,1
208,"2018-12-26 07:32:04.1920","2018-12-26 07:35:32.5180",3194,"McGinley Square",40.7253399253558,-74.06762212514877,3195,"Sip Ave",40.73074262530658,-74.06378388404846,29121,"Subscriber",1996,2
200,"2018-12-26 07:50:32.7510","2018-12-26 07:53:53.3610",3194,"McGinley Square",40.7253399253558,-74.06762212514877,3195,"Sip Ave",40.73074262530658,-74.06378388404846,26269,"Subscriber",1977,1
234,"2018-12-26 08:12:55.6480","2018-12-26 08:16:49.7640",3194,"McGinley Square",40.7253399253558,-74.06762212514877,3195,"Sip Ave",40.73074262530658,-74.06378388404846,29588,"Subscriber",1970,1
219,"2018-12-26 08:47:22.4320","2018-12-26 08:51:01.8710",3194,"McGinley Square",40.7253399253558,-74.06762212514877,3195,"Sip Ave",40.73074262530658,-74.06378388404846,29213,"Subscriber",1980,1
253,"2018-12-26 09:53:35.3750","2018-12-26 09:57:49.3550",3194,"McGinley Square",40.7253399253558,-74.06762212514877,3195,"Sip Ave",40.73074262530658,-74.06378388404846,29587,"Subscriber",1970,1
603,"2018-12-26 12:52:03.1670","2018-12-26 13:02:06.3500",3194,"McGinley Square",40.7253399253558,-74.06762212514877,3195,"Sip Ave",40.73074262530658,-74.06378388404846,26164,"Subscriber",1964,1
359,"2018-12-26 20:38:00.0920","2018-12-26 20:43:59.4940",3194,"McGinley Square",40.7253399253558,-74.06762212514877,3195,"Sip Ave",40.73074262530658,-74.06378388404846,29268,"Subscriber",1960,1
144,"2018-12-26 22:08:25.6410","2018-12-26 22:10:49.9430",3194,"McGinley Square",40.7253399253558,-74.06762212514877,3280,"Astor Place",40.71928220070702,-74.07126188278198,26247,"Subscriber",1987,1
339,"2018-12-27 01:38:31.6520","2018-12-27 01:44:10.9440",3194,"McGinley Square",40.7253399253558,-74.06762212514877,3277,"Communipaw & Berry Lane",40.71435836870427,-74.06661093235016,26164,"Subscriber",1988,1
209,"2018-12-27 07:11:57.5100","2018-12-27 07:15:26.5460",3194,"McGinley Square",40.7253399253558,-74.06762212514877,3195,"Sip Ave",40.73074262530658,-74.06378388404846,26312,"Subscriber",1977,2
216,"2018-12-27 07:30:52.0650","2018-12-27 07:34:28.5700",3194,"McGinley Square",40.7253399253558,-74.06762212514877,3195,"Sip Ave",40.73074262530658,-74.06378388404846,29285,"Subscriber",1996,2
193,"2018-12-27 07:42:24.7030","2018-12-27 07:45:37.7820",3194,"McGinley Square",40.7253399253558,-74.06762212514877,3195,"Sip Ave",40.73074262530658,-74.06378388404846,29482,"Subscriber",1989,1
203,"2018-12-27 08:02:47.1410","2018-12-27 08:06:10.7010",3194,"McGinley Square",40.7253399253558,-74.06762212514877,3195,"Sip Ave",40.73074262530658,-74.06378388404846,26173,"Subscriber",1977,1
262,"2018-12-27 08:09:57.3670","2018-12-27 08:14:20.1010",3194,"McGinley Square",40.7253399253558,-74.06762212514877,3195,"Sip Ave",40.73074262530658,-74.06378388404846,26304,"Subscriber",1970,1
621,"2018-12-27 08:46:36.2430","2018-12-27 08:56:58.1260",3194,"McGinley Square",40.7253399253558,-74.06762212514877,3186,"Grove St PATH",40.71958611647166,-74.04311746358871,29548,"Subscriber",1981,1
194,"2018-12-27 09:21:39.6510","2018-12-27 09:24:53.7050",3194,"McGinley Square",40.7253399253558,-74.06762212514877,3195,"Sip Ave",40.73074262530658,-74.06378388404846,29671,"Subscriber",1990,1
298,"2018-12-27 09:41:50.8020","2018-12-27 09:46:48.8690",3194,"McGinley Square",40.7253399253558,-74.06762212514877,3195,"Sip Ave",40.73074262530658,-74.06378388404846,29258,"Subscriber",1984,1
918,"2018-12-27 12:51:55.9500","2018-12-27 13:07:14.3240",3194,"McGinley Square",40.7253399253558,-74.06762212514877,3195,"Sip Ave",40.73074262530658,-74.06378388404846,29125,"Subscriber",1995,1
1968,"2018-12-27 14:20:00.4630","2018-12-27 14:52:48.7150",3194,"McGinley Square",40.7253399253558,-74.06762212514877,3213,"Van Vorst Park",40.71848892,-74.047726625,26286,"Subscriber",1994,1
250,"2018-12-27 17:55:28.9000","2018-12-27 17:59:39.6770",3194,"McGinley Square",40.7253399253558,-74.06762212514877,3280,"Astor Place",40.71928220070702,-74.07126188278198,29527,"Subscriber",1994,1
163,"2018-12-27 18:56:05.1710","2018-12-27 18:58:48.2890",3194,"McGinley Square",40.7253399253558,-74.06762212514877,3679,"Bergen Ave",40.722103786686034,-74.07145500183105,29275,"Subscriber",1986,1
370,"2018-12-27 20:28:55.9400","2018-12-27 20:35:06.6820",3194,"McGinley Square",40.7253399253558,-74.06762212514877,3277,"Communipaw & Berry Lane",40.71435836870427,-74.06661093235016,29249,"Subscriber",1988,1
370,"2018-12-27 20:55:02.4090","2018-12-27 21:01:13.2750",3194,"McGinley Square",40.7253399253558,-74.06762212514877,3193,"Lincoln Park",40.7246050998869,-74.07840594649315,29664,"Subscriber",1992,1
351,"2018-12-27 20:55:21.9220","2018-12-27 21:01:13.8300",3194,"McGinley Square",40.7253399253558,-74.06762212514877,3193,"Lincoln Park",40.7246050998869,-74.07840594649315,29211,"Subscriber",1991,2
141,"2018-12-28 00:19:49.8810","2018-12-28 00:22:11.3480",3194,"McGinley Square",40.7253399253558,-74.06762212514877,3280,"Astor Place",40.71928220070702,-74.07126188278198,29239,"Subscriber",1987,1
246,"2018-12-28 08:37:16.0050","2018-12-28 08:41:22.0650",3194,"McGinley Square",40.7253399253558,-74.06762212514877,3195,"Sip Ave",40.73074262530658,-74.06378388404846,29206,"Subscriber",1980,1
517,"2018-12-28 08:48:40.8080","2018-12-28 08:57:17.8980",3194,"McGinley Square",40.7253399253558,-74.06762212514877,3186,"Grove St PATH",40.71958611647166,-74.04311746358871,29481,"Subscriber",1981,1
189,"2018-12-28 17:25:28.0140","2018-12-28 17:28:37.2190",3194,"McGinley Square",40.7253399253558,-74.06762212514877,3195,"Sip Ave",40.73074262530658,-74.06378388404846,26284,"Subscriber",1986,1
181,"2018-12-28 20:24:53.1260","2018-12-28 20:27:54.4720",3194,"McGinley Square",40.7253399253558,-74.06762212514877,3678,"Fairmount Ave",40.72572613742557,-74.07195925712585,29507,"Subscriber",1985,1
273,"2018-12-29 06:18:16.5290","2018-12-29 06:22:50.2720",3194,"McGinley Square",40.7253399253558,-74.06762212514877,3280,"Astor Place",40.71928220070702,-74.07126188278198,29210,"Subscriber",1959,1
105,"2018-12-29 09:02:56.2970","2018-12-29 09:04:41.3770",3194,"McGinley Square",40.7253399253558,-74.06762212514877,3678,"Fairmount Ave",40.72572613742557,-74.07195925712585,29525,"Subscriber",1994,2
926,"2018-12-29 09:43:28.0340","2018-12-29 09:58:54.4090",3194,"McGinley Square",40.7253399253558,-74.06762212514877,3183,"Exchange Place",40.7162469,-74.0334588,29126,"Subscriber",1972,2
397,"2018-12-29 14:35:55.0710","2018-12-29 14:42:32.1370",3194,"McGinley Square",40.7253399253558,-74.06762212514877,3206,"Hilltop",40.7311689,-74.0575736,29492,"Subscriber",1957,2
628,"2018-12-29 16:17:47.0470","2018-12-29 16:28:15.7270",3194,"McGinley Square",40.7253399253558,-74.06762212514877,3211,"Newark Ave",40.72152515,-74.046304543,29275,"Subscriber",1976,0
184,"2018-12-29 18:18:07.1090","2018-12-29 18:21:11.9510",3194,"McGinley Square",40.7253399253558,-74.06762212514877,3195,"Sip Ave",40.73074262530658,-74.06378388404846,29493,"Subscriber",1977,2
229,"2018-12-29 19:05:17.7530","2018-12-29 19:09:07.5410",3194,"McGinley Square",40.7253399253558,-74.06762212514877,3195,"Sip Ave",40.73074262530658,-74.06378388404846,26309,"Subscriber",1980,1
264,"2018-12-29 21:42:08.0700","2018-12-29 21:46:32.7310",3194,"McGinley Square",40.7253399253558,-74.06762212514877,3280,"Astor Place",40.71928220070702,-74.07126188278198,26309,"Subscriber",1960,1
122,"2018-12-29 21:43:50.1280","2018-12-29 21:45:53.0960",3194,"McGinley Square",40.7253399253558,-74.06762212514877,3280,"Astor Place",40.71928220070702,-74.07126188278198,26299,"Subscriber",1987,1
254,"2018-12-30 06:05:51.6640","2018-12-30 06:10:06.6340",3194,"McGinley Square",40.7253399253558,-74.06762212514877,3280,"Astor Place",40.71928220070702,-74.07126188278198,29493,"Subscriber",1959,1
491,"2018-12-30 07:09:57.4870","2018-12-30 07:18:09.3600",3194,"McGinley Square",40.7253399253558,-74.06762212514877,3194,"McGinley Square",40.7253399253558,-74.06762212514877,29247,"Subscriber",1980,1
200,"2018-12-30 09:51:11.3540","2018-12-30 09:54:31.5820",3194,"McGinley Square",40.7253399253558,-74.06762212514877,3195,"Sip Ave",40.73074262530658,-74.06378388404846,26304,"Subscriber",1996,2
170,"2018-12-30 10:25:09.9050","2018-12-30 10:28:00.8530",3194,"McGinley Square",40.7253399253558,-74.06762212514877,3195,"Sip Ave",40.73074262530658,-74.06378388404846,29453,"Subscriber",1986,1
352,"2018-12-30 10:39:27.2120","2018-12-30 10:45:19.6870",3194,"McGinley Square",40.7253399253558,-74.06762212514877,3213,"Van Vorst Park",40.71848892,-74.047726625,29247,"Subscriber",1988,1
175,"2018-12-30 13:59:12.8870","2018-12-30 14:02:08.1350",3194,"McGinley Square",40.7253399253558,-74.06762212514877,3195,"Sip Ave",40.73074262530658,-74.06378388404846,29453,"Subscriber",1977,2
4186,"2018-12-30 14:29:56.6660","2018-12-30 15:39:42.9350",3194,"McGinley Square",40.7253399253558,-74.06762212514877,3192,"Liberty Light Rail",40.7112423,-74.0557013,29448,"Customer",1990,1
225,"2018-12-30 15:05:31.4390","2018-12-30 15:09:16.9740",3194,"McGinley Square",40.7253399253558,-74.06762212514877,3195,"Sip Ave",40.73074262530658,-74.06378388404846,29503,"Subscriber",1980,1
181,"2018-12-30 16:36:29.4930","2018-12-30 16:39:30.6650",3194,"McGinley Square",40.7253399253558,-74.06762212514877,3280,"Astor Place",40.71928220070702,-74.07126188278198,29218,"Subscriber",1994,1
953,"2018-12-30 17:18:13.2980","2018-12-30 17:34:06.3140",3194,"McGinley Square",40.7253399253558,-74.06762212514877,3192,"Liberty Light Rail",40.7112423,-74.0557013,29593,"Customer",1990,1
436,"2018-12-30 18:07:37.9800","2018-12-30 18:14:54.0450",3194,"McGinley Square",40.7253399253558,-74.06762212514877,3640,"Journal Square",40.73367,-74.0625,29550,"Subscriber",1956,1
197,"2018-12-31 06:43:43.6470","2018-12-31 06:47:01.1750",3194,"McGinley Square",40.7253399253558,-74.06762212514877,3195,"Sip Ave",40.73074262530658,-74.06378388404846,26284,"Subscriber",1996,2
250,"2018-12-31 07:06:44.5270","2018-12-31 07:10:54.7250",3194,"McGinley Square",40.7253399253558,-74.06762212514877,3195,"Sip Ave",40.73074262530658,-74.06378388404846,26160,"Subscriber",1977,1
185,"2018-12-31 07:38:31.5930","2018-12-31 07:41:36.8590",3194,"McGinley Square",40.7253399253558,-74.06762212514877,3195,"Sip Ave",40.73074262530658,-74.06378388404846,29546,"Subscriber",1989,1
254,"2018-12-31 08:15:02.9620","2018-12-31 08:19:17.1410",3194,"McGinley Square",40.7253399253558,-74.06762212514877,3195,"Sip Ave",40.73074262530658,-74.06378388404846,26309,"Subscriber",1969,0
583,"2018-12-31 08:50:43.5230","2018-12-31 09:00:26.5460",3194,"McGinley Square",40.7253399253558,-74.06762212514877,3186,"Grove St PATH",40.71958611647166,-74.04311746358871,26260,"Subscriber",1981,1
214,"2018-12-31 09:41:35.3890","2018-12-31 09:45:09.7660",3194,"McGinley Square",40.7253399253558,-74.06762212514877,3195,"Sip Ave",40.73074262530658,-74.06378388404846,29304,"Subscriber",1980,1
188,"2018-12-31 12:30:11.5770","2018-12-31 12:33:19.8870",3194,"McGinley Square",40.7253399253558,-74.06762212514877,3195,"Sip Ave",40.73074262530658,-74.06378388404846,29533,"Subscriber",1989,1
163,"2018-12-31 13:30:32.4030","2018-12-31 13:33:16.1860",3194,"McGinley Square",40.7253399253558,-74.06762212514877,3195,"Sip Ave",40.73074262530658,-74.06378388404846,29442,"Subscriber",1985,1
1896,"2018-12-31 14:08:16.0580","2018-12-31 14:39:52.9790",3194,"McGinley Square",40.7253399253558,-74.06762212514877,3211,"Newark Ave",40.72152515,-74.046304543,29665,"Subscriber",1976,0
311,"2018-12-31 23:02:34.3020","2018-12-31 23:07:45.6570",3194,"McGinley Square",40.7253399253558,-74.06762212514877,3679,"Bergen Ave",40.722103786686034,-74.07145500183105,29286,"Subscriber",1986,1
640,"2018-12-01 00:10:44.5360","2018-12-01 00:21:24.8660",3195,"Sip Ave",40.73074262530658,-74.06378388404846,3191,"Union St",40.7182113,-74.0836394,29249,"Subscriber",1988,1
168,"2018-12-01 00:56:35.1660","2018-12-01 00:59:23.5080",3195,"Sip Ave",40.73074262530658,-74.06378388404846,3194,"McGinley Square",40.7253399253558,-74.06762212514877,29590,"Subscriber",1994,1
287,"2018-12-01 00:57:30.2600","2018-12-01 01:02:18.1330",3195,"Sip Ave",40.73074262530658,-74.06378388404846,3678,"Fairmount Ave",40.72572613742557,-74.07195925712585,29597,"Subscriber",1990,1
327,"2018-12-01 06:14:09.4440","2018-12-01 06:19:36.8080",3195,"Sip Ave",40.73074262530658,-74.06378388404846,3679,"Bergen Ave",40.722103786686034,-74.07145500183105,29457,"Subscriber",1996,2
461,"2018-12-01 08:19:18.4040","2018-12-01 08:27:00.3600",3195,"Sip Ave",40.73074262530658,-74.06378388404846,3193,"Lincoln Park",40.7246050998869,-74.07840594649315,26166,"Subscriber",1983,1
570,"2018-12-01 08:19:41.1800","2018-12-01 08:29:11.7300",3195,"Sip Ave",40.73074262530658,-74.06378388404846,3210,"Pershing Field",40.742677141,-74.051788633,26292,"Subscriber",1988,1
464,"2018-12-01 08:36:30.8490","2018-12-01 08:44:15.4880",3195,"Sip Ave",40.73074262530658,-74.06378388404846,3203,"Hamilton Park",40.727595966,-74.044247311,29652,"Subscriber",1971,2
452,"2018-12-01 08:38:56.7010","2018-12-01 08:46:29.6030",3195,"Sip Ave",40.73074262530658,-74.06378388404846,3211,"Newark Ave",40.72152515,-74.046304543,29597,"Subscriber",1993,2
243,"2018-12-01 08:51:33.2130","2018-12-01 08:55:36.6130",3195,"Sip Ave",40.73074262530658,-74.06378388404846,3677,"Glenwood Ave",40.72755146730012,-74.07106071710587,26257,"Subscriber",1994,2
239,"2018-12-01 11:29:46.1270","2018-12-01 11:33:45.6210",3195,"Sip Ave",40.73074262530658,-74.06378388404846,3225,"Baldwin at Montgomery",40.7236589,-74.0641943,29590,"Subscriber",1980,1
339,"2018-12-01 11:52:21.7820","2018-12-01 11:58:01.6810",3195,"Sip Ave",40.73074262530658,-74.06378388404846,3280,"Astor Place",40.71928220070702,-74.07126188278198,26292,"Subscriber",1983,1
784,"2018-12-01 12:27:23.7280","2018-12-01 12:40:28.5030",3195,"Sip Ave",40.73074262530658,-74.06378388404846,3187,"Warren St",40.7211236,-74.03805095,29659,"Customer",1992,1
320,"2018-12-01 13:10:43.6950","2018-12-01 13:16:04.2770",3195,"Sip Ave",40.73074262530658,-74.06378388404846,3207,"Oakland Ave",40.7376037,-74.0524783,26193,"Subscriber",1985,1
374,"2018-12-01 13:17:30.3970","2018-12-01 13:23:44.5040",3195,"Sip Ave",40.73074262530658,-74.06378388404846,3209,"Brunswick St",40.7241765,-74.0506564,29681,"Subscriber",1993,1
155,"2018-12-01 14:04:24.7850","2018-12-01 14:07:00.4280",3195,"Sip Ave",40.73074262530658,-74.06378388404846,3206,"Hilltop",40.7311689,-74.0575736,29586,"Subscriber",1973,1
2603,"2018-12-01 14:33:59.7700","2018-12-01 15:17:23.5880",3195,"Sip Ave",40.73074262530658,-74.06378388404846,3213,"Van Vorst Park",40.71848892,-74.047726625,29223,"Subscriber",1983,1
686,"2018-12-01 15:08:19.2270","2018-12-01 15:19:46.1430",3195,"Sip Ave",40.73074262530658,-74.06378388404846,3198,"Heights Elevator",40.748715945380226,-74.04044330120087,29555,"Subscriber",1978,1
270,"2018-12-01 15:11:48.4760","2018-12-01 15:16:19.4280",3195,"Sip Ave",40.73074262530658,-74.06378388404846,3220,"5 Corners Library",40.734961020009514,-74.0595030784607,26269,"Subscriber",1961,1
438,"2018-12-01 15:55:05.6610","2018-12-01 16:02:23.9650",3195,"Sip Ave",40.73074262530658,-74.06378388404846,3193,"Lincoln Park",40.7246050998869,-74.07840594649315,29668,"Subscriber",1990,2
760,"2018-12-01 17:22:42.6080","2018-12-01 17:35:23.3550",3195,"Sip Ave",40.73074262530658,-74.06378388404846,3201,"Dey St",40.737711,-74.066921,26267,"Subscriber",1984,1
256,"2018-12-01 18:13:57.0900","2018-12-01 18:18:13.3930",3195,"Sip Ave",40.73074262530658,-74.06378388404846,3194,"McGinley Square",40.7253399253558,-74.06762212514877,29486,"Subscriber",1996,2
699,"2018-12-01 18:43:29.1260","2018-12-01 18:55:08.4060",3195,"Sip Ave",40.73074262530658,-74.06378388404846,3210,"Pershing Field",40.742677141,-74.051788633,29204,"Subscriber",1988,1
1928,"2018-12-01 18:48:32.4410","2018-12-01 19:20:40.8730",3195,"Sip Ave",40.73074262530658,-74.06378388404846,3694,"Jackson Square",40.71113,-74.0789,29209,"Subscriber",1994,1
382,"2018-12-01 19:15:13.0630","2018-12-01 19:21:35.1780",3195,"Sip Ave",40.73074262530658,-74.06378388404846,3679,"Bergen Ave",40.722103786686034,-74.07145500183105,29234,"Subscriber",1969,0
504,"2018-12-01 19:26:32.3050","2018-12-01 19:34:56.6770",3195,"Sip Ave",40.73074262530658,-74.06378388404846,3210,"Pershing Field",40.742677141,-74.051788633,29527,"Subscriber",1995,2
326,"2018-12-01 19:57:14.2410","2018-12-01 20:02:40.8800",3195,"Sip Ave",40.73074262530658,-74.06378388404846,3225,"Baldwin at Montgomery",40.7236589,-74.0641943,29590,"Subscriber",1962,1
172,"2018-12-01 20:33:19.2930","2018-12-01 20:36:12.1630",3195,"Sip Ave",40.73074262530658,-74.06378388404846,3194,"McGinley Square",40.7253399253558,-74.06762212514877,29483,"Subscriber",1980,1
412,"2018-12-01 21:05:07.6920","2018-12-01 21:11:59.8040",3195,"Sip Ave",40.73074262530658,-74.06378388404846,3280,"Astor Place",40.71928220070702,-74.07126188278198,26170,"Subscriber",1960,1
3089,"2018-12-01 21:25:28.0320","2018-12-01 22:16:57.6610",3195,"Sip Ave",40.73074262530658,-74.06378388404846,3186,"Grove St PATH",40.71958611647166,-74.04311746358871,29492,"Subscriber",1988,1
480,"2018-12-01 22:14:28.3830","2018-12-01 22:22:29.1220",3195,"Sip Ave",40.73074262530658,-74.06378388404846,3679,"Bergen Ave",40.722103786686034,-74.07145500183105,29222,"Subscriber",1995,1
326,"2018-12-01 22:22:53.9250","2018-12-01 22:28:19.9370",3195,"Sip Ave",40.73074262530658,-74.06378388404846,3679,"Bergen Ave",40.722103786686034,-74.07145500183105,29554,"Subscriber",1993,1
717,"2018-12-01 23:44:16.4330","2018-12-01 23:56:14.0990",3195,"Sip Ave",40.73074262530658,-74.06378388404846,3198,"Heights Elevator",40.748715945380226,-74.04044330120087,29582,"Subscriber",1978,1
210,"2018-12-02 00:01:47.8310","2018-12-02 00:05:18.6080",3195,"Sip Ave",40.73074262530658,-74.06378388404846,3194,"McGinley Square",40.7253399253558,-74.06762212514877,29299,"Subscriber",2000,1
472,"2018-12-02 00:52:45.4080","2018-12-02 01:00:37.5410",3195,"Sip Ave",40.73074262530658,-74.06378388404846,3193,"Lincoln Park",40.7246050998869,-74.07840594649315,26292,"Subscriber",1969,1
270,"2018-12-02 01:20:34.0190","2018-12-02 01:25:04.8660",3195,"Sip Ave",40.73074262530658,-74.06378388404846,3280,"Astor Place",40.71928220070702,-74.07126188278198,29674,"Subscriber",1987,1
252,"2018-12-02 01:34:16.6520","2018-12-02 01:38:28.6580",3195,"Sip Ave",40.73074262530658,-74.06378388404846,3225,"Baldwin at Montgomery",40.7236589,-74.0641943,26155,"Subscriber",1986,2
281,"2018-12-02 01:56:23.0000","2018-12-02 02:01:04.0070",3195,"Sip Ave",40.73074262530658,-74.06378388404846,3679,"Bergen Ave",40.722103786686034,-74.07145500183105,29668,"Subscriber",1989,1
317,"2018-12-02 02:00:16.4790","2018-12-02 02:05:34.2400",3195,"Sip Ave",40.73074262530658,-74.06378388404846,3679,"Bergen Ave",40.722103786686034,-74.07145500183105,29587,"Subscriber",1986,1
570,"2018-12-02 08:40:13.0180","2018-12-02 08:49:43.2030",3195,"Sip Ave",40.73074262530658,-74.06378388404846,3210,"Pershing Field",40.742677141,-74.051788633,29607,"Subscriber",1988,1
192,"2018-12-02 09:11:01.1260","2018-12-02 09:14:13.1800",3195,"Sip Ave",40.73074262530658,-74.06378388404846,3677,"Glenwood Ave",40.72755146730012,-74.07106071710587,29616,"Subscriber",1994,2
2687,"2018-12-02 11:43:21.2480","2018-12-02 12:28:09.1750",3195,"Sip Ave",40.73074262530658,-74.06378388404846,3193,"Lincoln Park",40.7246050998869,-74.07840594649315,29209,"Subscriber",1989,1
287,"2018-12-02 13:34:53.0220","2018-12-02 13:39:40.1020",3195,"Sip Ave",40.73074262530658,-74.06378388404846,3220,"5 Corners Library",40.734961020009514,-74.0595030784607,29213,"Subscriber",1961,1
262,"2018-12-02 17:33:30.7950","2018-12-02 17:37:52.9860",3195,"Sip Ave",40.73074262530658,-74.06378388404846,3225,"Baldwin at Montgomery",40.7236589,-74.0641943,26292,"Subscriber",1994,1
317,"2018-12-02 17:54:18.6910","2018-12-02 17:59:35.7810",3195,"Sip Ave",40.73074262530658,-74.06378388404846,3194,"McGinley Square",40.7253399253558,-74.06762212514877,29587,"Subscriber",1996,2
438,"2018-12-02 18:00:42.7120","2018-12-02 18:08:01.4000",3195,"Sip Ave",40.73074262530658,-74.06378388404846,3280,"Astor Place",40.71928220070702,-74.07126188278198,29483,"Subscriber",1988,1
563,"2018-12-02 18:37:18.3500","2018-12-02 18:46:41.9490",3195,"Sip Ave",40.73074262530658,-74.06378388404846,3193,"Lincoln Park",40.7246050998869,-74.07840594649315,29222,"Subscriber",1969,1
1078,"2018-12-02 18:38:05.8180","2018-12-02 18:56:03.9580",3195,"Sip Ave",40.73074262530658,-74.06378388404846,3694,"Jackson Square",40.71113,-74.0789,29544,"Subscriber",1994,1
841,"2018-12-02 18:40:18.8040","2018-12-02 18:54:20.0520",3195,"Sip Ave",40.73074262530658,-74.06378388404846,3679,"Bergen Ave",40.722103786686034,-74.07145500183105,29486,"Subscriber",1969,0
350,"2018-12-02 21:47:09.9860","2018-12-02 21:53:00.0280",3195,"Sip Ave",40.73074262530658,-74.06378388404846,3280,"Astor Place",40.71928220070702,-74.07126188278198,29219,"Subscriber",1994,1
215,"2018-12-02 22:58:40.1400","2018-12-02 23:02:15.2180",3195,"Sip Ave",40.73074262530658,-74.06378388404846,3206,"Hilltop",40.7311689,-74.0575736,29245,"Subscriber",1998,1
727,"2018-12-02 23:35:14.0560","2018-12-02 23:47:21.2830",3195,"Sip Ave",40.73074262530658,-74.06378388404846,3191,"Union St",40.7182113,-74.0836394,29442,"Subscriber",1962,1
413,"2018-12-03 05:57:50.4330","2018-12-03 06:04:44.0590",3195,"Sip Ave",40.73074262530658,-74.06378388404846,3193,"Lincoln Park",40.7246050998869,-74.07840594649315,29474,"Subscriber",1967,1
613,"2018-12-03 07:45:01.9780","2018-12-03 07:55:15.7790",3195,"Sip Ave",40.73074262530658,-74.06378388404846,3193,"Lincoln Park",40.7246050998869,-74.07840594649315,29575,"Subscriber",1983,1
334,"2018-12-03 07:48:56.1520","2018-12-03 07:54:30.5000",3195,"Sip Ave",40.73074262530658,-74.06378388404846,3225,"Baldwin at Montgomery",40.7236589,-74.0641943,29249,"Subscriber",1988,1
297,"2018-12-03 08:49:08.6340","2018-12-03 08:54:06.0720",3195,"Sip Ave",40.73074262530658,-74.06378388404846,3678,"Fairmount Ave",40.72572613742557,-74.07195925712585,29246,"Subscriber",1994,2
686,"2018-12-03 09:08:28.2740","2018-12-03 09:19:54.3960",3195,"Sip Ave",40.73074262530658,-74.06378388404846,3210,"Pershing Field",40.742677141,-74.051788633,29261,"Subscriber",1988,1
950,"2018-12-03 09:09:04.8110","2018-12-03 09:24:55.3380",3195,"Sip Ave",40.73074262530658,-74.06378388404846,3183,"Exchange Place",40.7162469,-74.0334588,29508,"Subscriber",1992,1
429,"2018-12-03 09:29:18.3530","2018-12-03 09:36:28.0760",3195,"Sip Ave",40.73074262530658,-74.06378388404846,3678,"Fairmount Ave",40.72572613742557,-74.07195925712585,26241,"Subscriber",1983,1
574,"2018-12-03 11:20:13.4000","2018-12-03 11:29:47.7130",3195,"Sip Ave",40.73074262530658,-74.06378388404846,3195,"Sip Ave",40.73074262530658,-74.06378388404846,29577,"Subscriber",1986,1
581,"2018-12-03 12:25:55.6350","2018-12-03 12:35:36.7670",3195,"Sip Ave",40.73074262530658,-74.06378388404846,3193,"Lincoln Park",40.7246050998869,-74.07840594649315,29307,"Subscriber",1967,1
526,"2018-12-03 12:30:35.2820","2018-12-03 12:39:22.1240",3195,"Sip Ave",40.73074262530658,-74.06378388404846,3211,"Newark Ave",40.72152515,-74.046304543,29299,"Subscriber",1964,1
387,"2018-12-03 12:33:09.6540","2018-12-03 12:39:37.3990",3195,"Sip Ave",40.73074262530658,-74.06378388404846,3193,"Lincoln Park",40.7246050998869,-74.07840594649315,29541,"Subscriber",1991,2
620,"2018-12-03 12:42:52.7180","2018-12-03 12:53:12.8120",3195,"Sip Ave",40.73074262530658,-74.06378388404846,3277,"Communipaw & Berry Lane",40.71435836870427,-74.06661093235016,29668,"Subscriber",1988,1
700,"2018-12-03 13:15:08.6310","2018-12-03 13:26:49.0460",3195,"Sip Ave",40.73074262530658,-74.06378388404846,3183,"Exchange Place",40.7162469,-74.0334588,30843,"Subscriber",1994,2
1069,"2018-12-03 13:56:38.2840","2018-12-03 14:14:27.4150",3195,"Sip Ave",40.73074262530658,-74.06378388404846,3184,"Paulus Hook",40.7141454,-74.0335519,26197,"Subscriber",1994,1
343,"2018-12-03 14:46:15.6570","2018-12-03 14:51:59.5400",3195,"Sip Ave",40.73074262530658,-74.06378388404846,3280,"Astor Place",40.71928220070702,-74.07126188278198,29577,"Subscriber",1983,1
530,"2018-12-03 15:03:07.0100","2018-12-03 15:11:57.4000",3195,"Sip Ave",40.73074262530658,-74.06378388404846,3280,"Astor Place",40.71928220070702,-74.07126188278198,29489,"Subscriber",1960,1
77,"2018-12-03 15:21:53.3520","2018-12-03 15:23:11.2010",3195,"Sip Ave",40.73074262530658,-74.06378388404846,3195,"Sip Ave",40.73074262530658,-74.06378388404846,26198,"Subscriber",1976,1
425,"2018-12-03 16:08:17.8840","2018-12-03 16:15:23.6710",3195,"Sip Ave",40.73074262530658,-74.06378388404846,3281,"Leonard Gordon Park",40.74590996631558,-74.0572714805603,29672,"Subscriber",1980,1
907,"2018-12-03 16:09:24.1910","2018-12-03 16:24:31.4520",3195,"Sip Ave",40.73074262530658,-74.06378388404846,3196,"Riverview Park",40.7443187,-74.0439909,29536,"Subscriber",1981,1
175,"2018-12-03 16:15:35.6900","2018-12-03 16:18:31.1390",3195,"Sip Ave",40.73074262530658,-74.06378388404846,3206,"Hilltop",40.7311689,-74.0575736,29668,"Subscriber",1976,1
730,"2018-12-03 16:15:50.9610","2018-12-03 16:28:01.8860",3195,"Sip Ave",40.73074262530658,-74.06378388404846,3199,"Newport Pkwy",40.7287448,-74.0321082,29249,"Subscriber",1984,1
243,"2018-12-03 16:36:58.1620","2018-12-03 16:41:01.6100",3195,"Sip Ave",40.73074262530658,-74.06378388404846,3225,"Baldwin at Montgomery",40.7236589,-74.0641943,26268,"Subscriber",1994,1
464,"2018-12-03 17:24:32.9130","2018-12-03 17:32:17.7250",3195,"Sip Ave",40.73074262530658,-74.06378388404846,3280,"Astor Place",40.71928220070702,-74.07126188278198,26163,"Subscriber",1971,1
512,"2018-12-03 17:24:54.9520","2018-12-03 17:33:27.7470",3195,"Sip Ave",40.73074262530658,-74.06378388404846,3193,"Lincoln Park",40.7246050998869,-74.07840594649315,29486,"Subscriber",1987,1
214,"2018-12-03 17:55:34.6880","2018-12-03 17:59:08.8590",3195,"Sip Ave",40.73074262530658,-74.06378388404846,3194,"McGinley Square",40.7253399253558,-74.06762212514877,26198,"Subscriber",1966,1
372,"2018-12-03 17:55:36.0270","2018-12-03 18:01:48.0320",3195,"Sip Ave",40.73074262530658,-74.06378388404846,3678,"Fairmount Ave",40.72572613742557,-74.07195925712585,29674,"Subscriber",1992,1
153,"2018-12-03 17:59:35.3730","2018-12-03 18:02:08.8350",3195,"Sip Ave",40.73074262530658,-74.06378388404846,3194,"McGinley Square",40.7253399253558,-74.06762212514877,29442,"Subscriber",1991,1
395,"2018-12-03 18:02:59.3640","2018-12-03 18:09:35.0470",3195,"Sip Ave",40.73074262530658,-74.06378388404846,3280,"Astor Place",40.71928220070702,-74.07126188278198,29246,"Subscriber",1983,1
253,"2018-12-03 18:13:49.7570","2018-12-03 18:18:02.9150",3195,"Sip Ave",40.73074262530658,-74.06378388404846,3194,"McGinley Square",40.7253399253558,-74.06762212514877,29611,"Subscriber",1970,1
301,"2018-12-03 18:15:34.0490","2018-12-03 18:20:35.2200",3195,"Sip Ave",40.73074262530658,-74.06378388404846,3679,"Bergen Ave",40.722103786686034,-74.07145500183105,29262,"Subscriber",1985,1
476,"2018-12-03 18:21:37.7310","2018-12-03 18:29:33.9960",3195,"Sip Ave",40.73074262530658,-74.06378388404846,3193,"Lincoln Park",40.7246050998869,-74.07840594649315,29303,"Subscriber",1992,1
718,"2018-12-03 18:22:57.2900","2018-12-03 18:34:55.8210",3195,"Sip Ave",40.73074262530658,-74.06378388404846,3678,"Fairmount Ave",40.72572613742557,-74.07195925712585,26298,"Subscriber",1991,1
444,"2018-12-03 18:26:17.8400","2018-12-03 18:33:42.7100",3195,"Sip Ave",40.73074262530658,-74.06378388404846,3193,"Lincoln Park",40.7246050998869,-74.07840594649315,26196,"Subscriber",1991,2
261,"2018-12-03 18:29:09.5430","2018-12-03 18:33:31.5380",3195,"Sip Ave",40.73074262530658,-74.06378388404846,3194,"McGinley Square",40.7253399253558,-74.06762212514877,26212,"Subscriber",1996,2
218,"2018-12-03 18:29:23.4560","2018-12-03 18:33:01.6830",3195,"Sip Ave",40.73074262530658,-74.06378388404846,3225,"Baldwin at Montgomery",40.7236589,-74.0641943,29307,"Subscriber",1991,1
197,"2018-12-03 18:29:40.3540","2018-12-03 18:32:58.1980",3195,"Sip Ave",40.73074262530658,-74.06378388404846,3194,"McGinley Square",40.7253399253558,-74.06762212514877,29254,"Subscriber",1972,1
269,"2018-12-03 18:30:59.8160","2018-12-03 18:35:28.8360",3195,"Sip Ave",40.73074262530658,-74.06378388404846,3194,"McGinley Square",40.7253399253558,-74.06762212514877,26170,"Subscriber",1975,1
555,"2018-12-03 18:34:58.0480","2018-12-03 18:44:13.9240",3195,"Sip Ave",40.73074262530658,-74.06378388404846,3679,"Bergen Ave",40.722103786686034,-74.07145500183105,26203,"Subscriber",1969,0
199,"2018-12-03 18:50:59.2140","2018-12-03 18:54:19.0170",3195,"Sip Ave",40.73074262530658,-74.06378388404846,3225,"Baldwin at Montgomery",40.7236589,-74.0641943,26246,"Subscriber",1994,1
529,"2018-12-03 18:51:06.6580","2018-12-03 18:59:56.4060",3195,"Sip Ave",40.73074262530658,-74.06378388404846,3280,"Astor Place",40.71928220070702,-74.07126188278198,29576,"Subscriber",1982,2
375,"2018-12-03 18:52:59.3590","2018-12-03 18:59:14.8660",3195,"Sip Ave",40.73074262530658,-74.06378388404846,3678,"Fairmount Ave",40.72572613742557,-74.07195925712585,29217,"Subscriber",1994,2
395,"2018-12-03 18:58:20.9750","2018-12-03 19:04:56.1260",3195,"Sip Ave",40.73074262530658,-74.06378388404846,3210,"Pershing Field",40.742677141,-74.051788633,29676,"Subscriber",1987,1
312,"2018-12-03 19:09:05.0360","2018-12-03 19:14:17.8980",3195,"Sip Ave",40.73074262530658,-74.06378388404846,3194,"McGinley Square",40.7253399253558,-74.06762212514877,29554,"Subscriber",1976,2
690,"2018-12-03 19:10:48.9730","2018-12-03 19:22:19.5650",3195,"Sip Ave",40.73074262530658,-74.06378388404846,3270,"Jersey & 6th St",40.72528910781132,-74.04557168483734,26221,"Subscriber",1993,1
196,"2018-12-03 19:11:02.7530","2018-12-03 19:14:19.4440",3195,"Sip Ave",40.73074262530658,-74.06378388404846,3194,"McGinley Square",40.7253399253558,-74.06762212514877,29505,"Subscriber",1977,1
715,"2018-12-03 19:20:29.8870","2018-12-03 19:32:25.0290",3195,"Sip Ave",40.73074262530658,-74.06378388404846,3198,"Heights Elevator",40.748715945380226,-74.04044330120087,29241,"Subscriber",1978,1
310,"2018-12-03 19:20:43.0660","2018-12-03 19:25:53.9090",3195,"Sip Ave",40.73074262530658,-74.06378388404846,3678,"Fairmount Ave",40.72572613742557,-74.07195925712585,29483,"Subscriber",1980,1
286,"2018-12-03 19:21:42.0360","2018-12-03 19:26:28.7930",3195,"Sip Ave",40.73074262530658,-74.06378388404846,3679,"Bergen Ave",40.722103786686034,-74.07145500183105,29578,"Subscriber",1985,2
324,"2018-12-03 19:29:10.2320","2018-12-03 19:34:34.3670",3195,"Sip Ave",40.73074262530658,-74.06378388404846,3225,"Baldwin at Montgomery",40.7236589,-74.0641943,26300,"Subscriber",1962,1
550,"2018-12-03 19:35:15.0040","2018-12-03 19:44:25.2860",3195,"Sip Ave",40.73074262530658,-74.06378388404846,3191,"Union St",40.7182113,-74.0836394,26205,"Subscriber",1990,1
361,"2018-12-03 19:38:09.0610","2018-12-03 19:44:10.7830",3195,"Sip Ave",40.73074262530658,-74.06378388404846,3678,"Fairmount Ave",40.72572613742557,-74.07195925712585,29469,"Subscriber",1978,1
179,"2018-12-03 19:56:44.1280","2018-12-03 19:59:43.6090",3195,"Sip Ave",40.73074262530658,-74.06378388404846,3194,"McGinley Square",40.7253399253558,-74.06762212514877,29268,"Subscriber",1993,1
704,"2018-12-03 20:06:08.9250","2018-12-03 20:17:53.9230",3195,"Sip Ave",40.73074262530658,-74.06378388404846,3694,"Jackson Square",40.71113,-74.0789,29570,"Subscriber",1977,1
674,"2018-12-03 20:07:21.0980","2018-12-03 20:18:35.4950",3195,"Sip Ave",40.73074262530658,-74.06378388404846,3694,"Jackson Square",40.71113,-74.0789,29299,"Subscriber",1994,1
423,"2018-12-03 20:23:45.8320","2018-12-03 20:30:49.8030",3195,"Sip Ave",40.73074262530658,-74.06378388404846,3678,"Fairmount Ave",40.72572613742557,-74.07195925712585,29273,"Subscriber",1979,1
389,"2018-12-03 20:35:50.4700","2018-12-03 20:42:19.8140",3195,"Sip Ave",40.73074262530658,-74.06378388404846,3280,"Astor Place",40.71928220070702,-74.07126188278198,29218,"Subscriber",1982,2
476,"2018-12-03 20:40:26.7360","2018-12-03 20:48:22.9530",3195,"Sip Ave",40.73074262530658,-74.06378388404846,3193,"Lincoln Park",40.7246050998869,-74.07840594649315,29515,"Subscriber",1990,2
212,"2018-12-03 20:49:54.4210","2018-12-03 20:53:27.0390",3195,"Sip Ave",40.73074262530658,-74.06378388404846,3194,"McGinley Square",40.7253399253558,-74.06762212514877,29537,"Subscriber",1994,1
376,"2018-12-03 20:58:48.1390","2018-12-03 21:05:04.7230",3195,"Sip Ave",40.73074262530658,-74.06378388404846,3280,"Astor Place",40.71928220070702,-74.07126188278198,26183,"Subscriber",1986,1
286,"2018-12-03 21:04:30.8150","2018-12-03 21:09:17.2150",3195,"Sip Ave",40.73074262530658,-74.06378388404846,3225,"Baldwin at Montgomery",40.7236589,-74.0641943,29257,"Subscriber",1986,1
745,"2018-12-03 21:08:47.6550","2018-12-03 21:21:12.9880",3195,"Sip Ave",40.73074262530658,-74.06378388404846,3212,"Christ Hospital",40.734785818,-74.050443636,26223,"Subscriber",1991,1
419,"2018-12-03 21:09:05.0550","2018-12-03 21:16:04.9320",3195,"Sip Ave",40.73074262530658,-74.06378388404846,3678,"Fairmount Ave",40.72572613742557,-74.07195925712585,29636,"Subscriber",1980,1
357,"2018-12-03 21:10:25.2420","2018-12-03 21:16:22.8390",3195,"Sip Ave",40.73074262530658,-74.06378388404846,3678,"Fairmount Ave",40.72572613742557,-74.07195925712585,29569,"Subscriber",1991,1
609,"2018-12-03 21:12:19.8980","2018-12-03 21:22:29.2100",3195,"Sip Ave",40.73074262530658,-74.06378388404846,3191,"Union St",40.7182113,-74.0836394,26258,"Subscriber",1988,1
201,"2018-12-03 21:22:53.0830","2018-12-03 21:26:14.7870",3195,"Sip Ave",40.73074262530658,-74.06378388404846,3194,"McGinley Square",40.7253399253558,-74.06762212514877,26191,"Subscriber",1980,1
495,"2018-12-03 21:28:16.7680","2018-12-03 21:36:32.6490",3195,"Sip Ave",40.73074262530658,-74.06378388404846,3281,"Leonard Gordon Park",40.74590996631558,-74.0572714805603,29682,"Subscriber",1972,1
396,"2018-12-03 21:35:15.8840","2018-12-03 21:41:52.1690",3195,"Sip Ave",40.73074262530658,-74.06378388404846,3679,"Bergen Ave",40.722103786686034,-74.07145500183105,26248,"Subscriber",1983,2
474,"2018-12-03 22:30:16.1700","2018-12-03 22:38:10.2280",3195,"Sip Ave",40.73074262530658,-74.06378388404846,3281,"Leonard Gordon Park",40.74590996631558,-74.0572714805603,29474,"Subscriber",1969,1
663,"2018-12-03 22:56:35.8740","2018-12-03 23:07:39.6080",3195,"Sip Ave",40.73074262530658,-74.06378388404846,3191,"Union St",40.7182113,-74.0836394,26203,"Subscriber",1992,1
560,"2018-12-03 23:05:55.8970","2018-12-03 23:15:16.4370",3195,"Sip Ave",40.73074262530658,-74.06378388404846,3277,"Communipaw & Berry Lane",40.71435836870427,-74.06661093235016,29483,"Subscriber",1988,1
611,"2018-12-04 05:58:56.8080","2018-12-04 06:09:07.8350",3195,"Sip Ave",40.73074262530658,-74.06378388404846,3225,"Baldwin at Montgomery",40.7236589,-74.0641943,29257,"Customer",1969,0
425,"2018-12-04 07:03:28.8300","2018-12-04 07:10:33.9300",3195,"Sip Ave",40.73074262530658,-74.06378388404846,3194,"McGinley Square",40.7253399253558,-74.06762212514877,26266,"Subscriber",1960,1
325,"2018-12-04 07:38:29.9520","2018-12-04 07:43:55.3030",3195,"Sip Ave",40.73074262530658,-74.06378388404846,3225,"Baldwin at Montgomery",40.7236589,-74.0641943,26203,"Subscriber",1988,1
503,"2018-12-04 07:53:15.3030","2018-12-04 08:01:38.3540",3195,"Sip Ave",40.73074262530658,-74.06378388404846,3193,"Lincoln Park",40.7246050998869,-74.07840594649315,29515,"Subscriber",1983,1
346,"2018-12-04 08:36:48.0960","2018-12-04 08:42:34.2040",3195,"Sip Ave",40.73074262530658,-74.06378388404846,3678,"Fairmount Ave",40.72572613742557,-74.07195925712585,29636,"Subscriber",1994,2
571,"2018-12-04 08:49:06.8220","2018-12-04 08:58:38.8090",3195,"Sip Ave",40.73074262530658,-74.06378388404846,3210,"Pershing Field",40.742677141,-74.051788633,29569,"Subscriber",1988,1
922,"2018-12-04 09:07:52.5830","2018-12-04 09:23:15.2280",3195,"Sip Ave",40.73074262530658,-74.06378388404846,3183,"Exchange Place",40.7162469,-74.0334588,26191,"Subscriber",1992,1
2098,"2018-12-04 09:22:12.1830","2018-12-04 09:57:10.8650",3195,"Sip Ave",40.73074262530658,-74.06378388404846,3194,"McGinley Square",40.7253399253558,-74.06762212514877,29268,"Subscriber",1960,1
332,"2018-12-04 09:56:11.3510","2018-12-04 10:01:44.1610",3195,"Sip Ave",40.73074262530658,-74.06378388404846,3280,"Astor Place",40.71928220070702,-74.07126188278198,29495,"Subscriber",1987,1
410,"2018-12-04 10:13:10.0790","2018-12-04 10:20:00.9460",3195,"Sip Ave",40.73074262530658,-74.06378388404846,3193,"Lincoln Park",40.7246050998869,-74.07840594649315,29308,"Subscriber",1990,2
336,"2018-12-04 12:40:49.3220","2018-12-04 12:46:25.4390",3195,"Sip Ave",40.73074262530658,-74.06378388404846,3220,"5 Corners Library",40.734961020009514,-74.0595030784607,29251,"Subscriber",1976,2
464,"2018-12-04 12:43:46.4470","2018-12-04 12:51:31.1970",3195,"Sip Ave",40.73074262530658,-74.06378388404846,3193,"Lincoln Park",40.7246050998869,-74.07840594649315,29300,"Subscriber",1991,2
341,"2018-12-04 14:17:06.8730","2018-12-04 14:22:48.7830",3195,"Sip Ave",40.73074262530658,-74.06378388404846,3280,"Astor Place",40.71928220070702,-74.07126188278198,29262,"Subscriber",1983,1
677,"2018-12-04 15:21:12.9960","2018-12-04 15:32:30.4040",3195,"Sip Ave",40.73074262530658,-74.06378388404846,3191,"Union St",40.7182113,-74.0836394,29469,"Subscriber",1990,1
521,"2018-12-04 15:47:55.6520","2018-12-04 15:56:37.0420",3195,"Sip Ave",40.73074262530658,-74.06378388404846,3281,"Leonard Gordon Park",40.74590996631558,-74.0572714805603,29672,"Subscriber",1980,1
333,"2018-12-04 16:54:27.9800","2018-12-04 17:00:01.3170",3195,"Sip Ave",40.73074262530658,-74.06378388404846,3679,"Bergen Ave",40.722103786686034,-74.07145500183105,26163,"Subscriber",1985,2
771,"2018-12-04 16:55:15.9750","2018-12-04 17:08:07.2160",3195,"Sip Ave",40.73074262530658,-74.06378388404846,3199,"Newport Pkwy",40.7287448,-74.0321082,29636,"Subscriber",1984,1
647,"2018-12-04 17:04:35.0200","2018-12-04 17:15:22.8290",3195,"Sip Ave",40.73074262530658,-74.06378388404846,3191,"Union St",40.7182113,-74.0836394,29205,"Subscriber",1983,1
521,"2018-12-04 17:25:28.4540","2018-12-04 17:34:09.7640",3195,"Sip Ave",40.73074262530658,-74.06378388404846,3193,"Lincoln Park",40.7246050998869,-74.07840594649315,29577,"Subscriber",1987,1
596,"2018-12-04 17:32:10.5630","2018-12-04 17:42:07.5560",3195,"Sip Ave",40.73074262530658,-74.06378388404846,3281,"Leonard Gordon Park",40.74590996631558,-74.0572714805603,26300,"Subscriber",1972,1
475,"2018-12-04 17:33:46.4160","2018-12-04 17:41:42.0740",3195,"Sip Ave",40.73074262530658,-74.06378388404846,3280,"Astor Place",40.71928220070702,-74.07126188278198,29680,"Subscriber",1971,1
205,"2018-12-04 17:40:57.2450","2018-12-04 17:44:22.7610",3195,"Sip Ave",40.73074262530658,-74.06378388404846,3225,"Baldwin at Montgomery",40.7236589,-74.0641943,26248,"Subscriber",1991,1
371,"2018-12-04 17:44:06.6430","2018-12-04 17:50:17.8780",3195,"Sip Ave",40.73074262530658,-74.06378388404846,3678,"Fairmount Ave",40.72572613742557,-74.07195925712585,29495,"Subscriber",1983,1
432,"2018-12-04 17:45:28.3320","2018-12-04 17:52:41.1160",3195,"Sip Ave",40.73074262530658,-74.06378388404846,3210,"Pershing Field",40.742677141,-74.051788633,29676,"Subscriber",1987,1
706,"2018-12-04 17:46:23.8170","2018-12-04 17:58:10.7780",3195,"Sip Ave",40.73074262530658,-74.06378388404846,3193,"Lincoln Park",40.7246050998869,-74.07840594649315,26183,"Subscriber",1955,1
416,"2018-12-04 17:56:07.1580","2018-12-04 18:03:03.8340",3195,"Sip Ave",40.73074262530658,-74.06378388404846,3207,"Oakland Ave",40.7376037,-74.0524783,29611,"Subscriber",1994,1
445,"2018-12-04 17:57:47.6280","2018-12-04 18:05:13.3430",3195,"Sip Ave",40.73074262530658,-74.06378388404846,3280,"Astor Place",40.71928220070702,-74.07126188278198,29489,"Subscriber",1960,1
245,"2018-12-04 18:03:47.7140","2018-12-04 18:07:53.4930",3195,"Sip Ave",40.73074262530658,-74.06378388404846,3194,"McGinley Square",40.7253399253558,-74.06762212514877,26266,"Subscriber",1970,1
512,"2018-12-04 18:04:31.0270","2018-12-04 18:13:03.7350",3195,"Sip Ave",40.73074262530658,-74.06378388404846,3280,"Astor Place",40.71928220070702,-74.07126188278198,29290,"Subscriber",1983,1
513,"2018-12-04 18:06:27.3480","2018-12-04 18:15:00.4960",3195,"Sip Ave",40.73074262530658,-74.06378388404846,3210,"Pershing Field",40.742677141,-74.051788633,26234,"Subscriber",1995,2
425,"2018-12-04 18:18:10.2840","2018-12-04 18:25:15.8780",3195,"Sip Ave",40.73074262530658,-74.06378388404846,3679,"Bergen Ave",40.722103786686034,-74.07145500183105,29674,"Subscriber",1983,2
521,"2018-12-04 18:23:44.5320","2018-12-04 18:32:26.0950",3195,"Sip Ave",40.73074262530658,-74.06378388404846,3193,"Lincoln Park",40.7246050998869,-74.07840594649315,26190,"Subscriber",1992,1
250,"2018-12-04 18:26:48.0200","2018-12-04 18:30:58.9410",3195,"Sip Ave",40.73074262530658,-74.06378388404846,3194,"McGinley Square",40.7253399253558,-74.06762212514877,29544,"Subscriber",1995,1
216,"2018-12-04 18:30:44.6810","2018-12-04 18:34:20.7420",3195,"Sip Ave",40.73074262530658,-74.06378388404846,3194,"McGinley Square",40.7253399253558,-74.06762212514877,29208,"Subscriber",1972,1
222,"2018-12-04 18:36:43.2370","2018-12-04 18:40:25.9720",3195,"Sip Ave",40.73074262530658,-74.06378388404846,3194,"McGinley Square",40.7253399253558,-74.06762212514877,29303,"Subscriber",1977,1
342,"2018-12-04 18:54:52.5910","2018-12-04 19:00:35.1750",3195,"Sip Ave",40.73074262530658,-74.06378388404846,3280,"Astor Place",40.71928220070702,-74.07126188278198,26198,"Subscriber",1981,1
318,"2018-12-04 18:55:59.1730","2018-12-04 19:01:17.9780",3195,"Sip Ave",40.73074262530658,-74.06378388404846,3679,"Bergen Ave",40.722103786686034,-74.07145500183105,29515,"Subscriber",1993,1
252,"2018-12-04 18:58:30.5610","2018-12-04 19:02:43.4370",3195,"Sip Ave",40.73074262530658,-74.06378388404846,3225,"Baldwin at Montgomery",40.7236589,-74.0641943,26212,"Subscriber",1994,1
376,"2018-12-04 18:59:06.5790","2018-12-04 19:05:23.1060",3195,"Sip Ave",40.73074262530658,-74.06378388404846,3678,"Fairmount Ave",40.72572613742557,-74.07195925712585,29286,"Subscriber",1985,1
353,"2018-12-04 19:00:53.1220","2018-12-04 19:06:46.3620",3195,"Sip Ave",40.73074262530658,-74.06378388404846,3679,"Bergen Ave",40.722103786686034,-74.07145500183105,29262,"Subscriber",1969,0
684,"2018-12-04 19:01:52.7110","2018-12-04 19:13:17.5500",3195,"Sip Ave",40.73074262530658,-74.06378388404846,3191,"Union St",40.7182113,-74.0836394,26298,"Customer",1992,1
267,"2018-12-04 19:09:13.2330","2018-12-04 19:13:40.4980",3195,"Sip Ave",40.73074262530658,-74.06378388404846,3225,"Baldwin at Montgomery",40.7236589,-74.0641943,26223,"Subscriber",1986,2
363,"2018-12-04 19:16:51.4950","2018-12-04 19:22:55.4900",3195,"Sip Ave",40.73074262530658,-74.06378388404846,3193,"Lincoln Park",40.7246050998869,-74.07840594649315,26196,"Subscriber",1974,1
329,"2018-12-04 19:31:40.5250","2018-12-04 19:37:10.0930",3195,"Sip Ave",40.73074262530658,-74.06378388404846,3678,"Fairmount Ave",40.72572613742557,-74.07195925712585,29660,"Subscriber",1980,1
158,"2018-12-04 19:32:12.2090","2018-12-04 19:34:50.4250",3195,"Sip Ave",40.73074262530658,-74.06378388404846,3194,"McGinley Square",40.7253399253558,-74.06762212514877,29254,"Subscriber",1993,1
338,"2018-12-04 20:04:44.5990","2018-12-04 20:10:22.6050",3195,"Sip Ave",40.73074262530658,-74.06378388404846,3225,"Baldwin at Montgomery",40.7236589,-74.0641943,29554,"Subscriber",1962,1
330,"2018-12-04 20:05:15.2710","2018-12-04 20:10:45.3170",3195,"Sip Ave",40.73074262530658,-74.06378388404846,3280,"Astor Place",40.71928220070702,-74.07126188278198,29578,"Subscriber",1994,1
622,"2018-12-04 20:17:23.2150","2018-12-04 20:27:45.8200",3195,"Sip Ave",40.73074262530658,-74.06378388404846,3210,"Pershing Field",40.742677141,-74.051788633,29489,"Subscriber",1988,1
539,"2018-12-04 20:23:53.8150","2018-12-04 20:32:53.8070",3195,"Sip Ave",40.73074262530658,-74.06378388404846,3191,"Union St",40.7182113,-74.0836394,29587,"Subscriber",1990,1
829,"2018-12-04 20:25:50.3470","2018-12-04 20:39:39.7660",3195,"Sip Ave",40.73074262530658,-74.06378388404846,3694,"Jackson Square",40.71113,-74.0789,26170,"Subscriber",1977,1
301,"2018-12-04 20:26:58.6410","2018-12-04 20:32:00.3000",3195,"Sip Ave",40.73074262530658,-74.06378388404846,3678,"Fairmount Ave",40.72572613742557,-74.07195925712585,29201,"Subscriber",1987,1
320,"2018-12-04 20:34:25.9670","2018-12-04 20:39:46.0720",3195,"Sip Ave",40.73074262530658,-74.06378388404846,3679,"Bergen Ave",40.722103786686034,-74.07145500183105,29246,"Subscriber",1972,1
357,"2018-12-04 20:36:17.0540","2018-12-04 20:42:14.7880",3195,"Sip Ave",40.73074262530658,-74.06378388404846,3679,"Bergen Ave",40.722103786686034,-74.07145500183105,26281,"Subscriber",1978,1
362,"2018-12-04 20:43:16.6580","2018-12-04 20:49:19.6040",3195,"Sip Ave",40.73074262530658,-74.06378388404846,3678,"Fairmount Ave",40.72572613742557,-74.07195925712585,29247,"Subscriber",1978,1
298,"2018-12-04 22:02:28.8520","2018-12-04 22:07:26.9320",3195,"Sip Ave",40.73074262530658,-74.06378388404846,3280,"Astor Place",40.71928220070702,-74.07126188278198,26204,"Subscriber",1988,1
170,"2018-12-04 23:03:23.0830","2018-12-04 23:06:13.6610",3195,"Sip Ave",40.73074262530658,-74.06378388404846,3194,"McGinley Square",40.7253399253558,-74.06762212514877,29660,"Subscriber",2000,1
362,"2018-12-05 01:35:35.1280","2018-12-05 01:41:37.2980",3195,"Sip Ave",40.73074262530658,-74.06378388404846,3679,"Bergen Ave",40.722103786686034,-74.07145500183105,26163,"Subscriber",1986,1
420,"2018-12-05 07:13:23.1860","2018-12-05 07:20:23.3660",3195,"Sip Ave",40.73074262530658,-74.06378388404846,3679,"Bergen Ave",40.722103786686034,-74.07145500183105,29507,"Subscriber",1964,1
841,"2018-12-05 07:29:20.2560","2018-12-05 07:43:21.8160",3195,"Sip Ave",40.73074262530658,-74.06378388404846,3225,"Baldwin at Montgomery",40.7236589,-74.0641943,29554,"Subscriber",1988,1
397,"2018-12-05 07:58:10.2290","2018-12-05 08:04:48.1730",3195,"Sip Ave",40.73074262530658,-74.06378388404846,3193,"Lincoln Park",40.7246050998869,-74.07840594649315,29587,"Subscriber",1990,2
434,"2018-12-05 08:46:35.3920","2018-12-05 08:53:50.2930",3195,"Sip Ave",40.73074262530658,-74.06378388404846,3193,"Lincoln Park",40.7246050998869,-74.07840594649315,29290,"Subscriber",1994,2
241,"2018-12-05 08:50:58.4400","2018-12-05 08:55:00.4280",3195,"Sip Ave",40.73074262530658,-74.06378388404846,3225,"Baldwin at Montgomery",40.7236589,-74.0641943,29682,"Subscriber",1993,1
239,"2018-12-05 09:03:37.1330","2018-12-05 09:07:36.9330",3195,"Sip Ave",40.73074262530658,-74.06378388404846,3194,"McGinley Square",40.7253399253558,-74.06762212514877,29661,"Subscriber",1989,2
495,"2018-12-05 09:34:39.9600","2018-12-05 09:42:55.4940",3195,"Sip Ave",40.73074262530658,-74.06378388404846,3193,"Lincoln Park",40.7246050998869,-74.07840594649315,29300,"Subscriber",1991,2
270,"2018-12-05 09:56:18.8520","2018-12-05 10:00:49.2750",3195,"Sip Ave",40.73074262530658,-74.06378388404846,3677,"Glenwood Ave",40.72755146730012,-74.07106071710587,29303,"Subscriber",1976,1
659,"2018-12-05 10:27:14.2470","2018-12-05 10:38:13.3600",3195,"Sip Ave",40.73074262530658,-74.06378388404846,3210,"Pershing Field",40.742677141,-74.051788633,29545,"Subscriber",1988,1
276,"2018-12-05 11:46:57.2810","2018-12-05 11:51:34.0200",3195,"Sip Ave",40.73074262530658,-74.06378388404846,3679,"Bergen Ave",40.722103786686034,-74.07145500183105,29507,"Subscriber",1983,1
379,"2018-12-05 14:24:12.2420","2018-12-05 14:30:31.7560",3195,"Sip Ave",40.73074262530658,-74.06378388404846,3278,"Monmouth and 6th",40.72568548362901,-74.04879033565521,26210,"Subscriber",1972,1
267,"2018-12-05 15:16:25.8710","2018-12-05 15:20:53.3430",3195,"Sip Ave",40.73074262530658,-74.06378388404846,3280,"Astor Place",40.71928220070702,-74.07126188278198,26278,"Subscriber",1983,1
619,"2018-12-05 15:18:06.2800","2018-12-05 15:28:25.5930",3195,"Sip Ave",40.73074262530658,-74.06378388404846,3193,"Lincoln Park",40.7246050998869,-74.07840594649315,29636,"Subscriber",1984,2
388,"2018-12-05 16:03:58.0700","2018-12-05 16:10:26.3460",3195,"Sip Ave",40.73074262530658,-74.06378388404846,3280,"Astor Place",40.71928220070702,-74.07126188278198,29524,"Subscriber",1971,1
703,"2018-12-05 16:43:25.4150","2018-12-05 16:55:09.3640",3195,"Sip Ave",40.73074262530658,-74.06378388404846,3191,"Union St",40.7182113,-74.0836394,29262,"Subscriber",1983,1
449,"2018-12-05 16:59:50.7090","2018-12-05 17:07:20.2900",3195,"Sip Ave",40.73074262530658,-74.06378388404846,3193,"Lincoln Park",40.7246050998869,-74.07840594649315,29515,"Subscriber",1991,2
367,"2018-12-05 16:59:57.6580","2018-12-05 17:06:05.5530",3195,"Sip Ave",40.73074262530658,-74.06378388404846,3207,"Oakland Ave",40.7376037,-74.0524783,29268,"Subscriber",1985,1
281,"2018-12-05 17:18:57.3320","2018-12-05 17:23:38.6680",3195,"Sip Ave",40.73074262530658,-74.06378388404846,3225,"Baldwin at Montgomery",40.7236589,-74.0641943,29532,"Subscriber",1976,0
745,"2018-12-05 17:23:33.5970","2018-12-05 17:35:59.3200",3195,"Sip Ave",40.73074262530658,-74.06378388404846,3199,"Newport Pkwy",40.7287448,-74.0321082,29247,"Subscriber",1984,1
235,"2018-12-05 17:36:04.8000","2018-12-05 17:40:00.1530",3195,"Sip Ave",40.73074262530658,-74.06378388404846,3194,"McGinley Square",40.7253399253558,-74.06762212514877,29672,"Subscriber",1966,1
597,"2018-12-05 17:39:02.9540","2018-12-05 17:49:00.4630",3195,"Sip Ave",40.73074262530658,-74.06378388404846,3193,"Lincoln Park",40.7246050998869,-74.07840594649315,29680,"Subscriber",1984,1
492,"2018-12-05 17:42:57.3110","2018-12-05 17:51:10.0970",3195,"Sip Ave",40.73074262530658,-74.06378388404846,3280,"Astor Place",40.71928220070702,-74.07126188278198,29682,"Subscriber",1960,1
575,"2018-12-05 17:44:17.4330","2018-12-05 17:53:52.5360",3195,"Sip Ave",40.73074262530658,-74.06378388404846,3193,"Lincoln Park",40.7246050998869,-74.07840594649315,29577,"Subscriber",1987,1
497,"2018-12-05 17:55:34.4450","2018-12-05 18:03:52.1760",3195,"Sip Ave",40.73074262530658,-74.06378388404846,3210,"Pershing Field",40.742677141,-74.051788633,29254,"Subscriber",1987,1
317,"2018-12-05 17:57:23.3700","2018-12-05 18:02:40.9460",3195,"Sip Ave",40.73074262530658,-74.06378388404846,3679,"Bergen Ave",40.722103786686034,-74.07145500183105,29308,"Subscriber",1985,1
398,"2018-12-05 17:59:45.6880","2018-12-05 18:06:24.6170",3195,"Sip Ave",40.73074262530658,-74.06378388404846,3210,"Pershing Field",40.742677141,-74.051788633,29222,"Subscriber",1979,1
428,"2018-12-05 18:03:03.9870","2018-12-05 18:10:12.5860",3195,"Sip Ave",40.73074262530658,-74.06378388404846,3679,"Bergen Ave",40.722103786686034,-74.07145500183105,29553,"Subscriber",1969,0
291,"2018-12-05 18:03:08.7380","2018-12-05 18:08:00.7000",3195,"Sip Ave",40.73074262530658,-74.06378388404846,3194,"McGinley Square",40.7253399253558,-74.06762212514877,29660,"Subscriber",1970,1
568,"2018-12-05 18:07:32.0640","2018-12-05 18:17:00.2920",3195,"Sip Ave",40.73074262530658,-74.06378388404846,3213,"Van Vorst Park",40.71848892,-74.047726625,29497,"Subscriber",1976,1
228,"2018-12-05 18:11:19.6980","2018-12-05 18:15:08.1350",3195,"Sip Ave",40.73074262530658,-74.06378388404846,3194,"McGinley Square",40.7253399253558,-74.06762212514877,29208,"Subscriber",1977,2
1931,"2018-12-05 18:14:31.1760","2018-12-05 18:46:43.0030",3195,"Sip Ave",40.73074262530658,-74.06378388404846,3195,"Sip Ave",40.73074262530658,-74.06378388404846,29528,"Subscriber",1992,1
427,"2018-12-05 18:18:01.0050","2018-12-05 18:25:08.2570",3195,"Sip Ave",40.73074262530658,-74.06378388404846,3678,"Fairmount Ave",40.72572613742557,-74.07195925712585,26163,"Subscriber",1983,1
214,"2018-12-05 18:19:20.1750","2018-12-05 18:22:54.2080",3195,"Sip Ave",40.73074262530658,-74.06378388404846,3225,"Baldwin at Montgomery",40.7236589,-74.0641943,29453,"Subscriber",1991,1
260,"2018-12-05 18:19:50.6170","2018-12-05 18:24:11.3270",3195,"Sip Ave",40.73074262530658,-74.06378388404846,3225,"Baldwin at Montgomery",40.7236589,-74.0641943,29308,"Subscriber",1994,1
560,"2018-12-05 18:23:24.3070","2018-12-05 18:32:45.0220",3195,"Sip Ave",40.73074262530658,-74.06378388404846,3193,"Lincoln Park",40.7246050998869,-74.07840594649315,29233,"Subscriber",1992,1
325,"2018-12-05 18:33:14.7940","2018-12-05 18:38:40.2570",3195,"Sip Ave",40.73074262530658,-74.06378388404846,3678,"Fairmount Ave",40.72572613742557,-74.07195925712585,26266,"Subscriber",1991,1
192,"2018-12-05 18:37:05.3940","2018-12-05 18:40:17.6810",3195,"Sip Ave",40.73074262530658,-74.06378388404846,3194,"McGinley Square",40.7253399253558,-74.06762212514877,26283,"Subscriber",1972,1
163,"2018-12-05 18:37:30.6110","2018-12-05 18:40:14.3810",3195,"Sip Ave",40.73074262530658,-74.06378388404846,3206,"Hilltop",40.7311689,-74.0575736,29676,"Subscriber",1983,1
194,"2018-12-05 18:40:58.6500","2018-12-05 18:44:12.8520",3195,"Sip Ave",40.73074262530658,-74.06378388404846,3225,"Baldwin at Montgomery",40.7236589,-74.0641943,29286,"Subscriber",1994,1
263,"2018-12-05 18:54:21.1190","2018-12-05 18:58:44.6950",3195,"Sip Ave",40.73074262530658,-74.06378388404846,3225,"Baldwin at Montgomery",40.7236589,-74.0641943,29578,"Subscriber",1986,2
352,"2018-12-05 19:04:18.7630","2018-12-05 19:10:11.4020",3195,"Sip Ave",40.73074262530658,-74.06378388404846,3678,"Fairmount Ave",40.72572613742557,-74.07195925712585,29246,"Subscriber",1982,1
235,"2018-12-05 19:06:32.0450","2018-12-05 19:10:27.9150",3195,"Sip Ave",40.73074262530658,-74.06378388404846,3194,"McGinley Square",40.7253399253558,-74.06762212514877,26205,"Subscriber",1975,1
353,"2018-12-05 19:10:29.2220","2018-12-05 19:16:22.5600",3195,"Sip Ave",40.73074262530658,-74.06378388404846,3678,"Fairmount Ave",40.72572613742557,-74.07195925712585,29678,"Subscriber",1985,1
426,"2018-12-05 19:14:59.8730","2018-12-05 19:22:06.2830",3195,"Sip Ave",40.73074262530658,-74.06378388404846,3280,"Astor Place",40.71928220070702,-74.07126188278198,29469,"Subscriber",1994,1
530,"2018-12-05 19:16:54.2950","2018-12-05 19:25:44.8040",3195,"Sip Ave",40.73074262530658,-74.06378388404846,3280,"Astor Place",40.71928220070702,-74.07126188278198,29481,"Subscriber",1982,2
191,"2018-12-05 19:20:03.1540","2018-12-05 19:23:14.5720",3195,"Sip Ave",40.73074262530658,-74.06378388404846,3194,"McGinley Square",40.7253399253558,-74.06762212514877,29201,"Subscriber",1980,1
483,"2018-12-05 19:30:20.2930","2018-12-05 19:38:23.8430",3195,"Sip Ave",40.73074262530658,-74.06378388404846,3193,"Lincoln Park",40.7246050998869,-74.07840594649315,29528,"Subscriber",1980,1
340,"2018-12-05 19:35:16.1690","2018-12-05 19:40:56.3580",3195,"Sip Ave",40.73074262530658,-74.06378388404846,3225,"Baldwin at Montgomery",40.7236589,-74.0641943,29661,"Subscriber",1962,1
286,"2018-12-05 19:49:34.1780","2018-12-05 19:54:20.7560",3195,"Sip Ave",40.73074262530658,-74.06378388404846,3280,"Astor Place",40.71928220070702,-74.07126188278198,29507,"Subscriber",1986,1
250,"2018-12-05 19:49:48.0320","2018-12-05 19:53:58.8260",3195,"Sip Ave",40.73074262530658,-74.06378388404846,3194,"McGinley Square",40.7253399253558,-74.06762212514877,29541,"Subscriber",1996,2
154,"2018-12-05 19:51:56.1460","2018-12-05 19:54:31.1040",3195,"Sip Ave",40.73074262530658,-74.06378388404846,3194,"McGinley Square",40.7253399253558,-74.06762212514877,29495,"Subscriber",1993,1
294,"2018-12-05 20:00:03.5130","2018-12-05 20:04:57.7660",3195,"Sip Ave",40.73074262530658,-74.06378388404846,3678,"Fairmount Ave",40.72572613742557,-74.07195925712585,29439,"Subscriber",1989,1
678,"2018-12-05 20:10:57.9920","2018-12-05 20:22:16.9230",3195,"Sip Ave",40.73074262530658,-74.06378388404846,3694,"Jackson Square",40.71113,-74.0789,29300,"Subscriber",1994,1
406,"2018-12-06 07:14:30.7160","2018-12-06 07:21:17.3560",3195,"Sip Ave",40.73074262530658,-74.06378388404846,3194,"McGinley Square",40.7253399253558,-74.06762212514877,29607,"Subscriber",1960,1
491,"2018-12-06 09:40:04.2950","2018-12-06 09:48:15.8810",3195,"Sip Ave",40.73074262530658,-74.06378388404846,3207,"Oakland Ave",40.7376037,-74.0524783,26266,"Subscriber",1988,1
436,"2018-12-06 10:03:48.9910","2018-12-06 10:11:05.8610",3195,"Sip Ave",40.73074262530658,-74.06378388404846,3193,"Lincoln Park",40.7246050998869,-74.07840594649315,29286,"Subscriber",1990,2
525,"2018-12-06 11:42:44.7190","2018-12-06 11:51:30.6720",3195,"Sip Ave",40.73074262530658,-74.06378388404846,3203,"Hamilton Park",40.727595966,-74.044247311,26212,"Subscriber",1971,2
760,"2018-12-06 12:10:32.6280","2018-12-06 12:23:13.4530",3195,"Sip Ave",40.73074262530658,-74.06378388404846,3191,"Union St",40.7182113,-74.0836394,26300,"Subscriber",1990,1
1235,"2018-12-06 12:17:36.1540","2018-12-06 12:38:11.3760",3195,"Sip Ave",40.73074262530658,-74.06378388404846,3694,"Jackson Square",40.71113,-74.0789,29439,"Subscriber",1994,1
1228,"2018-12-06 12:31:02.2480","2018-12-06 12:51:30.6300",3195,"Sip Ave",40.73074262530658,-74.06378388404846,3277,"Communipaw & Berry Lane",40.71435836870427,-74.06661093235016,26163,"Subscriber",1988,1
186,"2018-12-06 12:52:27.9840","2018-12-06 12:55:34.0360",3195,"Sip Ave",40.73074262530658,-74.06378388404846,3220,"5 Corners Library",40.734961020009514,-74.0595030784607,26278,"Subscriber",1992,1
1103,"2018-12-06 13:16:11.3700","2018-12-06 13:34:34.3740",3195,"Sip Ave",40.73074262530658,-74.06378388404846,3194,"McGinley Square",40.7253399253558,-74.06762212514877,26205,"Subscriber",1995,1
1097,"2018-12-06 14:23:53.3600","2018-12-06 14:42:10.6430",3195,"Sip Ave",40.73074262530658,-74.06378388404846,3638,"Washington St",40.7242941,-74.0354826,26267,"Subscriber",1993,1
304,"2018-12-06 14:42:33.4250","2018-12-06 14:47:37.5990",3195,"Sip Ave",40.73074262530658,-74.06378388404846,3220,"5 Corners Library",40.734961020009514,-74.0595030784607,29444,"Subscriber",1961,1
351,"2018-12-06 15:26:27.7490","2018-12-06 15:32:19.5460",3195,"Sip Ave",40.73074262530658,-74.06378388404846,3280,"Astor Place",40.71928220070702,-74.07126188278198,29580,"Subscriber",1983,1
410,"2018-12-06 15:44:47.5180","2018-12-06 15:51:37.6750",3195,"Sip Ave",40.73074262530658,-74.06378388404846,3210,"Pershing Field",40.742677141,-74.051788633,29643,"Subscriber",1979,1
482,"2018-12-06 15:45:29.4280","2018-12-06 15:53:32.1340",3195,"Sip Ave",40.73074262530658,-74.06378388404846,3280,"Astor Place",40.71928220070702,-74.07126188278198,29676,"Subscriber",1971,1
452,"2018-12-06 16:12:51.2260","2018-12-06 16:20:23.5750",3195,"Sip Ave",40.73074262530658,-74.06378388404846,3280,"Astor Place",40.71928220070702,-74.07126188278198,26254,"Subscriber",1976,1
1684,"2018-12-06 16:42:41.6340","2018-12-06 17:10:46.5350",3195,"Sip Ave",40.73074262530658,-74.06378388404846,3225,"Baldwin at Montgomery",40.7236589,-74.0641943,26301,"Subscriber",1988,1
4380,"2018-12-06 16:44:42.3240","2018-12-06 17:57:42.9170",3195,"Sip Ave",40.73074262530658,-74.06378388404846,3277,"Communipaw & Berry Lane",40.71435836870427,-74.06661093235016,29250,"Subscriber",1988,1
477,"2018-12-06 16:50:56.5800","2018-12-06 16:58:54.4730",3195,"Sip Ave",40.73074262530658,-74.06378388404846,3483,"Montgomery St",40.71942,-74.05099,29215,"Subscriber",1976,1
992,"2018-12-06 17:06:13.3450","2018-12-06 17:22:45.5550",3195,"Sip Ave",40.73074262530658,-74.06378388404846,3481,"York St",40.71649,-74.04105,29439,"Subscriber",1954,2
684,"2018-12-06 17:17:13.7090","2018-12-06 17:28:38.3860",3195,"Sip Ave",40.73074262530658,-74.06378388404846,3191,"Union St",40.7182113,-74.0836394,29577,"Subscriber",1983,1
389,"2018-12-06 17:20:38.5330","2018-12-06 17:27:07.8730",3195,"Sip Ave",40.73074262530658,-74.06378388404846,3210,"Pershing Field",40.742677141,-74.051788633,29286,"Subscriber",1987,1
293,"2018-12-06 17:28:33.9700","2018-12-06 17:33:27.6350",3195,"Sip Ave",40.73074262530658,-74.06378388404846,3225,"Baldwin at Montgomery",40.7236589,-74.0641943,29532,"Customer",1969,0
214,"2018-12-06 17:33:23.6570","2018-12-06 17:36:58.2480",3195,"Sip Ave",40.73074262530658,-74.06378388404846,3225,"Baldwin at Montgomery",40.7236589,-74.0641943,29476,"Subscriber",1991,1
1555,"2018-12-06 17:42:29.8090","2018-12-06 18:08:24.9360",3195,"Sip Ave",40.73074262530658,-74.06378388404846,3193,"Lincoln Park",40.7246050998869,-74.07840594649315,29203,"Subscriber",1987,1
1555,"2018-12-06 17:42:29.9610","2018-12-06 18:08:25.2130",3195,"Sip Ave",40.73074262530658,-74.06378388404846,3193,"Lincoln Park",40.7246050998869,-74.07840594649315,29291,"Subscriber",1984,1
288,"2018-12-06 17:45:01.4380","2018-12-06 17:49:49.6070",3195,"Sip Ave",40.73074262530658,-74.06378388404846,3194,"McGinley Square",40.7253399253558,-74.06762212514877,29547,"Subscriber",1966,1
576,"2018-12-06 17:46:50.5570","2018-12-06 17:56:26.5970",3195,"Sip Ave",40.73074262530658,-74.06378388404846,3280,"Astor Place",40.71928220070702,-74.07126188278198,29541,"Subscriber",1960,1
261,"2018-12-06 17:49:56.4170","2018-12-06 17:54:18.2640",3195,"Sip Ave",40.73074262530658,-74.06378388404846,3225,"Baldwin at Montgomery",40.7236589,-74.0641943,29572,"Subscriber",1994,1
439,"2018-12-06 18:09:22.8970","2018-12-06 18:16:42.2540",3195,"Sip Ave",40.73074262530658,-74.06378388404846,3678,"Fairmount Ave",40.72572613742557,-74.07195925712585,26163,"Subscriber",1983,1
209,"2018-12-06 18:15:23.7330","2018-12-06 18:18:53.4030",3195,"Sip Ave",40.73074262530658,-74.06378388404846,3194,"McGinley Square",40.7253399253558,-74.06762212514877,29678,"Subscriber",1972,1
341,"2018-12-06 18:15:25.5550","2018-12-06 18:21:07.2530",3195,"Sip Ave",40.73074262530658,-74.06378388404846,3194,"McGinley Square",40.7253399253558,-74.06762212514877,26190,"Subscriber",1970,1
308,"2018-12-06 18:17:01.1330","2018-12-06 18:22:09.8280",3195,"Sip Ave",40.73074262530658,-74.06378388404846,3225,"Baldwin at Montgomery",40.7236589,-74.0641943,26283,"Subscriber",1976,0
446,"2018-12-06 18:21:39.3000","2018-12-06 18:29:05.5230",3195,"Sip Ave",40.73074262530658,-74.06378388404846,3207,"Oakland Ave",40.7376037,-74.0524783,29473,"Subscriber",1982,2
233,"2018-12-06 18:31:26.2980","2018-12-06 18:35:19.9150",3195,"Sip Ave",40.73074262530658,-74.06378388404846,3194,"McGinley Square",40.7253399253558,-74.06762212514877,26298,"Subscriber",1977,1
488,"2018-12-06 18:34:07.2850","2018-12-06 18:42:15.6730",3195,"Sip Ave",40.73074262530658,-74.06378388404846,3210,"Pershing Field",40.742677141,-74.051788633,29661,"Subscriber",1985,1
341,"2018-12-06 18:38:50.1550","2018-12-06 18:44:31.7780",3195,"Sip Ave",40.73074262530658,-74.06378388404846,3679,"Bergen Ave",40.722103786686034,-74.07145500183105,29580,"Subscriber",1993,1
246,"2018-12-06 18:42:40.1030","2018-12-06 18:46:46.3700",3195,"Sip Ave",40.73074262530658,-74.06378388404846,3225,"Baldwin at Montgomery",40.7236589,-74.0641943,29307,"Subscriber",1986,2
523,"2018-12-06 18:46:22.2790","2018-12-06 18:55:05.7310",3195,"Sip Ave",40.73074262530658,-74.06378388404846,3679,"Bergen Ave",40.722103786686034,-74.07145500183105,29481,"Subscriber",1969,0
408,"2018-12-06 18:47:08.1980","2018-12-06 18:53:56.2090",3195,"Sip Ave",40.73074262530658,-74.06378388404846,3679,"Bergen Ave",40.722103786686034,-74.07145500183105,29680,"Subscriber",1986,1
405,"2018-12-06 19:01:27.1960","2018-12-06 19:08:12.8360",3195,"Sip Ave",40.73074262530658,-74.06378388404846,3210,"Pershing Field",40.742677141,-74.051788633,29675,"Subscriber",1977,1
202,"2018-12-06 19:14:41.3150","2018-12-06 19:18:03.4740",3195,"Sip Ave",40.73074262530658,-74.06378388404846,3194,"McGinley Square",40.7253399253558,-74.06762212514877,29246,"Subscriber",1980,1
216,"2018-12-06 19:16:09.8910","2018-12-06 19:19:46.2690",3195,"Sip Ave",40.73074262530658,-74.06378388404846,3194,"McGinley Square",40.7253399253558,-74.06762212514877,29208,"Subscriber",1975,1
240,"2018-12-06 19:16:33.6820","2018-12-06 19:20:33.7810",3195,"Sip Ave",40.73074262530658,-74.06378388404846,3225,"Baldwin at Montgomery",40.7236589,-74.0641943,26161,"Subscriber",1994,1
263,"2018-12-06 19:26:12.8110","2018-12-06 19:30:36.5720",3195,"Sip Ave",40.73074262530658,-74.06378388404846,3194,"McGinley Square",40.7253399253558,-74.06762212514877,29469,"Subscriber",1994,1
364,"2018-12-06 19:42:06.4220","2018-12-06 19:48:11.3160",3195,"Sip Ave",40.73074262530658,-74.06378388404846,3679,"Bergen Ave",40.722103786686034,-74.07145500183105,26270,"Subscriber",1992,1
460,"2018-12-06 19:58:05.4360","2018-12-06 20:05:45.8170",3195,"Sip Ave",40.73074262530658,-74.06378388404846,3207,"Oakland Ave",40.7376037,-74.0524783,26167,"Subscriber",1987,1
513,"2018-12-06 20:03:19.5620","2018-12-06 20:11:52.6880",3195,"Sip Ave",40.73074262530658,-74.06378388404846,3280,"Astor Place",40.71928220070702,-74.07126188278198,29290,"Subscriber",1978,1
675,"2018-12-06 20:04:46.6840","2018-12-06 20:16:02.1470",3195,"Sip Ave",40.73074262530658,-74.06378388404846,3694,"Jackson Square",40.71113,-74.0789,29607,"Subscriber",1994,1
424,"2018-12-06 20:09:44.3190","2018-12-06 20:16:48.8470",3195,"Sip Ave",40.73074262530658,-74.06378388404846,3193,"Lincoln Park",40.7246050998869,-74.07840594649315,29495,"Subscriber",1974,1
847,"2018-12-06 20:14:34.1610","2018-12-06 20:28:41.3540",3195,"Sip Ave",40.73074262530658,-74.06378388404846,3694,"Jackson Square",40.71113,-74.0789,26297,"Subscriber",1977,1
440,"2018-12-06 20:26:34.6050","2018-12-06 20:33:55.1240",3195,"Sip Ave",40.73074262530658,-74.06378388404846,3207,"Oakland Ave",40.7376037,-74.0524783,26201,"Subscriber",1988,1
361,"2018-12-06 20:34:17.5780","2018-12-06 20:40:19.4990",3195,"Sip Ave",40.73074262530658,-74.06378388404846,3225,"Baldwin at Montgomery",40.7236589,-74.0641943,29680,"Subscriber",1962,1
218,"2018-12-06 20:43:10.4000","2018-12-06 20:46:49.0970",3195,"Sip Ave",40.73074262530658,-74.06378388404846,3194,"McGinley Square",40.7253399253558,-74.06762212514877,29219,"Subscriber",1977,2
229,"2018-12-06 21:12:23.1200","2018-12-06 21:16:12.6880",3195,"Sip Ave",40.73074262530658,-74.06378388404846,3194,"McGinley Square",40.7253399253558,-74.06762212514877,26182,"Subscriber",1996,2
1003,"2018-12-06 21:34:03.4230","2018-12-06 21:50:47.1070",3195,"Sip Ave",40.73074262530658,-74.06378388404846,3275,"Columbus Drive",40.71835519823214,-74.03891444206238,26152,"Subscriber",1990,1
542,"2018-12-06 21:34:13.3240","2018-12-06 21:43:15.9050",3195,"Sip Ave",40.73074262530658,-74.06378388404846,3210,"Pershing Field",40.742677141,-74.051788633,29580,"Subscriber",1988,1
618,"2018-12-06 21:35:16.5090","2018-12-06 21:45:34.8170",3195,"Sip Ave",40.73074262530658,-74.06378388404846,3210,"Pershing Field",40.742677141,-74.051788633,26190,"Subscriber",1995,2
331,"2018-12-06 21:50:37.4570","2018-12-06 21:56:09.0910",3195,"Sip Ave",40.73074262530658,-74.06378388404846,3679,"Bergen Ave",40.722103786686034,-74.07145500183105,29465,"Subscriber",1972,1
502,"2018-12-06 22:55:47.9630","2018-12-06 23:04:10.1980",3195,"Sip Ave",40.73074262530658,-74.06378388404846,3191,"Union St",40.7182113,-74.0836394,29521,"Subscriber",1988,1
326,"2018-12-06 23:16:26.9430","2018-12-06 23:21:53.2830",3195,"Sip Ave",40.73074262530658,-74.06378388404846,3678,"Fairmount Ave",40.72572613742557,-74.07195925712585,26183,"Subscriber",1990,1
462,"2018-12-07 06:56:15.4390","2018-12-07 07:03:57.7130",3195,"Sip Ave",40.73074262530658,-74.06378388404846,3679,"Bergen Ave",40.722103786686034,-74.07145500183105,29489,"Subscriber",1964,1
450,"2018-12-07 07:29:31.7530","2018-12-07 07:37:02.4840",3195,"Sip Ave",40.73074262530658,-74.06378388404846,3194,"McGinley Square",40.7253399253558,-74.06762212514877,26234,"Subscriber",1960,1
495,"2018-12-07 07:46:36.8210","2018-12-07 07:54:52.1140",3195,"Sip Ave",40.73074262530658,-74.06378388404846,3193,"Lincoln Park",40.7246050998869,-74.07840594649315,29577,"Subscriber",1983,1
257,"2018-12-07 08:43:02.2940","2018-12-07 08:47:19.6550",3195,"Sip Ave",40.73074262530658,-74.06378388404846,3677,"Glenwood Ave",40.72755146730012,-74.07106071710587,29489,"Subscriber",1994,2
999,"2018-12-07 09:08:02.6390","2018-12-07 09:24:42.0730",3195,"Sip Ave",40.73074262530658,-74.06378388404846,3183,"Exchange Place",40.7162469,-74.0334588,29489,"Subscriber",1992,1
337,"2018-12-07 09:19:23.5590","2018-12-07 09:25:01.4700",3195,"Sip Ave",40.73074262530658,-74.06378388404846,3677,"Glenwood Ave",40.72755146730012,-74.07106071710587,29465,"Subscriber",1960,1
271,"2018-12-07 12:30:34.5000","2018-12-07 12:35:06.3760",3195,"Sip Ave",40.73074262530658,-74.06378388404846,3225,"Baldwin at Montgomery",40.7236589,-74.0641943,29604,"Subscriber",1986,1
506,"2018-12-07 13:15:08.5930","2018-12-07 13:23:35.0440",3195,"Sip Ave",40.73074262530658,-74.06378388404846,3280,"Astor Place",40.71928220070702,-74.07126188278198,29216,"Subscriber",1976,1
313,"2018-12-07 14:16:21.6220","2018-12-07 14:21:35.1130",3195,"Sip Ave",40.73074262530658,-74.06378388404846,3206,"Hilltop",40.7311689,-74.0575736,26182,"Subscriber",1998,1
411,"2018-12-07 14:19:11.0420","2018-12-07 14:26:02.3790",3195,"Sip Ave",40.73074262530658,-74.06378388404846,3280,"Astor Place",40.71928220070702,-74.07126188278198,29481,"Subscriber",1983,1
471,"2018-12-07 14:42:07.5260","2018-12-07 14:49:58.7430",3195,"Sip Ave",40.73074262530658,-74.06378388404846,3220,"5 Corners Library",40.734961020009514,-74.0595030784607,33744,"Subscriber",1961,1
325,"2018-12-07 15:24:15.7560","2018-12-07 15:29:41.4890",3195,"Sip Ave",40.73074262530658,-74.06378388404846,3207,"Oakland Ave",40.7376037,-74.0524783,26205,"Subscriber",1985,1
782,"2018-12-07 15:55:39.0490","2018-12-07 16:08:41.8860",3195,"Sip Ave",40.73074262530658,-74.06378388404846,3210,"Pershing Field",40.742677141,-74.051788633,29441,"Subscriber",1988,1
415,"2018-12-07 16:21:53.9770","2018-12-07 16:28:49.4470",3195,"Sip Ave",40.73074262530658,-74.06378388404846,3210,"Pershing Field",40.742677141,-74.051788633,29550,"Subscriber",1979,1
838,"2018-12-07 16:33:13.2210","2018-12-07 16:47:11.9270",3195,"Sip Ave",40.73074262530658,-74.06378388404846,3694,"Jackson Square",40.71113,-74.0789,29668,"Subscriber",1977,1
507,"2018-12-07 17:14:46.5150","2018-12-07 17:23:14.0450",3195,"Sip Ave",40.73074262530658,-74.06378388404846,3280,"Astor Place",40.71928220070702,-74.07126188278198,26298,"Subscriber",1971,1
497,"2018-12-07 17:15:34.5490","2018-12-07 17:23:51.7200",3195,"Sip Ave",40.73074262530658,-74.06378388404846,3210,"Pershing Field",40.742677141,-74.051788633,29235,"Subscriber",1987,1
674,"2018-12-07 17:24:17.0420","2018-12-07 17:35:31.1120",3195,"Sip Ave",40.73074262530658,-74.06378388404846,3191,"Union St",40.7182113,-74.0836394,29580,"Subscriber",1983,1
261,"2018-12-07 17:38:40.7770","2018-12-07 17:43:02.2470",3195,"Sip Ave",40.73074262530658,-74.06378388404846,3194,"McGinley Square",40.7253399253558,-74.06762212514877,29465,"Subscriber",1966,1
556,"2018-12-07 17:41:49.8280","2018-12-07 17:51:06.2130",3195,"Sip Ave",40.73074262530658,-74.06378388404846,3193,"Lincoln Park",40.7246050998869,-74.07840594649315,29219,"Subscriber",1987,1
478,"2018-12-07 17:45:28.1670","2018-12-07 17:53:26.2670",3195,"Sip Ave",40.73074262530658,-74.06378388404846,3280,"Astor Place",40.71928220070702,-74.07126188278198,29208,"Subscriber",1960,1
190,"2018-12-07 18:05:54.1720","2018-12-07 18:09:04.2770",3195,"Sip Ave",40.73074262530658,-74.06378388404846,3225,"Baldwin at Montgomery",40.7236589,-74.0641943,29674,"Subscriber",1991,1
527,"2018-12-07 18:09:41.9320","2018-12-07 18:18:29.6430",3195,"Sip Ave",40.73074262530658,-74.06378388404846,3280,"Astor Place",40.71928220070702,-74.07126188278198,26192,"Subscriber",1991,2
409,"2018-12-07 18:12:36.0660","2018-12-07 18:19:25.6860",3195,"Sip Ave",40.73074262530658,-74.06378388404846,3280,"Astor Place",40.71928220070702,-74.07126188278198,26183,"Subscriber",1994,1
288,"2018-12-07 18:13:31.3680","2018-12-07 18:18:19.9260",3195,"Sip Ave",40.73074262530658,-74.06378388404846,3194,"McGinley Square",40.7253399253558,-74.06762212514877,29213,"Subscriber",1970,1
622,"2018-12-07 18:21:33.2120","2018-12-07 18:31:55.9280",3195,"Sip Ave",40.73074262530658,-74.06378388404846,3193,"Lincoln Park",40.7246050998869,-74.07840594649315,26163,"Subscriber",1984,1
398,"2018-12-07 18:36:54.6880","2018-12-07 18:43:32.9720",3195,"Sip Ave",40.73074262530658,-74.06378388404846,3679,"Bergen Ave",40.722103786686034,-74.07145500183105,29652,"Subscriber",1969,0
984,"2018-12-07 18:42:31.9180","2018-12-07 18:58:56.4770",3195,"Sip Ave",40.73074262530658,-74.06378388404846,3191,"Union St",40.7182113,-74.0836394,29218,"Subscriber",1987,2
1287,"2018-12-07 18:50:41.9120","2018-12-07 19:12:09.7810",3195,"Sip Ave",40.73074262530658,-74.06378388404846,3694,"Jackson Square",40.71113,-74.0789,26198,"Subscriber",1994,1
520,"2018-12-07 18:55:33.9470","2018-12-07 19:04:14.5230",3195,"Sip Ave",40.73074262530658,-74.06378388404846,3279,"Dixon Mills",40.721630142638354,-74.04996782541275,29444,"Subscriber",1976,1
194,"2018-12-07 19:00:19.4380","2018-12-07 19:03:33.6630",3195,"Sip Ave",40.73074262530658,-74.06378388404846,3194,"McGinley Square",40.7253399253558,-74.06762212514877,26270,"Subscriber",1977,2
272,"2018-12-07 19:02:14.1490","2018-12-07 19:06:46.3040",3195,"Sip Ave",40.73074262530658,-74.06378388404846,3194,"McGinley Square",40.7253399253558,-74.06762212514877,26268,"Subscriber",1980,1
825,"2018-12-07 19:12:34.0960","2018-12-07 19:26:19.3530",3195,"Sip Ave",40.73074262530658,-74.06378388404846,3191,"Union St",40.7182113,-74.0836394,29509,"Customer",1992,1
407,"2018-12-07 19:30:19.2550","2018-12-07 19:37:06.7780",3195,"Sip Ave",40.73074262530658,-74.06378388404846,3678,"Fairmount Ave",40.72572613742557,-74.07195925712585,26297,"Subscriber",1978,1
557,"2018-12-07 19:57:29.5860","2018-12-07 20:06:46.8260",3195,"Sip Ave",40.73074262530658,-74.06378388404846,3193,"Lincoln Park",40.7246050998869,-74.07840594649315,29652,"Subscriber",1975,1
602,"2018-12-07 20:15:41.5910","2018-12-07 20:25:44.3540",3195,"Sip Ave",40.73074262530658,-74.06378388404846,3210,"Pershing Field",40.742677141,-74.051788633,29303,"Subscriber",1995,2
257,"2018-12-07 20:37:55.2370","2018-12-07 20:42:13.0850",3195,"Sip Ave",40.73074262530658,-74.06378388404846,3194,"McGinley Square",40.7253399253558,-74.06762212514877,29437,"Subscriber",1995,1
327,"2018-12-07 20:38:36.7310","2018-12-07 20:44:04.6100",3195,"Sip Ave",40.73074262530658,-74.06378388404846,3225,"Baldwin at Montgomery",40.7236589,-74.0641943,29676,"Subscriber",1962,1
221,"2018-12-07 20:46:10.0520","2018-12-07 20:49:51.5790",3195,"Sip Ave",40.73074262530658,-74.06378388404846,3225,"Baldwin at Montgomery",40.7236589,-74.0641943,26196,"Subscriber",1994,1
386,"2018-12-07 20:57:44.4820","2018-12-07 21:04:11.2200",3195,"Sip Ave",40.73074262530658,-74.06378388404846,3207,"Oakland Ave",40.7376037,-74.0524783,29290,"Subscriber",1976,2
174,"2018-12-07 22:03:15.2810","2018-12-07 22:06:09.9760",3195,"Sip Ave",40.73074262530658,-74.06378388404846,3194,"McGinley Square",40.7253399253558,-74.06762212514877,29577,"Subscriber",2000,1
516,"2018-12-07 22:31:38.2000","2018-12-07 22:40:15.1450",3195,"Sip Ave",40.73074262530658,-74.06378388404846,3277,"Communipaw & Berry Lane",40.71435836870427,-74.06661093235016,26219,"Subscriber",1988,1
182,"2018-12-07 22:45:57.8430","2018-12-07 22:49:00.1960",3195,"Sip Ave",40.73074262530658,-74.06378388404846,3194,"McGinley Square",40.7253399253558,-74.06762212514877,29222,"Subscriber",1977,1
394,"2018-12-07 22:58:14.0120","2018-12-07 23:04:48.3940",3195,"Sip Ave",40.73074262530658,-74.06378388404846,3206,"Hilltop",40.7311689,-74.0575736,29469,"Subscriber",1998,1
395,"2018-12-07 23:00:42.7220","2018-12-07 23:07:17.7660",3195,"Sip Ave",40.73074262530658,-74.06378388404846,3193,"Lincoln Park",40.7246050998869,-74.07840594649315,29586,"Subscriber",1992,1
162,"2018-12-07 23:00:56.4890","2018-12-07 23:03:38.7750",3195,"Sip Ave",40.73074262530658,-74.06378388404846,3194,"McGinley Square",40.7253399253558,-74.06762212514877,29209,"Subscriber",1993,1
340,"2018-12-07 23:10:41.1820","2018-12-07 23:16:21.7270",3195,"Sip Ave",40.73074262530658,-74.06378388404846,3280,"Astor Place",40.71928220070702,-74.07126188278198,26269,"Subscriber",1988,1
424,"2018-12-07 23:26:36.8720","2018-12-07 23:33:41.0860",3195,"Sip Ave",40.73074262530658,-74.06378388404846,3679,"Bergen Ave",40.722103786686034,-74.07145500183105,29548,"Subscriber",1983,2
199,"2018-12-07 23:28:02.8220","2018-12-07 23:31:22.0970",3195,"Sip Ave",40.73074262530658,-74.06378388404846,3194,"McGinley Square",40.7253399253558,-74.06762212514877,26283,"Subscriber",1996,2
499,"2018-12-08 02:17:53.4630","2018-12-08 02:26:12.7920",3195,"Sip Ave",40.73074262530658,-74.06378388404846,3281,"Leonard Gordon Park",40.74590996631558,-74.0572714805603,29246,"Subscriber",1969,1
427,"2018-12-08 03:05:53.5710","2018-12-08 03:13:01.1780",3195,"Sip Ave",40.73074262530658,-74.06378388404846,3679,"Bergen Ave",40.722103786686034,-74.07145500183105,29231,"Subscriber",1995,1
504,"2018-12-08 08:22:36.1130","2018-12-08 08:31:00.3700",3195,"Sip Ave",40.73074262530658,-74.06378388404846,3193,"Lincoln Park",40.7246050998869,-74.07840594649315,33744,"Subscriber",1983,1
480,"2018-12-08 08:49:43.0740","2018-12-08 08:57:43.9590",3195,"Sip Ave",40.73074262530658,-74.06378388404846,3203,"Hamilton Park",40.727595966,-74.044247311,26192,"Subscriber",1971,2
288,"2018-12-08 08:55:04.3060","2018-12-08 08:59:53.2010",3195,"Sip Ave",40.73074262530658,-74.06378388404846,3677,"Glenwood Ave",40.72755146730012,-74.07106071710587,29548,"Subscriber",1994,2
822,"2018-12-08 09:16:31.9390","2018-12-08 09:30:14.1480",3195,"Sip Ave",40.73074262530658,-74.06378388404846,3277,"Communipaw & Berry Lane",40.71435836870427,-74.06661093235016,29482,"Subscriber",1988,1
2730,"2018-12-08 10:15:21.3970","2018-12-08 11:00:52.0230",3195,"Sip Ave",40.73074262530658,-74.06378388404846,3679,"Bergen Ave",40.722103786686034,-74.07145500183105,33744,"Subscriber",1994,1
785,"2018-12-08 11:28:21.3360","2018-12-08 11:41:26.7860",3195,"Sip Ave",40.73074262530658,-74.06378388404846,3203,"Hamilton Park",40.727595966,-74.044247311,26172,"Customer",1989,1
314,"2018-12-08 12:02:29.8930","2018-12-08 12:07:43.9820",3195,"Sip Ave",40.73074262530658,-74.06378388404846,3194,"McGinley Square",40.7253399253558,-74.06762212514877,26270,"Subscriber",1975,1
332,"2018-12-08 12:58:29.9540","2018-12-08 13:04:02.2530",3195,"Sip Ave",40.73074262530658,-74.06378388404846,3677,"Glenwood Ave",40.72755146730012,-74.07106071710587,29213,"Subscriber",1989,1
431,"2018-12-08 14:02:44.0490","2018-12-08 14:09:55.3050",3195,"Sip Ave",40.73074262530658,-74.06378388404846,3212,"Christ Hospital",40.734785818,-74.050443636,29198,"Subscriber",1984,1
1456,"2018-12-08 14:08:07.6560","2018-12-08 14:32:24.5920",3195,"Sip Ave",40.73074262530658,-74.06378388404846,3694,"Jackson Square",40.71113,-74.0789,29231,"Subscriber",1994,1
458,"2018-12-08 14:22:02.3050","2018-12-08 14:29:40.6410",3195,"Sip Ave",40.73074262530658,-74.06378388404846,3193,"Lincoln Park",40.7246050998869,-74.07840594649315,26301,"Subscriber",1990,2
871,"2018-12-08 14:57:59.7460","2018-12-08 15:12:31.7140",3195,"Sip Ave",40.73074262530658,-74.06378388404846,3273,"Manila & 1st",40.721650724879986,-74.04288411140442,26198,"Subscriber",1992,1
256,"2018-12-08 15:03:45.0530","2018-12-08 15:08:01.8430",3195,"Sip Ave",40.73074262530658,-74.06378388404846,3220,"5 Corners Library",40.734961020009514,-74.0595030784607,29441,"Subscriber",1961,1
249,"2018-12-08 15:05:55.0220","2018-12-08 15:10:04.8620",3195,"Sip Ave",40.73074262530658,-74.06378388404846,3225,"Baldwin at Montgomery",40.7236589,-74.0641943,29239,"Subscriber",1966,1
362,"2018-12-08 15:27:26.8480","2018-12-08 15:33:29.1930",3195,"Sip Ave",40.73074262530658,-74.06378388404846,3280,"Astor Place",40.71928220070702,-74.07126188278198,33744,"Subscriber",1983,1
266,"2018-12-08 16:10:02.7970","2018-12-08 16:14:29.1930",3195,"Sip Ave",40.73074262530658,-74.06378388404846,3225,"Baldwin at Montgomery",40.7236589,-74.0641943,29660,"Subscriber",1986,1
407,"2018-12-08 16:53:09.2270","2018-12-08 16:59:56.3230",3195,"Sip Ave",40.73074262530658,-74.06378388404846,3678,"Fairmount Ave",40.72572613742557,-74.07195925712585,29682,"Subscriber",1982,1
447,"2018-12-08 18:08:26.7920","2018-12-08 18:15:54.1430",3195,"Sip Ave",40.73074262530658,-74.06378388404846,3193,"Lincoln Park",40.7246050998869,-74.07840594649315,29303,"Subscriber",1984,1
231,"2018-12-08 18:13:27.3130","2018-12-08 18:17:19.1580",3195,"Sip Ave",40.73074262530658,-74.06378388404846,3194,"McGinley Square",40.7253399253558,-74.06762212514877,29548,"Subscriber",1980,1
418,"2018-12-08 18:14:00.1920","2018-12-08 18:20:58.8350",3195,"Sip Ave",40.73074262530658,-74.06378388404846,3280,"Astor Place",40.71928220070702,-74.07126188278198,29219,"Subscriber",1960,1
356,"2018-12-08 18:17:26.5710","2018-12-08 18:23:22.6130",3195,"Sip Ave",40.73074262530658,-74.06378388404846,3679,"Bergen Ave",40.722103786686034,-74.07145500183105,29277,"Subscriber",1985,1
447,"2018-12-08 19:23:44.6410","2018-12-08 19:31:12.3370",3195,"Sip Ave",40.73074262530658,-74.06378388404846,3679,"Bergen Ave",40.722103786686034,-74.07145500183105,26183,"Subscriber",1969,0
250,"2018-12-08 19:52:35.3450","2018-12-08 19:56:45.9510",3195,"Sip Ave",40.73074262530658,-74.06378388404846,3225,"Baldwin at Montgomery",40.7236589,-74.0641943,26268,"Subscriber",1976,0
164,"2018-12-08 20:33:51.4690","2018-12-08 20:36:35.8520",3195,"Sip Ave",40.73074262530658,-74.06378388404846,3194,"McGinley Square",40.7253399253558,-74.06762212514877,26301,"Subscriber",1993,1
490,"2018-12-08 20:53:30.4940","2018-12-08 21:01:40.9680",3195,"Sip Ave",40.73074262530658,-74.06378388404846,3225,"Baldwin at Montgomery",40.7236589,-74.0641943,29485,"Subscriber",1962,1
549,"2018-12-08 21:33:55.1460","2018-12-08 21:43:04.3260",3195,"Sip Ave",40.73074262530658,-74.06378388404846,3280,"Astor Place",40.71928220070702,-74.07126188278198,29508,"Customer",1993,2
477,"2018-12-08 23:21:46.4300","2018-12-08 23:29:44.3060",3195,"Sip Ave",40.73074262530658,-74.06378388404846,3277,"Communipaw & Berry Lane",40.71435836870427,-74.06661093235016,29652,"Subscriber",1988,1
342,"2018-12-09 02:30:52.1150","2018-12-09 02:36:34.8040",3195,"Sip Ave",40.73074262530658,-74.06378388404846,3679,"Bergen Ave",40.722103786686034,-74.07145500183105,26306,"Subscriber",1986,1
192,"2018-12-09 03:05:25.5250","2018-12-09 03:08:37.7350",3195,"Sip Ave",40.73074262530658,-74.06378388404846,3194,"McGinley Square",40.7253399253558,-74.06762212514877,29577,"Subscriber",2000,1
481,"2018-12-09 07:09:01.3480","2018-12-09 07:17:02.4000",3195,"Sip Ave",40.73074262530658,-74.06378388404846,3193,"Lincoln Park",40.7246050998869,-74.07840594649315,29211,"Subscriber",1967,1
210,"2018-12-09 07:44:55.7820","2018-12-09 07:48:26.2790",3195,"Sip Ave",40.73074262530658,-74.06378388404846,3225,"Baldwin at Montgomery",40.7236589,-74.0641943,29441,"Subscriber",1988,1
509,"2018-12-09 08:41:41.4710","2018-12-09 08:50:10.9820",3195,"Sip Ave",40.73074262530658,-74.06378388404846,3193,"Lincoln Park",40.7246050998869,-74.07840594649315,26183,"Subscriber",1983,1
562,"2018-12-09 08:42:48.9530","2018-12-09 08:52:11.8670",3195,"Sip Ave",40.73074262530658,-74.06378388404846,3210,"Pershing Field",40.742677141,-74.051788633,26245,"Subscriber",1988,1
379,"2018-12-09 10:37:44.0880","2018-12-09 10:44:03.1700",3195,"Sip Ave",40.73074262530658,-74.06378388404846,3193,"Lincoln Park",40.7246050998869,-74.07840594649315,29213,"Subscriber",1990,2
348,"2018-12-09 10:38:13.4070","2018-12-09 10:44:02.0960",3195,"Sip Ave",40.73074262530658,-74.06378388404846,3678,"Fairmount Ave",40.72572613742557,-74.07195925712585,29513,"Subscriber",1970,1
738,"2018-12-09 14:10:55.0140","2018-12-09 14:23:13.0700",3195,"Sip Ave",40.73074262530658,-74.06378388404846,3225,"Baldwin at Montgomery",40.7236589,-74.0641943,29587,"Customer",1969,0
352,"2018-12-09 15:13:56.5700","2018-12-09 15:19:49.3660",3195,"Sip Ave",40.73074262530658,-74.06378388404846,3677,"Glenwood Ave",40.72755146730012,-74.07106071710587,29307,"Subscriber",1954,1
345,"2018-12-09 15:15:08.9440","2018-12-09 15:20:54.5690",3195,"Sip Ave",40.73074262530658,-74.06378388404846,3207,"Oakland Ave",40.7376037,-74.0524783,26174,"Subscriber",1985,1
608,"2018-12-09 15:50:37.8090","2018-12-09 16:00:46.0450",3195,"Sip Ave",40.73074262530658,-74.06378388404846,3203,"Hamilton Park",40.727595966,-74.044247311,29231,"Subscriber",1950,1
876,"2018-12-09 16:10:12.2180","2018-12-09 16:24:49.0290",3195,"Sip Ave",40.73074262530658,-74.06378388404846,3191,"Union St",40.7182113,-74.0836394,29669,"Subscriber",1962,1
1298,"2018-12-09 16:37:29.4460","2018-12-09 16:59:07.6490",3195,"Sip Ave",40.73074262530658,-74.06378388404846,3694,"Jackson Square",40.71113,-74.0789,26301,"Subscriber",1994,1
573,"2018-12-09 17:00:07.5480","2018-12-09 17:09:40.9050",3195,"Sip Ave",40.73074262530658,-74.06378388404846,3191,"Union St",40.7182113,-74.0836394,29642,"Subscriber",1990,1
713,"2018-12-09 17:16:34.6130","2018-12-09 17:28:28.3020",3195,"Sip Ave",40.73074262530658,-74.06378388404846,3203,"Hamilton Park",40.727595966,-74.044247311,26316,"Subscriber",1966,1
447,"2018-12-09 17:50:59.2890","2018-12-09 17:58:26.6400",3195,"Sip Ave",40.73074262530658,-74.06378388404846,3280,"Astor Place",40.71928220070702,-74.07126188278198,26151,"Subscriber",1960,1
253,"2018-12-09 18:30:24.5390","2018-12-09 18:34:37.6120",3195,"Sip Ave",40.73074262530658,-74.06378388404846,3225,"Baldwin at Montgomery",40.7236589,-74.0641943,29623,"Subscriber",1994,1
368,"2018-12-09 18:30:47.5850","2018-12-09 18:36:56.3530",3195,"Sip Ave",40.73074262530658,-74.06378388404846,3679,"Bergen Ave",40.722103786686034,-74.07145500183105,29538,"Subscriber",1983,1
772,"2018-12-09 19:02:43.3920","2018-12-09 19:15:35.9050",3195,"Sip Ave",40.73074262530658,-74.06378388404846,3679,"Bergen Ave",40.722103786686034,-74.07145500183105,29486,"Subscriber",1969,0
425,"2018-12-09 20:49:40.5570","2018-12-09 20:56:46.3670",3195,"Sip Ave",40.73074262530658,-74.06378388404846,3193,"Lincoln Park",40.7246050998869,-74.07840594649315,26161,"Subscriber",1991,2
273,"2018-12-09 23:34:55.3250","2018-12-09 23:39:28.4700",3195,"Sip Ave",40.73074262530658,-74.06378388404846,3280,"Astor Place",40.71928220070702,-74.07126188278198,29213,"Subscriber",1987,1
443,"2018-12-10 06:00:53.4230","2018-12-10 06:08:16.4270",3195,"Sip Ave",40.73074262530658,-74.06378388404846,3193,"Lincoln Park",40.7246050998869,-74.07840594649315,29660,"Subscriber",1967,1
1896,"2018-12-10 07:57:58.9490","2018-12-10 08:29:35.8220",3195,"Sip Ave",40.73074262530658,-74.06378388404846,3225,"Baldwin at Montgomery",40.7236589,-74.0641943,33744,"Subscriber",1988,1
294,"2018-12-10 08:42:10.3560","2018-12-10 08:47:05.1240",3195,"Sip Ave",40.73074262530658,-74.06378388404846,3677,"Glenwood Ave",40.72755146730012,-74.07106071710587,26188,"Subscriber",1994,2
607,"2018-12-10 09:17:16.7250","2018-12-10 09:27:24.3790",3195,"Sip Ave",40.73074262530658,-74.06378388404846,3210,"Pershing Field",40.742677141,-74.051788633,29198,"Subscriber",1988,1
280,"2018-12-10 09:31:01.7980","2018-12-10 09:35:42.5530",3195,"Sip Ave",40.73074262530658,-74.06378388404846,3677,"Glenwood Ave",40.72755146730012,-74.07106071710587,26297,"Subscriber",1983,1
706,"2018-12-10 10:18:12.8770","2018-12-10 10:29:58.9250",3195,"Sip Ave",40.73074262530658,-74.06378388404846,3203,"Hamilton Park",40.727595966,-74.044247311,29586,"Subscriber",1959,2
571,"2018-12-10 10:31:28.1280","2018-12-10 10:40:59.6670",3195,"Sip Ave",40.73074262530658,-74.06378388404846,3277,"Communipaw & Berry Lane",40.71435836870427,-74.06661093235016,29682,"Subscriber",1988,1
358,"2018-12-10 13:52:20.1420","2018-12-10 13:58:18.7360",3195,"Sip Ave",40.73074262530658,-74.06378388404846,3220,"5 Corners Library",40.734961020009514,-74.0595030784607,26304,"Subscriber",1961,1
326,"2018-12-10 14:12:11.5750","2018-12-10 14:17:38.4220",3195,"Sip Ave",40.73074262530658,-74.06378388404846,3280,"Astor Place",40.71928220070702,-74.07126188278198,29642,"Subscriber",1983,1
276,"2018-12-10 14:13:39.2630","2018-12-10 14:18:15.6080",3195,"Sip Ave",40.73074262530658,-74.06378388404846,3194,"McGinley Square",40.7253399253558,-74.06762212514877,29601,"Subscriber",1970,1
347,"2018-12-10 14:56:27.0220","2018-12-10 15:02:14.9630",3195,"Sip Ave",40.73074262530658,-74.06378388404846,3225,"Baldwin at Montgomery",40.7236589,-74.0641943,29499,"Subscriber",1994,1
532,"2018-12-10 15:09:34.3510","2018-12-10 15:18:26.6210",3195,"Sip Ave",40.73074262530658,-74.06378388404846,3281,"Leonard Gordon Park",40.74590996631558,-74.0572714805603,29283,"Subscriber",1980,1
2339,"2018-12-10 15:18:55.1090","2018-12-10 15:57:54.1120",3195,"Sip Ave",40.73074262530658,-74.06378388404846,3280,"Astor Place",40.71928220070702,-74.07126188278198,26193,"Subscriber",1953,2
248,"2018-12-10 15:31:35.9920","2018-12-10 15:35:44.8220",3195,"Sip Ave",40.73074262530658,-74.06378388404846,3194,"McGinley Square",40.7253399253558,-74.06762212514877,29291,"Subscriber",1995,1
531,"2018-12-10 15:49:40.4260","2018-12-10 15:58:31.9250",3195,"Sip Ave",40.73074262530658,-74.06378388404846,3280,"Astor Place",40.71928220070702,-74.07126188278198,26301,"Subscriber",1960,1
245,"2018-12-10 15:55:21.5860","2018-12-10 15:59:26.9890",3195,"Sip Ave",40.73074262530658,-74.06378388404846,3194,"McGinley Square",40.7253399253558,-74.06762212514877,29665,"Subscriber",1973,1
477,"2018-12-10 16:12:56.7250","2018-12-10 16:20:54.2240",3195,"Sip Ave",40.73074262530658,-74.06378388404846,3210,"Pershing Field",40.742677141,-74.051788633,29528,"Subscriber",1979,1
562,"2018-12-10 16:27:02.5460","2018-12-10 16:36:24.9210",3195,"Sip Ave",40.73074262530658,-74.06378388404846,3193,"Lincoln Park",40.7246050998869,-74.07840594649315,26171,"Subscriber",1991,2
769,"2018-12-10 16:46:58.5540","2018-12-10 16:59:47.6810",3195,"Sip Ave",40.73074262530658,-74.06378388404846,3193,"Lincoln Park",40.7246050998869,-74.07840594649315,29486,"Subscriber",1984,2
694,"2018-12-10 16:52:04.5570","2018-12-10 17:03:39.1050",3195,"Sip Ave",40.73074262530658,-74.06378388404846,3191,"Union St",40.7182113,-74.0836394,26158,"Subscriber",1983,1
821,"2018-12-10 17:16:27.1100","2018-12-10 17:30:09.0360",3195,"Sip Ave",40.73074262530658,-74.06378388404846,3199,"Newport Pkwy",40.7287448,-74.0321082,29300,"Subscriber",1984,1
487,"2018-12-10 17:27:11.8660","2018-12-10 17:35:19.6860",3195,"Sip Ave",40.73074262530658,-74.06378388404846,3193,"Lincoln Park",40.7246050998869,-74.07840594649315,29642,"Subscriber",1987,1
588,"2018-12-10 17:30:54.2290","2018-12-10 17:40:42.8420",3195,"Sip Ave",40.73074262530658,-74.06378388404846,3210,"Pershing Field",40.742677141,-74.051788633,29660,"Subscriber",1985,1
438,"2018-12-10 17:44:36.9700","2018-12-10 17:51:55.7670",3195,"Sip Ave",40.73074262530658,-74.06378388404846,3678,"Fairmount Ave",40.72572613742557,-74.07195925712585,26298,"Subscriber",1983,1
903,"2018-12-10 17:47:36.8830","2018-12-10 18:02:40.3850",3195,"Sip Ave",40.73074262530658,-74.06378388404846,3191,"Union St",40.7182113,-74.0836394,29451,"Subscriber",1971,2
213,"2018-12-10 18:00:14.3430","2018-12-10 18:03:48.1490",3195,"Sip Ave",40.73074262530658,-74.06378388404846,3225,"Baldwin at Montgomery",40.7236589,-74.0641943,29211,"Subscriber",1991,1
525,"2018-12-10 18:08:57.6320","2018-12-10 18:17:42.7730",3195,"Sip Ave",40.73074262530658,-74.06378388404846,3280,"Astor Place",40.71928220070702,-74.07126188278198,29513,"Subscriber",1983,1
373,"2018-12-10 18:11:01.9210","2018-12-10 18:17:15.2260",3195,"Sip Ave",40.73074262530658,-74.06378388404846,3269,"Brunswick & 6th",40.72601172964625,-74.05038893222809,29437,"Subscriber",1983,1
202,"2018-12-10 18:30:15.7220","2018-12-10 18:33:37.9330",3195,"Sip Ave",40.73074262530658,-74.06378388404846,3194,"McGinley Square",40.7253399253558,-74.06762212514877,29441,"Subscriber",1972,1
933,"2018-12-10 18:42:20.6330","2018-12-10 18:57:54.4690",3195,"Sip Ave",40.73074262530658,-74.06378388404846,3679,"Bergen Ave",40.722103786686034,-74.07145500183105,29582,"Subscriber",1969,0
205,"2018-12-10 18:45:06.2290","2018-12-10 18:48:32.0220",3195,"Sip Ave",40.73074262530658,-74.06378388404846,3194,"McGinley Square",40.7253399253558,-74.06762212514877,29216,"Subscriber",1977,1
293,"2018-12-10 18:47:13.9600","2018-12-10 18:52:07.5900",3195,"Sip Ave",40.73074262530658,-74.06378388404846,3678,"Fairmount Ave",40.72572613742557,-74.07195925712585,29575,"Subscriber",1968,1
374,"2018-12-10 18:48:34.5630","2018-12-10 18:54:49.0820",3195,"Sip Ave",40.73074262530658,-74.06378388404846,3210,"Pershing Field",40.742677141,-74.051788633,29271,"Subscriber",1987,1
259,"2018-12-10 18:53:25.6370","2018-12-10 18:57:44.9140",3195,"Sip Ave",40.73074262530658,-74.06378388404846,3225,"Baldwin at Montgomery",40.7236589,-74.0641943,26298,"Subscriber",1986,2
1046,"2018-12-10 19:04:56.5680","2018-12-10 19:22:23.2100",3195,"Sip Ave",40.73074262530658,-74.06378388404846,3694,"Jackson Square",40.71113,-74.0789,29519,"Subscriber",1994,1
286,"2018-12-10 19:07:37.7150","2018-12-10 19:12:23.9980",3195,"Sip Ave",40.73074262530658,-74.06378388404846,3679,"Bergen Ave",40.722103786686034,-74.07145500183105,26196,"Subscriber",1985,2
503,"2018-12-10 19:09:16.7840","2018-12-10 19:17:40.1910",3195,"Sip Ave",40.73074262530658,-74.06378388404846,3280,"Astor Place",40.71928220070702,-74.07126188278198,26151,"Subscriber",1984,1
340,"2018-12-10 19:16:21.6300","2018-12-10 19:22:01.6570",3195,"Sip Ave",40.73074262530658,-74.06378388404846,3679,"Bergen Ave",40.722103786686034,-74.07145500183105,29442,"Subscriber",1972,1
207,"2018-12-10 19:25:09.4860","2018-12-10 19:28:36.9980",3195,"Sip Ave",40.73074262530658,-74.06378388404846,3194,"McGinley Square",40.7253399253558,-74.06762212514877,29277,"Subscriber",1980,1
427,"2018-12-10 19:25:13.9690","2018-12-10 19:32:21.2520",3195,"Sip Ave",40.73074262530658,-74.06378388404846,3280,"Astor Place",40.71928220070702,-74.07126188278198,29251,"Subscriber",1994,1
798,"2018-12-10 19:33:40.2220","2018-12-10 19:46:58.9610",3195,"Sip Ave",40.73074262530658,-74.06378388404846,3198,"Heights Elevator",40.748715945380226,-74.04044330120087,29219,"Subscriber",1978,1
337,"2018-12-10 19:39:37.1150","2018-12-10 19:45:14.1460",3195,"Sip Ave",40.73074262530658,-74.06378388404846,3678,"Fairmount Ave",40.72572613742557,-74.07195925712585,29239,"Subscriber",1995,1
347,"2018-12-10 19:39:52.8560","2018-12-10 19:45:40.0690",3195,"Sip Ave",40.73074262530658,-74.06378388404846,3225,"Baldwin at Montgomery",40.7236589,-74.0641943,26296,"Subscriber",1962,1
175,"2018-12-10 19:53:06.5700","2018-12-10 19:56:01.6190",3195,"Sip Ave",40.73074262530658,-74.06378388404846,3194,"McGinley Square",40.7253399253558,-74.06762212514877,29234,"Subscriber",1993,1
419,"2018-12-10 20:05:14.6690","2018-12-10 20:12:14.5180",3195,"Sip Ave",40.73074262530658,-74.06378388404846,3678,"Fairmount Ave",40.72572613742557,-74.07195925712585,29446,"Subscriber",1992,1
200,"2018-12-10 20:16:00.6710","2018-12-10 20:19:20.7790",3195,"Sip Ave",40.73074262530658,-74.06378388404846,3225,"Baldwin at Montgomery",40.7236589,-74.0641943,29260,"Subscriber",1994,1
458,"2018-12-10 20:30:03.8970","2018-12-10 20:37:42.0380",3195,"Sip Ave",40.73074262530658,-74.06378388404846,3207,"Oakland Ave",40.7376037,-74.0524783,29303,"Subscriber",1994,1
482,"2018-12-10 20:30:31.7100","2018-12-10 20:38:34.5010",3195,"Sip Ave",40.73074262530658,-74.06378388404846,3207,"Oakland Ave",40.7376037,-74.0524783,29570,"Subscriber",1994,1
701,"2018-12-10 21:01:40.1580","2018-12-10 21:13:22.0090",3195,"Sip Ave",40.73074262530658,-74.06378388404846,3280,"Astor Place",40.71928220070702,-74.07126188278198,29681,"Subscriber",1984,1
218,"2018-12-10 21:02:58.7290","2018-12-10 21:06:37.3350",3195,"Sip Ave",40.73074262530658,-74.06378388404846,3225,"Baldwin at Montgomery",40.7236589,-74.0641943,26300,"Subscriber",1986,1
218,"2018-12-10 21:03:07.2770","2018-12-10 21:06:45.9860",3195,"Sip Ave",40.73074262530658,-74.06378388404846,3194,"McGinley Square",40.7253399253558,-74.06762212514877,29126,"Subscriber",1975,1
188,"2018-12-10 21:07:38.7590","2018-12-10 21:10:47.4620",3195,"Sip Ave",40.73074262530658,-74.06378388404846,3194,"McGinley Square",40.7253399253558,-74.06762212514877,29268,"Subscriber",1994,1
401,"2018-12-10 21:16:32.9810","2018-12-10 21:23:14.0020",3195,"Sip Ave",40.73074262530658,-74.06378388404846,3193,"Lincoln Park",40.7246050998869,-74.07840594649315,29217,"Subscriber",1992,1
317,"2018-12-10 21:34:52.5080","2018-12-10 21:40:10.2690",3195,"Sip Ave",40.73074262530658,-74.06378388404846,3678,"Fairmount Ave",40.72572613742557,-74.07195925712585,29664,"Subscriber",1989,1
505,"2018-12-10 21:47:37.8290","2018-12-10 21:56:03.2870",3195,"Sip Ave",40.73074262530658,-74.06378388404846,3213,"Van Vorst Park",40.71848892,-74.047726625,29246,"Subscriber",1976,1
293,"2018-12-10 21:52:01.6760","2018-12-10 21:56:54.7680",3195,"Sip Ave",40.73074262530658,-74.06378388404846,3678,"Fairmount Ave",40.72572613742557,-74.07195925712585,29524,"Subscriber",1990,1
233,"2018-12-10 22:40:56.1620","2018-12-10 22:44:49.4830",3195,"Sip Ave",40.73074262530658,-74.06378388404846,3280,"Astor Place",40.71928220070702,-74.07126188278198,29642,"Subscriber",1987,1
487,"2018-12-10 22:44:23.2070","2018-12-10 22:52:30.8020",3195,"Sip Ave",40.73074262530658,-74.06378388404846,3193,"Lincoln Park",40.7246050998869,-74.07840594649315,29453,"Subscriber",1969,1
181,"2018-12-10 23:48:52.9530","2018-12-10 23:51:54.0430",3195,"Sip Ave",40.73074262530658,-74.06378388404846,3194,"McGinley Square",40.7253399253558,-74.06762212514877,29616,"Subscriber",2000,1
482,"2018-12-11 07:05:37.3630","2018-12-11 07:13:39.8870",3195,"Sip Ave",40.73074262530658,-74.06378388404846,3194,"McGinley Square",40.7253399253558,-74.06762212514877,29283,"Subscriber",1960,1
359,"2018-12-11 07:47:59.3900","2018-12-11 07:53:58.5370",3195,"Sip Ave",40.73074262530658,-74.06378388404846,3225,"Baldwin at Montgomery",40.7236589,-74.0641943,29446,"Subscriber",1988,1
465,"2018-12-11 07:54:14.1340","2018-12-11 08:02:00.1000",3195,"Sip Ave",40.73074262530658,-74.06378388404846,3193,"Lincoln Park",40.7246050998869,-74.07840594649315,26193,"Subscriber",1983,1
603,"2018-12-11 08:22:42.3850","2018-12-11 08:32:45.5090",3195,"Sip Ave",40.73074262530658,-74.06378388404846,3210,"Pershing Field",40.742677141,-74.051788633,29513,"Subscriber",1988,1
198,"2018-12-11 08:41:33.8500","2018-12-11 08:44:51.9780",3195,"Sip Ave",40.73074262530658,-74.06378388404846,3677,"Glenwood Ave",40.72755146730012,-74.07106071710587,29239,"Subscriber",1994,2
364,"2018-12-11 09:17:32.1730","2018-12-11 09:23:37.0310",3195,"Sip Ave",40.73074262530658,-74.06378388404846,3677,"Glenwood Ave",40.72755146730012,-74.07106071710587,29271,"Subscriber",1960,1
303,"2018-12-11 09:37:18.8730","2018-12-11 09:42:22.2440",3195,"Sip Ave",40.73074262530658,-74.06378388404846,3220,"5 Corners Library",40.734961020009514,-74.0595030784607,29453,"Subscriber",1961,1
402,"2018-12-11 09:41:40.7120","2018-12-11 09:48:23.6480",3195,"Sip Ave",40.73074262530658,-74.06378388404846,3193,"Lincoln Park",40.7246050998869,-74.07840594649315,29616,"Subscriber",1990,2
346,"2018-12-11 12:18:46.9180","2018-12-11 12:24:33.7280",3195,"Sip Ave",40.73074262530658,-74.06378388404846,3220,"5 Corners Library",40.734961020009514,-74.0595030784607,26151,"Subscriber",1961,1
611,"2018-12-11 12:39:31.3250","2018-12-11 12:49:42.9310",3195,"Sip Ave",40.73074262530658,-74.06378388404846,3211,"Newark Ave",40.72152515,-74.046304543,29291,"Subscriber",1964,1
522,"2018-12-11 12:47:58.4990","2018-12-11 12:56:40.5170",3195,"Sip Ave",40.73074262530658,-74.06378388404846,3193,"Lincoln Park",40.7246050998869,-74.07840594649315,26161,"Subscriber",1991,2
293,"2018-12-11 13:59:56.8440","2018-12-11 14:04:50.4960",3195,"Sip Ave",40.73074262530658,-74.06378388404846,3201,"Dey St",40.737711,-74.066921,26221,"Subscriber",1963,1
222,"2018-12-11 14:00:58.1830","2018-12-11 14:04:40.5390",3195,"Sip Ave",40.73074262530658,-74.06378388404846,3225,"Baldwin at Montgomery",40.7236589,-74.0641943,29646,"Subscriber",1966,1
370,"2018-12-11 14:44:52.9970","2018-12-11 14:51:03.6720",3195,"Sip Ave",40.73074262530658,-74.06378388404846,3280,"Astor Place",40.71928220070702,-74.07126188278198,29205,"Subscriber",1983,1
802,"2018-12-11 15:55:14.8070","2018-12-11 16:08:37.1950",3195,"Sip Ave",40.73074262530658,-74.06378388404846,3202,"Newport PATH",40.7272235,-74.0337589,26196,"Subscriber",1984,1
167,"2018-12-11 16:05:26.4210","2018-12-11 16:08:13.5480",3195,"Sip Ave",40.73074262530658,-74.06378388404846,3640,"Journal Square",40.73367,-74.0625,29441,"Subscriber",1980,1
213,"2018-12-11 16:11:40.7420","2018-12-11 16:15:14.1850",3195,"Sip Ave",40.73074262530658,-74.06378388404846,3194,"McGinley Square",40.7253399253558,-74.06762212514877,29668,"Subscriber",1968,1
341,"2018-12-11 16:23:44.5790","2018-12-11 16:29:26.5240",3195,"Sip Ave",40.73074262530658,-74.06378388404846,3679,"Bergen Ave",40.722103786686034,-74.07145500183105,29234,"Subscriber",1985,1
631,"2018-12-11 16:36:46.8730","2018-12-11 16:47:18.5780",3195,"Sip Ave",40.73074262530658,-74.06378388404846,3194,"McGinley Square",40.7253399253558,-74.06762212514877,29524,"Subscriber",1995,1
767,"2018-12-11 16:44:36.1420","2018-12-11 16:57:23.6020",3195,"Sip Ave",40.73074262530658,-74.06378388404846,3193,"Lincoln Park",40.7246050998869,-74.07840594649315,29271,"Subscriber",1984,2
781,"2018-12-11 17:05:46.2710","2018-12-11 17:18:48.1810",3195,"Sip Ave",40.73074262530658,-74.06378388404846,3191,"Union St",40.7182113,-74.0836394,26300,"Subscriber",1983,1
516,"2018-12-11 17:31:36.1390","2018-12-11 17:40:12.7860",3195,"Sip Ave",40.73074262530658,-74.06378388404846,3193,"Lincoln Park",40.7246050998869,-74.07840594649315,29616,"Subscriber",1987,1
539,"2018-12-11 17:34:51.2250","2018-12-11 17:43:51.2180",3195,"Sip Ave",40.73074262530658,-74.06378388404846,3280,"Astor Place",40.71928220070702,-74.07126188278198,29628,"Subscriber",1984,1
373,"2018-12-11 17:38:20.8550","2018-12-11 17:44:34.7150",3195,"Sip Ave",40.73074262530658,-74.06378388404846,3280,"Astor Place",40.71928220070702,-74.07126188278198,29442,"Subscriber",1987,1
250,"2018-12-11 17:40:42.2860","2018-12-11 17:44:52.8630",3195,"Sip Ave",40.73074262530658,-74.06378388404846,3194,"McGinley Square",40.7253399253558,-74.06762212514877,26245,"Subscriber",1966,1
503,"2018-12-11 17:43:23.7520","2018-12-11 17:51:47.7200",3195,"Sip Ave",40.73074262530658,-74.06378388404846,3210,"Pershing Field",40.742677141,-74.051788633,26179,"Subscriber",1995,2
454,"2018-12-11 17:48:59.4370","2018-12-11 17:56:34.3630",3195,"Sip Ave",40.73074262530658,-74.06378388404846,3280,"Astor Place",40.71928220070702,-74.07126188278198,29211,"Subscriber",1960,1
229,"2018-12-11 17:49:52.1760","2018-12-11 17:53:41.9020",3195,"Sip Ave",40.73074262530658,-74.06378388404846,3225,"Baldwin at Montgomery",40.7236589,-74.0641943,29519,"Subscriber",1991,1
524,"2018-12-11 17:56:14.1790","2018-12-11 18:04:58.7970",3195,"Sip Ave",40.73074262530658,-74.06378388404846,3280,"Astor Place",40.71928220070702,-74.07126188278198,29505,"Subscriber",1983,1
665,"2018-12-11 17:57:46.7720","2018-12-11 18:08:52.5160",3195,"Sip Ave",40.73074262530658,-74.06378388404846,3210,"Pershing Field",40.742677141,-74.051788633,29277,"Subscriber",1955,2
258,"2018-12-11 18:00:46.0570","2018-12-11 18:05:04.5830",3195,"Sip Ave",40.73074262530658,-74.06378388404846,3194,"McGinley Square",40.7253399253558,-74.06762212514877,26287,"Subscriber",1991,1
247,"2018-12-11 18:06:25.8210","2018-12-11 18:10:33.7650",3195,"Sip Ave",40.73074262530658,-74.06378388404846,3194,"McGinley Square",40.7253399253558,-74.06762212514877,29665,"Subscriber",1980,1
232,"2018-12-11 18:06:36.2240","2018-12-11 18:10:28.9030",3195,"Sip Ave",40.73074262530658,-74.06378388404846,3194,"McGinley Square",40.7253399253558,-74.06762212514877,29283,"Subscriber",1972,1
286,"2018-12-11 18:10:01.2970","2018-12-11 18:14:48.2200",3195,"Sip Ave",40.73074262530658,-74.06378388404846,3194,"McGinley Square",40.7253399253558,-74.06762212514877,29520,"Subscriber",1970,1
432,"2018-12-11 18:20:08.9540","2018-12-11 18:27:20.9750",3195,"Sip Ave",40.73074262530658,-74.06378388404846,3193,"Lincoln Park",40.7246050998869,-74.07840594649315,29681,"Subscriber",1987,2
475,"2018-12-11 18:25:44.2310","2018-12-11 18:33:39.2950",3195,"Sip Ave",40.73074262530658,-74.06378388404846,3193,"Lincoln Park",40.7246050998869,-74.07840594649315,29493,"Subscriber",1992,1
270,"2018-12-11 18:29:16.8870","2018-12-11 18:33:46.9540",3195,"Sip Ave",40.73074262530658,-74.06378388404846,3225,"Baldwin at Montgomery",40.7236589,-74.0641943,26158,"Subscriber",1994,1
209,"2018-12-11 18:38:43.6890","2018-12-11 18:42:12.7510",3195,"Sip Ave",40.73074262530658,-74.06378388404846,3194,"McGinley Square",40.7253399253558,-74.06762212514877,29642,"Subscriber",1990,1
1304,"2018-12-11 18:38:59.7480","2018-12-11 19:00:44.2730",3195,"Sip Ave",40.73074262530658,-74.06378388404846,3694,"Jackson Square",40.71113,-74.0789,29641,"Subscriber",1994,1
392,"2018-12-11 18:43:33.7550","2018-12-11 18:50:06.1730",3195,"Sip Ave",40.73074262530658,-74.06378388404846,3679,"Bergen Ave",40.722103786686034,-74.07145500183105,29126,"Subscriber",1993,1
240,"2018-12-11 18:45:01.2750","2018-12-11 18:49:01.8210",3195,"Sip Ave",40.73074262530658,-74.06378388404846,3225,"Baldwin at Montgomery",40.7236589,-74.0641943,26300,"Subscriber",1986,2
234,"2018-12-11 18:46:32.1950","2018-12-11 18:50:26.8750",3195,"Sip Ave",40.73074262530658,-74.06378388404846,3225,"Baldwin at Montgomery",40.7236589,-74.0641943,29569,"Subscriber",1994,1
434,"2018-12-11 18:48:33.1820","2018-12-11 18:55:47.6570",3195,"Sip Ave",40.73074262530658,-74.06378388404846,3210,"Pershing Field",40.742677141,-74.051788633,29299,"Subscriber",1987,1
443,"2018-12-11 18:48:47.3930","2018-12-11 18:56:10.7640",3195,"Sip Ave",40.73074262530658,-74.06378388404846,3193,"Lincoln Park",40.7246050998869,-74.07840594649315,26188,"Subscriber",1974,1
409,"2018-12-11 18:53:36.9250","2018-12-11 19:00:26.0440",3195,"Sip Ave",40.73074262530658,-74.06378388404846,3679,"Bergen Ave",40.722103786686034,-74.07145500183105,26155,"Subscriber",1989,2
332,"2018-12-11 18:55:13.4580","2018-12-11 19:00:45.6520",3195,"Sip Ave",40.73074262530658,-74.06378388404846,3194,"McGinley Square",40.7253399253558,-74.06762212514877,29216,"Subscriber",1992,2
467,"2018-12-11 19:06:47.2920","2018-12-11 19:14:35.1400",3195,"Sip Ave",40.73074262530658,-74.06378388404846,3280,"Astor Place",40.71928220070702,-74.07126188278198,26183,"Subscriber",1982,2
943,"2018-12-11 19:06:54.2090","2018-12-11 19:22:38.0740",3195,"Sip Ave",40.73074262530658,-74.06378388404846,3679,"Bergen Ave",40.722103786686034,-74.07145500183105,29575,"Subscriber",1969,0
235,"2018-12-11 19:15:07.1540","2018-12-11 19:19:02.7570",3195,"Sip Ave",40.73074262530658,-74.06378388404846,3225,"Baldwin at Montgomery",40.7236589,-74.0641943,29217,"Subscriber",1986,1
353,"2018-12-11 19:22:41.8750","2018-12-11 19:28:35.7940",3195,"Sip Ave",40.73074262530658,-74.06378388404846,3678,"Fairmount Ave",40.72572613742557,-74.07195925712585,29442,"Subscriber",1983,2
165,"2018-12-11 19:33:20.6160","2018-12-11 19:36:05.8890",3195,"Sip Ave",40.73074262530658,-74.06378388404846,3194,"McGinley Square",40.7253399253558,-74.06762212514877,29271,"Subscriber",1993,1
347,"2018-12-11 19:33:52.1290","2018-12-11 19:39:39.9500",3195,"Sip Ave",40.73074262530658,-74.06378388404846,3678,"Fairmount Ave",40.72572613742557,-74.07195925712585,29664,"Subscriber",1985,1
185,"2018-12-11 19:42:02.9090","2018-12-11 19:45:08.7020",3195,"Sip Ave",40.73074262530658,-74.06378388404846,3194,"McGinley Square",40.7253399253558,-74.06762212514877,26268,"Subscriber",1977,2
515,"2018-12-11 20:00:31.8790","2018-12-11 20:09:07.2570",3195,"Sip Ave",40.73074262530658,-74.06378388404846,3225,"Baldwin at Montgomery",40.7236589,-74.0641943,26245,"Subscriber",1962,1
798,"2018-12-11 20:04:22.8220","2018-12-11 20:17:40.8630",3195,"Sip Ave",40.73074262530658,-74.06378388404846,3694,"Jackson Square",40.71113,-74.0789,26247,"Subscriber",1977,1
255,"2018-12-11 20:34:11.2350","2018-12-11 20:38:26.8180",3195,"Sip Ave",40.73074262530658,-74.06378388404846,3678,"Fairmount Ave",40.72572613742557,-74.07195925712585,29486,"Subscriber",1995,1
423,"2018-12-11 20:41:53.1440","2018-12-11 20:48:56.8450",3195,"Sip Ave",40.73074262530658,-74.06378388404846,3280,"Astor Place",40.71928220070702,-74.07126188278198,26171,"Customer",1986,1
424,"2018-12-11 21:05:52.7570","2018-12-11 21:12:57.7050",3195,"Sip Ave",40.73074262530658,-74.06378388404846,3212,"Christ Hospital",40.734785818,-74.050443636,29493,"Subscriber",1961,1
540,"2018-12-11 21:13:50.2970","2018-12-11 21:22:50.3550",3195,"Sip Ave",40.73074262530658,-74.06378388404846,3193,"Lincoln Park",40.7246050998869,-74.07840594649315,29277,"Customer",1981,1
301,"2018-12-11 21:53:19.8320","2018-12-11 21:58:21.1800",3195,"Sip Ave",40.73074262530658,-74.06378388404846,3280,"Astor Place",40.71928220070702,-74.07126188278198,26188,"Subscriber",1987,1
197,"2018-12-11 22:17:29.3940","2018-12-11 22:20:47.2380",3195,"Sip Ave",40.73074262530658,-74.06378388404846,3194,"McGinley Square",40.7253399253558,-74.06762212514877,29528,"Subscriber",1994,1
886,"2018-12-11 23:11:22.0780","2018-12-11 23:26:08.2550",3195,"Sip Ave",40.73074262530658,-74.06378388404846,3191,"Union St",40.7182113,-74.0836394,26187,"Subscriber",1962,1
395,"2018-12-12 06:36:52.8950","2018-12-12 06:43:28.8450",3195,"Sip Ave",40.73074262530658,-74.06378388404846,3679,"Bergen Ave",40.722103786686034,-74.07145500183105,29126,"Subscriber",1986,1
488,"2018-12-12 07:06:37.6290","2018-12-12 07:14:46.3020",3195,"Sip Ave",40.73074262530658,-74.06378388404846,3277,"Communipaw & Berry Lane",40.71435836870427,-74.06661093235016,26242,"Subscriber",1988,1
450,"2018-12-12 07:13:05.0000","2018-12-12 07:20:35.7130",3195,"Sip Ave",40.73074262530658,-74.06378388404846,3194,"McGinley Square",40.7253399253558,-74.06762212514877,26190,"Subscriber",1960,1
326,"2018-12-12 07:38:20.8440","2018-12-12 07:43:46.9230",3195,"Sip Ave",40.73074262530658,-74.06378388404846,3225,"Baldwin at Montgomery",40.7236589,-74.0641943,29553,"Subscriber",1988,1
387,"2018-12-12 07:38:39.0710","2018-12-12 07:45:06.3410",3195,"Sip Ave",40.73074262530658,-74.06378388404846,3280,"Astor Place",40.71928220070702,-74.07126188278198,29205,"Subscriber",1988,1
488,"2018-12-12 08:39:15.8080","2018-12-12 08:47:23.8460",3195,"Sip Ave",40.73074262530658,-74.06378388404846,3210,"Pershing Field",40.742677141,-74.051788633,29664,"Subscriber",1988,1
427,"2018-12-12 08:46:53.9670","2018-12-12 08:54:01.6590",3195,"Sip Ave",40.73074262530658,-74.06378388404846,3193,"Lincoln Park",40.7246050998869,-74.07840594649315,29616,"Subscriber",1994,2
334,"2018-12-12 12:22:03.9640","2018-12-12 12:27:38.3730",3195,"Sip Ave",40.73074262530658,-74.06378388404846,3679,"Bergen Ave",40.722103786686034,-74.07145500183105,29271,"Subscriber",1985,1
963,"2018-12-12 12:32:09.2950","2018-12-12 12:48:12.7950",3195,"Sip Ave",40.73074262530658,-74.06378388404846,3213,"Van Vorst Park",40.71848892,-74.047726625,29641,"Subscriber",1988,1
440,"2018-12-12 12:36:27.1320","2018-12-12 12:43:47.8900",3195,"Sip Ave",40.73074262530658,-74.06378388404846,3193,"Lincoln Park",40.7246050998869,-74.07840594649315,29605,"Subscriber",1991,2
422,"2018-12-12 13:31:43.1470","2018-12-12 13:38:45.6150",3195,"Sip Ave",40.73074262530658,-74.06378388404846,3280,"Astor Place",40.71928220070702,-74.07126188278198,29642,"Subscriber",1987,1
199,"2018-12-12 14:16:27.8310","2018-12-12 14:19:47.6020",3195,"Sip Ave",40.73074262530658,-74.06378388404846,3194,"McGinley Square",40.7253399253558,-74.06762212514877,29528,"Subscriber",1991,1
555,"2018-12-12 15:07:08.4200","2018-12-12 15:16:23.5220",3195,"Sip Ave",40.73074262530658,-74.06378388404846,3210,"Pershing Field",40.742677141,-74.051788633,29214,"Subscriber",1968,2
646,"2018-12-12 15:16:21.5030","2018-12-12 15:27:08.0500",3195,"Sip Ave",40.73074262530658,-74.06378388404846,3193,"Lincoln Park",40.7246050998869,-74.07840594649315,26224,"Subscriber",1984,2
372,"2018-12-12 15:19:21.8520","2018-12-12 15:25:33.8880",3195,"Sip Ave",40.73074262530658,-74.06378388404846,3220,"5 Corners Library",40.734961020009514,-74.0595030784607,29575,"Subscriber",1961,1
467,"2018-12-12 15:52:51.6080","2018-12-12 16:00:39.2600",3195,"Sip Ave",40.73074262530658,-74.06378388404846,3210,"Pershing Field",40.742677141,-74.051788633,29616,"Subscriber",1979,1
473,"2018-12-12 16:18:38.4930","2018-12-12 16:26:32.0200",3195,"Sip Ave",40.73074262530658,-74.06378388404846,3281,"Leonard Gordon Park",40.74590996631558,-74.0572714805603,29441,"Subscriber",1980,1
1538,"2018-12-12 16:32:09.4080","2018-12-12 16:57:47.9050",3195,"Sip Ave",40.73074262530658,-74.06378388404846,3679,"Bergen Ave",40.722103786686034,-74.07145500183105,29277,"Subscriber",1995,1
361,"2018-12-12 16:33:14.5960","2018-12-12 16:39:16.5920",3195,"Sip Ave",40.73074262530658,-74.06378388404846,3280,"Astor Place",40.71928220070702,-74.07126188278198,29642,"Subscriber",1983,1
673,"2018-12-12 16:44:06.7260","2018-12-12 16:55:19.9170",3195,"Sip Ave",40.73074262530658,-74.06378388404846,3191,"Union St",40.7182113,-74.0836394,29205,"Subscriber",1983,1
440,"2018-12-12 16:54:40.3510","2018-12-12 17:02:00.7920",3195,"Sip Ave",40.73074262530658,-74.06378388404846,3193,"Lincoln Park",40.7246050998869,-74.07840594649315,29526,"Subscriber",1991,2
515,"2018-12-12 17:02:18.6150","2018-12-12 17:10:54.1640",3195,"Sip Ave",40.73074262530658,-74.06378388404846,3280,"Astor Place",40.71928220070702,-74.07126188278198,29249,"Subscriber",1960,1
479,"2018-12-12 17:06:52.8130","2018-12-12 17:14:51.8570",3195,"Sip Ave",40.73074262530658,-74.06378388404846,3193,"Lincoln Park",40.7246050998869,-74.07840594649315,29577,"Subscriber",1987,1
853,"2018-12-12 17:19:34.4640","2018-12-12 17:33:48.1330",3195,"Sip Ave",40.73074262530658,-74.06378388404846,3199,"Newport Pkwy",40.7287448,-74.0321082,26288,"Subscriber",1984,1
384,"2018-12-12 17:32:26.9130","2018-12-12 17:38:51.3710",3195,"Sip Ave",40.73074262530658,-74.06378388404846,3210,"Pershing Field",40.742677141,-74.051788633,26161,"Subscriber",1987,1
482,"2018-12-12 17:33:25.9270","2018-12-12 17:41:28.1140",3195,"Sip Ave",40.73074262530658,-74.06378388404846,3193,"Lincoln Park",40.7246050998869,-74.07840594649315,29662,"Subscriber",1992,1
293,"2018-12-12 17:43:31.1840","2018-12-12 17:48:25.0210",3195,"Sip Ave",40.73074262530658,-74.06378388404846,3679,"Bergen Ave",40.722103786686034,-74.07145500183105,29476,"Subscriber",1984,1
429,"2018-12-12 17:56:26.1250","2018-12-12 18:03:35.3400",3195,"Sip Ave",40.73074262530658,-74.06378388404846,3280,"Astor Place",40.71928220070702,-74.07126188278198,29525,"Subscriber",1983,1
420,"2018-12-12 17:59:46.6680","2018-12-12 18:06:47.2030",3195,"Sip Ave",40.73074262530658,-74.06378388404846,3678,"Fairmount Ave",40.72572613742557,-74.07195925712585,29271,"Subscriber",1983,1
875,"2018-12-12 18:04:30.2960","2018-12-12 18:19:06.0070",3195,"Sip Ave",40.73074262530658,-74.06378388404846,3276,"Marin Light Rail",40.71458403535893,-74.04281705617905,29497,"Subscriber",1986,1
253,"2018-12-12 18:06:52.8760","2018-12-12 18:11:06.5510",3195,"Sip Ave",40.73074262530658,-74.06378388404846,3194,"McGinley Square",40.7253399253558,-74.06762212514877,29446,"Subscriber",1970,1
202,"2018-12-12 18:11:07.6420","2018-12-12 18:14:30.0470",3195,"Sip Ave",40.73074262530658,-74.06378388404846,3194,"McGinley Square",40.7253399253558,-74.06762212514877,26299,"Subscriber",1976,0
227,"2018-12-12 18:18:12.6270","2018-12-12 18:21:59.8010",3195,"Sip Ave",40.73074262530658,-74.06378388404846,3194,"McGinley Square",40.7253399253558,-74.06762212514877,29520,"Subscriber",1975,1
847,"2018-12-12 18:21:21.9190","2018-12-12 18:35:29.5090",3195,"Sip Ave",40.73074262530658,-74.06378388404846,3191,"Union St",40.7182113,-74.0836394,26187,"Subscriber",1971,2
237,"2018-12-12 18:28:32.9430","2018-12-12 18:32:30.1460",3195,"Sip Ave",40.73074262530658,-74.06378388404846,3194,"McGinley Square",40.7253399253558,-74.06762212514877,29668,"Subscriber",1972,1
221,"2018-12-12 18:37:26.1660","2018-12-12 18:41:07.7330",3195,"Sip Ave",40.73074262530658,-74.06378388404846,3194,"McGinley Square",40.7253399253558,-74.06762212514877,26174,"Subscriber",1977,1
792,"2018-12-12 18:37:48.6850","2018-12-12 18:51:01.3620",3195,"Sip Ave",40.73074262530658,-74.06378388404846,3191,"Union St",40.7182113,-74.0836394,26287,"Subscriber",1987,2
224,"2018-12-12 18:38:18.6070","2018-12-12 18:42:03.4040",3195,"Sip Ave",40.73074262530658,-74.06378388404846,3225,"Baldwin at Montgomery",40.7236589,-74.0641943,29578,"Subscriber",1994,1
436,"2018-12-12 18:38:45.5870","2018-12-12 18:46:02.4610",3195,"Sip Ave",40.73074262530658,-74.06378388404846,3193,"Lincoln Park",40.7246050998869,-74.07840594649315,29524,"Subscriber",1992,1
1376,"2018-12-12 18:39:03.2930","2018-12-12 19:01:59.3890",3195,"Sip Ave",40.73074262530658,-74.06378388404846,3678,"Fairmount Ave",40.72572613742557,-74.07195925712585,26175,"Subscriber",1995,1
249,"2018-12-12 18:39:57.9050","2018-12-12 18:44:07.8310",3195,"Sip Ave",40.73074262530658,-74.06378388404846,3225,"Baldwin at Montgomery",40.7236589,-74.0641943,29583,"Subscriber",1986,2
650,"2018-12-12 18:41:52.5930","2018-12-12 18:52:43.1710",3195,"Sip Ave",40.73074262530658,-74.06378388404846,3679,"Bergen Ave",40.722103786686034,-74.07145500183105,29482,"Subscriber",1969,0
353,"2018-12-12 18:48:59.0070","2018-12-12 18:54:52.8990",3195,"Sip Ave",40.73074262530658,-74.06378388404846,3193,"Lincoln Park",40.7246050998869,-74.07840594649315,26158,"Subscriber",1974,1
307,"2018-12-12 18:58:19.9760","2018-12-12 19:03:27.0970",3195,"Sip Ave",40.73074262530658,-74.06378388404846,3678,"Fairmount Ave",40.72572613742557,-74.07195925712585,29668,"Subscriber",1989,1
522,"2018-12-12 18:59:48.1120","2018-12-12 19:08:30.2740",3195,"Sip Ave",40.73074262530658,-74.06378388404846,3193,"Lincoln Park",40.7246050998869,-74.07840594649315,26213,"Subscriber",1980,1
973,"2018-12-12 19:00:56.4440","2018-12-12 19:17:09.7570",3195,"Sip Ave",40.73074262530658,-74.06378388404846,3694,"Jackson Square",40.71113,-74.0789,26190,"Subscriber",1994,1
396,"2018-12-12 19:05:39.2750","2018-12-12 19:12:16.0330",3195,"Sip Ave",40.73074262530658,-74.06378388404846,3280,"Astor Place",40.71928220070702,-74.07126188278198,29234,"Subscriber",1978,1
361,"2018-12-12 19:08:14.1990","2018-12-12 19:14:15.8790",3195,"Sip Ave",40.73074262530658,-74.06378388404846,3280,"Astor Place",40.71928220070702,-74.07126188278198,26161,"Subscriber",1994,1
240,"2018-12-12 19:11:21.7120","2018-12-12 19:15:22.4470",3195,"Sip Ave",40.73074262530658,-74.06378388404846,3225,"Baldwin at Montgomery",40.7236589,-74.0641943,26245,"Subscriber",1994,1
244,"2018-12-12 19:14:32.5070","2018-12-12 19:18:37.1320",3195,"Sip Ave",40.73074262530658,-74.06378388404846,3225,"Baldwin at Montgomery",40.7236589,-74.0641943,29582,"Subscriber",1991,1
437,"2018-12-12 19:17:54.4040","2018-12-12 19:25:12.3100",3195,"Sip Ave",40.73074262530658,-74.06378388404846,3677,"Glenwood Ave",40.72755146730012,-74.07106071710587,29486,"Subscriber",1986,1
205,"2018-12-12 19:26:02.6160","2018-12-12 19:29:27.7160",3195,"Sip Ave",40.73074262530658,-74.06378388404846,3194,"McGinley Square",40.7253399253558,-74.06762212514877,26243,"Subscriber",1980,1
220,"2018-12-12 19:29:12.4950","2018-12-12 19:32:52.6880",3195,"Sip Ave",40.73074262530658,-74.06378388404846,3225,"Baldwin at Montgomery",40.7236589,-74.0641943,29642,"Subscriber",1986,1
345,"2018-12-12 19:29:58.6780","2018-12-12 19:35:44.1600",3195,"Sip Ave",40.73074262530658,-74.06378388404846,3225,"Baldwin at Montgomery",40.7236589,-74.0641943,26170,"Subscriber",1962,1
158,"2018-12-12 19:39:51.1560","2018-12-12 19:42:29.9600",3195,"Sip Ave",40.73074262530658,-74.06378388404846,3194,"McGinley Square",40.7253399253558,-74.06762212514877,29498,"Subscriber",1977,2
788,"2018-12-12 19:58:02.8520","2018-12-12 20:11:10.9600",3195,"Sip Ave",40.73074262530658,-74.06378388404846,3694,"Jackson Square",40.71113,-74.0789,29681,"Subscriber",1977,1
714,"2018-12-12 19:59:19.2420","2018-12-12 20:11:13.8970",3195,"Sip Ave",40.73074262530658,-74.06378388404846,3198,"Heights Elevator",40.748715945380226,-74.04044330120087,29485,"Subscriber",1978,1
199,"2018-12-12 20:01:55.9800","2018-12-12 20:05:15.3590",3195,"Sip Ave",40.73074262530658,-74.06378388404846,3194,"McGinley Square",40.7253399253558,-74.06762212514877,29645,"Subscriber",1983,1
135,"2018-12-12 20:02:23.4230","2018-12-12 20:04:38.7320",3195,"Sip Ave",40.73074262530658,-74.06378388404846,3194,"McGinley Square",40.7253399253558,-74.06762212514877,29200,"Subscriber",1993,1
390,"2018-12-12 20:46:38.2630","2018-12-12 20:53:08.4190",3195,"Sip Ave",40.73074262530658,-74.06378388404846,3193,"Lincoln Park",40.7246050998869,-74.07840594649315,29548,"Subscriber",1990,2
269,"2018-12-12 22:02:35.1430","2018-12-12 22:07:05.1040",3195,"Sip Ave",40.73074262530658,-74.06378388404846,3194,"McGinley Square",40.7253399253558,-74.06762212514877,29641,"Subscriber",1986,1
213,"2018-12-12 22:16:42.3500","2018-12-12 22:20:15.4640",3195,"Sip Ave",40.73074262530658,-74.06378388404846,3194,"McGinley Square",40.7253399253558,-74.06762212514877,26223,"Subscriber",1994,1
421,"2018-12-13 07:25:16.7370","2018-12-13 07:32:18.7350",3195,"Sip Ave",40.73074262530658,-74.06378388404846,3194,"McGinley Square",40.7253399253558,-74.06762212514877,29577,"Subscriber",1960,1
327,"2018-12-13 07:37:12.4810","2018-12-13 07:42:40.1010",3195,"Sip Ave",40.73074262530658,-74.06378388404846,3225,"Baldwin at Montgomery",40.7236589,-74.0641943,26161,"Subscriber",1988,1
439,"2018-12-13 10:03:52.0440","2018-12-13 10:11:11.7150",3195,"Sip Ave",40.73074262530658,-74.06378388404846,3280,"Astor Place",40.71928220070702,-74.07126188278198,26200,"Subscriber",1987,1
484,"2018-12-13 11:29:00.6350","2018-12-13 11:37:04.8960",3195,"Sip Ave",40.73074262530658,-74.06378388404846,3203,"Hamilton Park",40.727595966,-74.044247311,29525,"Subscriber",1971,2
683,"2018-12-13 12:19:55.5770","2018-12-13 12:31:19.1940",3195,"Sip Ave",40.73074262530658,-74.06378388404846,3191,"Union St",40.7182113,-74.0836394,29298,"Customer",1992,1
360,"2018-12-13 12:36:36.5100","2018-12-13 12:42:37.2730",3195,"Sip Ave",40.73074262530658,-74.06378388404846,3209,"Brunswick St",40.7241765,-74.0506564,26193,"Subscriber",1986,1
558,"2018-12-13 12:38:27.8060","2018-12-13 12:47:46.7720",3195,"Sip Ave",40.73074262530658,-74.06378388404846,3210,"Pershing Field",40.742677141,-74.051788633,29668,"Subscriber",1988,1
323,"2018-12-13 14:42:45.3000","2018-12-13 14:48:08.8060",3195,"Sip Ave",40.73074262530658,-74.06378388404846,3220,"5 Corners Library",40.734961020009514,-74.0595030784607,29205,"Subscriber",1961,1
201,"2018-12-13 15:02:46.5750","2018-12-13 15:06:08.4230",3195,"Sip Ave",40.73074262530658,-74.06378388404846,3225,"Baldwin at Montgomery",40.7236589,-74.0641943,29575,"Subscriber",1966,1
857,"2018-12-13 15:14:54.6670","2018-12-13 15:29:12.6190",3195,"Sip Ave",40.73074262530658,-74.06378388404846,3210,"Pershing Field",40.742677141,-74.051788633,29249,"Subscriber",1979,2
210,"2018-12-13 16:01:52.3080","2018-12-13 16:05:22.4950",3195,"Sip Ave",40.73074262530658,-74.06378388404846,3225,"Baldwin at Montgomery",40.7236589,-74.0641943,26281,"Subscriber",1991,1
412,"2018-12-13 16:04:39.2370","2018-12-13 16:11:31.9330",3195,"Sip Ave",40.73074262530658,-74.06378388404846,3280,"Astor Place",40.71928220070702,-74.07126188278198,26299,"Subscriber",1976,1
151,"2018-12-13 16:11:39.1330","2018-12-13 16:14:10.4170",3195,"Sip Ave",40.73074262530658,-74.06378388404846,3206,"Hilltop",40.7311689,-74.0575736,29277,"Subscriber",1983,1
223,"2018-12-13 16:27:57.0570","2018-12-13 16:31:41.0430",3195,"Sip Ave",40.73074262530658,-74.06378388404846,3194,"McGinley Square",40.7253399253558,-74.06762212514877,29526,"Subscriber",1995,1
430,"2018-12-13 16:32:10.1220","2018-12-13 16:39:20.5000",3195,"Sip Ave",40.73074262530658,-74.06378388404846,3280,"Astor Place",40.71928220070702,-74.07126188278198,26174,"Subscriber",1983,1
454,"2018-12-13 16:34:21.2240","2018-12-13 16:41:55.8230",3195,"Sip Ave",40.73074262530658,-74.06378388404846,3210,"Pershing Field",40.742677141,-74.051788633,29448,"Subscriber",1979,1
524,"2018-12-13 16:47:49.9820","2018-12-13 16:56:34.6970",3195,"Sip Ave",40.73074262530658,-74.06378388404846,3280,"Astor Place",40.71928220070702,-74.07126188278198,29251,"Subscriber",1971,1
217,"2018-12-13 16:53:54.6400","2018-12-13 16:57:32.4390",3195,"Sip Ave",40.73074262530658,-74.06378388404846,3194,"McGinley Square",40.7253399253558,-74.06762212514877,29642,"Subscriber",1989,1
742,"2018-12-13 16:58:22.8240","2018-12-13 17:10:45.4650",3195,"Sip Ave",40.73074262530658,-74.06378388404846,3202,"Newport PATH",40.7272235,-74.0337589,26200,"Subscriber",1984,1
257,"2018-12-13 17:20:49.5890","2018-12-13 17:25:06.7080",3195,"Sip Ave",40.73074262530658,-74.06378388404846,3678,"Fairmount Ave",40.72572613742557,-74.07195925712585,29441,"Subscriber",1990,1
437,"2018-12-13 17:21:52.2010","2018-12-13 17:29:09.9790",3195,"Sip Ave",40.73074262530658,-74.06378388404846,3193,"Lincoln Park",40.7246050998869,-74.07840594649315,29635,"Subscriber",1991,2
248,"2018-12-13 17:32:59.2810","2018-12-13 17:37:07.7130",3195,"Sip Ave",40.73074262530658,-74.06378388404846,3194,"McGinley Square",40.7253399253558,-74.06762212514877,26155,"Subscriber",1989,2
483,"2018-12-13 17:37:42.6160","2018-12-13 17:45:46.2010",3195,"Sip Ave",40.73074262530658,-74.06378388404846,3210,"Pershing Field",40.742677141,-74.051788633,29476,"Subscriber",1987,1
713,"2018-12-13 17:41:49.6790","2018-12-13 17:53:42.7850",3195,"Sip Ave",40.73074262530658,-74.06378388404846,3280,"Astor Place",40.71928220070702,-74.07126188278198,29249,"Subscriber",1953,2
508,"2018-12-13 17:41:52.7680","2018-12-13 17:50:21.1610",3195,"Sip Ave",40.73074262530658,-74.06378388404846,3193,"Lincoln Park",40.7246050998869,-74.07840594649315,29577,"Subscriber",1987,1
216,"2018-12-13 17:43:39.5750","2018-12-13 17:47:16.0120",3195,"Sip Ave",40.73074262530658,-74.06378388404846,3194,"McGinley Square",40.7253399253558,-74.06762212514877,26304,"Subscriber",1966,1
624,"2018-12-13 17:49:34.5490","2018-12-13 17:59:59.0280",3195,"Sip Ave",40.73074262530658,-74.06378388404846,3280,"Astor Place",40.71928220070702,-74.07126188278198,29513,"Subscriber",1960,1
603,"2018-12-13 17:50:02.2100","2018-12-13 18:00:05.7110",3195,"Sip Ave",40.73074262530658,-74.06378388404846,3281,"Leonard Gordon Park",40.74590996631558,-74.0572714805603,29245,"Subscriber",1972,1
486,"2018-12-13 17:51:52.6130","2018-12-13 17:59:59.3410",3195,"Sip Ave",40.73074262530658,-74.06378388404846,3280,"Astor Place",40.71928220070702,-74.07126188278198,29662,"Subscriber",1983,1
479,"2018-12-13 17:54:26.0590","2018-12-13 18:02:25.5380",3195,"Sip Ave",40.73074262530658,-74.06378388404846,3193,"Lincoln Park",40.7246050998869,-74.07840594649315,29455,"Subscriber",1984,1
910,"2018-12-13 18:05:54.7730","2018-12-13 18:21:04.9290",3195,"Sip Ave",40.73074262530658,-74.06378388404846,3198,"Heights Elevator",40.748715945380226,-74.04044330120087,26171,"Subscriber",1992,1
200,"2018-12-13 18:06:07.1030","2018-12-13 18:09:27.4810",3195,"Sip Ave",40.73074262530658,-74.06378388404846,3194,"McGinley Square",40.7253399253558,-74.06762212514877,26151,"Subscriber",1972,1
270,"2018-12-13 18:08:24.5450","2018-12-13 18:12:55.4000",3195,"Sip Ave",40.73074262530658,-74.06378388404846,3194,"McGinley Square",40.7253399253558,-74.06762212514877,26243,"Subscriber",1970,1
263,"2018-12-13 18:20:05.8000","2018-12-13 18:24:29.2580",3195,"Sip Ave",40.73074262530658,-74.06378388404846,3194,"McGinley Square",40.7253399253558,-74.06762212514877,26175,"Subscriber",1991,1
427,"2018-12-13 18:21:23.5360","2018-12-13 18:28:30.7940",3195,"Sip Ave",40.73074262530658,-74.06378388404846,3678,"Fairmount Ave",40.72572613742557,-74.07195925712585,29271,"Subscriber",1983,1
191,"2018-12-13 18:22:19.4550","2018-12-13 18:25:30.8700",3195,"Sip Ave",40.73074262530658,-74.06378388404846,3194,"McGinley Square",40.7253399253558,-74.06762212514877,29200,"Subscriber",1975,1
524,"2018-12-13 18:27:31.8320","2018-12-13 18:36:16.5360",3195,"Sip Ave",40.73074262530658,-74.06378388404846,3193,"Lincoln Park",40.7246050998869,-74.07840594649315,29666,"Subscriber",1992,1
297,"2018-12-13 18:29:44.6640","2018-12-13 18:34:42.6310",3195,"Sip Ave",40.73074262530658,-74.06378388404846,3225,"Baldwin at Montgomery",40.7236589,-74.0641943,26309,"Subscriber",1986,1
211,"2018-12-13 18:30:34.7010","2018-12-13 18:34:05.8690",3195,"Sip Ave",40.73074262530658,-74.06378388404846,3194,"McGinley Square",40.7253399253558,-74.06762212514877,26190,"Subscriber",1973,1
383,"2018-12-13 18:35:14.0770","2018-12-13 18:41:37.6290",3195,"Sip Ave",40.73074262530658,-74.06378388404846,3679,"Bergen Ave",40.722103786686034,-74.07145500183105,29446,"Subscriber",1993,1
405,"2018-12-13 18:38:48.9370","2018-12-13 18:45:34.4910",3195,"Sip Ave",40.73074262530658,-74.06378388404846,3678,"Fairmount Ave",40.72572613742557,-74.07195925712585,29482,"Subscriber",1982,1
223,"2018-12-13 18:46:41.2760","2018-12-13 18:50:24.7140",3195,"Sip Ave",40.73074262530658,-74.06378388404846,3225,"Baldwin at Montgomery",40.7236589,-74.0641943,29498,"Subscriber",1994,1
1552,"2018-12-13 18:49:46.9580","2018-12-13 19:15:39.7960",3195,"Sip Ave",40.73074262530658,-74.06378388404846,3694,"Jackson Square",40.71113,-74.0789,29126,"Subscriber",1994,1
214,"2018-12-13 18:56:52.5300","2018-12-13 19:00:26.6280",3195,"Sip Ave",40.73074262530658,-74.06378388404846,3194,"McGinley Square",40.7253399253558,-74.06762212514877,26267,"Subscriber",1980,1
395,"2018-12-13 19:02:17.2820","2018-12-13 19:08:53.2230",3195,"Sip Ave",40.73074262530658,-74.06378388404846,3193,"Lincoln Park",40.7246050998869,-74.07840594649315,29210,"Subscriber",1974,1
357,"2018-12-13 19:05:10.1900","2018-12-13 19:11:07.6360",3195,"Sip Ave",40.73074262530658,-74.06378388404846,3679,"Bergen Ave",40.722103786686034,-74.07145500183105,29291,"Subscriber",1992,1
782,"2018-12-13 19:08:50.5670","2018-12-13 19:21:53.0820",3195,"Sip Ave",40.73074262530658,-74.06378388404846,3277,"Communipaw & Berry Lane",40.71435836870427,-74.06661093235016,29645,"Subscriber",1976,0
218,"2018-12-13 19:18:26.3780","2018-12-13 19:22:04.7810",3195,"Sip Ave",40.73074262530658,-74.06378388404846,3194,"McGinley Square",40.7253399253558,-74.06762212514877,29266,"Subscriber",1977,2
1529,"2018-12-13 19:24:43.2770","2018-12-13 19:50:13.1180",3195,"Sip Ave",40.73074262530658,-74.06378388404846,3678,"Fairmount Ave",40.72572613742557,-74.07195925712585,26158,"Subscriber",1995,1
505,"2018-12-13 19:28:41.0210","2018-12-13 19:37:06.9530",3195,"Sip Ave",40.73074262530658,-74.06378388404846,3280,"Astor Place",40.71928220070702,-74.07126188278198,26210,"Customer",1969,0
480,"2018-12-13 19:29:10.9340","2018-12-13 19:37:11.0510",3195,"Sip Ave",40.73074262530658,-74.06378388404846,3191,"Union St",40.7182113,-74.0836394,26273,"Subscriber",1988,1
336,"2018-12-13 19:33:17.9420","2018-12-13 19:38:54.4790",3195,"Sip Ave",40.73074262530658,-74.06378388404846,3225,"Baldwin at Montgomery",40.7236589,-74.0641943,29259,"Subscriber",1962,1
318,"2018-12-13 19:51:17.1670","2018-12-13 19:56:35.6360",3195,"Sip Ave",40.73074262530658,-74.06378388404846,3280,"Astor Place",40.71928220070702,-74.07126188278198,29603,"Subscriber",1987,1
763,"2018-12-13 19:53:22.7460","2018-12-13 20:06:06.0650",3195,"Sip Ave",40.73074262530658,-74.06378388404846,3694,"Jackson Square",40.71113,-74.0789,26155,"Subscriber",1977,1
177,"2018-12-13 20:34:18.8650","2018-12-13 20:37:15.8790",3195,"Sip Ave",40.73074262530658,-74.06378388404846,3194,"McGinley Square",40.7253399253558,-74.06762212514877,26158,"Subscriber",1988,2
391,"2018-12-13 20:34:50.0120","2018-12-13 20:41:21.0680",3195,"Sip Ave",40.73074262530658,-74.06378388404846,3280,"Astor Place",40.71928220070702,-74.07126188278198,29523,"Subscriber",1994,1
373,"2018-12-13 22:45:45.6200","2018-12-13 22:51:58.8930",3195,"Sip Ave",40.73074262530658,-74.06378388404846,3679,"Bergen Ave",40.722103786686034,-74.07145500183105,26271,"Subscriber",1983,2
264,"2018-12-13 22:45:45.4340","2018-12-13 22:50:10.1980",3195,"Sip Ave",40.73074262530658,-74.06378388404846,3678,"Fairmount Ave",40.72572613742557,-74.07195925712585,29266,"Subscriber",1990,1
386,"2018-12-14 05:20:32.2490","2018-12-14 05:26:59.1370",3195,"Sip Ave",40.73074262530658,-74.06378388404846,3193,"Lincoln Park",40.7246050998869,-74.07840594649315,29276,"Subscriber",1967,1
513,"2018-12-14 07:02:18.9640","2018-12-14 07:10:52.3200",3195,"Sip Ave",40.73074262530658,-74.06378388404846,3194,"McGinley Square",40.7253399253558,-74.06762212514877,26267,"Subscriber",1960,1
543,"2018-12-14 08:09:51.7590","2018-12-14 08:18:55.2950",3195,"Sip Ave",40.73074262530658,-74.06378388404846,3193,"Lincoln Park",40.7246050998869,-74.07840594649315,29575,"Subscriber",1983,1
208,"2018-12-14 09:08:45.8670","2018-12-14 09:12:13.9500",3195,"Sip Ave",40.73074262530658,-74.06378388404846,3677,"Glenwood Ave",40.72755146730012,-74.07106071710587,26190,"Subscriber",1994,2
381,"2018-12-14 10:30:46.2280","2018-12-14 10:37:07.9370",3195,"Sip Ave",40.73074262530658,-74.06378388404846,3678,"Fairmount Ave",40.72572613742557,-74.07195925712585,29551,"Subscriber",1968,1
341,"2018-12-14 10:39:46.1880","2018-12-14 10:45:28.0820",3195,"Sip Ave",40.73074262530658,-74.06378388404846,3193,"Lincoln Park",40.7246050998869,-74.07840594649315,29635,"Subscriber",1991,2
430,"2018-12-14 13:38:30.5990","2018-12-14 13:45:40.7570",3195,"Sip Ave",40.73074262530658,-74.06378388404846,3194,"McGinley Square",40.7253399253558,-74.06762212514877,29680,"Subscriber",2000,1
1079,"2018-12-14 13:44:16.2110","2018-12-14 14:02:15.5050",3195,"Sip Ave",40.73074262530658,-74.06378388404846,3681,"Grand St",40.71517767732029,-74.03768330812454,29642,"Subscriber",1988,1
405,"2018-12-14 15:00:08.5680","2018-12-14 15:06:54.0790",3195,"Sip Ave",40.73074262530658,-74.06378388404846,3210,"Pershing Field",40.742677141,-74.051788633,29446,"Subscriber",1987,1
320,"2018-12-14 15:01:18.0290","2018-12-14 15:06:38.9650",3195,"Sip Ave",40.73074262530658,-74.06378388404846,3225,"Baldwin at Montgomery",40.7236589,-74.0641943,26175,"Subscriber",1976,0
827,"2018-12-14 15:18:26.0330","2018-12-14 15:32:13.3680",3195,"Sip Ave",40.73074262530658,-74.06378388404846,3277,"Communipaw & Berry Lane",40.71435836870427,-74.06661093235016,29271,"Subscriber",1988,1
356,"2018-12-14 15:39:14.3570","2018-12-14 15:45:11.0670",3195,"Sip Ave",40.73074262530658,-74.06378388404846,3280,"Astor Place",40.71928220070702,-74.07126188278198,29607,"Subscriber",1983,1
471,"2018-12-14 15:44:34.7480","2018-12-14 15:52:26.6740",3195,"Sip Ave",40.73074262530658,-74.06378388404846,3280,"Astor Place",40.71928220070702,-74.07126188278198,29200,"Subscriber",1971,1
220,"2018-12-14 16:18:05.8640","2018-12-14 16:21:46.2940",3195,"Sip Ave",40.73074262530658,-74.06378388404846,3194,"McGinley Square",40.7253399253558,-74.06762212514877,26306,"Subscriber",1995,1
597,"2018-12-14 16:53:57.1750","2018-12-14 17:03:54.9730",3195,"Sip Ave",40.73074262530658,-74.06378388404846,3191,"Union St",40.7182113,-74.0836394,29520,"Subscriber",1983,1
843,"2018-12-14 17:16:39.7340","2018-12-14 17:30:43.7260",3195,"Sip Ave",40.73074262530658,-74.06378388404846,3199,"Newport Pkwy",40.7287448,-74.0321082,29500,"Subscriber",1984,1
462,"2018-12-14 17:33:08.6750","2018-12-14 17:40:51.3990",3195,"Sip Ave",40.73074262530658,-74.06378388404846,3210,"Pershing Field",40.742677141,-74.051788633,29441,"Subscriber",1984,1
556,"2018-12-14 17:35:28.3970","2018-12-14 17:44:44.8200",3195,"Sip Ave",40.73074262530658,-74.06378388404846,3193,"Lincoln Park",40.7246050998869,-74.07840594649315,26243,"Subscriber",1987,1
379,"2018-12-14 17:52:25.3350","2018-12-14 17:58:44.4250",3195,"Sip Ave",40.73074262530658,-74.06378388404846,3678,"Fairmount Ave",40.72572613742557,-74.07195925712585,26312,"Subscriber",1983,1
202,"2018-12-14 17:54:26.4900","2018-12-14 17:57:49.4130",3195,"Sip Ave",40.73074262530658,-74.06378388404846,3225,"Baldwin at Montgomery",40.7236589,-74.0641943,26151,"Subscriber",1994,1
459,"2018-12-14 18:00:11.2430","2018-12-14 18:07:50.7980",3195,"Sip Ave",40.73074262530658,-74.06378388404846,3280,"Astor Place",40.71928220070702,-74.07126188278198,29266,"Subscriber",1983,1
684,"2018-12-14 18:14:24.4370","2018-12-14 18:25:49.4050",3195,"Sip Ave",40.73074262530658,-74.06378388404846,3210,"Pershing Field",40.742677141,-74.051788633,29259,"Subscriber",1955,2
403,"2018-12-14 18:23:53.2870","2018-12-14 18:30:36.4820",3195,"Sip Ave",40.73074262530658,-74.06378388404846,3280,"Astor Place",40.71928220070702,-74.07126188278198,29642,"Subscriber",1978,1
313,"2018-12-14 18:28:30.4550","2018-12-14 18:33:44.4480",3195,"Sip Ave",40.73074262530658,-74.06378388404846,3194,"McGinley Square",40.7253399253558,-74.06762212514877,26183,"Subscriber",1991,1
349,"2018-12-14 18:32:17.7400","2018-12-14 18:38:07.6870",3195,"Sip Ave",40.73074262530658,-74.06378388404846,3193,"Lincoln Park",40.7246050998869,-74.07840594649315,26205,"Subscriber",1974,1
411,"2018-12-14 18:43:17.2150","2018-12-14 18:50:08.8020",3195,"Sip Ave",40.73074262530658,-74.06378388404846,3280,"Astor Place",40.71928220070702,-74.07126188278198,29482,"Subscriber",1994,1
887,"2018-12-14 18:59:41.8390","2018-12-14 19:14:29.2240",3195,"Sip Ave",40.73074262530658,-74.06378388404846,3679,"Bergen Ave",40.722103786686034,-74.07145500183105,29657,"Subscriber",1969,0
296,"2018-12-14 19:01:26.0260","2018-12-14 19:06:22.2540",3195,"Sip Ave",40.73074262530658,-74.06378388404846,3280,"Astor Place",40.71928220070702,-74.07126188278198,29551,"Subscriber",1987,1
181,"2018-12-14 19:04:34.7110","2018-12-14 19:07:36.4170",3195,"Sip Ave",40.73074262530658,-74.06378388404846,3220,"5 Corners Library",40.734961020009514,-74.0595030784607,29523,"Subscriber",1978,1
497,"2018-12-14 19:16:31.6070","2018-12-14 19:24:49.1820",3195,"Sip Ave",40.73074262530658,-74.06378388404846,3193,"Lincoln Park",40.7246050998869,-74.07840594649315,26271,"Subscriber",1980,1
214,"2018-12-14 19:26:10.9970","2018-12-14 19:29:45.4830",3195,"Sip Ave",40.73074262530658,-74.06378388404846,3194,"McGinley Square",40.7253399253558,-74.06762212514877,29641,"Subscriber",1977,1
245,"2018-12-14 19:48:08.2970","2018-12-14 19:52:13.4260",3195,"Sip Ave",40.73074262530658,-74.06378388404846,3225,"Baldwin at Montgomery",40.7236589,-74.0641943,29671,"Subscriber",1991,1
180,"2018-12-14 19:52:29.8610","2018-12-14 19:55:30.6570",3195,"Sip Ave",40.73074262530658,-74.06378388404846,3194,"McGinley Square",40.7253399253558,-74.06762212514877,26251,"Subscriber",1993,1
210,"2018-12-14 19:58:07.0220","2018-12-14 20:01:37.0240",3195,"Sip Ave",40.73074262530658,-74.06378388404846,3194,"McGinley Square",40.7253399253558,-74.06762212514877,26223,"Subscriber",1975,1
680,"2018-12-14 20:05:16.4460","2018-12-14 20:16:37.3930",3195,"Sip Ave",40.73074262530658,-74.06378388404846,3694,"Jackson Square",40.71113,-74.0789,29656,"Subscriber",1994,1
258,"2018-12-14 20:23:08.2490","2018-12-14 20:27:26.9540",3195,"Sip Ave",40.73074262530658,-74.06378388404846,3194,"McGinley Square",40.7253399253558,-74.06762212514877,26175,"Subscriber",1971,1
204,"2018-12-14 20:33:48.4870","2018-12-14 20:37:12.7680",3195,"Sip Ave",40.73074262530658,-74.06378388404846,3206,"Hilltop",40.7311689,-74.0575736,29550,"Subscriber",1965,1
180,"2018-12-14 20:37:32.9160","2018-12-14 20:40:33.4750",3195,"Sip Ave",40.73074262530658,-74.06378388404846,3194,"McGinley Square",40.7253399253558,-74.06762212514877,26251,"Subscriber",1977,2
332,"2018-12-14 20:59:10.7660","2018-12-14 21:04:43.1090",3195,"Sip Ave",40.73074262530658,-74.06378388404846,3225,"Baldwin at Montgomery",40.7236589,-74.0641943,29211,"Subscriber",1962,1
352,"2018-12-14 21:22:14.5100","2018-12-14 21:28:06.9620",3195,"Sip Ave",40.73074262530658,-74.06378388404846,3678,"Fairmount Ave",40.72572613742557,-74.07195925712585,29249,"Subscriber",1995,1
417,"2018-12-14 21:53:04.4680","2018-12-14 22:00:01.4730",3195,"Sip Ave",40.73074262530658,-74.06378388404846,3207,"Oakland Ave",40.7376037,-74.0524783,29546,"Subscriber",1988,1
211,"2018-12-14 22:41:18.9870","2018-12-14 22:44:50.8590",3195,"Sip Ave",40.73074262530658,-74.06378388404846,3194,"McGinley Square",40.7253399253558,-74.06762212514877,29526,"Subscriber",1980,1
829,"2018-12-14 23:16:13.7910","2018-12-14 23:30:02.9190",3195,"Sip Ave",40.73074262530658,-74.06378388404846,3191,"Union St",40.7182113,-74.0836394,29249,"Subscriber",1962,1
457,"2018-12-15 08:45:57.3180","2018-12-15 08:53:34.6470",3195,"Sip Ave",40.73074262530658,-74.06378388404846,3203,"Hamilton Park",40.727595966,-74.044247311,29294,"Subscriber",1971,2
214,"2018-12-15 08:52:03.2480","2018-12-15 08:55:37.2990",3195,"Sip Ave",40.73074262530658,-74.06378388404846,3677,"Glenwood Ave",40.72755146730012,-74.07106071710587,26183,"Subscriber",1994,2
252,"2018-12-15 10:54:44.7150","2018-12-15 10:58:57.0930",3195,"Sip Ave",40.73074262530658,-74.06378388404846,3225,"Baldwin at Montgomery",40.7236589,-74.0641943,26175,"Subscriber",1994,1
354,"2018-12-15 10:59:45.3920","2018-12-15 11:05:39.4660",3195,"Sip Ave",40.73074262530658,-74.06378388404846,3280,"Astor Place",40.71928220070702,-74.07126188278198,29441,"Subscriber",1987,1
484,"2018-12-15 11:11:51.5630","2018-12-15 11:19:56.1380",3195,"Sip Ave",40.73074262530658,-74.06378388404846,3212,"Christ Hospital",40.734785818,-74.050443636,29577,"Subscriber",1987,1
520,"2018-12-15 11:45:35.3220","2018-12-15 11:54:15.3680",3195,"Sip Ave",40.73074262530658,-74.06378388404846,3213,"Van Vorst Park",40.71848892,-74.047726625,26288,"Subscriber",1993,1
990,"2018-12-15 11:53:38.0580","2018-12-15 12:10:08.6630",3195,"Sip Ave",40.73074262530658,-74.06378388404846,3194,"McGinley Square",40.7253399253558,-74.06762212514877,29551,"Subscriber",1972,1
2866,"2018-12-15 14:21:07.6540","2018-12-15 15:08:54.6070",3195,"Sip Ave",40.73074262530658,-74.06378388404846,3195,"Sip Ave",40.73074262530658,-74.06378388404846,29607,"Subscriber",1989,1
616,"2018-12-15 14:22:02.6110","2018-12-15 14:32:19.2700",3195,"Sip Ave",40.73074262530658,-74.06378388404846,3193,"Lincoln Park",40.7246050998869,-74.07840594649315,29211,"Subscriber",1969,1
231,"2018-12-15 14:51:05.6350","2018-12-15 14:54:56.8150",3195,"Sip Ave",40.73074262530658,-74.06378388404846,3220,"5 Corners Library",40.734961020009514,-74.0595030784607,29587,"Subscriber",1961,1
358,"2018-12-15 14:51:25.2250","2018-12-15 14:57:24.1060",3195,"Sip Ave",40.73074262530658,-74.06378388404846,3193,"Lincoln Park",40.7246050998869,-74.07840594649315,29588,"Subscriber",1990,2
392,"2018-12-15 14:53:38.5460","2018-12-15 15:00:11.1390",3195,"Sip Ave",40.73074262530658,-74.06378388404846,3679,"Bergen Ave",40.722103786686034,-74.07145500183105,29641,"Subscriber",1983,2
626,"2018-12-15 15:08:55.5070","2018-12-15 15:19:21.7570",3195,"Sip Ave",40.73074262530658,-74.06378388404846,3196,"Riverview Park",40.7443187,-74.0439909,29441,"Subscriber",1978,1
396,"2018-12-15 15:11:32.4600","2018-12-15 15:18:08.9140",3195,"Sip Ave",40.73074262530658,-74.06378388404846,3269,"Brunswick & 6th",40.72601172964625,-74.05038893222809,26183,"Subscriber",1993,2
276,"2018-12-15 15:12:37.2220","2018-12-15 15:17:13.5020",3195,"Sip Ave",40.73074262530658,-74.06378388404846,3194,"McGinley Square",40.7253399253558,-74.06762212514877,26208,"Subscriber",1980,1
253,"2018-12-15 15:24:11.1950","2018-12-15 15:28:24.3260",3195,"Sip Ave",40.73074262530658,-74.06378388404846,3194,"McGinley Square",40.7253399253558,-74.06762212514877,29210,"Subscriber",1995,1
1177,"2018-12-15 15:46:26.5320","2018-12-15 16:06:04.3460",3195,"Sip Ave",40.73074262530658,-74.06378388404846,3183,"Exchange Place",40.7162469,-74.0334588,29608,"Subscriber",1984,1
234,"2018-12-15 16:09:35.9050","2018-12-15 16:13:30.6900",3195,"Sip Ave",40.73074262530658,-74.06378388404846,3678,"Fairmount Ave",40.72572613742557,-74.07195925712585,29448,"Subscriber",1981,1
595,"2018-12-15 16:17:48.9940","2018-12-15 16:27:44.4440",3195,"Sip Ave",40.73074262530658,-74.06378388404846,3210,"Pershing Field",40.742677141,-74.051788633,29224,"Subscriber",1988,1
169,"2018-12-15 16:44:52.4280","2018-12-15 16:47:42.3470",3195,"Sip Ave",40.73074262530658,-74.06378388404846,3194,"McGinley Square",40.7253399253558,-74.06762212514877,29603,"Subscriber",1973,1
728,"2018-12-15 16:47:55.8630","2018-12-15 17:00:04.4880",3195,"Sip Ave",40.73074262530658,-74.06378388404846,3199,"Newport Pkwy",40.7287448,-74.0321082,29277,"Subscriber",1984,1
356,"2018-12-15 16:59:36.2620","2018-12-15 17:05:32.3350",3195,"Sip Ave",40.73074262530658,-74.06378388404846,3209,"Brunswick St",40.7241765,-74.0506564,29207,"Subscriber",1986,1
163,"2018-12-15 17:42:39.5920","2018-12-15 17:45:22.6800",3195,"Sip Ave",40.73074262530658,-74.06378388404846,3640,"Journal Square",40.73367,-74.0625,26306,"Subscriber",1990,1
337,"2018-12-15 17:55:57.3810","2018-12-15 18:01:34.6190",3195,"Sip Ave",40.73074262530658,-74.06378388404846,3280,"Astor Place",40.71928220070702,-74.07126188278198,29607,"Subscriber",1994,1
1519,"2018-12-15 18:20:09.4340","2018-12-15 18:45:28.6920",3195,"Sip Ave",40.73074262530658,-74.06378388404846,3280,"Astor Place",40.71928220070702,-74.07126188278198,29662,"Subscriber",1953,2
1476,"2018-12-15 18:58:45.5610","2018-12-15 19:23:22.4060",3195,"Sip Ave",40.73074262530658,-74.06378388404846,3694,"Jackson Square",40.71113,-74.0789,26251,"Subscriber",1994,1
192,"2018-12-15 20:07:02.2070","2018-12-15 20:10:14.4880",3195,"Sip Ave",40.73074262530658,-74.06378388404846,3194,"McGinley Square",40.7253399253558,-74.06762212514877,26280,"Subscriber",1996,2
156,"2018-12-15 20:07:34.3660","2018-12-15 20:10:11.3380",3195,"Sip Ave",40.73074262530658,-74.06378388404846,3194,"McGinley Square",40.7253399253558,-74.06762212514877,29520,"Subscriber",1994,1
339,"2018-12-15 20:13:22.7720","2018-12-15 20:19:02.1340",3195,"Sip Ave",40.73074262530658,-74.06378388404846,3225,"Baldwin at Montgomery",40.7236589,-74.0641943,29257,"Subscriber",1962,1
274,"2018-12-15 21:28:56.8090","2018-12-15 21:33:31.5760",3195,"Sip Ave",40.73074262530658,-74.06378388404846,3206,"Hilltop",40.7311689,-74.0575736,29607,"Subscriber",1998,1
298,"2018-12-15 22:23:53.0180","2018-12-15 22:28:51.1160",3195,"Sip Ave",40.73074262530658,-74.06378388404846,3678,"Fairmount Ave",40.72572613742557,-74.07195925712585,29241,"Subscriber",1979,1
444,"2018-12-15 22:52:07.8040","2018-12-15 22:59:32.5740",3195,"Sip Ave",40.73074262530658,-74.06378388404846,3280,"Astor Place",40.71928220070702,-74.07126188278198,29241,"Subscriber",1960,1
208,"2018-12-16 01:40:45.6200","2018-12-16 01:44:14.3320",3195,"Sip Ave",40.73074262530658,-74.06378388404846,3225,"Baldwin at Montgomery",40.7236589,-74.0641943,29448,"Subscriber",1994,1
254,"2018-12-16 07:47:07.4090","2018-12-16 07:51:22.2620",3195,"Sip Ave",40.73074262530658,-74.06378388404846,3225,"Baldwin at Montgomery",40.7236589,-74.0641943,29679,"Subscriber",1988,1
188,"2018-12-16 08:58:12.6680","2018-12-16 09:01:20.8170",3195,"Sip Ave",40.73074262530658,-74.06378388404846,3677,"Glenwood Ave",40.72755146730012,-74.07106071710587,29262,"Subscriber",1994,2
177,"2018-12-16 09:29:44.2800","2018-12-16 09:32:42.0700",3195,"Sip Ave",40.73074262530658,-74.06378388404846,3194,"McGinley Square",40.7253399253558,-74.06762212514877,26306,"Subscriber",1986,1
235,"2018-12-16 11:04:06.9350","2018-12-16 11:08:01.9800",3195,"Sip Ave",40.73074262530658,-74.06378388404846,3194,"McGinley Square",40.7253399253558,-74.06762212514877,26280,"Subscriber",1991,2
256,"2018-12-16 12:55:37.2400","2018-12-16 12:59:54.1370",3195,"Sip Ave",40.73074262530658,-74.06378388404846,3220,"5 Corners Library",40.734961020009514,-74.0595030784607,29206,"Subscriber",1961,1
612,"2018-12-16 13:34:33.7580","2018-12-16 13:44:46.0540",3195,"Sip Ave",40.73074262530658,-74.06378388404846,3193,"Lincoln Park",40.7246050998869,-74.07840594649315,26243,"Subscriber",1969,1
321,"2018-12-16 13:53:27.2380","2018-12-16 13:58:49.1910",3195,"Sip Ave",40.73074262530658,-74.06378388404846,3280,"Astor Place",40.71928220070702,-74.07126188278198,29276,"Subscriber",1994,1
187,"2018-12-16 13:56:33.9300","2018-12-16 13:59:41.0180",3195,"Sip Ave",40.73074262530658,-74.06378388404846,3194,"McGinley Square",40.7253399253558,-74.06762212514877,29658,"Subscriber",1980,1
256,"2018-12-16 16:30:37.0500","2018-12-16 16:34:53.8500",3195,"Sip Ave",40.73074262530658,-74.06378388404846,3678,"Fairmount Ave",40.72572613742557,-74.07195925712585,29642,"Subscriber",1990,1
686,"2018-12-16 16:43:05.3380","2018-12-16 16:54:31.6040",3195,"Sip Ave",40.73074262530658,-74.06378388404846,3679,"Bergen Ave",40.722103786686034,-74.07145500183105,29221,"Subscriber",1969,0
1345,"2018-12-16 18:13:51.4240","2018-12-16 18:36:16.8020",3195,"Sip Ave",40.73074262530658,-74.06378388404846,3694,"Jackson Square",40.71113,-74.0789,29300,"Subscriber",1994,1
1706,"2018-12-17 00:49:23.6550","2018-12-17 01:17:49.7170",3195,"Sip Ave",40.73074262530658,-74.06378388404846,3210,"Pershing Field",40.742677141,-74.051788633,29642,"Subscriber",1995,2
386,"2018-12-17 07:29:08.0380","2018-12-17 07:35:34.4680",3195,"Sip Ave",40.73074262530658,-74.06378388404846,3679,"Bergen Ave",40.722103786686034,-74.07145500183105,29517,"Subscriber",1986,1
1256,"2018-12-17 07:45:44.1330","2018-12-17 08:06:40.3360",3195,"Sip Ave",40.73074262530658,-74.06378388404846,3225,"Baldwin at Montgomery",40.7236589,-74.0641943,29276,"Subscriber",1988,1
585,"2018-12-17 08:40:25.0870","2018-12-17 08:50:10.6820",3195,"Sip Ave",40.73074262530658,-74.06378388404846,3280,"Astor Place",40.71928220070702,-74.07126188278198,29472,"Subscriber",1984,1
905,"2018-12-17 08:53:00.8660","2018-12-17 09:08:06.5210",3195,"Sip Ave",40.73074262530658,-74.06378388404846,3214,"Essex Light Rail",40.7127742,-74.0364857,29262,"Subscriber",1981,1
214,"2018-12-17 08:58:25.3050","2018-12-17 09:01:59.3060",3195,"Sip Ave",40.73074262530658,-74.06378388404846,3677,"Glenwood Ave",40.72755146730012,-74.07106071710587,29455,"Subscriber",1994,2
575,"2018-12-17 09:38:17.0490","2018-12-17 09:47:52.6860",3195,"Sip Ave",40.73074262530658,-74.06378388404846,3210,"Pershing Field",40.742677141,-74.051788633,29220,"Subscriber",1988,1
584,"2018-12-17 12:09:21.3880","2018-12-17 12:19:05.7230",3195,"Sip Ave",40.73074262530658,-74.06378388404846,3212,"Christ Hospital",40.734785818,-74.050443636,29210,"Subscriber",1991,1
429,"2018-12-17 12:33:48.5250","2018-12-17 12:40:58.2660",3195,"Sip Ave",40.73074262530658,-74.06378388404846,3210,"Pershing Field",40.742677141,-74.051788633,29448,"Subscriber",1987,1
389,"2018-12-17 14:09:46.4400","2018-12-17 14:16:15.6120",3195,"Sip Ave",40.73074262530658,-74.06378388404846,3679,"Bergen Ave",40.722103786686034,-74.07145500183105,29657,"Subscriber",1996,2
211,"2018-12-17 15:01:00.1010","2018-12-17 15:04:31.6340",3195,"Sip Ave",40.73074262530658,-74.06378388404846,3225,"Baldwin at Montgomery",40.7236589,-74.0641943,29520,"Subscriber",1966,1
265,"2018-12-17 15:02:12.1730","2018-12-17 15:06:38.1510",3195,"Sip Ave",40.73074262530658,-74.06378388404846,3194,"McGinley Square",40.7253399253558,-74.06762212514877,26174,"Subscriber",1973,1
397,"2018-12-17 15:25:10.3030","2018-12-17 15:31:48.1740",3195,"Sip Ave",40.73074262530658,-74.06378388404846,3280,"Astor Place",40.71928220070702,-74.07126188278198,29614,"Subscriber",1983,1
441,"2018-12-17 15:33:50.2600","2018-12-17 15:41:11.4550",3195,"Sip Ave",40.73074262530658,-74.06378388404846,3280,"Astor Place",40.71928220070702,-74.07126188278198,29289,"Subscriber",1976,1
224,"2018-12-17 16:00:33.6420","2018-12-17 16:04:18.4160",3195,"Sip Ave",40.73074262530658,-74.06378388404846,3225,"Baldwin at Montgomery",40.7236589,-74.0641943,29448,"Subscriber",1991,1
715,"2018-12-17 16:30:20.3880","2018-12-17 16:42:16.0260",3195,"Sip Ave",40.73074262530658,-74.06378388404846,3199,"Newport Pkwy",40.7287448,-74.0321082,29472,"Subscriber",1984,1
432,"2018-12-17 16:35:18.4600","2018-12-17 16:42:30.6790",3195,"Sip Ave",40.73074262530658,-74.06378388404846,3193,"Lincoln Park",40.7246050998869,-74.07840594649315,26269,"Subscriber",1994,2
442,"2018-12-17 16:41:54.5670","2018-12-17 16:49:17.1920",3195,"Sip Ave",40.73074262530658,-74.06378388404846,3210,"Pershing Field",40.742677141,-74.051788633,29210,"Subscriber",1979,1
679,"2018-12-17 16:44:17.3760","2018-12-17 16:55:37.3520",3195,"Sip Ave",40.73074262530658,-74.06378388404846,3191,"Union St",40.7182113,-74.0836394,26292,"Subscriber",1983,1
333,"2018-12-17 16:54:15.7820","2018-12-17 16:59:49.4780",3195,"Sip Ave",40.73074262530658,-74.06378388404846,3679,"Bergen Ave",40.722103786686034,-74.07145500183105,29535,"Subscriber",1984,1
587,"2018-12-17 17:14:26.7110","2018-12-17 17:24:14.2820",3195,"Sip Ave",40.73074262530658,-74.06378388404846,3280,"Astor Place",40.71928220070702,-74.07126188278198,26306,"Subscriber",1960,1
479,"2018-12-17 17:14:39.0350","2018-12-17 17:22:38.2050",3195,"Sip Ave",40.73074262530658,-74.06378388404846,3280,"Astor Place",40.71928220070702,-74.07126188278198,29455,"Subscriber",1971,1
488,"2018-12-17 17:23:10.1230","2018-12-17 17:31:18.2020",3195,"Sip Ave",40.73074262530658,-74.06378388404846,3193,"Lincoln Park",40.7246050998869,-74.07840594649315,26193,"Subscriber",1987,1
549,"2018-12-17 17:43:33.7410","2018-12-17 17:52:42.9080",3195,"Sip Ave",40.73074262530658,-74.06378388404846,3210,"Pershing Field",40.742677141,-74.051788633,29247,"Subscriber",1984,1
429,"2018-12-17 17:50:32.8450","2018-12-17 17:57:42.0110",3195,"Sip Ave",40.73074262530658,-74.06378388404846,3212,"Christ Hospital",40.734785818,-74.050443636,29679,"Subscriber",1961,1
191,"2018-12-17 17:56:25.5370","2018-12-17 17:59:36.8050",3195,"Sip Ave",40.73074262530658,-74.06378388404846,3194,"McGinley Square",40.7253399253558,-74.06762212514877,29266,"Subscriber",1984,1
265,"2018-12-17 17:56:42.4280","2018-12-17 18:01:07.8530",3195,"Sip Ave",40.73074262530658,-74.06378388404846,3678,"Fairmount Ave",40.72572613742557,-74.07195925712585,29588,"Subscriber",1981,1
291,"2018-12-17 17:59:49.6500","2018-12-17 18:04:41.3260",3195,"Sip Ave",40.73074262530658,-74.06378388404846,3194,"McGinley Square",40.7253399253558,-74.06762212514877,26280,"Subscriber",1970,1
297,"2018-12-17 18:07:48.9620","2018-12-17 18:12:46.7550",3195,"Sip Ave",40.73074262530658,-74.06378388404846,3194,"McGinley Square",40.7253399253558,-74.06762212514877,26243,"Subscriber",1983,1
250,"2018-12-17 18:10:08.6120","2018-12-17 18:14:19.1960",3195,"Sip Ave",40.73074262530658,-74.06378388404846,3194,"McGinley Square",40.7253399253558,-74.06762212514877,29535,"Subscriber",1980,1
405,"2018-12-17 18:13:18.6220","2018-12-17 18:20:03.9910",3195,"Sip Ave",40.73074262530658,-74.06378388404846,3280,"Astor Place",40.71928220070702,-74.07126188278198,29534,"Subscriber",1978,1
307,"2018-12-17 18:13:43.6120","2018-12-17 18:18:51.5270",3195,"Sip Ave",40.73074262530658,-74.06378388404846,3225,"Baldwin at Montgomery",40.7236589,-74.0641943,26173,"Subscriber",1994,1
443,"2018-12-17 18:21:48.0020","2018-12-17 18:29:11.6530",3195,"Sip Ave",40.73074262530658,-74.06378388404846,3280,"Astor Place",40.71928220070702,-74.07126188278198,26223,"Subscriber",1983,1
468,"2018-12-17 18:22:21.2040","2018-12-17 18:30:09.9510",3195,"Sip Ave",40.73074262530658,-74.06378388404846,3193,"Lincoln Park",40.7246050998869,-74.07840594649315,26174,"Subscriber",1974,1
259,"2018-12-17 18:30:54.9520","2018-12-17 18:35:14.8060",3195,"Sip Ave",40.73074262530658,-74.06378388404846,3194,"McGinley Square",40.7253399253558,-74.06762212514877,29575,"Subscriber",1972,1
336,"2018-12-17 18:44:40.0490","2018-12-17 18:50:16.4900",3195,"Sip Ave",40.73074262530658,-74.06378388404846,3679,"Bergen Ave",40.722103786686034,-74.07145500183105,29268,"Subscriber",1993,1
216,"2018-12-17 18:51:38.7500","2018-12-17 18:55:14.9140",3195,"Sip Ave",40.73074262530658,-74.06378388404846,3194,"McGinley Square",40.7253399253558,-74.06762212514877,29486,"Subscriber",1977,1
306,"2018-12-17 18:58:50.8590","2018-12-17 19:03:57.1940",3195,"Sip Ave",40.73074262530658,-74.06378388404846,3678,"Fairmount Ave",40.72572613742557,-74.07195925712585,29517,"Subscriber",1978,1
422,"2018-12-17 19:02:00.0680","2018-12-17 19:09:02.3300",3195,"Sip Ave",40.73074262530658,-74.06378388404846,3679,"Bergen Ave",40.722103786686034,-74.07145500183105,26280,"Subscriber",1969,0
989,"2018-12-17 19:08:27.4200","2018-12-17 19:24:57.3210",3195,"Sip Ave",40.73074262530658,-74.06378388404846,3191,"Union St",40.7182113,-74.0836394,29657,"Customer",1992,1
499,"2018-12-17 19:20:59.1210","2018-12-17 19:29:18.6290",3195,"Sip Ave",40.73074262530658,-74.06378388404846,3193,"Lincoln Park",40.7246050998869,-74.07840594649315,29211,"Subscriber",1980,1
410,"2018-12-17 19:26:00.8680","2018-12-17 19:32:51.3910",3195,"Sip Ave",40.73074262530658,-74.06378388404846,3679,"Bergen Ave",40.722103786686034,-74.07145500183105,29258,"Subscriber",1983,1
241,"2018-12-17 19:28:44.2690","2018-12-17 19:32:45.6890",3195,"Sip Ave",40.73074262530658,-74.06378388404846,3225,"Baldwin at Montgomery",40.7236589,-74.0641943,29241,"Subscriber",1986,2
152,"2018-12-17 19:29:42.9970","2018-12-17 19:32:15.4510",3195,"Sip Ave",40.73074262530658,-74.06378388404846,3194,"McGinley Square",40.7253399253558,-74.06762212514877,29218,"Subscriber",1993,1
316,"2018-12-17 19:31:18.7250","2018-12-17 19:36:35.3220",3195,"Sip Ave",40.73074262530658,-74.06378388404846,3678,"Fairmount Ave",40.72572613742557,-74.07195925712585,29290,"Subscriber",1989,1
341,"2018-12-17 19:33:13.6410","2018-12-17 19:38:55.4690",3195,"Sip Ave",40.73074262530658,-74.06378388404846,3225,"Baldwin at Montgomery",40.7236589,-74.0641943,29528,"Subscriber",1962,1
930,"2018-12-17 19:34:17.9480","2018-12-17 19:49:48.2570",3195,"Sip Ave",40.73074262530658,-74.06378388404846,3694,"Jackson Square",40.71113,-74.0789,29221,"Subscriber",1994,1
423,"2018-12-17 19:35:25.3630","2018-12-17 19:42:28.4950",3195,"Sip Ave",40.73074262530658,-74.06378388404846,3212,"Christ Hospital",40.734785818,-74.050443636,29658,"Subscriber",1989,2
228,"2018-12-17 19:36:44.8100","2018-12-17 19:40:33.2350",3195,"Sip Ave",40.73074262530658,-74.06378388404846,3225,"Baldwin at Montgomery",40.7236589,-74.0641943,29490,"Subscriber",1994,1
506,"2018-12-17 19:45:10.6540","2018-12-17 19:53:37.0350",3195,"Sip Ave",40.73074262530658,-74.06378388404846,3193,"Lincoln Park",40.7246050998869,-74.07840594649315,29434,"Subscriber",1986,2
729,"2018-12-17 19:46:37.7910","2018-12-17 19:58:47.6460",3195,"Sip Ave",40.73074262530658,-74.06378388404846,3198,"Heights Elevator",40.748715945380226,-74.04044330120087,29677,"Subscriber",1978,1
279,"2018-12-17 19:49:08.8120","2018-12-17 19:53:48.7640",3195,"Sip Ave",40.73074262530658,-74.06378388404846,3678,"Fairmount Ave",40.72572613742557,-74.07195925712585,26217,"Subscriber",1995,1
276,"2018-12-17 20:22:02.0280","2018-12-17 20:26:38.3340",3195,"Sip Ave",40.73074262530658,-74.06378388404846,3194,"McGinley Square",40.7253399253558,-74.06762212514877,29603,"Subscriber",1996,2
336,"2018-12-17 20:42:28.3780","2018-12-17 20:48:04.4160",3195,"Sip Ave",40.73074262530658,-74.06378388404846,3679,"Bergen Ave",40.722103786686034,-74.07145500183105,29495,"Subscriber",1972,1
355,"2018-12-17 20:51:55.9510","2018-12-17 20:57:51.7990",3195,"Sip Ave",40.73074262530658,-74.06378388404846,3193,"Lincoln Park",40.7246050998869,-74.07840594649315,26261,"Subscriber",1990,2
349,"2018-12-17 22:49:53.3110","2018-12-17 22:55:43.2570",3195,"Sip Ave",40.73074262530658,-74.06378388404846,3280,"Astor Place",40.71928220070702,-74.07126188278198,29642,"Subscriber",1988,1
418,"2018-12-18 06:53:47.2790","2018-12-18 07:00:45.6470",3195,"Sip Ave",40.73074262530658,-74.06378388404846,3194,"McGinley Square",40.7253399253558,-74.06762212514877,29551,"Subscriber",1960,1
763,"2018-12-18 07:41:34.0350","2018-12-18 07:54:17.6150",3195,"Sip Ave",40.73074262530658,-74.06378388404846,3225,"Baldwin at Montgomery",40.7236589,-74.0641943,29289,"Subscriber",1988,1
929,"2018-12-18 07:59:34.0290","2018-12-18 08:15:03.2020",3195,"Sip Ave",40.73074262530658,-74.06378388404846,3277,"Communipaw & Berry Lane",40.71435836870427,-74.06661093235016,26267,"Subscriber",1988,1
240,"2018-12-18 08:40:57.5690","2018-12-18 08:44:58.0420",3195,"Sip Ave",40.73074262530658,-74.06378388404846,3677,"Glenwood Ave",40.72755146730012,-74.07106071710587,26193,"Subscriber",1994,2
339,"2018-12-18 09:25:29.4120","2018-12-18 09:31:09.2030",3195,"Sip Ave",40.73074262530658,-74.06378388404846,3677,"Glenwood Ave",40.72755146730012,-74.07106071710587,29272,"Subscriber",1960,1
497,"2018-12-18 11:06:50.9480","2018-12-18 11:15:08.6010",3195,"Sip Ave",40.73074262530658,-74.06378388404846,3210,"Pershing Field",40.742677141,-74.051788633,29521,"Subscriber",1988,1
400,"2018-12-18 11:12:20.1560","2018-12-18 11:19:00.5340",3195,"Sip Ave",40.73074262530658,-74.06378388404846,3193,"Lincoln Park",40.7246050998869,-74.07840594649315,29588,"Subscriber",1990,2
20908,"2018-12-18 11:41:59.3280","2018-12-18 17:30:27.9600",3195,"Sip Ave",40.73074262530658,-74.06378388404846,3203,"Hamilton Park",40.727595966,-74.044247311,29582,"Subscriber",1971,2
217,"2018-12-18 11:54:30.4280","2018-12-18 11:58:07.8790",3195,"Sip Ave",40.73074262530658,-74.06378388404846,3677,"Glenwood Ave",40.72755146730012,-74.07106071710587,29272,"Customer",1980,1
231,"2018-12-18 14:19:49.4540","2018-12-18 14:23:40.9800",3195,"Sip Ave",40.73074262530658,-74.06378388404846,3194,"McGinley Square",40.7253399253558,-74.06762212514877,26193,"Subscriber",1968,1
521,"2018-12-18 14:24:23.7540","2018-12-18 14:33:05.2550",3195,"Sip Ave",40.73074262530658,-74.06378388404846,3210,"Pershing Field",40.742677141,-74.051788633,29259,"Subscriber",1979,1
428,"2018-12-18 14:36:03.5010","2018-12-18 14:43:12.0700",3195,"Sip Ave",40.73074262530658,-74.06378388404846,3212,"Christ Hospital",40.734785818,-74.050443636,29233,"Subscriber",1995,1
317,"2018-12-18 14:44:41.7690","2018-12-18 14:49:59.7310",3195,"Sip Ave",40.73074262530658,-74.06378388404846,3220,"5 Corners Library",40.734961020009514,-74.0595030784607,26299,"Subscriber",1961,1
438,"2018-12-18 15:01:26.0170","2018-12-18 15:08:44.4400",3195,"Sip Ave",40.73074262530658,-74.06378388404846,3193,"Lincoln Park",40.7246050998869,-74.07840594649315,26217,"Subscriber",1991,2
242,"2018-12-18 15:17:58.3610","2018-12-18 15:22:00.8920",3195,"Sip Ave",40.73074262530658,-74.06378388404846,3194,"McGinley Square",40.7253399253558,-74.06762212514877,29642,"Subscriber",1973,1
489,"2018-12-18 15:23:34.1170","2018-12-18 15:31:43.8130",3195,"Sip Ave",40.73074262530658,-74.06378388404846,3280,"Astor Place",40.71928220070702,-74.07126188278198,29218,"Subscriber",1976,1
659,"2018-12-18 15:51:21.2250","2018-12-18 16:02:21.2040",3195,"Sip Ave",40.73074262530658,-74.06378388404846,3199,"Newport Pkwy",40.7287448,-74.0321082,29517,"Subscriber",1984,1
199,"2018-12-18 16:40:23.3220","2018-12-18 16:43:43.0770",3195,"Sip Ave",40.73074262530658,-74.06378388404846,3194,"McGinley Square",40.7253399253558,-74.06762212514877,29455,"Subscriber",1977,1
259,"2018-12-18 17:03:08.9390","2018-12-18 17:07:28.8640",3195,"Sip Ave",40.73074262530658,-74.06378388404846,3194,"McGinley Square",40.7253399253558,-74.06762212514877,29258,"Subscriber",1989,1
316,"2018-12-18 17:07:18.2940","2018-12-18 17:12:34.9780",3195,"Sip Ave",40.73074262530658,-74.06378388404846,3269,"Brunswick & 6th",40.72601172964625,-74.05038893222809,29468,"Subscriber",1983,1
237,"2018-12-18 17:21:26.4360","2018-12-18 17:25:24.2540",3195,"Sip Ave",40.73074262530658,-74.06378388404846,3194,"McGinley Square",40.7253399253558,-74.06762212514877,29575,"Subscriber",1995,1
304,"2018-12-18 17:29:22.4190","2018-12-18 17:34:26.8570",3195,"Sip Ave",40.73074262530658,-74.06378388404846,3679,"Bergen Ave",40.722103786686034,-74.07145500183105,26155,"Subscriber",1983,1
241,"2018-12-18 17:34:26.3030","2018-12-18 17:38:27.8070",3195,"Sip Ave",40.73074262530658,-74.06378388404846,3194,"McGinley Square",40.7253399253558,-74.06762212514877,29211,"Subscriber",1977,1
198,"2018-12-18 17:41:57.6690","2018-12-18 17:45:16.2620",3195,"Sip Ave",40.73074262530658,-74.06378388404846,3194,"McGinley Square",40.7253399253558,-74.06762212514877,29289,"Subscriber",1972,1
387,"2018-12-18 17:44:23.9910","2018-12-18 17:50:51.4590",3195,"Sip Ave",40.73074262530658,-74.06378388404846,3280,"Astor Place",40.71928220070702,-74.07126188278198,29233,"Subscriber",1994,1
288,"2018-12-18 17:45:04.6480","2018-12-18 17:49:52.7970",3195,"Sip Ave",40.73074262530658,-74.06378388404846,3194,"McGinley Square",40.7253399253558,-74.06762212514877,29486,"Subscriber",1966,1
213,"2018-12-18 17:48:15.6570","2018-12-18 17:51:48.6990",3195,"Sip Ave",40.73074262530658,-74.06378388404846,3225,"Baldwin at Montgomery",40.7236589,-74.0641943,29218,"Subscriber",1991,1
580,"2018-12-18 17:51:49.4910","2018-12-18 18:01:30.4360",3195,"Sip Ave",40.73074262530658,-74.06378388404846,3210,"Pershing Field",40.742677141,-74.051788633,29272,"Subscriber",1975,1
311,"2018-12-18 18:00:56.0390","2018-12-18 18:06:07.3620",3195,"Sip Ave",40.73074262530658,-74.06378388404846,3194,"McGinley Square",40.7253399253558,-74.06762212514877,29458,"Subscriber",1991,1
532,"2018-12-18 18:07:02.7160","2018-12-18 18:15:55.2260",3195,"Sip Ave",40.73074262530658,-74.06378388404846,3210,"Pershing Field",40.742677141,-74.051788633,29278,"Subscriber",1987,1
443,"2018-12-18 18:11:36.0550","2018-12-18 18:18:59.1980",3195,"Sip Ave",40.73074262530658,-74.06378388404846,3280,"Astor Place",40.71928220070702,-74.07126188278198,29266,"Subscriber",1960,1
457,"2018-12-18 18:18:15.8970","2018-12-18 18:25:53.7560",3195,"Sip Ave",40.73074262530658,-74.06378388404846,3193,"Lincoln Park",40.7246050998869,-74.07840594649315,29534,"Subscriber",1985,1
262,"2018-12-18 18:18:21.5580","2018-12-18 18:22:43.9950",3195,"Sip Ave",40.73074262530658,-74.06378388404846,3225,"Baldwin at Montgomery",40.7236589,-74.0641943,26174,"Subscriber",1986,1
445,"2018-12-18 18:23:55.3760","2018-12-18 18:31:20.3920",3195,"Sip Ave",40.73074262530658,-74.06378388404846,3280,"Astor Place",40.71928220070702,-74.07126188278198,26306,"Subscriber",1983,1
529,"2018-12-18 18:25:13.3800","2018-12-18 18:34:02.9670",3195,"Sip Ave",40.73074262530658,-74.06378388404846,3193,"Lincoln Park",40.7246050998869,-74.07840594649315,29679,"Subscriber",1992,1
333,"2018-12-18 18:25:48.1310","2018-12-18 18:31:21.2020",3195,"Sip Ave",40.73074262530658,-74.06378388404846,3679,"Bergen Ave",40.722103786686034,-74.07145500183105,29300,"Subscriber",1993,1
400,"2018-12-18 18:31:18.8750","2018-12-18 18:37:59.8330",3195,"Sip Ave",40.73074262530658,-74.06378388404846,3678,"Fairmount Ave",40.72572613742557,-74.07195925712585,29547,"Subscriber",1979,1
377,"2018-12-18 18:40:29.5400","2018-12-18 18:46:46.5500",3195,"Sip Ave",40.73074262530658,-74.06378388404846,3207,"Oakland Ave",40.7376037,-74.0524783,29298,"Subscriber",1994,1
864,"2018-12-18 18:56:48.8560","2018-12-18 19:11:13.2880",3195,"Sip Ave",40.73074262530658,-74.06378388404846,3225,"Baldwin at Montgomery",40.7236589,-74.0641943,29618,"Subscriber",1986,1
405,"2018-12-18 19:02:05.7110","2018-12-18 19:08:50.7800",3195,"Sip Ave",40.73074262530658,-74.06378388404846,3272,"Jersey & 3rd",40.72333158646436,-74.04595255851744,29495,"Subscriber",1993,1
200,"2018-12-18 19:12:32.3320","2018-12-18 19:15:52.9480",3195,"Sip Ave",40.73074262530658,-74.06378388404846,3194,"McGinley Square",40.7253399253558,-74.06762212514877,29603,"Subscriber",1996,2
664,"2018-12-18 19:14:30.1560","2018-12-18 19:25:34.8700",3195,"Sip Ave",40.73074262530658,-74.06378388404846,3198,"Heights Elevator",40.748715945380226,-74.04044330120087,29290,"Subscriber",1978,1
612,"2018-12-18 19:24:21.7300","2018-12-18 19:34:33.7800",3195,"Sip Ave",40.73074262530658,-74.06378388404846,3193,"Lincoln Park",40.7246050998869,-74.07840594649315,29550,"Subscriber",1986,2
219,"2018-12-18 19:24:45.2750","2018-12-18 19:28:25.1500",3195,"Sip Ave",40.73074262530658,-74.06378388404846,3194,"McGinley Square",40.7253399253558,-74.06762212514877,26266,"Subscriber",1980,1
1259,"2018-12-18 19:25:03.1680","2018-12-18 19:46:02.9370",3195,"Sip Ave",40.73074262530658,-74.06378388404846,3694,"Jackson Square",40.71113,-74.0789,29258,"Subscriber",1994,1
395,"2018-12-18 19:25:53.5610","2018-12-18 19:32:29.5450",3195,"Sip Ave",40.73074262530658,-74.06378388404846,3678,"Fairmount Ave",40.72572613742557,-74.07195925712585,26261,"Subscriber",1985,1
392,"2018-12-18 19:29:45.1860","2018-12-18 19:36:17.7250",3195,"Sip Ave",40.73074262530658,-74.06378388404846,3212,"Christ Hospital",40.734785818,-74.050443636,29530,"Subscriber",1961,1
347,"2018-12-18 19:35:11.4150","2018-12-18 19:40:59.1520",3195,"Sip Ave",40.73074262530658,-74.06378388404846,3225,"Baldwin at Montgomery",40.7236589,-74.0641943,29551,"Subscriber",1962,1
155,"2018-12-18 19:37:41.8160","2018-12-18 19:40:16.8360",3195,"Sip Ave",40.73074262530658,-74.06378388404846,3194,"McGinley Square",40.7253399253558,-74.06762212514877,29268,"Subscriber",1993,1
763,"2018-12-18 20:13:27.3350","2018-12-18 20:26:11.2490",3195,"Sip Ave",40.73074262530658,-74.06378388404846,3694,"Jackson Square",40.71113,-74.0789,26220,"Subscriber",1977,1
249,"2018-12-18 20:43:07.9210","2018-12-18 20:47:17.4440",3195,"Sip Ave",40.73074262530658,-74.06378388404846,3280,"Astor Place",40.71928220070702,-74.07126188278198,29259,"Subscriber",1987,1
259,"2018-12-18 20:44:12.4970","2018-12-18 20:48:32.4540",3195,"Sip Ave",40.73074262530658,-74.06378388404846,3678,"Fairmount Ave",40.72572613742557,-74.07195925712585,29663,"Subscriber",1990,1
312,"2018-12-18 21:15:43.3680","2018-12-18 21:20:55.6760",3195,"Sip Ave",40.73074262530658,-74.06378388404846,3679,"Bergen Ave",40.722103786686034,-74.07145500183105,29260,"Subscriber",1983,1
222,"2018-12-18 21:25:37.3270","2018-12-18 21:29:19.7120",3195,"Sip Ave",40.73074262530658,-74.06378388404846,3225,"Baldwin at Montgomery",40.7236589,-74.0641943,29230,"Subscriber",1994,1
432,"2018-12-18 21:34:24.9700","2018-12-18 21:41:37.6090",3195,"Sip Ave",40.73074262530658,-74.06378388404846,3207,"Oakland Ave",40.7376037,-74.0524783,26179,"Subscriber",1994,1
623,"2018-12-18 22:08:46.5580","2018-12-18 22:19:09.8780",3195,"Sip Ave",40.73074262530658,-74.06378388404846,3191,"Union St",40.7182113,-74.0836394,26161,"Subscriber",1983,1
628,"2018-12-18 22:14:53.2940","2018-12-18 22:25:21.5950",3195,"Sip Ave",40.73074262530658,-74.06378388404846,3193,"Lincoln Park",40.7246050998869,-74.07840594649315,29448,"Subscriber",1969,1
723,"2018-12-18 22:17:51.9150","2018-12-18 22:29:55.1430",3195,"Sip Ave",40.73074262530658,-74.06378388404846,3198,"Heights Elevator",40.748715945380226,-74.04044330120087,29594,"Subscriber",1982,1
239,"2018-12-18 22:32:01.4420","2018-12-18 22:36:01.0120",3195,"Sip Ave",40.73074262530658,-74.06378388404846,3225,"Baldwin at Montgomery",40.7236589,-74.0641943,29605,"Subscriber",1986,2
186,"2018-12-18 22:46:50.9710","2018-12-18 22:49:57.7590",3195,"Sip Ave",40.73074262530658,-74.06378388404846,3194,"McGinley Square",40.7253399253558,-74.06762212514877,29547,"Subscriber",1994,1
353,"2018-12-18 23:25:07.3330","2018-12-18 23:31:00.3980",3195,"Sip Ave",40.73074262530658,-74.06378388404846,3280,"Astor Place",40.71928220070702,-74.07126188278198,29532,"Subscriber",1988,1
374,"2018-12-18 23:26:37.4300","2018-12-18 23:32:52.2520",3195,"Sip Ave",40.73074262530658,-74.06378388404846,3678,"Fairmount Ave",40.72572613742557,-74.07195925712585,29646,"Subscriber",1978,1
309,"2018-12-18 23:35:10.0800","2018-12-18 23:40:19.5090",3195,"Sip Ave",40.73074262530658,-74.06378388404846,3678,"Fairmount Ave",40.72572613742557,-74.07195925712585,26198,"Subscriber",1989,1
222,"2018-12-19 00:45:33.8500","2018-12-19 00:49:16.0930",3195,"Sip Ave",40.73074262530658,-74.06378388404846,3194,"McGinley Square",40.7253399253558,-74.06762212514877,26280,"Subscriber",1986,1
446,"2018-12-19 07:15:09.2810","2018-12-19 07:22:36.1200",3195,"Sip Ave",40.73074262530658,-74.06378388404846,3194,"McGinley Square",40.7253399253558,-74.06762212514877,26306,"Subscriber",1960,1
624,"2018-12-19 07:37:45.2940","2018-12-19 07:48:09.6960",3195,"Sip Ave",40.73074262530658,-74.06378388404846,3225,"Baldwin at Montgomery",40.7236589,-74.0641943,29259,"Subscriber",1988,1
587,"2018-12-19 10:05:49.3660","2018-12-19 10:15:36.9830",3195,"Sip Ave",40.73074262530658,-74.06378388404846,3210,"Pershing Field",40.742677141,-74.051788633,29224,"Subscriber",1988,1
615,"2018-12-19 13:56:46.7100","2018-12-19 14:07:02.0290",3195,"Sip Ave",40.73074262530658,-74.06378388404846,3281,"Leonard Gordon Park",40.74590996631558,-74.0572714805603,29670,"Subscriber",1995,1
259,"2018-12-19 14:47:48.3080","2018-12-19 14:52:07.3380",3195,"Sip Ave",40.73074262530658,-74.06378388404846,3220,"5 Corners Library",40.734961020009514,-74.0595030784607,29618,"Subscriber",1961,1
227,"2018-12-19 14:59:39.1920","2018-12-19 15:03:26.6810",3195,"Sip Ave",40.73074262530658,-74.06378388404846,3225,"Baldwin at Montgomery",40.7236589,-74.0641943,26292,"Subscriber",1966,1
599,"2018-12-19 15:42:37.3800","2018-12-19 15:52:36.8510",3195,"Sip Ave",40.73074262530658,-74.06378388404846,3213,"Van Vorst Park",40.71848892,-74.047726625,29303,"Subscriber",1976,1
376,"2018-12-19 15:47:52.9890","2018-12-19 15:54:09.3330",3195,"Sip Ave",40.73074262530658,-74.06378388404846,3280,"Astor Place",40.71928220070702,-74.07126188278198,29642,"Subscriber",1983,1
424,"2018-12-19 16:11:24.9520","2018-12-19 16:18:29.2320",3195,"Sip Ave",40.73074262530658,-74.06378388404846,3210,"Pershing Field",40.742677141,-74.051788633,29230,"Subscriber",1979,1
530,"2018-12-19 16:12:50.4000","2018-12-19 16:21:40.5300",3195,"Sip Ave",40.73074262530658,-74.06378388404846,3280,"Astor Place",40.71928220070702,-74.07126188278198,29663,"Subscriber",1976,1
372,"2018-12-19 16:18:11.9660","2018-12-19 16:24:24.1040",3195,"Sip Ave",40.73074262530658,-74.06378388404846,3677,"Glenwood Ave",40.72755146730012,-74.07106071710587,26261,"Subscriber",1993,2
704,"2018-12-19 16:28:31.2950","2018-12-19 16:40:15.8820",3195,"Sip Ave",40.73074262530658,-74.06378388404846,3199,"Newport Pkwy",40.7287448,-74.0321082,29646,"Subscriber",1984,1
659,"2018-12-19 17:21:06.2350","2018-12-19 17:32:05.8450",3195,"Sip Ave",40.73074262530658,-74.06378388404846,3193,"Lincoln Park",40.7246050998869,-74.07840594649315,26198,"Subscriber",1983,1
548,"2018-12-19 17:24:41.8840","2018-12-19 17:33:50.6570",3195,"Sip Ave",40.73074262530658,-74.06378388404846,3193,"Lincoln Park",40.7246050998869,-74.07840594649315,29603,"Subscriber",1987,1
451,"2018-12-19 17:31:31.1130","2018-12-19 17:39:02.8940",3195,"Sip Ave",40.73074262530658,-74.06378388404846,3193,"Lincoln Park",40.7246050998869,-74.07840594649315,29294,"Subscriber",1984,1
207,"2018-12-19 17:40:14.7940","2018-12-19 17:43:42.3670",3195,"Sip Ave",40.73074262530658,-74.06378388404846,3225,"Baldwin at Montgomery",40.7236589,-74.0641943,29260,"Subscriber",1991,1
448,"2018-12-19 17:42:06.4330","2018-12-19 17:49:34.9870",3195,"Sip Ave",40.73074262530658,-74.06378388404846,3193,"Lincoln Park",40.7246050998869,-74.07840594649315,29679,"Subscriber",1991,2
410,"2018-12-19 17:43:57.8790","2018-12-19 17:50:48.1800",3195,"Sip Ave",40.73074262530658,-74.06378388404846,3677,"Glenwood Ave",40.72755146730012,-74.07106071710587,29458,"Subscriber",1974,1
387,"2018-12-19 17:50:58.8430","2018-12-19 17:57:26.2760",3195,"Sip Ave",40.73074262530658,-74.06378388404846,3210,"Pershing Field",40.742677141,-74.051788633,29448,"Subscriber",1987,1
185,"2018-12-19 18:03:44.0260","2018-12-19 18:06:49.4030",3195,"Sip Ave",40.73074262530658,-74.06378388404846,3194,"McGinley Square",40.7253399253558,-74.06762212514877,29522,"Subscriber",1972,1
833,"2018-12-19 18:18:42.8790","2018-12-19 18:32:36.0890",3195,"Sip Ave",40.73074262530658,-74.06378388404846,3205,"JC Medical Center",40.71653978099194,-74.0496379137039,29534,"Subscriber",1985,1
371,"2018-12-19 18:18:55.1710","2018-12-19 18:25:06.5200",3195,"Sip Ave",40.73074262530658,-74.06378388404846,3678,"Fairmount Ave",40.72572613742557,-74.07195925712585,26266,"Subscriber",1983,1
490,"2018-12-19 18:27:31.3620","2018-12-19 18:35:41.7370",3195,"Sip Ave",40.73074262530658,-74.06378388404846,3280,"Astor Place",40.71928220070702,-74.07126188278198,29211,"Subscriber",1960,1
477,"2018-12-19 18:30:22.2300","2018-12-19 18:38:19.7310",3195,"Sip Ave",40.73074262530658,-74.06378388404846,3193,"Lincoln Park",40.7246050998869,-74.07840594649315,29530,"Subscriber",1980,1
924,"2018-12-19 18:36:26.8640","2018-12-19 18:51:51.1390",3195,"Sip Ave",40.73074262530658,-74.06378388404846,3191,"Union St",40.7182113,-74.0836394,26280,"Subscriber",1971,2
249,"2018-12-19 18:38:06.6870","2018-12-19 18:42:16.3540",3195,"Sip Ave",40.73074262530658,-74.06378388404846,3194,"McGinley Square",40.7253399253558,-74.06762212514877,29532,"Subscriber",1991,1
313,"2018-12-19 18:39:57.7010","2018-12-19 18:45:11.6380",3195,"Sip Ave",40.73074262530658,-74.06378388404846,3678,"Fairmount Ave",40.72572613742557,-74.07195925712585,29300,"Subscriber",1985,1
526,"2018-12-19 18:41:26.3090","2018-12-19 18:50:12.5910",3195,"Sip Ave",40.73074262530658,-74.06378388404846,3193,"Lincoln Park",40.7246050998869,-74.07840594649315,29587,"Subscriber",1992,1
441,"2018-12-19 18:48:31.3590","2018-12-19 18:55:52.5980",3195,"Sip Ave",40.73074262530658,-74.06378388404846,3193,"Lincoln Park",40.7246050998869,-74.07840594649315,29268,"Subscriber",1992,1
313,"2018-12-19 18:51:55.8320","2018-12-19 18:57:09.2090",3195,"Sip Ave",40.73074262530658,-74.06378388404846,3280,"Astor Place",40.71928220070702,-74.07126188278198,29230,"Subscriber",1994,1
354,"2018-12-19 18:53:19.1360","2018-12-19 18:59:13.9190",3195,"Sip Ave",40.73074262530658,-74.06378388404846,3679,"Bergen Ave",40.722103786686034,-74.07145500183105,29299,"Subscriber",1993,1
437,"2018-12-19 18:57:20.6240","2018-12-19 19:04:38.5440",3195,"Sip Ave",40.73074262530658,-74.06378388404846,3280,"Astor Place",40.71928220070702,-74.07126188278198,26161,"Customer",1969,0
176,"2018-12-19 18:57:47.3320","2018-12-19 19:00:43.3560",3195,"Sip Ave",40.73074262530658,-74.06378388404846,3194,"McGinley Square",40.7253399253558,-74.06762212514877,29222,"Subscriber",1976,0
515,"2018-12-19 19:07:16.5890","2018-12-19 19:15:52.1040",3195,"Sip Ave",40.73074262530658,-74.06378388404846,3280,"Astor Place",40.71928220070702,-74.07126188278198,29289,"Subscriber",1982,2
228,"2018-12-19 19:11:52.7820","2018-12-19 19:15:41.7090",3195,"Sip Ave",40.73074262530658,-74.06378388404846,3194,"McGinley Square",40.7253399253558,-74.06762212514877,29533,"Subscriber",1995,1
1046,"2018-12-19 19:16:57.1800","2018-12-19 19:34:23.6850",3195,"Sip Ave",40.73074262530658,-74.06378388404846,3679,"Bergen Ave",40.722103786686034,-74.07145500183105,26167,"Subscriber",1969,0
1339,"2018-12-19 19:18:08.4760","2018-12-19 19:40:28.3210",3195,"Sip Ave",40.73074262530658,-74.06378388404846,3694,"Jackson Square",40.71113,-74.0789,26306,"Subscriber",1994,1
505,"2018-12-19 19:27:37.7290","2018-12-19 19:36:03.1510",3195,"Sip Ave",40.73074262530658,-74.06378388404846,3225,"Baldwin at Montgomery",40.7236589,-74.0641943,29551,"Subscriber",1962,1
320,"2018-12-19 19:34:34.3780","2018-12-19 19:39:54.8920",3195,"Sip Ave",40.73074262530658,-74.06378388404846,3209,"Brunswick St",40.7241765,-74.0506564,29273,"Subscriber",1990,1
612,"2018-12-19 19:55:23.2570","2018-12-19 20:05:35.9120",3195,"Sip Ave",40.73074262530658,-74.06378388404846,3678,"Fairmount Ave",40.72572613742557,-74.07195925712585,29266,"Subscriber",1979,1
438,"2018-12-19 20:03:04.0880","2018-12-19 20:10:22.4380",3195,"Sip Ave",40.73074262530658,-74.06378388404846,3194,"McGinley Square",40.7253399253558,-74.06762212514877,29224,"Subscriber",1977,2
593,"2018-12-19 21:16:09.7800","2018-12-19 21:26:03.1090",3195,"Sip Ave",40.73074262530658,-74.06378388404846,3210,"Pershing Field",40.742677141,-74.051788633,29250,"Subscriber",1995,2
690,"2018-12-20 07:14:54.3120","2018-12-20 07:26:24.5560",3195,"Sip Ave",40.73074262530658,-74.06378388404846,3225,"Baldwin at Montgomery",40.7236589,-74.0641943,29668,"Subscriber",1960,1
552,"2018-12-20 09:18:46.0850","2018-12-20 09:27:58.8190",3195,"Sip Ave",40.73074262530658,-74.06378388404846,3210,"Pershing Field",40.742677141,-74.051788633,29458,"Subscriber",1988,1
641,"2018-12-20 14:21:24.6760","2018-12-20 14:32:06.3990",3195,"Sip Ave",40.73074262530658,-74.06378388404846,3273,"Manila & 1st",40.721650724879986,-74.04288411140442,29198,"Subscriber",1960,1
1352,"2018-12-20 14:32:18.4080","2018-12-20 14:54:51.0670",3195,"Sip Ave",40.73074262530658,-74.06378388404846,3281,"Leonard Gordon Park",40.74590996631558,-74.0572714805603,29635,"Subscriber",1979,2
295,"2018-12-20 14:53:30.3230","2018-12-20 14:58:26.1120",3195,"Sip Ave",40.73074262530658,-74.06378388404846,3220,"5 Corners Library",40.734961020009514,-74.0595030784607,29603,"Subscriber",1961,1
300,"2018-12-20 15:25:39.9590","2018-12-20 15:30:40.0870",3195,"Sip Ave",40.73074262530658,-74.06378388404846,3280,"Astor Place",40.71928220070702,-74.07126188278198,29289,"Subscriber",1983,1
753,"2018-12-20 15:50:17.3240","2018-12-20 16:02:51.0730",3195,"Sip Ave",40.73074262530658,-74.06378388404846,3203,"Hamilton Park",40.727595966,-74.044247311,29272,"Subscriber",1983,1
467,"2018-12-20 15:55:44.3790","2018-12-20 16:03:31.3910",3195,"Sip Ave",40.73074262530658,-74.06378388404846,3193,"Lincoln Park",40.7246050998869,-74.07840594649315,29211,"Subscriber",1983,1
439,"2018-12-20 16:14:05.8890","2018-12-20 16:21:25.7820",3195,"Sip Ave",40.73074262530658,-74.06378388404846,3210,"Pershing Field",40.742677141,-74.051788633,29260,"Subscriber",1979,1
838,"2018-12-20 16:48:03.7040","2018-12-20 17:02:01.7830",3195,"Sip Ave",40.73074262530658,-74.06378388404846,3198,"Heights Elevator",40.748715945380226,-74.04044330120087,29300,"Subscriber",1978,1
269,"2018-12-20 17:11:32.2850","2018-12-20 17:16:01.5570",3195,"Sip Ave",40.73074262530658,-74.06378388404846,3194,"McGinley Square",40.7253399253558,-74.06762212514877,29444,"Subscriber",1977,1
685,"2018-12-20 17:58:42.2360","2018-12-20 18:10:08.0400",3195,"Sip Ave",40.73074262530658,-74.06378388404846,3277,"Communipaw & Berry Lane",40.71435836870427,-74.06661093235016,29573,"Subscriber",1983,1
1126,"2018-12-20 18:00:58.3980","2018-12-20 18:19:44.4310",3195,"Sip Ave",40.73074262530658,-74.06378388404846,3679,"Bergen Ave",40.722103786686034,-74.07145500183105,29642,"Subscriber",1969,0
398,"2018-12-20 18:12:36.5010","2018-12-20 18:19:15.1200",3195,"Sip Ave",40.73074262530658,-74.06378388404846,3678,"Fairmount Ave",40.72572613742557,-74.07195925712585,29258,"Subscriber",1991,1
654,"2018-12-20 18:28:48.9910","2018-12-20 18:39:43.4680",3195,"Sip Ave",40.73074262530658,-74.06378388404846,3209,"Brunswick St",40.7241765,-74.0506564,26261,"Subscriber",1982,1
160,"2018-12-20 18:32:51.2930","2018-12-20 18:35:31.8960",3195,"Sip Ave",40.73074262530658,-74.06378388404846,3206,"Hilltop",40.7311689,-74.0575736,29282,"Subscriber",1983,1
249,"2018-12-20 18:43:38.5650","2018-12-20 18:47:47.7560",3195,"Sip Ave",40.73074262530658,-74.06378388404846,3225,"Baldwin at Montgomery",40.7236589,-74.0641943,26286,"Subscriber",1986,2
195,"2018-12-20 18:57:23.3070","2018-12-20 19:00:39.0530",3195,"Sip Ave",40.73074262530658,-74.06378388404846,3194,"McGinley Square",40.7253399253558,-74.06762212514877,29230,"Subscriber",1972,1
196,"2018-12-20 19:33:49.3460","2018-12-20 19:37:05.4510",3195,"Sip Ave",40.73074262530658,-74.06378388404846,3194,"McGinley Square",40.7253399253558,-74.06762212514877,29294,"Subscriber",1994,1
944,"2018-12-20 19:36:09.7980","2018-12-20 19:51:53.8650",3195,"Sip Ave",40.73074262530658,-74.06378388404846,3694,"Jackson Square",40.71113,-74.0789,29266,"Subscriber",1994,1
333,"2018-12-20 19:58:45.4970","2018-12-20 20:04:19.0820",3195,"Sip Ave",40.73074262530658,-74.06378388404846,3225,"Baldwin at Montgomery",40.7236589,-74.0641943,29550,"Subscriber",1962,1
586,"2018-12-20 20:30:25.8620","2018-12-20 20:40:12.0900",3195,"Sip Ave",40.73074262530658,-74.06378388404846,3193,"Lincoln Park",40.7246050998869,-74.07840594649315,29222,"Subscriber",1969,1
204,"2018-12-20 20:47:34.6050","2018-12-20 20:50:59.1530",3195,"Sip Ave",40.73074262530658,-74.06378388404846,3225,"Baldwin at Montgomery",40.7236589,-74.0641943,29674,"Subscriber",1994,1
295,"2018-12-20 20:54:38.9920","2018-12-20 20:59:34.0930",3195,"Sip Ave",40.73074262530658,-74.06378388404846,3225,"Baldwin at Montgomery",40.7236589,-74.0641943,29668,"Subscriber",1976,0
267,"2018-12-20 21:32:01.0020","2018-12-20 21:36:28.7420",3195,"Sip Ave",40.73074262530658,-74.06378388404846,3280,"Astor Place",40.71928220070702,-74.07126188278198,26167,"Subscriber",1987,1
222,"2018-12-20 21:46:20.8470","2018-12-20 21:50:02.9850",3195,"Sip Ave",40.73074262530658,-74.06378388404846,3194,"McGinley Square",40.7253399253558,-74.06762212514877,29263,"Subscriber",1980,1
923,"2018-12-20 22:07:32.8100","2018-12-20 22:22:56.1810",3195,"Sip Ave",40.73074262530658,-74.06378388404846,3210,"Pershing Field",40.742677141,-74.051788633,26198,"Subscriber",1988,1
518,"2018-12-20 22:16:18.9750","2018-12-20 22:24:57.3830",3195,"Sip Ave",40.73074262530658,-74.06378388404846,3277,"Communipaw & Berry Lane",40.71435836870427,-74.06661093235016,29299,"Subscriber",1988,1
278,"2018-12-20 22:16:28.2270","2018-12-20 22:21:06.8180",3195,"Sip Ave",40.73074262530658,-74.06378388404846,3678,"Fairmount Ave",40.72572613742557,-74.07195925712585,29547,"Subscriber",1995,1
214,"2018-12-21 08:48:35.4150","2018-12-21 08:52:09.7220",3195,"Sip Ave",40.73074262530658,-74.06378388404846,3677,"Glenwood Ave",40.72755146730012,-74.07106071710587,26299,"Subscriber",1994,2
374,"2018-12-21 08:48:31.5170","2018-12-21 08:54:45.7060",3195,"Sip Ave",40.73074262530658,-74.06378388404846,3195,"Sip Ave",40.73074262530658,-74.06378388404846,29663,"Subscriber",1981,1
362,"2018-12-21 10:26:25.0650","2018-12-21 10:32:27.4400",3195,"Sip Ave",40.73074262530658,-74.06378388404846,3280,"Astor Place",40.71928220070702,-74.07126188278198,29289,"Subscriber",1988,1
542,"2018-12-21 12:43:50.8890","2018-12-21 12:52:53.8370",3195,"Sip Ave",40.73074262530658,-74.06378388404846,3280,"Astor Place",40.71928220070702,-74.07126188278198,29547,"Subscriber",1976,1
438,"2018-12-21 14:33:15.1190","2018-12-21 14:40:33.2210",3195,"Sip Ave",40.73074262530658,-74.06378388404846,3210,"Pershing Field",40.742677141,-74.051788633,29218,"Subscriber",1979,1
264,"2018-12-21 14:43:46.4600","2018-12-21 14:48:11.0770",3195,"Sip Ave",40.73074262530658,-74.06378388404846,3220,"5 Corners Library",40.734961020009514,-74.0595030784607,29602,"Subscriber",1961,1
394,"2018-12-21 15:38:43.5960","2018-12-21 15:45:18.4010",3195,"Sip Ave",40.73074262530658,-74.06378388404846,3280,"Astor Place",40.71928220070702,-74.07126188278198,29595,"Subscriber",1983,1
330,"2018-12-21 16:03:11.0800","2018-12-21 16:08:41.3580",3195,"Sip Ave",40.73074262530658,-74.06378388404846,3678,"Fairmount Ave",40.72572613742557,-74.07195925712585,29447,"Subscriber",1995,1
503,"2018-12-21 16:13:07.0190","2018-12-21 16:21:30.5200",3195,"Sip Ave",40.73074262530658,-74.06378388404846,3280,"Astor Place",40.71928220070702,-74.07126188278198,29444,"Subscriber",1960,1
391,"2018-12-21 16:13:25.4940","2018-12-21 16:19:56.7790",3195,"Sip Ave",40.73074262530658,-74.06378388404846,3678,"Fairmount Ave",40.72572613742557,-74.07195925712585,29596,"Subscriber",1985,1
247,"2018-12-21 16:13:33.9970","2018-12-21 16:17:41.8310",3195,"Sip Ave",40.73074262530658,-74.06378388404846,3194,"McGinley Square",40.7253399253558,-74.06762212514877,29289,"Subscriber",1972,1
760,"2018-12-21 16:26:13.4070","2018-12-21 16:38:53.4580",3195,"Sip Ave",40.73074262530658,-74.06378388404846,3199,"Newport Pkwy",40.7287448,-74.0321082,29594,"Subscriber",1984,1
855,"2018-12-21 17:05:43.1570","2018-12-21 17:19:58.7320",3195,"Sip Ave",40.73074262530658,-74.06378388404846,3193,"Lincoln Park",40.7246050998869,-74.07840594649315,29595,"Subscriber",1987,1
509,"2018-12-21 17:08:40.0690","2018-12-21 17:17:09.2420",3195,"Sip Ave",40.73074262530658,-74.06378388404846,3280,"Astor Place",40.71928220070702,-74.07126188278198,29444,"Subscriber",1983,1
248,"2018-12-21 17:13:09.8110","2018-12-21 17:17:18.0790",3195,"Sip Ave",40.73074262530658,-74.06378388404846,3194,"McGinley Square",40.7253399253558,-74.06762212514877,26225,"Subscriber",1995,1
247,"2018-12-21 17:20:12.3530","2018-12-21 17:24:19.8980",3195,"Sip Ave",40.73074262530658,-74.06378388404846,3225,"Baldwin at Montgomery",40.7236589,-74.0641943,29551,"Subscriber",1994,1
522,"2018-12-21 17:36:18.3010","2018-12-21 17:45:01.2090",3195,"Sip Ave",40.73074262530658,-74.06378388404846,3280,"Astor Place",40.71928220070702,-74.07126188278198,29455,"Subscriber",1971,1
276,"2018-12-21 17:39:56.3250","2018-12-21 17:44:32.3760",3195,"Sip Ave",40.73074262530658,-74.06378388404846,3194,"McGinley Square",40.7253399253558,-74.06762212514877,29240,"Subscriber",1983,1
1351,"2018-12-21 17:54:56.1370","2018-12-21 18:17:27.5970",3195,"Sip Ave",40.73074262530658,-74.06378388404846,3694,"Jackson Square",40.71113,-74.0789,26298,"Subscriber",1994,1
290,"2018-12-21 18:02:57.6380","2018-12-21 18:07:47.9300",3195,"Sip Ave",40.73074262530658,-74.06378388404846,3194,"McGinley Square",40.7253399253558,-74.06762212514877,29520,"Subscriber",1970,1
182,"2018-12-21 18:18:24.1080","2018-12-21 18:21:26.3530",3195,"Sip Ave",40.73074262530658,-74.06378388404846,3194,"McGinley Square",40.7253399253558,-74.06762212514877,26167,"Subscriber",1980,1
249,"2018-12-21 18:31:48.5680","2018-12-21 18:35:57.7770",3195,"Sip Ave",40.73074262530658,-74.06378388404846,3194,"McGinley Square",40.7253399253558,-74.06762212514877,26225,"Subscriber",1980,1
591,"2018-12-21 18:42:51.4390","2018-12-21 18:52:42.5880",3195,"Sip Ave",40.73074262530658,-74.06378388404846,3280,"Astor Place",40.71928220070702,-74.07126188278198,29281,"Subscriber",1982,2
277,"2018-12-21 18:48:39.3610","2018-12-21 18:53:16.3730",3195,"Sip Ave",40.73074262530658,-74.06378388404846,3678,"Fairmount Ave",40.72572613742557,-74.07195925712585,29520,"Subscriber",1990,1
366,"2018-12-21 19:13:16.7020","2018-12-21 19:19:22.9410",3195,"Sip Ave",40.73074262530658,-74.06378388404846,3194,"McGinley Square",40.7253399253558,-74.06762212514877,26295,"Subscriber",1977,2
206,"2018-12-21 19:22:32.3420","2018-12-21 19:25:58.9590",3195,"Sip Ave",40.73074262530658,-74.06378388404846,3194,"McGinley Square",40.7253399253558,-74.06762212514877,29295,"Subscriber",1977,1
325,"2018-12-21 19:28:29.0110","2018-12-21 19:33:54.3800",3195,"Sip Ave",40.73074262530658,-74.06378388404846,3225,"Baldwin at Montgomery",40.7236589,-74.0641943,26288,"Subscriber",1962,1
313,"2018-12-21 19:51:05.1530","2018-12-21 19:56:18.7280",3195,"Sip Ave",40.73074262530658,-74.06378388404846,3679,"Bergen Ave",40.722103786686034,-74.07145500183105,29211,"Subscriber",1984,1
449,"2018-12-21 19:58:17.6420","2018-12-21 20:05:47.4580",3195,"Sip Ave",40.73074262530658,-74.06378388404846,3193,"Lincoln Park",40.7246050998869,-74.07840594649315,29298,"Subscriber",1980,1
256,"2018-12-21 20:21:45.7970","2018-12-21 20:26:02.4330",3195,"Sip Ave",40.73074262530658,-74.06378388404846,3280,"Astor Place",40.71928220070702,-74.07126188278198,29260,"Subscriber",1987,1
193,"2018-12-21 21:36:32.7400","2018-12-21 21:39:46.4270",3195,"Sip Ave",40.73074262530658,-74.06378388404846,3194,"McGinley Square",40.7253399253558,-74.06762212514877,29664,"Subscriber",1980,1
387,"2018-12-21 21:40:26.2230","2018-12-21 21:46:54.0100",3195,"Sip Ave",40.73074262530658,-74.06378388404846,3678,"Fairmount Ave",40.72572613742557,-74.07195925712585,29305,"Subscriber",1980,1
636,"2018-12-21 22:05:14.8670","2018-12-21 22:15:51.7710",3195,"Sip Ave",40.73074262530658,-74.06378388404846,3277,"Communipaw & Berry Lane",40.71435836870427,-74.06661093235016,29240,"Subscriber",1988,1
357,"2018-12-21 22:11:46.5980","2018-12-21 22:17:43.6750",3195,"Sip Ave",40.73074262530658,-74.06378388404846,3679,"Bergen Ave",40.722103786686034,-74.07145500183105,29663,"Subscriber",1986,1
664,"2018-12-21 22:17:49.4800","2018-12-21 22:28:54.0110",3195,"Sip Ave",40.73074262530658,-74.06378388404846,3198,"Heights Elevator",40.748715945380226,-74.04044330120087,29230,"Subscriber",1982,1
485,"2018-12-21 22:40:06.8680","2018-12-21 22:48:12.2790",3195,"Sip Ave",40.73074262530658,-74.06378388404846,3191,"Union St",40.7182113,-74.0836394,29547,"Subscriber",1988,1
456,"2018-12-21 22:56:12.1870","2018-12-21 23:03:48.4490",3195,"Sip Ave",40.73074262530658,-74.06378388404846,3280,"Astor Place",40.71928220070702,-74.07126188278198,29595,"Subscriber",1953,2
482,"2018-12-21 22:58:35.4310","2018-12-21 23:06:38.3300",3195,"Sip Ave",40.73074262530658,-74.06378388404846,3210,"Pershing Field",40.742677141,-74.051788633,29468,"Subscriber",1995,2
195,"2018-12-21 23:37:25.6810","2018-12-21 23:40:41.3010",3195,"Sip Ave",40.73074262530658,-74.06378388404846,3194,"McGinley Square",40.7253399253558,-74.06762212514877,26155,"Subscriber",1993,1
389,"2018-12-21 23:52:30.2870","2018-12-21 23:58:59.7210",3195,"Sip Ave",40.73074262530658,-74.06378388404846,3678,"Fairmount Ave",40.72572613742557,-74.07195925712585,29551,"Subscriber",1994,2
238,"2018-12-22 00:48:18.1380","2018-12-22 00:52:16.3080",3195,"Sip Ave",40.73074262530658,-74.06378388404846,3225,"Baldwin at Montgomery",40.7236589,-74.0641943,29641,"Subscriber",1976,0
377,"2018-12-22 01:20:21.4900","2018-12-22 01:26:39.0100",3195,"Sip Ave",40.73074262530658,-74.06378388404846,3280,"Astor Place",40.71928220070702,-74.07126188278198,29487,"Subscriber",1988,1
171,"2018-12-22 02:34:38.3900","2018-12-22 02:37:30.2460",3195,"Sip Ave",40.73074262530658,-74.06378388404846,3194,"McGinley Square",40.7253399253558,-74.06762212514877,26280,"Subscriber",1986,1
553,"2018-12-22 02:52:23.7420","2018-12-22 03:01:37.4050",3195,"Sip Ave",40.73074262530658,-74.06378388404846,3281,"Leonard Gordon Park",40.74590996631558,-74.0572714805603,26259,"Subscriber",1969,1
322,"2018-12-22 03:05:32.3350","2018-12-22 03:10:55.2600",3195,"Sip Ave",40.73074262530658,-74.06378388404846,3225,"Baldwin at Montgomery",40.7236589,-74.0641943,26247,"Subscriber",1986,1
457,"2018-12-22 08:44:52.1440","2018-12-22 08:52:29.6650",3195,"Sip Ave",40.73074262530658,-74.06378388404846,3203,"Hamilton Park",40.727595966,-74.044247311,29513,"Subscriber",1971,2
233,"2018-12-22 08:51:18.7230","2018-12-22 08:55:11.8610",3195,"Sip Ave",40.73074262530658,-74.06378388404846,3677,"Glenwood Ave",40.72755146730012,-74.07106071710587,26245,"Subscriber",1994,2
840,"2018-12-22 09:30:52.5970","2018-12-22 09:44:53.3160",3195,"Sip Ave",40.73074262530658,-74.06378388404846,3207,"Oakland Ave",40.7376037,-74.0524783,29522,"Subscriber",1994,1
541,"2018-12-22 10:35:23.4450","2018-12-22 10:44:24.6580",3195,"Sip Ave",40.73074262530658,-74.06378388404846,3193,"Lincoln Park",40.7246050998869,-74.07840594649315,26198,"Subscriber",1980,1
520,"2018-12-22 10:47:32.8390","2018-12-22 10:56:13.4260",3195,"Sip Ave",40.73074262530658,-74.06378388404846,3210,"Pershing Field",40.742677141,-74.051788633,26280,"Subscriber",1988,1
177,"2018-12-22 11:24:51.7910","2018-12-22 11:27:49.6310",3195,"Sip Ave",40.73074262530658,-74.06378388404846,3194,"McGinley Square",40.7253399253558,-74.06762212514877,29595,"Subscriber",1977,1
793,"2018-12-22 11:54:47.8390","2018-12-22 12:08:01.3740",3195,"Sip Ave",40.73074262530658,-74.06378388404846,3483,"Montgomery St",40.71942,-74.05099,26225,"Subscriber",1969,0
177,"2018-12-22 12:37:33.9690","2018-12-22 12:40:31.4130",3195,"Sip Ave",40.73074262530658,-74.06378388404846,3194,"McGinley Square",40.7253399253558,-74.06762212514877,29294,"Subscriber",1994,1
392,"2018-12-22 13:12:04.7970","2018-12-22 13:18:37.7070",3195,"Sip Ave",40.73074262530658,-74.06378388404846,3280,"Astor Place",40.71928220070702,-74.07126188278198,29260,"Subscriber",1987,1
763,"2018-12-22 13:14:40.0880","2018-12-22 13:27:23.8190",3195,"Sip Ave",40.73074262530658,-74.06378388404846,3276,"Marin Light Rail",40.71458403535893,-74.04281705617905,29487,"Subscriber",1979,1
320,"2018-12-22 13:21:57.7100","2018-12-22 13:27:18.4410",3195,"Sip Ave",40.73074262530658,-74.06378388404846,3207,"Oakland Ave",40.7376037,-74.0524783,29522,"Subscriber",1985,1
330,"2018-12-22 14:08:38.1880","2018-12-22 14:14:08.2940",3195,"Sip Ave",40.73074262530658,-74.06378388404846,3201,"Dey St",40.737711,-74.066921,29254,"Subscriber",1963,1
234,"2018-12-22 14:23:26.5180","2018-12-22 14:27:20.5870",3195,"Sip Ave",40.73074262530658,-74.06378388404846,3194,"McGinley Square",40.7253399253558,-74.06762212514877,29252,"Subscriber",1980,1
355,"2018-12-22 14:38:26.0990","2018-12-22 14:44:21.7860",3195,"Sip Ave",40.73074262530658,-74.06378388404846,3225,"Baldwin at Montgomery",40.7236589,-74.0641943,29520,"Subscriber",1988,1
334,"2018-12-22 14:42:29.9070","2018-12-22 14:48:04.3400",3195,"Sip Ave",40.73074262530658,-74.06378388404846,3678,"Fairmount Ave",40.72572613742557,-74.07195925712585,29547,"Subscriber",1968,1
294,"2018-12-22 14:54:21.3410","2018-12-22 14:59:15.5350",3195,"Sip Ave",40.73074262530658,-74.06378388404846,3220,"5 Corners Library",40.734961020009514,-74.0595030784607,29575,"Subscriber",1961,1
1033,"2018-12-22 15:04:10.2090","2018-12-22 15:21:23.3940",3195,"Sip Ave",40.73074262530658,-74.06378388404846,3185,"City Hall",40.7177325,-74.043845,26298,"Subscriber",1987,1
318,"2018-12-22 15:53:18.1470","2018-12-22 15:58:36.9340",3195,"Sip Ave",40.73074262530658,-74.06378388404846,3225,"Baldwin at Montgomery",40.7236589,-74.0641943,26295,"Subscriber",1994,1
406,"2018-12-22 16:34:14.5960","2018-12-22 16:41:00.5970",3195,"Sip Ave",40.73074262530658,-74.06378388404846,3194,"McGinley Square",40.7253399253558,-74.06762212514877,29587,"Subscriber",1992,2
631,"2018-12-22 16:45:30.0820","2018-12-22 16:56:01.9860",3195,"Sip Ave",40.73074262530658,-74.06378388404846,3207,"Oakland Ave",40.7376037,-74.0524783,29260,"Subscriber",1954,1
575,"2018-12-22 17:49:46.9760","2018-12-22 17:59:22.0200",3195,"Sip Ave",40.73074262530658,-74.06378388404846,3210,"Pershing Field",40.742677141,-74.051788633,29663,"Subscriber",1988,1
576,"2018-12-22 18:02:28.4930","2018-12-22 18:12:04.8840",3195,"Sip Ave",40.73074262530658,-74.06378388404846,3193,"Lincoln Park",40.7246050998869,-74.07840594649315,29281,"Subscriber",1984,1
461,"2018-12-22 18:41:07.5900","2018-12-22 18:48:48.8400",3195,"Sip Ave",40.73074262530658,-74.06378388404846,3213,"Van Vorst Park",40.71848892,-74.047726625,29520,"Subscriber",1994,1
822,"2018-12-22 19:02:31.1410","2018-12-22 19:16:13.7600",3195,"Sip Ave",40.73074262530658,-74.06378388404846,3277,"Communipaw & Berry Lane",40.71435836870427,-74.06661093235016,26193,"Subscriber",1988,1
888,"2018-12-22 19:27:21.6820","2018-12-22 19:42:10.5810",3195,"Sip Ave",40.73074262530658,-74.06378388404846,3679,"Bergen Ave",40.722103786686034,-74.07145500183105,29265,"Subscriber",1969,0
1386,"2018-12-22 19:56:32.8680","2018-12-22 20:19:39.8290",3195,"Sip Ave",40.73074262530658,-74.06378388404846,3195,"Sip Ave",40.73074262530658,-74.06378388404846,29271,"Subscriber",1976,1
508,"2018-12-22 20:44:38.9470","2018-12-22 20:53:07.9020",3195,"Sip Ave",40.73074262530658,-74.06378388404846,3193,"Lincoln Park",40.7246050998869,-74.07840594649315,29213,"Subscriber",1987,1
346,"2018-12-22 21:06:27.3650","2018-12-22 21:12:13.4830",3195,"Sip Ave",40.73074262530658,-74.06378388404846,3225,"Baldwin at Montgomery",40.7236589,-74.0641943,29271,"Subscriber",1962,1
472,"2018-12-22 21:51:50.9800","2018-12-22 21:59:43.0330",3195,"Sip Ave",40.73074262530658,-74.06378388404846,3280,"Astor Place",40.71928220070702,-74.07126188278198,26284,"Subscriber",1982,2
201,"2018-12-22 22:42:20.1860","2018-12-22 22:45:42.0430",3195,"Sip Ave",40.73074262530658,-74.06378388404846,3194,"McGinley Square",40.7253399253558,-74.06762212514877,29213,"Subscriber",1976,0
455,"2018-12-22 23:43:04.9040","2018-12-22 23:50:40.5790",3195,"Sip Ave",40.73074262530658,-74.06378388404846,3210,"Pershing Field",40.742677141,-74.051788633,29463,"Subscriber",1995,2
429,"2018-12-22 23:55:21.7910","2018-12-23 00:02:31.3360",3195,"Sip Ave",40.73074262530658,-74.06378388404846,3280,"Astor Place",40.71928220070702,-74.07126188278198,29208,"Customer",1969,0
446,"2018-12-23 00:12:04.2260","2018-12-23 00:19:30.8850",3195,"Sip Ave",40.73074262530658,-74.06378388404846,3280,"Astor Place",40.71928220070702,-74.07126188278198,29438,"Subscriber",1988,1
537,"2018-12-23 02:57:59.4640","2018-12-23 03:06:57.2170",3195,"Sip Ave",40.73074262530658,-74.06378388404846,3281,"Leonard Gordon Park",40.74590996631558,-74.0572714805603,26251,"Subscriber",1969,1
279,"2018-12-23 07:45:15.5940","2018-12-23 07:49:54.9420",3195,"Sip Ave",40.73074262530658,-74.06378388404846,3225,"Baldwin at Montgomery",40.7236589,-74.0641943,29575,"Subscriber",1988,1
784,"2018-12-23 08:17:16.1180","2018-12-23 08:30:20.6650",3195,"Sip Ave",40.73074262530658,-74.06378388404846,3678,"Fairmount Ave",40.72572613742557,-74.07195925712585,29642,"Subscriber",1983,1
542,"2018-12-23 08:17:22.1640","2018-12-23 08:26:24.2680",3195,"Sip Ave",40.73074262530658,-74.06378388404846,3210,"Pershing Field",40.742677141,-74.051788633,29236,"Subscriber",1988,1
406,"2018-12-23 08:48:22.5360","2018-12-23 08:55:08.7930",3195,"Sip Ave",40.73074262530658,-74.06378388404846,3678,"Fairmount Ave",40.72572613742557,-74.07195925712585,29265,"Subscriber",1970,1
257,"2018-12-23 08:53:03.5510","2018-12-23 08:57:21.1880",3195,"Sip Ave",40.73074262530658,-74.06378388404846,3677,"Glenwood Ave",40.72755146730012,-74.07106071710587,29572,"Subscriber",1994,2
524,"2018-12-23 08:59:14.3290","2018-12-23 09:07:58.8300",3195,"Sip Ave",40.73074262530658,-74.06378388404846,3277,"Communipaw & Berry Lane",40.71435836870427,-74.06661093235016,29629,"Subscriber",1988,1
433,"2018-12-23 10:46:08.9880","2018-12-23 10:53:22.7350",3195,"Sip Ave",40.73074262530658,-74.06378388404846,3203,"Hamilton Park",40.727595966,-74.044247311,29642,"Subscriber",1971,2
209,"2018-12-23 11:00:58.9070","2018-12-23 11:04:28.2230",3195,"Sip Ave",40.73074262530658,-74.06378388404846,3194,"McGinley Square",40.7253399253558,-74.06762212514877,29463,"Subscriber",1957,2
338,"2018-12-23 14:51:23.3020","2018-12-23 14:57:01.6790",3195,"Sip Ave",40.73074262530658,-74.06378388404846,3207,"Oakland Ave",40.7376037,-74.0524783,26284,"Subscriber",1988,1
400,"2018-12-23 16:27:49.6770","2018-12-23 16:34:29.8840",3195,"Sip Ave",40.73074262530658,-74.06378388404846,3280,"Astor Place",40.71928220070702,-74.07126188278198,29285,"Subscriber",1960,1
458,"2018-12-23 17:25:37.6980","2018-12-23 17:33:16.6150",3195,"Sip Ave",40.73074262530658,-74.06378388404846,3280,"Astor Place",40.71928220070702,-74.07126188278198,26245,"Subscriber",1982,2
343,"2018-12-23 18:12:03.5950","2018-12-23 18:17:47.0510",3195,"Sip Ave",40.73074262530658,-74.06378388404846,3678,"Fairmount Ave",40.72572613742557,-74.07195925712585,29444,"Subscriber",1970,1
417,"2018-12-23 19:41:17.6610","2018-12-23 19:48:15.4870",3195,"Sip Ave",40.73074262530658,-74.06378388404846,3679,"Bergen Ave",40.722103786686034,-74.07145500183105,29576,"Subscriber",1969,0
1020,"2018-12-23 19:51:48.8250","2018-12-23 20:08:49.0280",3195,"Sip Ave",40.73074262530658,-74.06378388404846,3225,"Baldwin at Montgomery",40.7236589,-74.0641943,29582,"Subscriber",1976,0
646,"2018-12-23 23:27:52.4330","2018-12-23 23:38:38.9480",3195,"Sip Ave",40.73074262530658,-74.06378388404846,3193,"Lincoln Park",40.7246050998869,-74.07840594649315,29673,"Subscriber",1969,1
656,"2018-12-24 00:45:23.1820","2018-12-24 00:56:19.2310",3195,"Sip Ave",40.73074262530658,-74.06378388404846,3281,"Leonard Gordon Park",40.74590996631558,-74.0572714805603,26205,"Subscriber",1995,1
352,"2018-12-24 00:46:20.7780","2018-12-24 00:52:13.7360",3195,"Sip Ave",40.73074262530658,-74.06378388404846,3207,"Oakland Ave",40.7376037,-74.0524783,29512,"Subscriber",1976,2
736,"2018-12-24 02:44:17.9780","2018-12-24 02:56:34.1050",3195,"Sip Ave",40.73074262530658,-74.06378388404846,3281,"Leonard Gordon Park",40.74590996631558,-74.0572714805603,29211,"Subscriber",1969,1
384,"2018-12-24 03:38:01.7210","2018-12-24 03:44:26.1120",3195,"Sip Ave",40.73074262530658,-74.06378388404846,3193,"Lincoln Park",40.7246050998869,-74.07840594649315,29531,"Subscriber",1967,1
521,"2018-12-24 06:03:40.1040","2018-12-24 06:12:21.3120",3195,"Sip Ave",40.73074262530658,-74.06378388404846,3280,"Astor Place",40.71928220070702,-74.07126188278198,29513,"Subscriber",1959,1
290,"2018-12-24 07:38:02.3970","2018-12-24 07:42:52.6980",3195,"Sip Ave",40.73074262530658,-74.06378388404846,3225,"Baldwin at Montgomery",40.7236589,-74.0641943,26165,"Subscriber",1988,1
243,"2018-12-24 09:05:19.9810","2018-12-24 09:09:23.0650",3195,"Sip Ave",40.73074262530658,-74.06378388404846,3677,"Glenwood Ave",40.72755146730012,-74.07106071710587,29664,"Subscriber",1994,2
628,"2018-12-24 09:24:12.4740","2018-12-24 09:34:41.2140",3195,"Sip Ave",40.73074262530658,-74.06378388404846,3210,"Pershing Field",40.742677141,-74.051788633,29265,"Subscriber",1988,1
225,"2018-12-24 11:15:50.8910","2018-12-24 11:19:36.7830",3195,"Sip Ave",40.73074262530658,-74.06378388404846,3206,"Hilltop",40.7311689,-74.0575736,29576,"Subscriber",1971,2
854,"2018-12-24 12:00:08.4380","2018-12-24 12:14:22.7940",3195,"Sip Ave",40.73074262530658,-74.06378388404846,3279,"Dixon Mills",40.721630142638354,-74.04996782541275,29595,"Subscriber",1985,1
806,"2018-12-24 12:01:26.6040","2018-12-24 12:14:53.0090",3195,"Sip Ave",40.73074262530658,-74.06378388404846,3279,"Dixon Mills",40.721630142638354,-74.04996782541275,29201,"Subscriber",1979,2
305,"2018-12-24 12:30:25.8360","2018-12-24 12:35:30.9290",3195,"Sip Ave",40.73074262530658,-74.06378388404846,3225,"Baldwin at Montgomery",40.7236589,-74.0641943,29295,"Subscriber",1994,1
371,"2018-12-24 13:17:03.4170","2018-12-24 13:23:14.5870",3195,"Sip Ave",40.73074262530658,-74.06378388404846,3207,"Oakland Ave",40.7376037,-74.0524783,29447,"Subscriber",1985,1
568,"2018-12-24 14:51:20.9320","2018-12-24 15:00:49.0380",3195,"Sip Ave",40.73074262530658,-74.06378388404846,3677,"Glenwood Ave",40.72755146730012,-74.07106071710587,29531,"Subscriber",1978,1
337,"2018-12-24 15:04:34.2450","2018-12-24 15:10:11.4780",3195,"Sip Ave",40.73074262530658,-74.06378388404846,3220,"5 Corners Library",40.734961020009514,-74.0595030784607,29444,"Subscriber",1961,1
549,"2018-12-24 15:47:33.8870","2018-12-24 15:56:43.5990",3195,"Sip Ave",40.73074262530658,-74.06378388404846,3280,"Astor Place",40.71928220070702,-74.07126188278198,29496,"Customer",1969,0
716,"2018-12-24 15:51:45.7980","2018-12-24 16:03:42.0220",3195,"Sip Ave",40.73074262530658,-74.06378388404846,3679,"Bergen Ave",40.722103786686034,-74.07145500183105,26190,"Subscriber",1992,1
240,"2018-12-24 17:12:26.3130","2018-12-24 17:16:27.1960",3195,"Sip Ave",40.73074262530658,-74.06378388404846,3225,"Baldwin at Montgomery",40.7236589,-74.0641943,29602,"Subscriber",1986,1
376,"2018-12-24 17:31:23.7480","2018-12-24 17:37:40.5850",3195,"Sip Ave",40.73074262530658,-74.06378388404846,3210,"Pershing Field",40.742677141,-74.051788633,29486,"Subscriber",1987,1
232,"2018-12-24 17:52:41.7310","2018-12-24 17:56:34.2980",3195,"Sip Ave",40.73074262530658,-74.06378388404846,3194,"McGinley Square",40.7253399253558,-74.06762212514877,29665,"Subscriber",1970,1
685,"2018-12-24 17:56:56.4930","2018-12-24 18:08:21.9730",3195,"Sip Ave",40.73074262530658,-74.06378388404846,3210,"Pershing Field",40.742677141,-74.051788633,29646,"Subscriber",1988,1
569,"2018-12-24 18:50:49.9140","2018-12-24 19:00:19.1630",3195,"Sip Ave",40.73074262530658,-74.06378388404846,3210,"Pershing Field",40.742677141,-74.051788633,29210,"Subscriber",1995,2
393,"2018-12-24 19:15:35.3950","2018-12-24 19:22:09.2350",3195,"Sip Ave",40.73074262530658,-74.06378388404846,3679,"Bergen Ave",40.722103786686034,-74.07145500183105,29263,"Subscriber",1969,0
392,"2018-12-24 19:19:27.8210","2018-12-24 19:25:59.9820",3195,"Sip Ave",40.73074262530658,-74.06378388404846,3678,"Fairmount Ave",40.72572613742557,-74.07195925712585,26293,"Subscriber",1985,1
588,"2018-12-24 19:24:31.7550","2018-12-24 19:34:19.9620",3195,"Sip Ave",40.73074262530658,-74.06378388404846,3280,"Astor Place",40.71928220070702,-74.07126188278198,29508,"Subscriber",1959,1
184,"2018-12-24 20:43:17.1990","2018-12-24 20:46:22.0520",3195,"Sip Ave",40.73074262530658,-74.06378388404846,3194,"McGinley Square",40.7253399253558,-74.06762212514877,29548,"Subscriber",1996,2
2641,"2018-12-24 22:27:46.7250","2018-12-24 23:11:48.6840",3195,"Sip Ave",40.73074262530658,-74.06378388404846,3195,"Sip Ave",40.73074262530658,-74.06378388404846,26302,"Subscriber",1984,1
783,"2018-12-24 23:00:27.9050","2018-12-24 23:13:31.4580",3195,"Sip Ave",40.73074262530658,-74.06378388404846,3191,"Union St",40.7182113,-74.0836394,29210,"Subscriber",1962,1
480,"2018-12-24 23:20:06.5640","2018-12-24 23:28:07.0270",3195,"Sip Ave",40.73074262530658,-74.06378388404846,3281,"Leonard Gordon Park",40.74590996631558,-74.0572714805603,26230,"Subscriber",1969,1
328,"2018-12-25 00:08:40.8830","2018-12-25 00:14:09.0070",3195,"Sip Ave",40.73074262530658,-74.06378388404846,3678,"Fairmount Ave",40.72572613742557,-74.07195925712585,26302,"Subscriber",1989,1
595,"2018-12-25 06:02:58.2860","2018-12-25 06:12:53.3910",3195,"Sip Ave",40.73074262530658,-74.06378388404846,3280,"Astor Place",40.71928220070702,-74.07126188278198,29678,"Subscriber",1959,1
412,"2018-12-25 07:43:50.2050","2018-12-25 07:50:43.0490",3195,"Sip Ave",40.73074262530658,-74.06378388404846,3225,"Baldwin at Montgomery",40.7236589,-74.0641943,29601,"Subscriber",1988,1
389,"2018-12-25 08:48:42.6310","2018-12-25 08:55:12.1190",3195,"Sip Ave",40.73074262530658,-74.06378388404846,3678,"Fairmount Ave",40.72572613742557,-74.07195925712585,26190,"Subscriber",1994,2
257,"2018-12-25 11:50:11.9310","2018-12-25 11:54:29.2150",3195,"Sip Ave",40.73074262530658,-74.06378388404846,3225,"Baldwin at Montgomery",40.7236589,-74.0641943,29665,"Subscriber",1994,1
564,"2018-12-25 15:32:25.7430","2018-12-25 15:41:49.7960",3195,"Sip Ave",40.73074262530658,-74.06378388404846,3210,"Pershing Field",40.742677141,-74.051788633,29252,"Subscriber",1988,1
305,"2018-12-25 15:54:51.8610","2018-12-25 15:59:57.6160",3195,"Sip Ave",40.73074262530658,-74.06378388404846,3678,"Fairmount Ave",40.72572613742557,-74.07195925712585,29497,"Subscriber",1989,1
464,"2018-12-25 16:20:32.7310","2018-12-25 16:28:17.6340",3195,"Sip Ave",40.73074262530658,-74.06378388404846,3193,"Lincoln Park",40.7246050998869,-74.07840594649315,29533,"Subscriber",1983,1
339,"2018-12-25 16:42:16.5570","2018-12-25 16:47:56.4720",3195,"Sip Ave",40.73074262530658,-74.06378388404846,3280,"Astor Place",40.71928220070702,-74.07126188278198,29260,"Customer",1986,1
308,"2018-12-25 16:49:36.3030","2018-12-25 16:54:44.4930",3195,"Sip Ave",40.73074262530658,-74.06378388404846,3280,"Astor Place",40.71928220070702,-74.07126188278198,26247,"Subscriber",1987,1
498,"2018-12-25 17:47:47.3840","2018-12-25 17:56:05.7640",3195,"Sip Ave",40.73074262530658,-74.06378388404846,3280,"Astor Place",40.71928220070702,-74.07126188278198,26293,"Subscriber",1982,2
455,"2018-12-25 19:23:01.5600","2018-12-25 19:30:37.5070",3195,"Sip Ave",40.73074262530658,-74.06378388404846,3225,"Baldwin at Montgomery",40.7236589,-74.0641943,29222,"Subscriber",1962,1
611,"2018-12-25 22:23:33.4630","2018-12-25 22:33:45.4400",3195,"Sip Ave",40.73074262530658,-74.06378388404846,3280,"Astor Place",40.71928220070702,-74.07126188278198,29671,"Subscriber",1960,1
521,"2018-12-25 22:25:07.7870","2018-12-25 22:33:48.8690",3195,"Sip Ave",40.73074262530658,-74.06378388404846,3280,"Astor Place",40.71928220070702,-74.07126188278198,29544,"Subscriber",1953,2
2714,"2018-12-25 23:10:14.5000","2018-12-25 23:55:29.2790",3195,"Sip Ave",40.73074262530658,-74.06378388404846,3191,"Union St",40.7182113,-74.0836394,29300,"Subscriber",1984,1
811,"2018-12-25 23:22:06.6320","2018-12-25 23:35:38.2240",3195,"Sip Ave",40.73074262530658,-74.06378388404846,3191,"Union St",40.7182113,-74.0836394,29267,"Subscriber",1962,1
220,"2018-12-26 00:48:57.1390","2018-12-26 00:52:37.7210",3195,"Sip Ave",40.73074262530658,-74.06378388404846,3225,"Baldwin at Montgomery",40.7236589,-74.0641943,29491,"Subscriber",1994,1
562,"2018-12-26 06:02:36.7480","2018-12-26 06:11:59.3510",3195,"Sip Ave",40.73074262530658,-74.06378388404846,3280,"Astor Place",40.71928220070702,-74.07126188278198,29246,"Subscriber",1959,1
320,"2018-12-26 07:29:42.0710","2018-12-26 07:35:02.5450",3195,"Sip Ave",40.73074262530658,-74.06378388404846,3225,"Baldwin at Montgomery",40.7236589,-74.0641943,29222,"Subscriber",1988,1
239,"2018-12-26 08:42:56.8420","2018-12-26 08:46:56.0330",3195,"Sip Ave",40.73074262530658,-74.06378388404846,3677,"Glenwood Ave",40.72755146730012,-74.07106071710587,26190,"Subscriber",1994,2
398,"2018-12-26 11:33:21.4890","2018-12-26 11:39:59.6190",3195,"Sip Ave",40.73074262530658,-74.06378388404846,3280,"Astor Place",40.71928220070702,-74.07126188278198,29588,"Subscriber",1988,1
298,"2018-12-26 13:11:52.6890","2018-12-26 13:16:51.5330",3195,"Sip Ave",40.73074262530658,-74.06378388404846,3220,"5 Corners Library",40.734961020009514,-74.0595030784607,29587,"Subscriber",1961,1
236,"2018-12-26 13:32:03.6840","2018-12-26 13:36:00.3490",3195,"Sip Ave",40.73074262530658,-74.06378388404846,3225,"Baldwin at Montgomery",40.7236589,-74.0641943,29534,"Subscriber",1994,1
424,"2018-12-26 13:38:21.8370","2018-12-26 13:45:26.3420",3195,"Sip Ave",40.73074262530658,-74.06378388404846,3280,"Astor Place",40.71928220070702,-74.07126188278198,29497,"Subscriber",1964,1
782,"2018-12-26 14:15:13.2740","2018-12-26 14:28:15.7960",3195,"Sip Ave",40.73074262530658,-74.06378388404846,3279,"Dixon Mills",40.721630142638354,-74.04996782541275,29260,"Subscriber",1982,1
424,"2018-12-26 14:23:32.1940","2018-12-26 14:30:36.4310",3195,"Sip Ave",40.73074262530658,-74.06378388404846,3207,"Oakland Ave",40.7376037,-74.0524783,29444,"Subscriber",1985,1
281,"2018-12-26 14:46:42.5030","2018-12-26 14:51:23.7260",3195,"Sip Ave",40.73074262530658,-74.06378388404846,3220,"5 Corners Library",40.734961020009514,-74.0595030784607,29544,"Subscriber",1988,1
250,"2018-12-26 14:56:11.0930","2018-12-26 15:00:21.6740",3195,"Sip Ave",40.73074262530658,-74.06378388404846,3225,"Baldwin at Montgomery",40.7236589,-74.0641943,29263,"Subscriber",1991,1
772,"2018-12-26 16:26:44.5560","2018-12-26 16:39:37.2230",3195,"Sip Ave",40.73074262530658,-74.06378388404846,3191,"Union St",40.7182113,-74.0836394,29551,"Subscriber",1990,1
369,"2018-12-26 16:26:50.2870","2018-12-26 16:32:59.3180",3195,"Sip Ave",40.73074262530658,-74.06378388404846,3280,"Astor Place",40.71928220070702,-74.07126188278198,29588,"Subscriber",1983,1
467,"2018-12-26 16:34:07.4630","2018-12-26 16:41:55.2250",3195,"Sip Ave",40.73074262530658,-74.06378388404846,3280,"Astor Place",40.71928220070702,-74.07126188278198,26257,"Subscriber",1960,1
1860,"2018-12-26 17:23:11.5450","2018-12-26 17:54:11.9270",3195,"Sip Ave",40.73074262530658,-74.06378388404846,3678,"Fairmount Ave",40.72572613742557,-74.07195925712585,29206,"Subscriber",1995,1
429,"2018-12-26 17:24:11.9170","2018-12-26 17:31:21.1000",3195,"Sip Ave",40.73074262530658,-74.06378388404846,3280,"Astor Place",40.71928220070702,-74.07126188278198,29246,"Subscriber",1971,1
550,"2018-12-26 17:24:23.3180","2018-12-26 17:33:34.1520",3195,"Sip Ave",40.73074262530658,-74.06378388404846,3193,"Lincoln Park",40.7246050998869,-74.07840594649315,29665,"Subscriber",1983,1
188,"2018-12-26 17:24:47.5520","2018-12-26 17:27:55.6140",3195,"Sip Ave",40.73074262530658,-74.06378388404846,3194,"McGinley Square",40.7253399253558,-74.06762212514877,29285,"Subscriber",1977,1
375,"2018-12-26 17:28:19.1700","2018-12-26 17:34:34.7450",3195,"Sip Ave",40.73074262530658,-74.06378388404846,3210,"Pershing Field",40.742677141,-74.051788633,29213,"Subscriber",1987,1
280,"2018-12-26 17:29:34.8580","2018-12-26 17:34:15.5610",3195,"Sip Ave",40.73074262530658,-74.06378388404846,3225,"Baldwin at Montgomery",40.7236589,-74.0641943,29249,"Subscriber",1986,1
593,"2018-12-26 17:50:48.8950","2018-12-26 18:00:42.1040",3195,"Sip Ave",40.73074262530658,-74.06378388404846,3193,"Lincoln Park",40.7246050998869,-74.07840594649315,29576,"Subscriber",1984,1
629,"2018-12-26 18:37:28.2350","2018-12-26 18:47:58.0880",3195,"Sip Ave",40.73074262530658,-74.06378388404846,3191,"Union St",40.7182113,-74.0836394,26155,"Subscriber",1992,1
260,"2018-12-26 18:43:44.6150","2018-12-26 18:48:04.7600",3195,"Sip Ave",40.73074262530658,-74.06378388404846,3194,"McGinley Square",40.7253399253558,-74.06762212514877,29268,"Subscriber",1970,1
192,"2018-12-26 18:47:04.8430","2018-12-26 18:50:17.6440",3195,"Sip Ave",40.73074262530658,-74.06378388404846,3194,"McGinley Square",40.7253399253558,-74.06762212514877,26164,"Subscriber",1990,1
444,"2018-12-26 18:50:31.2290","2018-12-26 18:57:55.7850",3195,"Sip Ave",40.73074262530658,-74.06378388404846,3280,"Astor Place",40.71928220070702,-74.07126188278198,26242,"Customer",1969,0
314,"2018-12-26 18:54:01.9820","2018-12-26 18:59:16.2580",3195,"Sip Ave",40.73074262530658,-74.06378388404846,3679,"Bergen Ave",40.722103786686034,-74.07145500183105,29679,"Subscriber",1993,1
671,"2018-12-26 19:03:26.5110","2018-12-26 19:14:37.9510",3195,"Sip Ave",40.73074262530658,-74.06378388404846,3679,"Bergen Ave",40.722103786686034,-74.07145500183105,29121,"Subscriber",1989,2
386,"2018-12-26 19:16:59.9480","2018-12-26 19:23:26.1590",3195,"Sip Ave",40.73074262530658,-74.06378388404846,3193,"Lincoln Park",40.7246050998869,-74.07840594649315,29533,"Subscriber",1974,1
425,"2018-12-26 19:25:05.0440","2018-12-26 19:32:10.8070",3195,"Sip Ave",40.73074262530658,-74.06378388404846,3225,"Baldwin at Montgomery",40.7236589,-74.0641943,29552,"Subscriber",1962,1
381,"2018-12-26 19:25:42.7320","2018-12-26 19:32:04.1700",3195,"Sip Ave",40.73074262530658,-74.06378388404846,3679,"Bergen Ave",40.722103786686034,-74.07145500183105,26284,"Subscriber",1969,0
231,"2018-12-26 19:28:12.7850","2018-12-26 19:32:04.6920",3195,"Sip Ave",40.73074262530658,-74.06378388404846,3194,"McGinley Square",40.7253399253558,-74.06762212514877,26312,"Subscriber",1980,1
292,"2018-12-26 20:01:22.2650","2018-12-26 20:06:14.8380",3195,"Sip Ave",40.73074262530658,-74.06378388404846,3194,"McGinley Square",40.7253399253558,-74.06762212514877,26304,"Subscriber",1996,2
425,"2018-12-26 20:48:22.1400","2018-12-26 20:55:27.9860",3195,"Sip Ave",40.73074262530658,-74.06378388404846,3207,"Oakland Ave",40.7376037,-74.0524783,26276,"Subscriber",1988,1
325,"2018-12-26 20:56:49.1140","2018-12-26 21:02:14.4660",3195,"Sip Ave",40.73074262530658,-74.06378388404846,3679,"Bergen Ave",40.722103786686034,-74.07145500183105,29469,"Subscriber",1992,1
571,"2018-12-26 21:00:11.8510","2018-12-26 21:09:43.0390",3195,"Sip Ave",40.73074262530658,-74.06378388404846,3212,"Christ Hospital",40.734785818,-74.050443636,29486,"Subscriber",1973,1
543,"2018-12-26 22:23:37.7850","2018-12-26 22:32:41.6940",3195,"Sip Ave",40.73074262530658,-74.06378388404846,3210,"Pershing Field",40.742677141,-74.051788633,29268,"Subscriber",1995,2
367,"2018-12-26 22:41:19.0700","2018-12-26 22:47:26.5910",3195,"Sip Ave",40.73074262530658,-74.06378388404846,3280,"Astor Place",40.71928220070702,-74.07126188278198,26292,"Subscriber",1988,1
591,"2018-12-27 01:47:10.0660","2018-12-27 01:57:01.1770",3195,"Sip Ave",40.73074262530658,-74.06378388404846,3210,"Pershing Field",40.742677141,-74.051788633,29444,"Subscriber",1988,1
573,"2018-12-27 06:11:09.5890","2018-12-27 06:20:42.7630",3195,"Sip Ave",40.73074262530658,-74.06378388404846,3280,"Astor Place",40.71928220070702,-74.07126188278198,29211,"Subscriber",1959,1
564,"2018-12-27 06:56:55.4410","2018-12-27 07:06:20.0380",3195,"Sip Ave",40.73074262530658,-74.06378388404846,3191,"Union St",40.7182113,-74.0836394,29673,"Subscriber",1991,1
463,"2018-12-27 07:16:33.2550","2018-12-27 07:24:16.4510",3195,"Sip Ave",40.73074262530658,-74.06378388404846,3194,"McGinley Square",40.7253399253558,-74.06762212514877,29671,"Subscriber",1960,1
372,"2018-12-27 07:41:20.3680","2018-12-27 07:47:32.8440",3195,"Sip Ave",40.73074262530658,-74.06378388404846,3225,"Baldwin at Montgomery",40.7236589,-74.0641943,26312,"Subscriber",1988,1
513,"2018-12-27 10:16:51.6710","2018-12-27 10:25:25.3490",3195,"Sip Ave",40.73074262530658,-74.06378388404846,3678,"Fairmount Ave",40.72572613742557,-74.07195925712585,29282,"Subscriber",1988,1
431,"2018-12-27 11:04:21.7450","2018-12-27 11:11:33.5570",3195,"Sip Ave",40.73074262530658,-74.06378388404846,3193,"Lincoln Park",40.7246050998869,-74.07840594649315,29258,"Subscriber",1991,2
390,"2018-12-27 11:14:45.5890","2018-12-27 11:21:15.8140",3195,"Sip Ave",40.73074262530658,-74.06378388404846,3193,"Lincoln Park",40.7246050998869,-74.07840594649315,29551,"Subscriber",1990,2
788,"2018-12-27 11:15:41.3290","2018-12-27 11:28:49.9880",3195,"Sip Ave",40.73074262530658,-74.06378388404846,3195,"Sip Ave",40.73074262530658,-74.06378388404846,26292,"Subscriber",1984,1
564,"2018-12-27 11:23:39.1330","2018-12-27 11:33:03.3320",3195,"Sip Ave",40.73074262530658,-74.06378388404846,3210,"Pershing Field",40.742677141,-74.051788633,29298,"Subscriber",1988,1
503,"2018-12-27 11:40:29.0440","2018-12-27 11:48:52.6440",3195,"Sip Ave",40.73074262530658,-74.06378388404846,3203,"Hamilton Park",40.727595966,-74.044247311,29533,"Subscriber",1971,2
410,"2018-12-27 12:25:46.3380","2018-12-27 12:32:36.7110",3195,"Sip Ave",40.73074262530658,-74.06378388404846,3220,"5 Corners Library",40.734961020009514,-74.0595030784607,26257,"Subscriber",1961,1
521,"2018-12-27 12:52:13.1300","2018-12-27 13:00:55.0970",3195,"Sip Ave",40.73074262530658,-74.06378388404846,3193,"Lincoln Park",40.7246050998869,-74.07840594649315,29246,"Subscriber",1992,1
700,"2018-12-27 13:38:59.6430","2018-12-27 13:50:40.0420",3195,"Sip Ave",40.73074262530658,-74.06378388404846,3186,"Grove St PATH",40.71958611647166,-74.04311746358871,29665,"Subscriber",1964,1
555,"2018-12-27 13:50:51.0560","2018-12-27 14:00:06.5750",3195,"Sip Ave",40.73074262530658,-74.06378388404846,3210,"Pershing Field",40.742677141,-74.051788633,29552,"Subscriber",1984,1
709,"2018-12-27 14:35:28.0430","2018-12-27 14:47:17.1020",3195,"Sip Ave",40.73074262530658,-74.06378388404846,3193,"Lincoln Park",40.7246050998869,-74.07840594649315,29658,"Subscriber",1988,1
496,"2018-12-27 14:41:43.1920","2018-12-27 14:49:59.7380",3195,"Sip Ave",40.73074262530658,-74.06378388404846,3280,"Astor Place",40.71928220070702,-74.07126188278198,29671,"Subscriber",1982,2
377,"2018-12-27 15:03:17.0260","2018-12-27 15:09:34.0530",3195,"Sip Ave",40.73074262530658,-74.06378388404846,3280,"Astor Place",40.71928220070702,-74.07126188278198,29482,"Customer",1986,1
431,"2018-12-27 16:19:03.7550","2018-12-27 16:26:15.6240",3195,"Sip Ave",40.73074262530658,-74.06378388404846,3280,"Astor Place",40.71928220070702,-74.07126188278198,29453,"Subscriber",1983,1
216,"2018-12-27 16:32:02.9470","2018-12-27 16:35:39.7400",3195,"Sip Ave",40.73074262530658,-74.06378388404846,3194,"McGinley Square",40.7253399253558,-74.06762212514877,29206,"Subscriber",1995,1
822,"2018-12-27 16:40:03.1770","2018-12-27 16:53:45.3880",3195,"Sip Ave",40.73074262530658,-74.06378388404846,3191,"Union St",40.7182113,-74.0836394,29551,"Subscriber",1972,1
442,"2018-12-27 16:43:23.2420","2018-12-27 16:50:45.5830",3195,"Sip Ave",40.73074262530658,-74.06378388404846,3280,"Astor Place",40.71928220070702,-74.07126188278198,29497,"Subscriber",1960,1
1104,"2018-12-27 17:03:30.0760","2018-12-27 17:21:55.0000",3195,"Sip Ave",40.73074262530658,-74.06378388404846,3678,"Fairmount Ave",40.72572613742557,-74.07195925712585,26299,"Subscriber",1995,1
242,"2018-12-27 17:32:56.8850","2018-12-27 17:36:59.8210",3195,"Sip Ave",40.73074262530658,-74.06378388404846,3225,"Baldwin at Montgomery",40.7236589,-74.0641943,26247,"Subscriber",1991,1
461,"2018-12-27 17:35:05.5260","2018-12-27 17:42:46.5970",3195,"Sip Ave",40.73074262530658,-74.06378388404846,3280,"Astor Place",40.71928220070702,-74.07126188278198,29498,"Subscriber",1962,1
425,"2018-12-27 17:41:30.4560","2018-12-27 17:48:35.8230",3195,"Sip Ave",40.73074262530658,-74.06378388404846,3678,"Fairmount Ave",40.72572613742557,-74.07195925712585,29445,"Subscriber",1983,1
231,"2018-12-27 17:41:56.7090","2018-12-27 17:45:48.6430",3195,"Sip Ave",40.73074262530658,-74.06378388404846,3194,"McGinley Square",40.7253399253558,-74.06762212514877,29249,"Subscriber",1966,1
544,"2018-12-27 17:52:02.3330","2018-12-27 18:01:06.6020",3195,"Sip Ave",40.73074262530658,-74.06378388404846,3191,"Union St",40.7182113,-74.0836394,29678,"Subscriber",1992,1
635,"2018-12-27 17:55:26.8430","2018-12-27 18:06:02.7400",3195,"Sip Ave",40.73074262530658,-74.06378388404846,3196,"Riverview Park",40.7443187,-74.0439909,29306,"Subscriber",1987,1
349,"2018-12-27 18:08:06.1010","2018-12-27 18:13:55.3130",3195,"Sip Ave",40.73074262530658,-74.06378388404846,3201,"Dey St",40.737711,-74.066921,29513,"Subscriber",1979,1
232,"2018-12-27 18:10:30.3630","2018-12-27 18:14:22.9780",3195,"Sip Ave",40.73074262530658,-74.06378388404846,3194,"McGinley Square",40.7253399253558,-74.06762212514877,26284,"Subscriber",1977,1
310,"2018-12-27 18:21:06.5070","2018-12-27 18:26:17.0960",3195,"Sip Ave",40.73074262530658,-74.06378388404846,3194,"McGinley Square",40.7253399253558,-74.06762212514877,29211,"Subscriber",1970,1
543,"2018-12-27 18:21:16.9210","2018-12-27 18:30:20.1550",3195,"Sip Ave",40.73074262530658,-74.06378388404846,3210,"Pershing Field",40.742677141,-74.051788633,29553,"Subscriber",1995,2
296,"2018-12-27 18:25:41.7380","2018-12-27 18:30:37.8700",3195,"Sip Ave",40.73074262530658,-74.06378388404846,3678,"Fairmount Ave",40.72572613742557,-74.07195925712585,29525,"Subscriber",1989,1
472,"2018-12-27 18:29:52.9020","2018-12-27 18:37:45.5280",3195,"Sip Ave",40.73074262530658,-74.06378388404846,3193,"Lincoln Park",40.7246050998869,-74.07840594649315,29125,"Subscriber",1992,1
479,"2018-12-27 18:30:31.9980","2018-12-27 18:38:31.5770",3195,"Sip Ave",40.73074262530658,-74.06378388404846,3225,"Baldwin at Montgomery",40.7236589,-74.0641943,29263,"Subscriber",1984,1
75,"2018-12-27 18:32:52.4400","2018-12-27 18:34:07.9990",3195,"Sip Ave",40.73074262530658,-74.06378388404846,3195,"Sip Ave",40.73074262530658,-74.06378388404846,29271,"Subscriber",1981,1
673,"2018-12-27 18:34:32.8010","2018-12-27 18:45:46.4040",3195,"Sip Ave",40.73074262530658,-74.06378388404846,3206,"Hilltop",40.7311689,-74.0575736,29268,"Subscriber",1981,1
241,"2018-12-27 18:48:05.7190","2018-12-27 18:52:07.0660",3195,"Sip Ave",40.73074262530658,-74.06378388404846,3225,"Baldwin at Montgomery",40.7236589,-74.0641943,29657,"Subscriber",1994,1
607,"2018-12-27 19:13:44.5790","2018-12-27 19:23:52.2730",3195,"Sip Ave",40.73074262530658,-74.06378388404846,3193,"Lincoln Park",40.7246050998869,-74.07840594649315,29515,"Subscriber",1986,2
320,"2018-12-27 19:43:36.5620","2018-12-27 19:48:57.2110",3195,"Sip Ave",40.73074262530658,-74.06378388404846,3225,"Baldwin at Montgomery",40.7236589,-74.0641943,29285,"Subscriber",1962,1
282,"2018-12-27 19:49:19.2270","2018-12-27 19:54:01.9320",3195,"Sip Ave",40.73074262530658,-74.06378388404846,3678,"Fairmount Ave",40.72572613742557,-74.07195925712585,29469,"Subscriber",1990,1
190,"2018-12-27 20:01:46.2170","2018-12-27 20:04:56.3960",3195,"Sip Ave",40.73074262530658,-74.06378388404846,3194,"McGinley Square",40.7253399253558,-74.06762212514877,29664,"Subscriber",1977,2
570,"2018-12-27 20:04:33.6090","2018-12-27 20:14:04.4350",3195,"Sip Ave",40.73074262530658,-74.06378388404846,3210,"Pershing Field",40.742677141,-74.051788633,29679,"Subscriber",1988,1
383,"2018-12-27 20:05:06.7770","2018-12-27 20:11:30.5810",3195,"Sip Ave",40.73074262530658,-74.06378388404846,3679,"Bergen Ave",40.722103786686034,-74.07145500183105,29230,"Subscriber",1969,0
240,"2018-12-27 20:50:19.4080","2018-12-27 20:54:19.8580",3195,"Sip Ave",40.73074262530658,-74.06378388404846,3194,"McGinley Square",40.7253399253558,-74.06762212514877,26203,"Subscriber",1996,2
370,"2018-12-27 23:31:06.5050","2018-12-27 23:37:17.0030",3195,"Sip Ave",40.73074262530658,-74.06378388404846,3280,"Astor Place",40.71928220070702,-74.07126188278198,26302,"Subscriber",1988,1
249,"2018-12-28 08:42:21.8000","2018-12-28 08:46:30.9550",3195,"Sip Ave",40.73074262530658,-74.06378388404846,3677,"Glenwood Ave",40.72755146730012,-74.07106071710587,29206,"Subscriber",1994,2
540,"2018-12-28 14:42:25.2420","2018-12-28 14:51:25.9780",3195,"Sip Ave",40.73074262530658,-74.06378388404846,3191,"Union St",40.7182113,-74.0836394,29551,"Subscriber",1992,1
448,"2018-12-28 15:25:02.9920","2018-12-28 15:32:31.8940",3195,"Sip Ave",40.73074262530658,-74.06378388404846,3678,"Fairmount Ave",40.72572613742557,-74.07195925712585,29507,"Subscriber",1988,1
357,"2018-12-28 16:23:23.0810","2018-12-28 16:29:20.9820",3195,"Sip Ave",40.73074262530658,-74.06378388404846,3280,"Astor Place",40.71928220070702,-74.07126188278198,29453,"Subscriber",1983,1
401,"2018-12-28 17:00:39.6020","2018-12-28 17:07:21.3390",3195,"Sip Ave",40.73074262530658,-74.06378388404846,3678,"Fairmount Ave",40.72572613742557,-74.07195925712585,29265,"Subscriber",1995,1
394,"2018-12-28 17:18:30.5370","2018-12-28 17:25:05.3610",3195,"Sip Ave",40.73074262530658,-74.06378388404846,3280,"Astor Place",40.71928220070702,-74.07126188278198,29678,"Subscriber",1994,1
462,"2018-12-28 17:22:52.3810","2018-12-28 17:30:35.3650",3195,"Sip Ave",40.73074262530658,-74.06378388404846,3280,"Astor Place",40.71928220070702,-74.07126188278198,26299,"Subscriber",1960,1
1370,"2018-12-28 17:42:03.6220","2018-12-28 18:04:53.8020",3195,"Sip Ave",40.73074262530658,-74.06378388404846,3210,"Pershing Field",40.742677141,-74.051788633,26284,"Subscriber",1987,1
700,"2018-12-28 17:50:40.1210","2018-12-28 18:02:20.6410",3195,"Sip Ave",40.73074262530658,-74.06378388404846,3191,"Union St",40.7182113,-74.0836394,26257,"Subscriber",1990,1
361,"2018-12-28 19:28:29.7690","2018-12-28 19:34:31.7380",3195,"Sip Ave",40.73074262530658,-74.06378388404846,3225,"Baldwin at Montgomery",40.7236589,-74.0641943,29125,"Subscriber",1962,1
261,"2018-12-28 19:39:38.8460","2018-12-28 19:44:00.3390",3195,"Sip Ave",40.73074262530658,-74.06378388404846,3194,"McGinley Square",40.7253399253558,-74.06762212514877,29507,"Subscriber",1980,1
580,"2018-12-28 19:42:34.7830","2018-12-28 19:52:15.5960",3195,"Sip Ave",40.73074262530658,-74.06378388404846,3207,"Oakland Ave",40.7376037,-74.0524783,29641,"Subscriber",1981,1
332,"2018-12-28 19:43:53.8610","2018-12-28 19:49:26.3970",3195,"Sip Ave",40.73074262530658,-74.06378388404846,3679,"Bergen Ave",40.722103786686034,-74.07145500183105,29525,"Subscriber",1969,0
402,"2018-12-28 22:40:16.9860","2018-12-28 22:46:59.8900",3195,"Sip Ave",40.73074262530658,-74.06378388404846,3207,"Oakland Ave",40.7376037,-74.0524783,26161,"Subscriber",1976,2
226,"2018-12-29 08:10:45.1180","2018-12-29 08:14:32.0920",3195,"Sip Ave",40.73074262530658,-74.06378388404846,3194,"McGinley Square",40.7253399253558,-74.06762212514877,29525,"Subscriber",1986,1
470,"2018-12-29 08:19:32.3590","2018-12-29 08:27:22.8100",3195,"Sip Ave",40.73074262530658,-74.06378388404846,3193,"Lincoln Park",40.7246050998869,-74.07840594649315,29527,"Subscriber",1983,1
479,"2018-12-29 08:38:56.3550","2018-12-29 08:46:56.1560",3195,"Sip Ave",40.73074262530658,-74.06378388404846,3203,"Hamilton Park",40.727595966,-74.044247311,29498,"Subscriber",1971,2
302,"2018-12-29 08:52:46.5810","2018-12-29 08:57:49.2290",3195,"Sip Ave",40.73074262530658,-74.06378388404846,3677,"Glenwood Ave",40.72755146730012,-74.07106071710587,29125,"Subscriber",1988,1
333,"2018-12-29 13:00:14.8770","2018-12-29 13:05:48.3090",3195,"Sip Ave",40.73074262530658,-74.06378388404846,3201,"Dey St",40.737711,-74.066921,29635,"Subscriber",1963,1
322,"2018-12-29 14:53:07.6220","2018-12-29 14:58:30.4250",3195,"Sip Ave",40.73074262530658,-74.06378388404846,3220,"5 Corners Library",40.734961020009514,-74.0595030784607,29551,"Subscriber",1961,1
606,"2018-12-29 16:47:07.8180","2018-12-29 16:57:14.4760",3195,"Sip Ave",40.73074262530658,-74.06378388404846,3207,"Oakland Ave",40.7376037,-74.0524783,29445,"Subscriber",1954,1
361,"2018-12-29 17:13:16.6310","2018-12-29 17:19:18.4190",3195,"Sip Ave",40.73074262530658,-74.06378388404846,3280,"Astor Place",40.71928220070702,-74.07126188278198,29461,"Subscriber",1987,1
442,"2018-12-29 17:43:44.0040","2018-12-29 17:51:06.4260",3195,"Sip Ave",40.73074262530658,-74.06378388404846,3679,"Bergen Ave",40.722103786686034,-74.07145500183105,29125,"Subscriber",1970,1
285,"2018-12-29 18:05:57.5130","2018-12-29 18:10:42.9840",3195,"Sip Ave",40.73074262530658,-74.06378388404846,3678,"Fairmount Ave",40.72572613742557,-74.07195925712585,29267,"Subscriber",1980,1
556,"2018-12-29 18:07:22.1710","2018-12-29 18:16:38.7330",3195,"Sip Ave",40.73074262530658,-74.06378388404846,3193,"Lincoln Park",40.7246050998869,-74.07840594649315,29469,"Subscriber",1984,1
152,"2018-12-29 19:09:41.3530","2018-12-29 19:12:14.3230",3195,"Sip Ave",40.73074262530658,-74.06378388404846,3194,"McGinley Square",40.7253399253558,-74.06762212514877,29493,"Subscriber",1986,1
195,"2018-12-29 19:27:56.6850","2018-12-29 19:31:12.0980",3195,"Sip Ave",40.73074262530658,-74.06378388404846,3194,"McGinley Square",40.7253399253558,-74.06762212514877,26309,"Subscriber",1980,1
192,"2018-12-29 19:49:04.6100","2018-12-29 19:52:17.1010",3195,"Sip Ave",40.73074262530658,-74.06378388404846,3194,"McGinley Square",40.7253399253558,-74.06762212514877,26304,"Subscriber",1966,1
296,"2018-12-29 22:32:46.1560","2018-12-29 22:37:42.3340",3195,"Sip Ave",40.73074262530658,-74.06378388404846,3678,"Fairmount Ave",40.72572613742557,-74.07195925712585,29508,"Subscriber",1982,1
361,"2018-12-29 22:45:36.3480","2018-12-29 22:51:37.9850",3195,"Sip Ave",40.73074262530658,-74.06378388404846,3280,"Astor Place",40.71928220070702,-74.07126188278198,29527,"Subscriber",1988,1
555,"2018-12-29 23:43:25.3360","2018-12-29 23:52:40.5970",3195,"Sip Ave",40.73074262530658,-74.06378388404846,3210,"Pershing Field",40.742677141,-74.051788633,29265,"Subscriber",1995,2
1074,"2018-12-30 07:48:56.0960","2018-12-30 08:06:50.1250",3195,"Sip Ave",40.73074262530658,-74.06378388404846,3225,"Baldwin at Montgomery",40.7236589,-74.0641943,29125,"Subscriber",1988,1
210,"2018-12-30 13:18:21.7080","2018-12-30 13:21:51.9320",3195,"Sip Ave",40.73074262530658,-74.06378388404846,3194,"McGinley Square",40.7253399253558,-74.06762212514877,29550,"Subscriber",1980,1
390,"2018-12-30 13:44:19.1120","2018-12-30 13:50:49.3820",3195,"Sip Ave",40.73074262530658,-74.06378388404846,3207,"Oakland Ave",40.7376037,-74.0524783,26152,"Subscriber",1985,1
237,"2018-12-30 13:53:35.0620","2018-12-30 13:57:32.0930",3195,"Sip Ave",40.73074262530658,-74.06378388404846,3194,"McGinley Square",40.7253399253558,-74.06762212514877,29453,"Subscriber",1966,1
515,"2018-12-30 15:09:29.8660","2018-12-30 15:18:05.1000",3195,"Sip Ave",40.73074262530658,-74.06378388404846,3272,"Jersey & 3rd",40.72333158646436,-74.04595255851744,29453,"Subscriber",1993,1
1229,"2018-12-30 16:09:28.5150","2018-12-30 16:29:57.8900",3195,"Sip Ave",40.73074262530658,-74.06378388404846,3678,"Fairmount Ave",40.72572613742557,-74.07195925712585,29126,"Subscriber",1995,1
157,"2018-12-30 17:03:42.1280","2018-12-30 17:06:19.7850",3195,"Sip Ave",40.73074262530658,-74.06378388404846,3194,"McGinley Square",40.7253399253558,-74.06762212514877,29593,"Subscriber",1986,1
483,"2018-12-30 17:42:06.6510","2018-12-30 17:50:10.5750",3195,"Sip Ave",40.73074262530658,-74.06378388404846,3280,"Astor Place",40.71928220070702,-74.07126188278198,26161,"Subscriber",1988,1
1004,"2018-12-30 18:28:10.0390","2018-12-30 18:44:54.1850",3195,"Sip Ave",40.73074262530658,-74.06378388404846,3187,"Warren St",40.7211236,-74.03805095,29503,"Subscriber",1985,1
457,"2018-12-30 19:12:50.9420","2018-12-30 19:20:28.6910",3195,"Sip Ave",40.73074262530658,-74.06378388404846,3678,"Fairmount Ave",40.72572613742557,-74.07195925712585,29218,"Subscriber",1973,1
433,"2018-12-30 19:13:08.8120","2018-12-30 19:20:21.9060",3195,"Sip Ave",40.73074262530658,-74.06378388404846,3678,"Fairmount Ave",40.72572613742557,-74.07195925712585,29126,"Subscriber",1984,2
336,"2018-12-30 19:17:26.7030","2018-12-30 19:23:03.5920",3195,"Sip Ave",40.73074262530658,-74.06378388404846,3678,"Fairmount Ave",40.72572613742557,-74.07195925712585,26242,"Subscriber",1988,1
280,"2018-12-30 20:41:14.8900","2018-12-30 20:45:55.3960",3195,"Sip Ave",40.73074262530658,-74.06378388404846,3225,"Baldwin at Montgomery",40.7236589,-74.0641943,29635,"Subscriber",1986,1
222,"2018-12-30 20:41:24.0790","2018-12-30 20:45:06.2850",3195,"Sip Ave",40.73074262530658,-74.06378388404846,3194,"McGinley Square",40.7253399253558,-74.06762212514877,26284,"Subscriber",1996,2
179,"2018-12-30 22:09:23.9660","2018-12-30 22:12:23.9520",3195,"Sip Ave",40.73074262530658,-74.06378388404846,3194,"McGinley Square",40.7253399253558,-74.06762212514877,26309,"Subscriber",1977,2
332,"2018-12-30 22:41:26.8450","2018-12-30 22:46:59.0700",3195,"Sip Ave",40.73074262530658,-74.06378388404846,3679,"Bergen Ave",40.722103786686034,-74.07145500183105,29218,"Subscriber",1970,1
299,"2018-12-30 23:03:20.2310","2018-12-30 23:08:19.8790",3195,"Sip Ave",40.73074262530658,-74.06378388404846,3678,"Fairmount Ave",40.72572613742557,-74.07195925712585,26304,"Subscriber",1980,1
206,"2018-12-31 01:16:27.8520","2018-12-31 01:19:54.3170",3195,"Sip Ave",40.73074262530658,-74.06378388404846,3194,"McGinley Square",40.7253399253558,-74.06762212514877,29304,"Subscriber",1966,1
532,"2018-12-31 06:01:41.4000","2018-12-31 06:10:33.4160",3195,"Sip Ave",40.73074262530658,-74.06378388404846,3280,"Astor Place",40.71928220070702,-74.07126188278198,29635,"Subscriber",1959,1
598,"2018-12-31 07:53:31.5880","2018-12-31 08:03:29.9840",3195,"Sip Ave",40.73074262530658,-74.06378388404846,3193,"Lincoln Park",40.7246050998869,-74.07840594649315,29546,"Subscriber",1983,1
1414,"2018-12-31 08:02:23.7280","2018-12-31 08:25:58.6180",3195,"Sip Ave",40.73074262530658,-74.06378388404846,3225,"Baldwin at Montgomery",40.7236589,-74.0641943,29677,"Subscriber",1988,1
420,"2018-12-31 08:36:38.5340","2018-12-31 08:43:39.3960",3195,"Sip Ave",40.73074262530658,-74.06378388404846,3678,"Fairmount Ave",40.72572613742557,-74.07195925712585,26160,"Subscriber",1988,1
215,"2018-12-31 08:44:28.6400","2018-12-31 08:48:04.0630",3195,"Sip Ave",40.73074262530658,-74.06378388404846,3677,"Glenwood Ave",40.72755146730012,-74.07106071710587,29218,"Subscriber",1994,2
573,"2018-12-31 10:11:08.7580","2018-12-31 10:20:42.4260",3195,"Sip Ave",40.73074262530658,-74.06378388404846,3210,"Pershing Field",40.742677141,-74.051788633,26160,"Subscriber",1983,1
423,"2018-12-31 12:38:50.2360","2018-12-31 12:45:53.4650",3195,"Sip Ave",40.73074262530658,-74.06378388404846,3225,"Baldwin at Montgomery",40.7236589,-74.0641943,29550,"Subscriber",1964,1
497,"2018-12-31 13:35:17.7080","2018-12-31 13:43:35.2340",3195,"Sip Ave",40.73074262530658,-74.06378388404846,3193,"Lincoln Park",40.7246050998869,-74.07840594649315,29619,"Subscriber",1987,1
460,"2018-12-31 15:18:09.1850","2018-12-31 15:25:49.3640",3195,"Sip Ave",40.73074262530658,-74.06378388404846,3280,"Astor Place",40.71928220070702,-74.07126188278198,29463,"Subscriber",1964,1
329,"2018-12-31 15:33:38.6190","2018-12-31 15:39:07.9740",3195,"Sip Ave",40.73074262530658,-74.06378388404846,3678,"Fairmount Ave",40.72572613742557,-74.07195925712585,26309,"Subscriber",1980,1
527,"2018-12-31 15:43:09.2940","2018-12-31 15:51:56.5020",3195,"Sip Ave",40.73074262530658,-74.06378388404846,3280,"Astor Place",40.71928220070702,-74.07126188278198,29493,"Subscriber",1960,1
257,"2018-12-31 16:19:18.8840","2018-12-31 16:23:36.6050",3195,"Sip Ave",40.73074262530658,-74.06378388404846,3679,"Bergen Ave",40.722103786686034,-74.07145500183105,29535,"Subscriber",1989,1
408,"2018-12-31 16:32:06.2020","2018-12-31 16:38:54.3120",3195,"Sip Ave",40.73074262530658,-74.06378388404846,3280,"Astor Place",40.71928220070702,-74.07126188278198,29677,"Subscriber",1971,1
404,"2018-12-31 16:42:03.6030","2018-12-31 16:48:47.8860",3195,"Sip Ave",40.73074262530658,-74.06378388404846,3207,"Oakland Ave",40.7376037,-74.0524783,29246,"Subscriber",1987,1
407,"2018-12-31 17:41:18.0700","2018-12-31 17:48:05.5900",3195,"Sip Ave",40.73074262530658,-74.06378388404846,3193,"Lincoln Park",40.7246050998869,-74.07840594649315,29548,"Subscriber",1990,2
801,"2018-12-31 23:25:49.6090","2018-12-31 23:39:10.7140",3195,"Sip Ave",40.73074262530658,-74.06378388404846,3191,"Union St",40.7182113,-74.0836394,29553,"Subscriber",1962,1
508,"2018-12-01 09:09:05.1260","2018-12-01 09:17:33.6500",3196,"Riverview Park",40.7443187,-74.0439909,3195,"Sip Ave",40.73074262530658,-74.06378388404846,26155,"Subscriber",1994,1
70,"2018-12-01 09:56:48.8070","2018-12-01 09:57:59.3910",3196,"Riverview Park",40.7443187,-74.0439909,3196,"Riverview Park",40.7443187,-74.0439909,26250,"Subscriber",1987,1
2675,"2018-12-01 09:58:30.9410","2018-12-01 10:43:06.8750",3196,"Riverview Park",40.7443187,-74.0439909,3196,"Riverview Park",40.7443187,-74.0439909,29646,"Subscriber",1987,1
105,"2018-12-01 13:01:10.2570","2018-12-01 13:02:56.0980",3196,"Riverview Park",40.7443187,-74.0439909,3196,"Riverview Park",40.7443187,-74.0439909,26210,"Customer",1973,2
1122,"2018-12-01 13:05:18.6470","2018-12-01 13:24:01.2730",3196,"Riverview Park",40.7443187,-74.0439909,3203,"Hamilton Park",40.727595966,-74.044247311,26210,"Customer",1973,2
778,"2018-12-02 19:34:25.4830","2018-12-02 19:47:24.1040",3196,"Riverview Park",40.7443187,-74.0439909,3202,"Newport PATH",40.7272235,-74.0337589,29646,"Subscriber",1972,2
883,"2018-12-03 08:54:24.0410","2018-12-03 09:09:07.6900",3196,"Riverview Park",40.7443187,-74.0439909,3186,"Grove St PATH",40.71958611647166,-74.04311746358871,29555,"Subscriber",1987,1
1401,"2018-12-03 09:30:03.9620","2018-12-03 09:53:25.4040",3196,"Riverview Park",40.7443187,-74.0439909,3184,"Paulus Hook",40.7141454,-74.0335519,29527,"Subscriber",1972,2
33738,"2018-12-03 10:39:16.6630","2018-12-03 20:01:35.4350",3196,"Riverview Park",40.7443187,-74.0439909,3196,"Riverview Park",40.7443187,-74.0439909,26259,"Subscriber",1988,1
895,"2018-12-03 16:17:55.8650","2018-12-03 16:32:51.8160",3196,"Riverview Park",40.7443187,-74.0439909,3639,"Harborside",40.7192517,-74.034234,29589,"Subscriber",1975,1
1569,"2018-12-03 16:29:10.6500","2018-12-03 16:55:20.4940",3196,"Riverview Park",40.7443187,-74.0439909,3192,"Liberty Light Rail",40.7112423,-74.0557013,29536,"Subscriber",1981,1
231,"2018-12-03 18:37:54.1070","2018-12-03 18:41:45.3850",3196,"Riverview Park",40.7443187,-74.0439909,3198,"Heights Elevator",40.748715945380226,-74.04044330120087,29272,"Subscriber",1988,1
142,"2018-12-03 19:55:40.6260","2018-12-03 19:58:03.2320",3196,"Riverview Park",40.7443187,-74.0439909,3198,"Heights Elevator",40.748715945380226,-74.04044330120087,29656,"Subscriber",1963,1
1550,"2018-12-04 08:08:16.7580","2018-12-04 08:34:07.1660",3196,"Riverview Park",40.7443187,-74.0439909,3195,"Sip Ave",40.73074262530658,-74.06378388404846,29251,"Subscriber",1990,2
838,"2018-12-04 08:46:32.8540","2018-12-04 09:00:31.4210",3196,"Riverview Park",40.7443187,-74.0439909,3186,"Grove St PATH",40.71958611647166,-74.04311746358871,29272,"Subscriber",1987,1
1005,"2018-12-04 22:04:14.5520","2018-12-04 22:20:59.7580",3196,"Riverview Park",40.7443187,-74.0439909,3211,"Newark Ave",40.72152515,-74.046304543,29496,"Subscriber",1964,1
836,"2018-12-05 08:49:41.5730","2018-12-05 09:03:38.4430",3196,"Riverview Park",40.7443187,-74.0439909,3186,"Grove St PATH",40.71958611647166,-74.04311746358871,29610,"Subscriber",1987,1
1767,"2018-12-06 07:45:13.5230","2018-12-06 08:14:40.6940",3196,"Riverview Park",40.7443187,-74.0439909,3196,"Riverview Park",40.7443187,-74.0439909,29535,"Subscriber",1990,2
1546,"2018-12-06 08:27:26.5470","2018-12-06 08:53:12.9880",3196,"Riverview Park",40.7443187,-74.0439909,3185,"City Hall",40.7177325,-74.043845,29224,"Subscriber",1982,2
805,"2018-12-06 08:50:33.1670","2018-12-06 09:03:58.7110",3196,"Riverview Park",40.7443187,-74.0439909,3186,"Grove St PATH",40.71958611647166,-74.04311746358871,26243,"Subscriber",1987,1
651,"2018-12-06 10:09:54.5350","2018-12-06 10:20:46.4670",3196,"Riverview Park",40.7443187,-74.0439909,3199,"Newport Pkwy",40.7287448,-74.0321082,26173,"Subscriber",1985,1
1125,"2018-12-07 08:48:47.8900","2018-12-07 09:07:32.9980",3196,"Riverview Park",40.7443187,-74.0439909,3183,"Exchange Place",40.7162469,-74.0334588,29283,"Subscriber",1987,1
626,"2018-12-07 09:23:41.2800","2018-12-07 09:34:08.2560",3196,"Riverview Park",40.7443187,-74.0439909,3202,"Newport PATH",40.7272235,-74.0337589,29656,"Subscriber",1985,1
1220,"2018-12-07 16:41:49.0720","2018-12-07 17:02:10.0580",3196,"Riverview Park",40.7443187,-74.0439909,3199,"Newport Pkwy",40.7287448,-74.0321082,29545,"Subscriber",1989,2
624,"2018-12-08 09:27:29.5670","2018-12-08 09:37:53.8560",3196,"Riverview Park",40.7443187,-74.0439909,3195,"Sip Ave",40.73074262530658,-74.06378388404846,26306,"Subscriber",1978,1
263,"2018-12-08 21:02:13.2640","2018-12-08 21:06:37.1600",3196,"Riverview Park",40.7443187,-74.0439909,3210,"Pershing Field",40.742677141,-74.051788633,29441,"Subscriber",1978,1
518,"2018-12-09 10:42:08.3010","2018-12-09 10:50:47.0810",3196,"Riverview Park",40.7443187,-74.0439909,3195,"Sip Ave",40.73074262530658,-74.06378388404846,29669,"Subscriber",1978,1
694,"2018-12-09 12:54:45.6330","2018-12-09 13:06:19.8650",3196,"Riverview Park",40.7443187,-74.0439909,3209,"Brunswick St",40.7241765,-74.0506564,29267,"Subscriber",1984,1
1084,"2018-12-09 14:22:47.3280","2018-12-09 14:40:51.5400",3196,"Riverview Park",40.7443187,-74.0439909,3184,"Paulus Hook",40.7141454,-74.0335519,29284,"Subscriber",1975,1
811,"2018-12-10 08:45:38.1730","2018-12-10 08:59:09.6390",3196,"Riverview Park",40.7443187,-74.0439909,3186,"Grove St PATH",40.71958611647166,-74.04311746358871,26165,"Subscriber",1987,1
646,"2018-12-10 09:31:55.0650","2018-12-10 09:42:41.7730",3196,"Riverview Park",40.7443187,-74.0439909,3199,"Newport Pkwy",40.7287448,-74.0321082,29666,"Subscriber",1985,1
531,"2018-12-11 07:40:25.4440","2018-12-11 07:49:17.0290",3196,"Riverview Park",40.7443187,-74.0439909,3209,"Brunswick St",40.7241765,-74.0506564,26257,"Subscriber",1995,2
1349,"2018-12-11 08:53:48.9980","2018-12-11 09:16:18.3170",3196,"Riverview Park",40.7443187,-74.0439909,3184,"Paulus Hook",40.7141454,-74.0335519,29608,"Subscriber",1987,1
701,"2018-12-11 10:12:54.3130","2018-12-11 10:24:35.3280",3196,"Riverview Park",40.7443187,-74.0439909,3202,"Newport PATH",40.7272235,-74.0337589,26184,"Subscriber",1994,1
187,"2018-12-12 08:19:13.7750","2018-12-12 08:22:21.0340",3196,"Riverview Park",40.7443187,-74.0439909,3198,"Heights Elevator",40.748715945380226,-74.04044330120087,29472,"Subscriber",1994,2
805,"2018-12-12 08:42:05.0650","2018-12-12 08:55:30.7160",3196,"Riverview Park",40.7443187,-74.0439909,3186,"Grove St PATH",40.71958611647166,-74.04311746358871,29552,"Subscriber",1987,1
243,"2018-12-12 18:33:24.9720","2018-12-12 18:37:28.9640",3196,"Riverview Park",40.7443187,-74.0439909,3198,"Heights Elevator",40.748715945380226,-74.04044330120087,29121,"Subscriber",1988,1
821,"2018-12-13 08:56:12.9190","2018-12-13 09:09:54.1560",3196,"Riverview Park",40.7443187,-74.0439909,3186,"Grove St PATH",40.71958611647166,-74.04311746358871,26203,"Subscriber",1987,1
158,"2018-12-13 09:24:01.6720","2018-12-13 09:26:40.0770",3196,"Riverview Park",40.7443187,-74.0439909,3198,"Heights Elevator",40.748715945380226,-74.04044330120087,29485,"Subscriber",1994,2
121,"2018-12-13 09:36:42.5190","2018-12-13 09:38:43.6550",3196,"Riverview Park",40.7443187,-74.0439909,3198,"Heights Elevator",40.748715945380226,-74.04044330120087,29588,"Subscriber",1994,1
961,"2018-12-13 10:08:56.6700","2018-12-13 10:24:57.8070",3196,"Riverview Park",40.7443187,-74.0439909,3199,"Newport Pkwy",40.7287448,-74.0321082,26167,"Subscriber",1973,2
632,"2018-12-13 20:14:23.3210","2018-12-13 20:24:56.2900",3196,"Riverview Park",40.7443187,-74.0439909,3269,"Brunswick & 6th",40.72601172964625,-74.05038893222809,29485,"Subscriber",1983,1
234,"2018-12-14 08:18:28.1020","2018-12-14 08:22:23.0690",3196,"Riverview Park",40.7443187,-74.0439909,3198,"Heights Elevator",40.748715945380226,-74.04044330120087,29586,"Subscriber",1973,2
891,"2018-12-14 08:47:30.2840","2018-12-14 09:02:21.3810",3196,"Riverview Park",40.7443187,-74.0439909,3186,"Grove St PATH",40.71958611647166,-74.04311746358871,29121,"Subscriber",1987,1
613,"2018-12-15 08:46:01.8050","2018-12-15 08:56:15.4400",3196,"Riverview Park",40.7443187,-74.0439909,3199,"Newport Pkwy",40.7287448,-74.0321082,29230,"Subscriber",1994,1
857,"2018-12-15 10:58:09.4310","2018-12-15 11:12:27.3280",3196,"Riverview Park",40.7443187,-74.0439909,3211,"Newark Ave",40.72152515,-74.046304543,29536,"Subscriber",1982,2
502,"2018-12-15 15:42:53.4950","2018-12-15 15:51:15.5450",3196,"Riverview Park",40.7443187,-74.0439909,3281,"Leonard Gordon Park",40.74590996631558,-74.0572714805603,29441,"Subscriber",1979,2
176,"2018-12-17 08:49:49.7010","2018-12-17 08:52:45.9950",3196,"Riverview Park",40.7443187,-74.0439909,3198,"Heights Elevator",40.748715945380226,-74.04044330120087,29483,"Subscriber",1994,2
597,"2018-12-17 09:52:16.4940","2018-12-17 10:02:13.9960",3196,"Riverview Park",40.7443187,-74.0439909,3199,"Newport Pkwy",40.7287448,-74.0321082,29527,"Subscriber",1985,1
1784,"2018-12-17 14:53:02.6240","2018-12-17 15:22:46.7300",3196,"Riverview Park",40.7443187,-74.0439909,3196,"Riverview Park",40.7443187,-74.0439909,26163,"Customer",1969,0
1775,"2018-12-17 14:53:04.8480","2018-12-17 15:22:40.8430",3196,"Riverview Park",40.7443187,-74.0439909,3196,"Riverview Park",40.7443187,-74.0439909,26298,"Customer",1969,0
141,"2018-12-17 17:25:41.6940","2018-12-17 17:28:03.5680",3196,"Riverview Park",40.7443187,-74.0439909,3198,"Heights Elevator",40.748715945380226,-74.04044330120087,26158,"Subscriber",1994,2
224,"2018-12-17 18:38:17.5900","2018-12-17 18:42:02.1190",3196,"Riverview Park",40.7443187,-74.0439909,3198,"Heights Elevator",40.748715945380226,-74.04044330120087,26163,"Subscriber",1988,1
218,"2018-12-18 08:12:15.1870","2018-12-18 08:15:53.6790",3196,"Riverview Park",40.7443187,-74.0439909,3198,"Heights Elevator",40.748715945380226,-74.04044330120087,29489,"Customer",1988,2
159,"2018-12-18 08:47:43.0060","2018-12-18 08:50:22.7120",3196,"Riverview Park",40.7443187,-74.0439909,3198,"Heights Elevator",40.748715945380226,-74.04044330120087,26302,"Subscriber",1994,2
790,"2018-12-19 10:30:51.0960","2018-12-19 10:44:01.3180",3196,"Riverview Park",40.7443187,-74.0439909,3186,"Grove St PATH",40.71958611647166,-74.04311746358871,29472,"Subscriber",1987,1
148,"2018-12-19 18:33:12.9760","2018-12-19 18:35:41.1850",3196,"Riverview Park",40.7443187,-74.0439909,3198,"Heights Elevator",40.748715945380226,-74.04044330120087,29635,"Subscriber",1984,1
192,"2018-12-19 18:42:15.6100","2018-12-19 18:45:28.0130",3196,"Riverview Park",40.7443187,-74.0439909,3198,"Heights Elevator",40.748715945380226,-74.04044330120087,26298,"Subscriber",1988,1
123,"2018-12-19 22:34:07.7250","2018-12-19 22:36:11.3660",3196,"Riverview Park",40.7443187,-74.0439909,3198,"Heights Elevator",40.748715945380226,-74.04044330120087,26190,"Subscriber",1978,1
144,"2018-12-19 22:41:21.2020","2018-12-19 22:43:45.9810",3196,"Riverview Park",40.7443187,-74.0439909,3198,"Heights Elevator",40.748715945380226,-74.04044330120087,29489,"Subscriber",1978,1
829,"2018-12-20 08:54:26.2710","2018-12-20 09:08:16.0480",3196,"Riverview Park",40.7443187,-74.0439909,3186,"Grove St PATH",40.71958611647166,-74.04311746358871,26298,"Subscriber",1987,1
646,"2018-12-20 09:39:06.7930","2018-12-20 09:49:53.1740",3196,"Riverview Park",40.7443187,-74.0439909,3199,"Newport Pkwy",40.7287448,-74.0321082,26318,"Subscriber",1985,1
817,"2018-12-21 18:26:24.3960","2018-12-21 18:40:01.4730",3196,"Riverview Park",40.7443187,-74.0439909,3211,"Newark Ave",40.72152515,-74.046304543,29645,"Subscriber",1983,1
541,"2018-12-22 11:52:28.1710","2018-12-22 12:01:29.8840",3196,"Riverview Park",40.7443187,-74.0439909,3278,"Monmouth and 6th",40.72568548362901,-74.04879033565521,26163,"Subscriber",1994,1
1891,"2018-12-22 14:00:42.9390","2018-12-22 14:32:14.3690",3196,"Riverview Park",40.7443187,-74.0439909,3196,"Riverview Park",40.7443187,-74.0439909,26300,"Subscriber",1986,1
641,"2018-12-22 14:33:49.3570","2018-12-22 14:44:31.1080",3196,"Riverview Park",40.7443187,-74.0439909,3269,"Brunswick & 6th",40.72601172964625,-74.05038893222809,26300,"Subscriber",1986,1
174,"2018-12-23 12:22:31.5850","2018-12-23 12:25:26.3130",3196,"Riverview Park",40.7443187,-74.0439909,3198,"Heights Elevator",40.748715945380226,-74.04044330120087,29512,"Subscriber",1988,1
393,"2018-12-24 10:27:08.0350","2018-12-24 10:33:41.7670",3196,"Riverview Park",40.7443187,-74.0439909,3206,"Hilltop",40.7311689,-74.0575736,29463,"Subscriber",1990,1
679,"2018-12-24 17:41:45.0950","2018-12-24 17:53:04.6540",3196,"Riverview Park",40.7443187,-74.0439909,3195,"Sip Ave",40.73074262530658,-74.06378388404846,29263,"Subscriber",1978,1
1027,"2018-12-25 01:10:28.3650","2018-12-25 01:27:35.6870",3196,"Riverview Park",40.7443187,-74.0439909,3195,"Sip Ave",40.73074262530658,-74.06378388404846,29678,"Subscriber",1964,1
609,"2018-12-26 07:48:23.9790","2018-12-26 07:58:33.7260",3196,"Riverview Park",40.7443187,-74.0439909,3206,"Hilltop",40.7311689,-74.0575736,29261,"Subscriber",1968,1
675,"2018-12-26 10:05:52.0240","2018-12-26 10:17:07.6740",3196,"Riverview Park",40.7443187,-74.0439909,3199,"Newport Pkwy",40.7287448,-74.0321082,29519,"Subscriber",1985,1
656,"2018-12-27 09:31:15.1960","2018-12-27 09:42:11.5130",3196,"Riverview Park",40.7443187,-74.0439909,3202,"Newport PATH",40.7272235,-74.0337589,29461,"Subscriber",1985,1
787,"2018-12-28 09:23:05.6710","2018-12-28 09:36:13.0590",3196,"Riverview Park",40.7443187,-74.0439909,3186,"Grove St PATH",40.71958611647166,-74.04311746358871,29217,"Subscriber",1991,2
708,"2018-12-28 19:05:41.4110","2018-12-28 19:17:29.6860",3196,"Riverview Park",40.7443187,-74.0439909,3209,"Brunswick St",40.7241765,-74.0506564,29306,"Subscriber",1987,1
465,"2018-12-28 21:18:15.4800","2018-12-28 21:26:00.9990",3196,"Riverview Park",40.7443187,-74.0439909,3281,"Leonard Gordon Park",40.74590996631558,-74.0572714805603,29535,"Subscriber",1985,2
823,"2018-12-29 10:48:51.7800","2018-12-29 11:02:34.8690",3196,"Riverview Park",40.7443187,-74.0439909,3211,"Newark Ave",40.72152515,-74.046304543,29491,"Subscriber",1982,2
311,"2018-12-30 10:10:35.5570","2018-12-30 10:15:46.9850",3196,"Riverview Park",40.7443187,-74.0439909,3210,"Pershing Field",40.742677141,-74.051788633,29264,"Subscriber",1970,1
879,"2018-12-30 16:00:35.9840","2018-12-30 16:15:14.9970",3196,"Riverview Park",40.7443187,-74.0439909,3275,"Columbus Drive",40.71835519823214,-74.03891444206238,26158,"Subscriber",1981,1
542,"2018-12-31 08:54:53.9270","2018-12-31 09:03:56.3770",3196,"Riverview Park",40.7443187,-74.0439909,3269,"Brunswick & 6th",40.72601172964625,-74.05038893222809,29222,"Subscriber",1968,1
882,"2018-12-31 10:37:53.0550","2018-12-31 10:52:35.1880",3196,"Riverview Park",40.7443187,-74.0439909,3203,"Hamilton Park",40.727595966,-74.044247311,26263,"Subscriber",1982,2
202,"2018-12-31 10:46:39.9020","2018-12-31 10:50:02.6410",3196,"Riverview Park",40.7443187,-74.0439909,3198,"Heights Elevator",40.748715945380226,-74.04044330120087,29264,"Subscriber",1986,1
121,"2018-12-01 09:04:45.5960","2018-12-01 09:06:47.4920",3198,"Heights Elevator",40.748715945380226,-74.04044330120087,3196,"Riverview Park",40.7443187,-74.0439909,26165,"Subscriber",1994,1
415,"2018-12-01 09:25:53.0680","2018-12-01 09:32:48.3950",3198,"Heights Elevator",40.748715945380226,-74.04044330120087,3207,"Oakland Ave",40.7376037,-74.0524783,29126,"Subscriber",1989,2
698,"2018-12-01 16:36:45.6870","2018-12-01 16:48:24.0320",3198,"Heights Elevator",40.748715945380226,-74.04044330120087,3198,"Heights Elevator",40.748715945380226,-74.04044330120087,29589,"Customer",1993,1
813,"2018-12-01 16:38:47.4830","2018-12-01 16:52:21.1990",3198,"Heights Elevator",40.748715945380226,-74.04044330120087,3198,"Heights Elevator",40.748715945380226,-74.04044330120087,29555,"Customer",1997,1
257,"2018-12-01 16:42:51.5050","2018-12-01 16:47:08.9630",3198,"Heights Elevator",40.748715945380226,-74.04044330120087,3198,"Heights Elevator",40.748715945380226,-74.04044330120087,26183,"Customer",1969,0
2426,"2018-12-01 16:48:15.6610","2018-12-01 17:28:42.2610",3198,"Heights Elevator",40.748715945380226,-74.04044330120087,3203,"Hamilton Park",40.727595966,-74.044247311,26183,"Customer",1969,0
2198,"2018-12-01 16:52:10.8820","2018-12-01 17:28:49.1760",3198,"Heights Elevator",40.748715945380226,-74.04044330120087,3203,"Hamilton Park",40.727595966,-74.044247311,26159,"Customer",1993,1
2096,"2018-12-01 16:53:54.1870","2018-12-01 17:28:50.2270",3198,"Heights Elevator",40.748715945380226,-74.04044330120087,3203,"Hamilton Park",40.727595966,-74.044247311,29268,"Customer",1997,1
2110,"2018-12-01 16:53:59.2100","2018-12-01 17:29:09.8600",3198,"Heights Elevator",40.748715945380226,-74.04044330120087,3203,"Hamilton Park",40.727595966,-74.044247311,29308,"Customer",1993,1
773,"2018-12-01 17:58:51.9160","2018-12-01 18:11:45.6880",3198,"Heights Elevator",40.748715945380226,-74.04044330120087,3202,"Newport PATH",40.7272235,-74.0337589,29548,"Subscriber",1978,1
212,"2018-12-02 17:26:54.9900","2018-12-02 17:30:27.1650",3198,"Heights Elevator",40.748715945380226,-74.04044330120087,3196,"Riverview Park",40.7443187,-74.0439909,29555,"Subscriber",1988,1
200,"2018-12-02 23:40:17.5840","2018-12-02 23:43:38.3850",3198,"Heights Elevator",40.748715945380226,-74.04044330120087,3196,"Riverview Park",40.7443187,-74.0439909,29527,"Subscriber",1985,1
850,"2018-12-03 07:58:28.5680","2018-12-03 08:12:39.4370",3198,"Heights Elevator",40.748715945380226,-74.04044330120087,3186,"Grove St PATH",40.71958611647166,-74.04311746358871,29550,"Subscriber",1982,1
1226,"2018-12-03 15:07:03.6410","2018-12-03 15:27:29.6720",3198,"Heights Elevator",40.748715945380226,-74.04044330120087,3199,"Newport Pkwy",40.7287448,-74.0321082,29665,"Subscriber",1989,2
215,"2018-12-03 15:18:41.8620","2018-12-03 15:22:17.8530",3198,"Heights Elevator",40.748715945380226,-74.04044330120087,3196,"Riverview Park",40.7443187,-74.0439909,29589,"Subscriber",1986,1
749,"2018-12-03 15:33:13.9060","2018-12-03 15:45:43.2960",3198,"Heights Elevator",40.748715945380226,-74.04044330120087,3220,"5 Corners Library",40.734961020009514,-74.0595030784607,29300,"Subscriber",1978,1
794,"2018-12-03 17:48:38.4530","2018-12-03 18:01:52.5720",3198,"Heights Elevator",40.748715945380226,-74.04044330120087,3640,"Journal Square",40.73367,-74.0625,29199,"Subscriber",1987,1
155,"2018-12-03 17:55:57.6360","2018-12-03 17:58:33.2260",3198,"Heights Elevator",40.748715945380226,-74.04044330120087,3196,"Riverview Park",40.7443187,-74.0439909,26175,"Subscriber",1992,1
469,"2018-12-03 19:40:07.7680","2018-12-03 19:47:57.3690",3198,"Heights Elevator",40.748715945380226,-74.04044330120087,3281,"Leonard Gordon Park",40.74590996631558,-74.0572714805603,26204,"Subscriber",1989,2
192,"2018-12-03 20:05:35.1060","2018-12-03 20:08:47.8710",3198,"Heights Elevator",40.748715945380226,-74.04044330120087,3196,"Riverview Park",40.7443187,-74.0439909,29272,"Subscriber",1988,1
828,"2018-12-03 21:50:36.7530","2018-12-03 22:04:25.7370",3198,"Heights Elevator",40.748715945380226,-74.04044330120087,3272,"Jersey & 3rd",40.72333158646436,-74.04595255851744,29582,"Subscriber",1978,1
737,"2018-12-04 10:40:31.7150","2018-12-04 10:52:48.9900",3198,"Heights Elevator",40.748715945380226,-74.04044330120087,3638,"Washington St",40.7242941,-74.0354826,26286,"Subscriber",1988,1
708,"2018-12-04 10:40:51.1520","2018-12-04 10:52:40.0780",3198,"Heights Elevator",40.748715945380226,-74.04044330120087,3199,"Newport Pkwy",40.7287448,-74.0321082,29241,"Subscriber",1994,2
1792,"2018-12-04 15:16:45.7270","2018-12-04 15:46:38.0960",3198,"Heights Elevator",40.748715945380226,-74.04044330120087,3199,"Newport Pkwy",40.7287448,-74.0321082,26217,"Subscriber",1989,2
564,"2018-12-04 15:37:39.3620","2018-12-04 15:47:03.6580",3198,"Heights Elevator",40.748715945380226,-74.04044330120087,3206,"Hilltop",40.7311689,-74.0575736,29282,"Subscriber",1978,1
617,"2018-12-04 16:18:03.1790","2018-12-04 16:28:20.2580",3198,"Heights Elevator",40.748715945380226,-74.04044330120087,3210,"Pershing Field",40.742677141,-74.051788633,26210,"Subscriber",1991,1
127,"2018-12-04 17:59:41.0270","2018-12-04 18:01:48.0460",3198,"Heights Elevator",40.748715945380226,-74.04044330120087,3196,"Riverview Park",40.7443187,-74.0439909,29656,"Subscriber",1992,1
207,"2018-12-04 19:56:02.3760","2018-12-04 19:59:30.2030",3198,"Heights Elevator",40.748715945380226,-74.04044330120087,3196,"Riverview Park",40.7443187,-74.0439909,29496,"Subscriber",1984,1
720,"2018-12-05 04:42:22.7490","2018-12-05 04:54:23.6240",3198,"Heights Elevator",40.748715945380226,-74.04044330120087,3202,"Newport PATH",40.7272235,-74.0337589,26158,"Subscriber",1989,1
515,"2018-12-05 08:17:44.8710","2018-12-05 08:26:20.5760",3198,"Heights Elevator",40.748715945380226,-74.04044330120087,3281,"Leonard Gordon Park",40.74590996631558,-74.0572714805603,29250,"Subscriber",1956,1
936,"2018-12-05 10:04:45.5200","2018-12-05 10:20:22.4140",3198,"Heights Elevator",40.748715945380226,-74.04044330120087,3210,"Pershing Field",40.742677141,-74.051788633,29553,"Subscriber",1994,1
724,"2018-12-05 10:50:08.9870","2018-12-05 11:02:13.3260",3198,"Heights Elevator",40.748715945380226,-74.04044330120087,3202,"Newport PATH",40.7272235,-74.0337589,29613,"Subscriber",1988,1
150,"2018-12-05 17:48:46.9570","2018-12-05 17:51:17.1770",3198,"Heights Elevator",40.748715945380226,-74.04044330120087,3196,"Riverview Park",40.7443187,-74.0439909,29283,"Subscriber",1992,1
221,"2018-12-05 19:08:12.5650","2018-12-05 19:11:53.8730",3198,"Heights Elevator",40.748715945380226,-74.04044330120087,3196,"Riverview Park",40.7443187,-74.0439909,29294,"Subscriber",1984,1
741,"2018-12-06 10:44:30.9820","2018-12-06 10:56:52.2850",3198,"Heights Elevator",40.748715945380226,-74.04044330120087,3202,"Newport PATH",40.7272235,-74.0337589,26260,"Subscriber",1988,1
1565,"2018-12-06 14:17:53.0590","2018-12-06 14:43:59.0080",3198,"Heights Elevator",40.748715945380226,-74.04044330120087,3187,"Warren St",40.7211236,-74.03805095,26157,"Subscriber",1959,2
1367,"2018-12-06 15:09:08.6300","2018-12-06 15:31:56.5260",3198,"Heights Elevator",40.748715945380226,-74.04044330120087,3199,"Newport Pkwy",40.7287448,-74.0321082,29503,"Subscriber",1989,2
662,"2018-12-06 15:35:12.7540","2018-12-06 15:46:15.2110",3198,"Heights Elevator",40.748715945380226,-74.04044330120087,3220,"5 Corners Library",40.734961020009514,-74.0595030784607,26301,"Subscriber",1978,1
136,"2018-12-06 16:35:14.4700","2018-12-06 16:37:31.0690",3198,"Heights Elevator",40.748715945380226,-74.04044330120087,3196,"Riverview Park",40.7443187,-74.0439909,26184,"Subscriber",1992,1
260,"2018-12-06 18:09:32.3990","2018-12-06 18:13:53.2690",3198,"Heights Elevator",40.748715945380226,-74.04044330120087,3196,"Riverview Park",40.7443187,-74.0439909,29545,"Subscriber",1984,1
699,"2018-12-07 10:36:20.5530","2018-12-07 10:47:59.7220",3198,"Heights Elevator",40.748715945380226,-74.04044330120087,3202,"Newport PATH",40.7272235,-74.0337589,29286,"Subscriber",1988,1
1649,"2018-12-07 13:05:03.7130","2018-12-07 13:32:33.5530",3198,"Heights Elevator",40.748715945380226,-74.04044330120087,3183,"Exchange Place",40.7162469,-74.0334588,29661,"Subscriber",1953,1
506,"2018-12-07 14:41:07.5970","2018-12-07 14:49:34.4400",3198,"Heights Elevator",40.748715945380226,-74.04044330120087,3210,"Pershing Field",40.742677141,-74.051788633,29669,"Subscriber",1994,2
125,"2018-12-07 15:58:56.3540","2018-12-07 16:01:01.6520",3198,"Heights Elevator",40.748715945380226,-74.04044330120087,3196,"Riverview Park",40.7443187,-74.0439909,29669,"Subscriber",1992,1
847,"2018-12-07 16:19:39.7980","2018-12-07 16:33:46.8800",3198,"Heights Elevator",40.748715945380226,-74.04044330120087,3640,"Journal Square",40.73367,-74.0625,29582,"Subscriber",1987,1
705,"2018-12-08 10:03:13.3390","2018-12-08 10:14:58.8720",3198,"Heights Elevator",40.748715945380226,-74.04044330120087,3206,"Hilltop",40.7311689,-74.0575736,29528,"Subscriber",1986,1
163,"2018-12-08 20:29:09.4040","2018-12-08 20:31:52.8170",3198,"Heights Elevator",40.748715945380226,-74.04044330120087,3196,"Riverview Park",40.7443187,-74.0439909,29441,"Subscriber",1969,0
358,"2018-12-08 23:27:00.3710","2018-12-08 23:32:59.2020",3198,"Heights Elevator",40.748715945380226,-74.04044330120087,3212,"Christ Hospital",40.734785818,-74.050443636,29537,"Subscriber",1976,2
407,"2018-12-09 12:51:05.6970","2018-12-09 12:57:53.5560",3198,"Heights Elevator",40.748715945380226,-74.04044330120087,3210,"Pershing Field",40.742677141,-74.051788633,29304,"Subscriber",1984,1
1119,"2018-12-10 15:06:30.8900","2018-12-10 15:25:10.2410",3198,"Heights Elevator",40.748715945380226,-74.04044330120087,3199,"Newport Pkwy",40.7287448,-74.0321082,29619,"Subscriber",1989,2
167,"2018-12-10 16:32:44.1170","2018-12-10 16:35:31.1250",3198,"Heights Elevator",40.748715945380226,-74.04044330120087,3196,"Riverview Park",40.7443187,-74.0439909,29552,"Subscriber",1988,1
167,"2018-12-10 17:57:22.7990","2018-12-10 18:00:10.5380",3198,"Heights Elevator",40.748715945380226,-74.04044330120087,3196,"Riverview Park",40.7443187,-74.0439909,26167,"Subscriber",1992,1
734,"2018-12-11 07:18:27.1610","2018-12-11 07:30:41.6910",3198,"Heights Elevator",40.748715945380226,-74.04044330120087,3640,"Journal Square",40.73367,-74.0625,29219,"Subscriber",1986,1
807,"2018-12-11 10:54:08.0540","2018-12-11 11:07:35.8280",3198,"Heights Elevator",40.748715945380226,-74.04044330120087,3638,"Washington St",40.7242941,-74.0354826,29594,"Subscriber",1988,1
1008,"2018-12-11 15:10:15.0030","2018-12-11 15:27:03.8330",3198,"Heights Elevator",40.748715945380226,-74.04044330120087,3199,"Newport Pkwy",40.7287448,-74.0321082,29233,"Subscriber",1989,2
648,"2018-12-11 18:13:05.3810","2018-12-11 18:23:53.6830",3198,"Heights Elevator",40.748715945380226,-74.04044330120087,3210,"Pershing Field",40.742677141,-74.051788633,29477,"Subscriber",1991,1
694,"2018-12-12 07:17:07.7770","2018-12-12 07:28:41.9140",3198,"Heights Elevator",40.748715945380226,-74.04044330120087,3203,"Hamilton Park",40.727595966,-74.044247311,29674,"Subscriber",1978,1
803,"2018-12-12 10:42:09.7350","2018-12-12 10:55:33.0710",3198,"Heights Elevator",40.748715945380226,-74.04044330120087,3638,"Washington St",40.7242941,-74.0354826,29304,"Subscriber",1988,1
882,"2018-12-12 11:38:53.0890","2018-12-12 11:53:35.5530",3198,"Heights Elevator",40.748715945380226,-74.04044330120087,3196,"Riverview Park",40.7443187,-74.0439909,26203,"Subscriber",1994,2
1086,"2018-12-12 12:04:06.0620","2018-12-12 12:22:12.5650",3198,"Heights Elevator",40.748715945380226,-74.04044330120087,3183,"Exchange Place",40.7162469,-74.0334588,29453,"Subscriber",1994,2
1169,"2018-12-12 15:13:36.2550","2018-12-12 15:33:05.5470",3198,"Heights Elevator",40.748715945380226,-74.04044330120087,3202,"Newport PATH",40.7272235,-74.0337589,26307,"Subscriber",1989,2
192,"2018-12-12 20:14:27.8390","2018-12-12 20:17:40.7470",3198,"Heights Elevator",40.748715945380226,-74.04044330120087,3196,"Riverview Park",40.7443187,-74.0439909,29121,"Subscriber",1988,1
182,"2018-12-12 20:47:50.1490","2018-12-12 20:50:52.9700",3198,"Heights Elevator",40.748715945380226,-74.04044330120087,3196,"Riverview Park",40.7443187,-74.0439909,29485,"Subscriber",1994,2
752,"2018-12-12 22:54:24.6320","2018-12-12 23:06:57.0320",3198,"Heights Elevator",40.748715945380226,-74.04044330120087,3281,"Leonard Gordon Park",40.74590996631558,-74.0572714805603,26251,"Subscriber",1989,1
849,"2018-12-13 04:42:09.7870","2018-12-13 04:56:19.2600",3198,"Heights Elevator",40.748715945380226,-74.04044330120087,3202,"Newport PATH",40.7272235,-74.0337589,26251,"Subscriber",1989,1
792,"2018-12-13 10:38:15.6310","2018-12-13 10:51:28.3250",3198,"Heights Elevator",40.748715945380226,-74.04044330120087,3638,"Washington St",40.7242941,-74.0354826,29588,"Subscriber",1988,1
1164,"2018-12-13 15:10:15.9570","2018-12-13 15:29:40.4400",3198,"Heights Elevator",40.748715945380226,-74.04044330120087,3202,"Newport PATH",40.7272235,-74.0337589,29276,"Subscriber",1989,2
677,"2018-12-13 16:43:29.3440","2018-12-13 16:54:46.4240",3198,"Heights Elevator",40.748715945380226,-74.04044330120087,3281,"Leonard Gordon Park",40.74590996631558,-74.0572714805603,29444,"Subscriber",1977,1
183,"2018-12-13 17:39:56.4440","2018-12-13 17:42:59.5590",3198,"Heights Elevator",40.748715945380226,-74.04044330120087,3196,"Riverview Park",40.7443187,-74.0439909,29485,"Subscriber",1994,2
157,"2018-12-13 20:29:11.2400","2018-12-13 20:31:48.3250",3198,"Heights Elevator",40.748715945380226,-74.04044330120087,3196,"Riverview Park",40.7443187,-74.0439909,29586,"Subscriber",1978,1
793,"2018-12-14 09:16:32.2840","2018-12-14 09:29:45.8430",3198,"Heights Elevator",40.748715945380226,-74.04044330120087,3202,"Newport PATH",40.7272235,-74.0337589,29586,"Subscriber",1972,2
936,"2018-12-14 10:41:42.8830","2018-12-14 10:57:19.2440",3198,"Heights Elevator",40.748715945380226,-74.04044330120087,3211,"Newark Ave",40.72152515,-74.046304543,26171,"Subscriber",1972,1
162,"2018-12-14 13:13:50.3760","2018-12-14 13:16:32.9510",3198,"Heights Elevator",40.748715945380226,-74.04044330120087,3196,"Riverview Park",40.7443187,-74.0439909,29483,"Subscriber",1994,2
209,"2018-12-14 13:54:10.9190","2018-12-14 13:57:40.1420",3198,"Heights Elevator",40.748715945380226,-74.04044330120087,3196,"Riverview Park",40.7443187,-74.0439909,29536,"Subscriber",1976,1
582,"2018-12-14 15:41:08.1610","2018-12-14 15:50:50.4080",3198,"Heights Elevator",40.748715945380226,-74.04044330120087,3206,"Hilltop",40.7311689,-74.0575736,29472,"Subscriber",1978,1
1080,"2018-12-14 15:56:30.6850","2018-12-14 16:14:31.6580",3198,"Heights Elevator",40.748715945380226,-74.04044330120087,3209,"Brunswick St",40.7241765,-74.0506564,29527,"Subscriber",1989,2
559,"2018-12-14 17:14:42.8410","2018-12-14 17:24:02.0860",3198,"Heights Elevator",40.748715945380226,-74.04044330120087,3210,"Pershing Field",40.742677141,-74.051788633,29267,"Subscriber",1994,2
232,"2018-12-14 18:26:50.9490","2018-12-14 18:30:43.8540",3198,"Heights Elevator",40.748715945380226,-74.04044330120087,3198,"Heights Elevator",40.748715945380226,-74.04044330120087,29521,"Subscriber",1989,1
4325,"2018-12-15 17:24:17.7990","2018-12-15 18:36:23.2810",3198,"Heights Elevator",40.748715945380226,-74.04044330120087,3183,"Exchange Place",40.7162469,-74.0334588,26202,"Customer",1992,2
161,"2018-12-15 18:56:19.6050","2018-12-15 18:59:01.3630",3198,"Heights Elevator",40.748715945380226,-74.04044330120087,3196,"Riverview Park",40.7443187,-74.0439909,29527,"Subscriber",1978,1
919,"2018-12-15 21:48:31.4070","2018-12-15 22:03:51.2550",3198,"Heights Elevator",40.748715945380226,-74.04044330120087,3281,"Leonard Gordon Park",40.74590996631558,-74.0572714805603,26283,"Subscriber",1985,2
590,"2018-12-16 18:49:34.4840","2018-12-16 18:59:25.1110",3198,"Heights Elevator",40.748715945380226,-74.04044330120087,3198,"Heights Elevator",40.748715945380226,-74.04044330120087,26286,"Subscriber",1994,1
1122,"2018-12-17 10:22:37.7180","2018-12-17 10:41:20.3000",3198,"Heights Elevator",40.748715945380226,-74.04044330120087,3276,"Marin Light Rail",40.71458403535893,-74.04281705617905,29483,"Subscriber",1972,1
1143,"2018-12-17 15:08:47.8940","2018-12-17 15:27:51.2570",3198,"Heights Elevator",40.748715945380226,-74.04044330120087,3199,"Newport Pkwy",40.7287448,-74.0321082,29605,"Subscriber",1989,2
208,"2018-12-17 20:04:43.1640","2018-12-17 20:08:12.0750",3198,"Heights Elevator",40.748715945380226,-74.04044330120087,3196,"Riverview Park",40.7443187,-74.0439909,26163,"Subscriber",1988,1
591,"2018-12-18 08:53:59.4830","2018-12-18 09:03:50.7300",3198,"Heights Elevator",40.748715945380226,-74.04044330120087,3195,"Sip Ave",40.73074262530658,-74.06378388404846,29521,"Subscriber",1984,1
782,"2018-12-18 10:28:40.2180","2018-12-18 10:41:42.3220",3198,"Heights Elevator",40.748715945380226,-74.04044330120087,3638,"Washington St",40.7242941,-74.0354826,29677,"Subscriber",1988,1
1038,"2018-12-18 15:06:29.1950","2018-12-18 15:23:48.1820",3198,"Heights Elevator",40.748715945380226,-74.04044330120087,3199,"Newport Pkwy",40.7287448,-74.0321082,29267,"Subscriber",1989,2
352,"2018-12-18 15:34:23.4770","2018-12-18 15:40:15.9910",3198,"Heights Elevator",40.748715945380226,-74.04044330120087,3210,"Pershing Field",40.742677141,-74.051788633,29285,"Subscriber",1978,1
910,"2018-12-18 16:21:14.8180","2018-12-18 16:36:25.0290",3198,"Heights Elevator",40.748715945380226,-74.04044330120087,3220,"5 Corners Library",40.734961020009514,-74.0595030784607,26286,"Subscriber",1963,1
123,"2018-12-18 18:46:30.6430","2018-12-18 18:48:34.5140",3198,"Heights Elevator",40.748715945380226,-74.04044330120087,3196,"Riverview Park",40.7443187,-74.0439909,29472,"Subscriber",1992,1
500,"2018-12-18 23:31:49.2110","2018-12-18 23:40:09.4460",3198,"Heights Elevator",40.748715945380226,-74.04044330120087,3198,"Heights Elevator",40.748715945380226,-74.04044330120087,26158,"Subscriber",1976,1
808,"2018-12-19 04:42:07.0040","2018-12-19 04:55:35.0140",3198,"Heights Elevator",40.748715945380226,-74.04044330120087,3202,"Newport PATH",40.7272235,-74.0337589,26215,"Subscriber",1989,1
642,"2018-12-19 10:24:39.0660","2018-12-19 10:35:21.2330",3198,"Heights Elevator",40.748715945380226,-74.04044330120087,3202,"Newport PATH",40.7272235,-74.0337589,29602,"Subscriber",1988,1
1088,"2018-12-19 10:26:13.3070","2018-12-19 10:44:22.1910",3198,"Heights Elevator",40.748715945380226,-74.04044330120087,3202,"Newport PATH",40.7272235,-74.0337589,26158,"Subscriber",1994,2
1227,"2018-12-19 15:12:46.7940","2018-12-19 15:33:14.6350",3198,"Heights Elevator",40.748715945380226,-74.04044330120087,3199,"Newport Pkwy",40.7287448,-74.0321082,26302,"Subscriber",1989,2
832,"2018-12-19 17:53:07.3440","2018-12-19 18:06:59.5350",3198,"Heights Elevator",40.748715945380226,-74.04044330120087,3640,"Journal Square",40.73367,-74.0625,29290,"Subscriber",1987,1
178,"2018-12-19 17:56:28.4760","2018-12-19 17:59:27.0110",3198,"Heights Elevator",40.748715945380226,-74.04044330120087,3196,"Riverview Park",40.7443187,-74.0439909,29489,"Subscriber",1994,2
897,"2018-12-19 18:41:24.2580","2018-12-19 18:56:21.7750",3198,"Heights Elevator",40.748715945380226,-74.04044330120087,3211,"Newark Ave",40.72152515,-74.046304543,29127,"Customer",1988,1
780,"2018-12-19 18:56:23.7130","2018-12-19 19:09:23.8040",3198,"Heights Elevator",40.748715945380226,-74.04044330120087,3210,"Pershing Field",40.742677141,-74.051788633,29594,"Subscriber",1991,1
741,"2018-12-19 18:57:00.5850","2018-12-19 19:09:22.4170",3198,"Heights Elevator",40.748715945380226,-74.04044330120087,3210,"Pershing Field",40.742677141,-74.051788633,29635,"Subscriber",1989,2
200,"2018-12-19 20:20:57.3710","2018-12-19 20:24:18.1030",3198,"Heights Elevator",40.748715945380226,-74.04044330120087,3196,"Riverview Park",40.7443187,-74.0439909,26298,"Subscriber",1988,1
470,"2018-12-19 20:49:18.6790","2018-12-19 20:57:09.4730",3198,"Heights Elevator",40.748715945380226,-74.04044330120087,3207,"Oakland Ave",40.7376037,-74.0524783,26282,"Subscriber",1989,2
1277,"2018-12-20 15:04:43.0020","2018-12-20 15:26:00.7910",3198,"Heights Elevator",40.748715945380226,-74.04044330120087,3199,"Newport Pkwy",40.7287448,-74.0321082,26190,"Subscriber",1989,2
1094,"2018-12-20 16:10:22.7570","2018-12-20 16:28:36.8530",3198,"Heights Elevator",40.748715945380226,-74.04044330120087,3201,"Dey St",40.737711,-74.066921,29489,"Subscriber",1963,1
444,"2018-12-21 15:13:53.1330","2018-12-21 15:21:17.1570",3198,"Heights Elevator",40.748715945380226,-74.04044330120087,3212,"Christ Hospital",40.734785818,-74.050443636,29250,"Subscriber",1987,2
738,"2018-12-22 10:54:28.5300","2018-12-22 11:06:47.0900",3198,"Heights Elevator",40.748715945380226,-74.04044330120087,3210,"Pershing Field",40.742677141,-74.051788633,29230,"Subscriber",1957,1
274,"2018-12-22 16:23:02.5850","2018-12-22 16:27:36.5900",3198,"Heights Elevator",40.748715945380226,-74.04044330120087,3196,"Riverview Park",40.7443187,-74.0439909,29263,"Subscriber",1988,1
791,"2018-12-23 07:09:27.9970","2018-12-23 07:22:39.9390",3198,"Heights Elevator",40.748715945380226,-74.04044330120087,3207,"Oakland Ave",40.7376037,-74.0524783,29260,"Subscriber",1984,1
1078,"2018-12-23 08:58:06.7530","2018-12-23 09:16:05.7230",3198,"Heights Elevator",40.748715945380226,-74.04044330120087,3211,"Newark Ave",40.72152515,-74.046304543,26186,"Subscriber",1957,1
923,"2018-12-23 11:26:47.4440","2018-12-23 11:42:10.8260",3198,"Heights Elevator",40.748715945380226,-74.04044330120087,3198,"Heights Elevator",40.748715945380226,-74.04044330120087,29300,"Subscriber",1986,1
756,"2018-12-23 16:28:46.5300","2018-12-23 16:41:23.1770",3198,"Heights Elevator",40.748715945380226,-74.04044330120087,3210,"Pershing Field",40.742677141,-74.051788633,29497,"Subscriber",1981,1
731,"2018-12-23 17:24:45.1200","2018-12-23 17:36:56.5690",3198,"Heights Elevator",40.748715945380226,-74.04044330120087,3210,"Pershing Field",40.742677141,-74.051788633,29512,"Subscriber",1989,2
654,"2018-12-23 17:25:51.8970","2018-12-23 17:36:46.3050",3198,"Heights Elevator",40.748715945380226,-74.04044330120087,3210,"Pershing Field",40.742677141,-74.051788633,29603,"Subscriber",1991,1
724,"2018-12-24 10:25:04.5270","2018-12-24 10:37:08.5720",3198,"Heights Elevator",40.748715945380226,-74.04044330120087,3202,"Newport PATH",40.7272235,-74.0337589,26318,"Subscriber",1988,1
736,"2018-12-24 23:42:46.2500","2018-12-24 23:55:02.4480",3198,"Heights Elevator",40.748715945380226,-74.04044330120087,3273,"Manila & 1st",40.721650724879986,-74.04288411140442,29300,"Subscriber",1978,1
749,"2018-12-26 10:42:58.6660","2018-12-26 10:55:27.7290",3198,"Heights Elevator",40.748715945380226,-74.04044330120087,3638,"Washington St",40.7242941,-74.0354826,29517,"Subscriber",1988,1
720,"2018-12-26 12:37:40.2610","2018-12-26 12:49:41.1150",3198,"Heights Elevator",40.748715945380226,-74.04044330120087,3210,"Pershing Field",40.742677141,-74.051788633,29269,"Subscriber",1983,1
664,"2018-12-27 10:22:22.4080","2018-12-27 10:33:26.8700",3198,"Heights Elevator",40.748715945380226,-74.04044330120087,3202,"Newport PATH",40.7272235,-74.0337589,29272,"Subscriber",1988,1
191,"2018-12-27 13:50:41.9290","2018-12-27 13:53:53.4360",3198,"Heights Elevator",40.748715945380226,-74.04044330120087,3196,"Riverview Park",40.7443187,-74.0439909,29217,"Subscriber",1988,1
146,"2018-12-27 18:43:54.6690","2018-12-27 18:46:20.8950",3198,"Heights Elevator",40.748715945380226,-74.04044330120087,3196,"Riverview Park",40.7443187,-74.0439909,29491,"Subscriber",1978,1
919,"2018-12-29 09:12:57.3060","2018-12-29 09:28:16.3960",3198,"Heights Elevator",40.748715945380226,-74.04044330120087,3202,"Newport PATH",40.7272235,-74.0337589,29552,"Customer",1996,1
14151,"2018-12-29 14:07:55.8190","2018-12-29 18:03:47.4330",3198,"Heights Elevator",40.748715945380226,-74.04044330120087,3196,"Riverview Park",40.7443187,-74.0439909,26158,"Customer",1969,0
1074,"2018-12-29 15:11:39.7470","2018-12-29 15:29:34.3090",3198,"Heights Elevator",40.748715945380226,-74.04044330120087,3199,"Newport Pkwy",40.7287448,-74.0321082,29546,"Customer",1969,0
1046,"2018-12-29 15:11:51.8080","2018-12-29 15:29:18.7480",3198,"Heights Elevator",40.748715945380226,-74.04044330120087,3199,"Newport Pkwy",40.7287448,-74.0321082,29198,"Customer",1969,0
410,"2018-12-29 23:21:54.7510","2018-12-29 23:28:45.7140",3198,"Heights Elevator",40.748715945380226,-74.04044330120087,3212,"Christ Hospital",40.734785818,-74.050443636,29663,"Subscriber",1976,2
614,"2018-12-30 12:13:02.8060","2018-12-30 12:23:17.3040",3198,"Heights Elevator",40.748715945380226,-74.04044330120087,3207,"Oakland Ave",40.7376037,-74.0524783,29636,"Subscriber",1988,1
651,"2018-12-30 14:41:57.5930","2018-12-30 14:52:49.0920",3198,"Heights Elevator",40.748715945380226,-74.04044330120087,3281,"Leonard Gordon Park",40.74590996631558,-74.0572714805603,29212,"Subscriber",1996,2
76,"2018-12-31 03:50:28.9640","2018-12-31 03:51:45.2390",3198,"Heights Elevator",40.748715945380226,-74.04044330120087,3198,"Heights Elevator",40.748715945380226,-74.04044330120087,26282,"Subscriber",1972,1
2543,"2018-12-31 03:50:56.1390","2018-12-31 04:33:19.5640",3198,"Heights Elevator",40.748715945380226,-74.04044330120087,3199,"Newport Pkwy",40.7287448,-74.0321082,29642,"Subscriber",1995,1
2448,"2018-12-31 03:52:31.3670","2018-12-31 04:33:19.9650",3198,"Heights Elevator",40.748715945380226,-74.04044330120087,3199,"Newport Pkwy",40.7287448,-74.0321082,29517,"Subscriber",1972,1
225,"2018-12-31 10:18:07.4050","2018-12-31 10:21:53.4020",3198,"Heights Elevator",40.748715945380226,-74.04044330120087,3196,"Riverview Park",40.7443187,-74.0439909,29264,"Subscriber",1986,1
693,"2018-12-31 12:24:29.4930","2018-12-31 12:36:02.9220",3198,"Heights Elevator",40.748715945380226,-74.04044330120087,3211,"Newark Ave",40.72152515,-74.046304543,26225,"Subscriber",1963,1
319,"2018-12-01 07:25:41.2380","2018-12-01 07:31:00.7800",3199,"Newport Pkwy",40.7287448,-74.0321082,3275,"Columbus Drive",40.71835519823214,-74.03891444206238,26290,"Subscriber",1980,1
1493,"2018-12-01 08:32:35.3610","2018-12-01 08:57:28.5140",3199,"Newport Pkwy",40.7287448,-74.0321082,3639,"Harborside",40.7192517,-74.034234,29472,"Subscriber",1993,2
307,"2018-12-01 08:52:57.7370","2018-12-01 08:58:05.5650",3199,"Newport Pkwy",40.7287448,-74.0321082,3187,"Warren St",40.7211236,-74.03805095,29525,"Subscriber",1996,2
108,"2018-12-01 09:59:13.5670","2018-12-01 10:01:01.9910",3199,"Newport Pkwy",40.7287448,-74.0321082,3202,"Newport PATH",40.7272235,-74.0337589,26287,"Subscriber",1978,2
1746,"2018-12-01 10:29:27.6410","2018-12-01 10:58:33.8870",3199,"Newport Pkwy",40.7287448,-74.0321082,3214,"Essex Light Rail",40.7127742,-74.0364857,26167,"Customer",1969,0
212,"2018-12-01 10:30:12.1260","2018-12-01 10:33:44.9440",3199,"Newport Pkwy",40.7287448,-74.0321082,3199,"Newport Pkwy",40.7287448,-74.0321082,29546,"Customer",1969,0
1451,"2018-12-01 10:34:21.7810","2018-12-01 10:58:33.6670",3199,"Newport Pkwy",40.7287448,-74.0321082,3214,"Essex Light Rail",40.7127742,-74.0364857,29533,"Customer",1969,0
593,"2018-12-01 10:36:04.7720","2018-12-01 10:45:58.4850",3199,"Newport Pkwy",40.7287448,-74.0321082,3186,"Grove St PATH",40.71958611647166,-74.04311746358871,26293,"Subscriber",1965,1
316,"2018-12-01 10:58:05.4420","2018-12-01 11:03:22.0870",3199,"Newport Pkwy",40.7287448,-74.0321082,3187,"Warren St",40.7211236,-74.03805095,29231,"Subscriber",1992,2
1997,"2018-12-01 11:25:14.9290","2018-12-01 11:58:32.6610",3199,"Newport Pkwy",40.7287448,-74.0321082,3199,"Newport Pkwy",40.7287448,-74.0321082,29506,"Subscriber",1982,2
2056,"2018-12-01 11:38:27.5130","2018-12-01 12:12:43.8810",3199,"Newport Pkwy",40.7287448,-74.0321082,3202,"Newport PATH",40.7272235,-74.0337589,29231,"Subscriber",1986,1
2046,"2018-12-01 11:38:34.4540","2018-12-01 12:12:40.7070",3199,"Newport Pkwy",40.7287448,-74.0321082,3202,"Newport PATH",40.7272235,-74.0337589,29290,"Subscriber",1987,2
348,"2018-12-01 13:04:52.7020","2018-12-01 13:10:41.3210",3199,"Newport Pkwy",40.7287448,-74.0321082,3187,"Warren St",40.7211236,-74.03805095,26199,"Subscriber",1964,2
342,"2018-12-01 13:04:57.4240","2018-12-01 13:10:39.4700",3199,"Newport Pkwy",40.7287448,-74.0321082,3187,"Warren St",40.7211236,-74.03805095,33781,"Subscriber",1963,1
383,"2018-12-01 14:59:34.3500","2018-12-01 15:05:58.0070",3199,"Newport Pkwy",40.7287448,-74.0321082,3199,"Newport Pkwy",40.7287448,-74.0321082,29546,"Subscriber",1987,2
375,"2018-12-01 14:59:40.9990","2018-12-01 15:05:56.0910",3199,"Newport Pkwy",40.7287448,-74.0321082,3199,"Newport Pkwy",40.7287448,-74.0321082,26291,"Subscriber",1986,1
1630,"2018-12-01 15:03:16.9190","2018-12-01 15:30:27.5690",3199,"Newport Pkwy",40.7287448,-74.0321082,3198,"Heights Elevator",40.748715945380226,-74.04044330120087,26204,"Subscriber",1979,1
463,"2018-12-01 15:59:00.4350","2018-12-01 16:06:43.9340",3199,"Newport Pkwy",40.7287448,-74.0321082,3639,"Harborside",40.7192517,-74.034234,29506,"Subscriber",1993,0
198,"2018-12-01 21:09:52.0030","2018-12-01 21:13:10.4880",3199,"Newport Pkwy",40.7287448,-74.0321082,3638,"Washington St",40.7242941,-74.0354826,29500,"Subscriber",1987,1
345,"2018-12-01 22:20:51.7910","2018-12-01 22:26:36.9080",3199,"Newport Pkwy",40.7287448,-74.0321082,3202,"Newport PATH",40.7272235,-74.0337589,26175,"Subscriber",1981,1
384,"2018-12-02 00:49:27.1980","2018-12-02 00:55:51.3520",3199,"Newport Pkwy",40.7287448,-74.0321082,3275,"Columbus Drive",40.71835519823214,-74.03891444206238,29296,"Subscriber",1992,2
662,"2018-12-02 07:53:19.9520","2018-12-02 08:04:22.4250",3199,"Newport Pkwy",40.7287448,-74.0321082,3273,"Manila & 1st",40.721650724879986,-74.04288411140442,29278,"Subscriber",1977,1
958,"2018-12-02 12:46:23.5540","2018-12-02 13:02:22.0230",3199,"Newport Pkwy",40.7287448,-74.0321082,3183,"Exchange Place",40.7162469,-74.0334588,29473,"Subscriber",1986,1
954,"2018-12-02 12:46:23.6310","2018-12-02 13:02:18.0380",3199,"Newport Pkwy",40.7287448,-74.0321082,3183,"Exchange Place",40.7162469,-74.0334588,29470,"Subscriber",1987,2
2741,"2018-12-02 12:48:27.3330","2018-12-02 13:34:08.5490",3199,"Newport Pkwy",40.7287448,-74.0321082,3202,"Newport PATH",40.7272235,-74.0337589,31443,"Subscriber",1990,1
335,"2018-12-02 13:46:13.6110","2018-12-02 13:51:49.5460",3199,"Newport Pkwy",40.7287448,-74.0321082,3639,"Harborside",40.7192517,-74.034234,29281,"Subscriber",1994,2
140,"2018-12-02 14:37:30.7390","2018-12-02 14:39:50.8490",3199,"Newport Pkwy",40.7287448,-74.0321082,3202,"Newport PATH",40.7272235,-74.0337589,26263,"Subscriber",1990,1
119,"2018-12-02 21:32:01.4520","2018-12-02 21:34:01.2660",3199,"Newport Pkwy",40.7287448,-74.0321082,3202,"Newport PATH",40.7272235,-74.0337589,26291,"Subscriber",1978,1
119,"2018-12-02 21:38:59.6490","2018-12-02 21:40:59.1420",3199,"Newport Pkwy",40.7287448,-74.0321082,3202,"Newport PATH",40.7272235,-74.0337589,29546,"Subscriber",1978,1
121,"2018-12-03 07:20:43.3010","2018-12-03 07:22:44.8150",3199,"Newport Pkwy",40.7287448,-74.0321082,3202,"Newport PATH",40.7272235,-74.0337589,28164,"Subscriber",1978,2
118,"2018-12-03 07:57:36.5750","2018-12-03 07:59:34.9460",3199,"Newport Pkwy",40.7287448,-74.0321082,3202,"Newport PATH",40.7272235,-74.0337589,29592,"Subscriber",1966,1
447,"2018-12-03 08:34:23.5520","2018-12-03 08:41:50.8430",3199,"Newport Pkwy",40.7287448,-74.0321082,3639,"Harborside",40.7192517,-74.034234,26255,"Subscriber",1991,1
324,"2018-12-03 08:39:47.3380","2018-12-03 08:45:11.6780",3199,"Newport Pkwy",40.7287448,-74.0321082,3639,"Harborside",40.7192517,-74.034234,29573,"Subscriber",1967,1
331,"2018-12-03 10:45:53.2810","2018-12-03 10:51:24.3980",3199,"Newport Pkwy",40.7287448,-74.0321082,3638,"Washington St",40.7242941,-74.0354826,33781,"Subscriber",1994,2
466,"2018-12-03 11:39:51.0800","2018-12-03 11:47:37.4750",3199,"Newport Pkwy",40.7287448,-74.0321082,3183,"Exchange Place",40.7162469,-74.0334588,29472,"Subscriber",1986,1
445,"2018-12-03 11:48:40.0770","2018-12-03 11:56:05.9300",3199,"Newport Pkwy",40.7287448,-74.0321082,3183,"Exchange Place",40.7162469,-74.0334588,26242,"Subscriber",1963,1
7336,"2018-12-03 16:13:22.0580","2018-12-03 18:15:38.8720",3199,"Newport Pkwy",40.7287448,-74.0321082,3199,"Newport Pkwy",40.7287448,-74.0321082,29263,"Subscriber",1959,1
646,"2018-12-03 17:01:14.7610","2018-12-03 17:12:00.8170",3199,"Newport Pkwy",40.7287448,-74.0321082,3184,"Paulus Hook",40.7141454,-74.0335519,29676,"Subscriber",1963,1
1035,"2018-12-03 17:28:06.0480","2018-12-03 17:45:21.5560",3199,"Newport Pkwy",40.7287448,-74.0321082,3184,"Paulus Hook",40.7141454,-74.0335519,33744,"Subscriber",1990,1
764,"2018-12-03 17:51:22.4000","2018-12-03 18:04:06.9610",3199,"Newport Pkwy",40.7287448,-74.0321082,3185,"City Hall",40.7177325,-74.043845,29249,"Subscriber",1967,1
922,"2018-12-03 18:15:49.2330","2018-12-03 18:31:11.3630",3199,"Newport Pkwy",40.7287448,-74.0321082,3213,"Van Vorst Park",40.71848892,-74.047726625,29263,"Subscriber",1977,1
336,"2018-12-03 18:18:26.5340","2018-12-03 18:24:03.0310",3199,"Newport Pkwy",40.7287448,-74.0321082,3187,"Warren St",40.7211236,-74.03805095,29286,"Subscriber",1967,1
674,"2018-12-03 18:51:18.4390","2018-12-03 19:02:33.0330",3199,"Newport Pkwy",40.7287448,-74.0321082,3187,"Warren St",40.7211236,-74.03805095,29595,"Subscriber",1996,2
510,"2018-12-03 18:53:51.3580","2018-12-03 19:02:21.4890",3199,"Newport Pkwy",40.7287448,-74.0321082,3186,"Grove St PATH",40.71958611647166,-74.04311746358871,29515,"Subscriber",1970,1
236,"2018-12-03 19:06:04.4750","2018-12-03 19:10:01.3640",3199,"Newport Pkwy",40.7287448,-74.0321082,3638,"Washington St",40.7242941,-74.0354826,29524,"Subscriber",1992,1
880,"2018-12-03 19:20:22.3130","2018-12-03 19:35:02.9030",3199,"Newport Pkwy",40.7287448,-74.0321082,3213,"Van Vorst Park",40.71848892,-74.047726625,29445,"Subscriber",1989,2
382,"2018-12-03 19:24:09.4780","2018-12-03 19:30:32.4390",3199,"Newport Pkwy",40.7287448,-74.0321082,3639,"Harborside",40.7192517,-74.034234,29533,"Subscriber",1994,2
2023,"2018-12-03 20:47:46.3260","2018-12-03 21:21:29.4130",3199,"Newport Pkwy",40.7287448,-74.0321082,3275,"Columbus Drive",40.71835519823214,-74.03891444206238,29293,"Subscriber",1987,1
550,"2018-12-03 21:38:39.8190","2018-12-03 21:47:50.6760",3199,"Newport Pkwy",40.7287448,-74.0321082,3183,"Exchange Place",40.7162469,-74.0334588,29296,"Subscriber",1984,1
628,"2018-12-03 21:58:15.1440","2018-12-03 22:08:44.1020",3199,"Newport Pkwy",40.7287448,-74.0321082,3211,"Newark Ave",40.72152515,-74.046304543,29665,"Subscriber",1989,2
677,"2018-12-03 22:06:17.0500","2018-12-03 22:17:34.2970",3199,"Newport Pkwy",40.7287448,-74.0321082,3267,"Morris Canal",40.7124188237569,-74.03852552175522,26224,"Subscriber",1990,2
114,"2018-12-04 07:20:33.4510","2018-12-04 07:22:28.2380",3199,"Newport Pkwy",40.7287448,-74.0321082,3202,"Newport PATH",40.7272235,-74.0337589,26167,"Subscriber",1978,2
100,"2018-12-04 08:13:32.2120","2018-12-04 08:15:12.8100",3199,"Newport Pkwy",40.7287448,-74.0321082,3202,"Newport PATH",40.7272235,-74.0337589,29224,"Subscriber",1990,1
560,"2018-12-04 08:16:26.5010","2018-12-04 08:25:46.9740",3199,"Newport Pkwy",40.7287448,-74.0321082,3209,"Brunswick St",40.7241765,-74.0506564,26221,"Subscriber",1991,1
104,"2018-12-04 08:19:40.3960","2018-12-04 08:21:25.3730",3199,"Newport Pkwy",40.7287448,-74.0321082,3202,"Newport PATH",40.7272235,-74.0337589,26242,"Subscriber",1963,1
432,"2018-12-04 08:41:22.0750","2018-12-04 08:48:34.4440",3199,"Newport Pkwy",40.7287448,-74.0321082,3639,"Harborside",40.7192517,-74.034234,26192,"Subscriber",1987,1
385,"2018-12-04 16:31:55.9550","2018-12-04 16:38:21.2950",3199,"Newport Pkwy",40.7287448,-74.0321082,3275,"Columbus Drive",40.71835519823214,-74.03891444206238,29662,"Subscriber",1980,1
416,"2018-12-04 17:05:57.4940","2018-12-04 17:12:54.1780",3199,"Newport Pkwy",40.7287448,-74.0321082,3639,"Harborside",40.7192517,-74.034234,29241,"Subscriber",1994,2
135,"2018-12-04 17:53:27.9840","2018-12-04 17:55:43.9510",3199,"Newport Pkwy",40.7287448,-74.0321082,3202,"Newport PATH",40.7272235,-74.0337589,29498,"Subscriber",1987,2
552,"2018-12-04 18:25:49.9880","2018-12-04 18:35:02.0340",3199,"Newport Pkwy",40.7287448,-74.0321082,3203,"Hamilton Park",40.727595966,-74.044247311,29580,"Subscriber",1992,2
1741,"2018-12-04 18:39:49.5530","2018-12-04 19:08:51.5060",3199,"Newport Pkwy",40.7287448,-74.0321082,3186,"Grove St PATH",40.71958611647166,-74.04311746358871,26296,"Subscriber",1989,2
595,"2018-12-04 20:10:56.7810","2018-12-04 20:20:52.5220",3199,"Newport Pkwy",40.7287448,-74.0321082,3209,"Brunswick St",40.7241765,-74.0506564,29647,"Subscriber",1990,1
553,"2018-12-04 21:24:53.2320","2018-12-04 21:34:07.0030",3199,"Newport Pkwy",40.7287448,-74.0321082,3209,"Brunswick St",40.7241765,-74.0506564,26171,"Subscriber",1980,2
345,"2018-12-05 05:00:20.8910","2018-12-05 05:06:06.1220",3199,"Newport Pkwy",40.7287448,-74.0321082,3275,"Columbus Drive",40.71835519823214,-74.03891444206238,26295,"Subscriber",1980,1
150,"2018-12-05 07:57:04.1380","2018-12-05 07:59:34.5730",3199,"Newport Pkwy",40.7287448,-74.0321082,3638,"Washington St",40.7242941,-74.0354826,29636,"Subscriber",1976,1
95,"2018-12-05 08:13:17.6980","2018-12-05 08:14:52.8910",3199,"Newport Pkwy",40.7287448,-74.0321082,3202,"Newport PATH",40.7272235,-74.0337589,29221,"Subscriber",1963,1
305,"2018-12-05 08:34:28.8620","2018-12-05 08:39:34.2350",3199,"Newport Pkwy",40.7287448,-74.0321082,3639,"Harborside",40.7192517,-74.034234,29635,"Subscriber",1967,1
369,"2018-12-05 08:39:27.0060","2018-12-05 08:45:36.4050",3199,"Newport Pkwy",40.7287448,-74.0321082,3639,"Harborside",40.7192517,-74.034234,29513,"Subscriber",1987,1
585,"2018-12-05 08:50:10.3650","2018-12-05 08:59:56.1870",3199,"Newport Pkwy",40.7287448,-74.0321082,3183,"Exchange Place",40.7162469,-74.0334588,29636,"Subscriber",1996,2
381,"2018-12-05 09:00:35.0970","2018-12-05 09:06:56.5700",3199,"Newport Pkwy",40.7287448,-74.0321082,3639,"Harborside",40.7192517,-74.034234,29592,"Subscriber",1991,1
433,"2018-12-05 09:30:19.3200","2018-12-05 09:37:32.8330",3199,"Newport Pkwy",40.7287448,-74.0321082,3183,"Exchange Place",40.7162469,-74.0334588,29678,"Subscriber",1984,1
1182,"2018-12-05 14:37:28.4990","2018-12-05 14:57:11.4200",3199,"Newport Pkwy",40.7287448,-74.0321082,3199,"Newport Pkwy",40.7287448,-74.0321082,26191,"Subscriber",1959,1
343,"2018-12-05 14:55:28.9110","2018-12-05 15:01:12.7640",3199,"Newport Pkwy",40.7287448,-74.0321082,3275,"Columbus Drive",40.71835519823214,-74.03891444206238,29645,"Subscriber",1980,1
822,"2018-12-05 15:36:40.4570","2018-12-05 15:50:22.6020",3199,"Newport Pkwy",40.7287448,-74.0321082,3279,"Dixon Mills",40.721630142638354,-74.04996782541275,26191,"Subscriber",1991,1
226,"2018-12-05 18:15:38.9660","2018-12-05 18:19:25.2370",3199,"Newport Pkwy",40.7287448,-74.0321082,3638,"Washington St",40.7242941,-74.0354826,26216,"Subscriber",1980,1
464,"2018-12-05 18:39:51.5720","2018-12-05 18:47:36.1900",3199,"Newport Pkwy",40.7287448,-74.0321082,3203,"Hamilton Park",40.727595966,-74.044247311,29533,"Subscriber",1992,2
575,"2018-12-05 18:43:01.3320","2018-12-05 18:52:37.1600",3199,"Newport Pkwy",40.7287448,-74.0321082,3187,"Warren St",40.7211236,-74.03805095,26242,"Subscriber",1996,2
196,"2018-12-05 18:47:54.0960","2018-12-05 18:51:10.4630",3199,"Newport Pkwy",40.7287448,-74.0321082,3638,"Washington St",40.7242941,-74.0354826,29613,"Subscriber",1978,1
92,"2018-12-05 19:04:22.2060","2018-12-05 19:05:54.6210",3199,"Newport Pkwy",40.7287448,-74.0321082,3202,"Newport PATH",40.7272235,-74.0337589,29640,"Subscriber",1980,1
555,"2018-12-05 19:05:47.0060","2018-12-05 19:15:02.4170",3199,"Newport Pkwy",40.7287448,-74.0321082,3184,"Paulus Hook",40.7141454,-74.0335519,29247,"Subscriber",1963,1
878,"2018-12-05 20:19:46.8680","2018-12-05 20:34:25.8430",3199,"Newport Pkwy",40.7287448,-74.0321082,3198,"Heights Elevator",40.748715945380226,-74.04044330120087,26301,"Subscriber",1988,1
964,"2018-12-05 20:22:07.9190","2018-12-05 20:38:12.3400",3199,"Newport Pkwy",40.7287448,-74.0321082,3196,"Riverview Park",40.7443187,-74.0439909,26173,"Subscriber",1972,2
627,"2018-12-05 20:29:34.2160","2018-12-05 20:40:01.7740",3199,"Newport Pkwy",40.7287448,-74.0321082,3267,"Morris Canal",40.7124188237569,-74.03852552175522,29273,"Subscriber",1990,2
602,"2018-12-05 21:38:27.8600","2018-12-05 21:48:30.5550",3199,"Newport Pkwy",40.7287448,-74.0321082,3211,"Newark Ave",40.72152515,-74.046304543,29663,"Subscriber",1989,2
498,"2018-12-05 21:39:24.2630","2018-12-05 21:47:43.0490",3199,"Newport Pkwy",40.7287448,-74.0321082,3183,"Exchange Place",40.7162469,-74.0334588,26318,"Subscriber",1984,1
93,"2018-12-05 22:43:14.3740","2018-12-05 22:44:48.0880",3199,"Newport Pkwy",40.7287448,-74.0321082,3202,"Newport PATH",40.7272235,-74.0337589,26286,"Subscriber",1989,1
117,"2018-12-06 07:16:59.7040","2018-12-06 07:18:57.2650",3199,"Newport Pkwy",40.7287448,-74.0321082,3202,"Newport PATH",40.7272235,-74.0337589,26164,"Subscriber",1995,2
102,"2018-12-06 07:51:09.4870","2018-12-06 07:52:52.0370",3199,"Newport Pkwy",40.7287448,-74.0321082,3202,"Newport PATH",40.7272235,-74.0337589,26295,"Subscriber",1966,1
122,"2018-12-06 08:46:14.5980","2018-12-06 08:48:16.9440",3199,"Newport Pkwy",40.7287448,-74.0321082,3202,"Newport PATH",40.7272235,-74.0337589,29120,"Subscriber",1980,1
335,"2018-12-06 08:53:20.2140","2018-12-06 08:58:55.7840",3199,"Newport Pkwy",40.7287448,-74.0321082,3639,"Harborside",40.7192517,-74.034234,26217,"Subscriber",1991,1
687,"2018-12-06 10:38:48.2140","2018-12-06 10:50:15.4860",3199,"Newport Pkwy",40.7287448,-74.0321082,3639,"Harborside",40.7192517,-74.034234,26241,"Subscriber",1987,1
512,"2018-12-06 12:30:08.0790","2018-12-06 12:38:40.4660",3199,"Newport Pkwy",40.7287448,-74.0321082,3187,"Warren St",40.7211236,-74.03805095,26173,"Subscriber",1993,1
459,"2018-12-06 12:30:50.3650","2018-12-06 12:38:30.0210",3199,"Newport Pkwy",40.7287448,-74.0321082,3187,"Warren St",40.7211236,-74.03805095,26221,"Customer",1969,0
2575,"2018-12-06 12:52:16.5570","2018-12-06 13:35:11.5830",3199,"Newport Pkwy",40.7287448,-74.0321082,3199,"Newport Pkwy",40.7287448,-74.0321082,26286,"Subscriber",1980,0
121,"2018-12-06 13:36:23.4100","2018-12-06 13:38:25.3230",3199,"Newport Pkwy",40.7287448,-74.0321082,3202,"Newport PATH",40.7272235,-74.0337589,29670,"Subscriber",1989,2
976,"2018-12-06 14:51:40.3000","2018-12-06 15:07:57.1700",3199,"Newport Pkwy",40.7287448,-74.0321082,3199,"Newport Pkwy",40.7287448,-74.0321082,29570,"Subscriber",1959,1
332,"2018-12-06 17:22:26.1010","2018-12-06 17:27:58.2180",3199,"Newport Pkwy",40.7287448,-74.0321082,3275,"Columbus Drive",40.71835519823214,-74.03891444206238,29570,"Subscriber",1980,1
577,"2018-12-06 17:54:45.0620","2018-12-06 18:04:22.7060",3199,"Newport Pkwy",40.7287448,-74.0321082,3214,"Essex Light Rail",40.7127742,-74.0364857,26296,"Subscriber",1980,1
580,"2018-12-06 18:09:50.6300","2018-12-06 18:19:31.2920",3199,"Newport Pkwy",40.7287448,-74.0321082,3184,"Paulus Hook",40.7141454,-74.0335519,29530,"Subscriber",1963,1
100,"2018-12-06 18:58:42.6890","2018-12-06 19:00:23.6670",3199,"Newport Pkwy",40.7287448,-74.0321082,3202,"Newport PATH",40.7272235,-74.0337589,29506,"Subscriber",1975,1
416,"2018-12-06 19:07:09.4050","2018-12-06 19:14:05.7830",3199,"Newport Pkwy",40.7287448,-74.0321082,3186,"Grove St PATH",40.71958611647166,-74.04311746358871,29269,"Subscriber",1974,1
878,"2018-12-06 19:08:46.0260","2018-12-06 19:23:24.4530",3199,"Newport Pkwy",40.7287448,-74.0321082,3209,"Brunswick St",40.7241765,-74.0506564,26286,"Subscriber",1989,2
796,"2018-12-06 21:09:50.7800","2018-12-06 21:23:06.9060",3199,"Newport Pkwy",40.7287448,-74.0321082,3199,"Newport Pkwy",40.7287448,-74.0321082,29612,"Subscriber",1985,1
618,"2018-12-06 21:44:30.3190","2018-12-06 21:54:48.5640",3199,"Newport Pkwy",40.7287448,-74.0321082,3267,"Morris Canal",40.7124188237569,-74.03852552175522,29642,"Subscriber",1990,2
316,"2018-12-07 05:17:50.7680","2018-12-07 05:23:07.4670",3199,"Newport Pkwy",40.7287448,-74.0321082,3275,"Columbus Drive",40.71835519823214,-74.03891444206238,29482,"Subscriber",1980,1
108,"2018-12-07 08:45:26.3470","2018-12-07 08:47:14.8660",3199,"Newport Pkwy",40.7287448,-74.0321082,3202,"Newport PATH",40.7272235,-74.0337589,29443,"Subscriber",1963,1
325,"2018-12-07 08:53:09.5030","2018-12-07 08:58:35.1110",3199,"Newport Pkwy",40.7287448,-74.0321082,3639,"Harborside",40.7192517,-74.034234,26153,"Subscriber",1987,1
509,"2018-12-07 09:01:33.5430","2018-12-07 09:10:02.7420",3199,"Newport Pkwy",40.7287448,-74.0321082,3183,"Exchange Place",40.7162469,-74.0334588,29619,"Subscriber",1996,2
105,"2018-12-07 09:08:51.1440","2018-12-07 09:10:36.6650",3199,"Newport Pkwy",40.7287448,-74.0321082,3202,"Newport PATH",40.7272235,-74.0337589,29272,"Subscriber",1990,1
381,"2018-12-07 09:18:20.4490","2018-12-07 09:24:41.4780",3199,"Newport Pkwy",40.7287448,-74.0321082,3639,"Harborside",40.7192517,-74.034234,29658,"Subscriber",1991,1
202,"2018-12-07 09:44:51.0350","2018-12-07 09:48:13.4910",3199,"Newport Pkwy",40.7287448,-74.0321082,3638,"Washington St",40.7242941,-74.0354826,29629,"Subscriber",1973,1
328,"2018-12-07 13:38:46.0200","2018-12-07 13:44:14.6180",3199,"Newport Pkwy",40.7287448,-74.0321082,3187,"Warren St",40.7211236,-74.03805095,26186,"Subscriber",1983,1
1668,"2018-12-07 15:18:26.8860","2018-12-07 15:46:15.5290",3199,"Newport Pkwy",40.7287448,-74.0321082,3483,"Montgomery St",40.71942,-74.05099,29612,"Subscriber",1980,0
305,"2018-12-07 15:53:24.2980","2018-12-07 15:58:29.9780",3199,"Newport Pkwy",40.7287448,-74.0321082,3275,"Columbus Drive",40.71835519823214,-74.03891444206238,29592,"Subscriber",1980,1
86,"2018-12-07 15:57:02.7710","2018-12-07 15:58:29.7470",3199,"Newport Pkwy",40.7287448,-74.0321082,3202,"Newport PATH",40.7272235,-74.0337589,29503,"Subscriber",1989,1
551,"2018-12-07 17:23:15.5210","2018-12-07 17:32:27.1480",3199,"Newport Pkwy",40.7287448,-74.0321082,3184,"Paulus Hook",40.7141454,-74.0335519,29545,"Subscriber",1963,1
666,"2018-12-07 17:47:14.6570","2018-12-07 17:58:20.8520",3199,"Newport Pkwy",40.7287448,-74.0321082,3186,"Grove St PATH",40.71958611647166,-74.04311746358871,26153,"Subscriber",1988,1
627,"2018-12-07 18:09:43.3660","2018-12-07 18:20:10.7850",3199,"Newport Pkwy",40.7287448,-74.0321082,3184,"Paulus Hook",40.7141454,-74.0335519,29227,"Subscriber",1970,1
702,"2018-12-07 19:17:13.5150","2018-12-07 19:28:56.2490",3199,"Newport Pkwy",40.7287448,-74.0321082,3186,"Grove St PATH",40.71958611647166,-74.04311746358871,26293,"Subscriber",1989,2
389,"2018-12-07 21:10:25.5610","2018-12-07 21:16:54.7000",3199,"Newport Pkwy",40.7287448,-74.0321082,3639,"Harborside",40.7192517,-74.034234,29592,"Subscriber",1980,1
539,"2018-12-07 21:39:32.9210","2018-12-07 21:48:32.1290",3199,"Newport Pkwy",40.7287448,-74.0321082,3183,"Exchange Place",40.7162469,-74.0334588,29492,"Subscriber",1984,1
594,"2018-12-07 21:57:05.7620","2018-12-07 22:06:59.9380",3199,"Newport Pkwy",40.7287448,-74.0321082,3267,"Morris Canal",40.7124188237569,-74.03852552175522,26288,"Subscriber",1990,2
473,"2018-12-07 23:07:08.9810","2018-12-07 23:15:02.8600",3199,"Newport Pkwy",40.7287448,-74.0321082,3203,"Hamilton Park",40.727595966,-74.044247311,26202,"Subscriber",1956,1
430,"2018-12-07 23:07:53.7110","2018-12-07 23:15:04.6090",3199,"Newport Pkwy",40.7287448,-74.0321082,3203,"Hamilton Park",40.727595966,-74.044247311,29503,"Subscriber",1964,1
897,"2018-12-08 08:48:23.3530","2018-12-08 09:03:20.8650",3199,"Newport Pkwy",40.7287448,-74.0321082,3275,"Columbus Drive",40.71835519823214,-74.03891444206238,29281,"Subscriber",1969,0
497,"2018-12-08 10:17:45.6240","2018-12-08 10:26:03.6160",3199,"Newport Pkwy",40.7287448,-74.0321082,3639,"Harborside",40.7192517,-74.034234,29459,"Subscriber",1949,1
562,"2018-12-08 11:26:44.5330","2018-12-08 11:36:06.8570",3199,"Newport Pkwy",40.7287448,-74.0321082,3276,"Marin Light Rail",40.71458403535893,-74.04281705617905,29575,"Subscriber",1989,1
618,"2018-12-08 11:32:00.4000","2018-12-08 11:42:18.7950",3199,"Newport Pkwy",40.7287448,-74.0321082,3183,"Exchange Place",40.7162469,-74.0334588,29471,"Subscriber",1988,1
353,"2018-12-08 12:54:07.8450","2018-12-08 13:00:00.8720",3199,"Newport Pkwy",40.7287448,-74.0321082,3639,"Harborside",40.7192517,-74.034234,29536,"Subscriber",1991,1
1807,"2018-12-08 15:13:43.9510","2018-12-08 15:43:51.7040",3199,"Newport Pkwy",40.7287448,-74.0321082,3199,"Newport Pkwy",40.7287448,-74.0321082,29612,"Subscriber",1986,1
1807,"2018-12-08 15:13:44.1680","2018-12-08 15:43:51.6040",3199,"Newport Pkwy",40.7287448,-74.0321082,3199,"Newport Pkwy",40.7287448,-74.0321082,29245,"Subscriber",1987,2
1304,"2018-12-08 15:18:19.9420","2018-12-08 15:40:04.5880",3199,"Newport Pkwy",40.7287448,-74.0321082,3199,"Newport Pkwy",40.7287448,-74.0321082,26221,"Subscriber",1980,2
129,"2018-12-08 15:19:11.8430","2018-12-08 15:21:20.9950",3199,"Newport Pkwy",40.7287448,-74.0321082,3202,"Newport PATH",40.7272235,-74.0337589,29572,"Subscriber",1980,1
386,"2018-12-08 18:20:18.7720","2018-12-08 18:26:45.3700",3199,"Newport Pkwy",40.7287448,-74.0321082,3639,"Harborside",40.7192517,-74.034234,26221,"Subscriber",1987,1
136,"2018-12-08 19:17:24.2550","2018-12-08 19:19:40.3580",3199,"Newport Pkwy",40.7287448,-74.0321082,3202,"Newport PATH",40.7272235,-74.0337589,29612,"Subscriber",1987,2
133,"2018-12-08 19:17:28.9770","2018-12-08 19:19:42.4170",3199,"Newport Pkwy",40.7287448,-74.0321082,3202,"Newport PATH",40.7272235,-74.0337589,29536,"Subscriber",1986,1
622,"2018-12-08 19:18:14.8570","2018-12-08 19:28:37.4360",3199,"Newport Pkwy",40.7287448,-74.0321082,3185,"City Hall",40.7177325,-74.043845,29283,"Subscriber",1992,2
356,"2018-12-08 23:51:35.7090","2018-12-08 23:57:32.2070",3199,"Newport Pkwy",40.7287448,-74.0321082,3275,"Columbus Drive",40.71835519823214,-74.03891444206238,29614,"Subscriber",1988,2
416,"2018-12-09 06:47:28.2580","2018-12-09 06:54:24.5220",3199,"Newport Pkwy",40.7287448,-74.0321082,3183,"Exchange Place",40.7162469,-74.0334588,29594,"Subscriber",1983,2
451,"2018-12-09 07:33:04.7920","2018-12-09 07:40:36.7690",3199,"Newport Pkwy",40.7287448,-74.0321082,3183,"Exchange Place",40.7162469,-74.0334588,26234,"Subscriber",1986,1
500,"2018-12-09 08:03:07.4940","2018-12-09 08:11:27.6990",3199,"Newport Pkwy",40.7287448,-74.0321082,3273,"Manila & 1st",40.721650724879986,-74.04288411140442,29547,"Subscriber",1977,1
453,"2018-12-09 08:52:38.7520","2018-12-09 09:00:12.1120",3199,"Newport Pkwy",40.7287448,-74.0321082,3185,"City Hall",40.7177325,-74.043845,26281,"Subscriber",1981,1
102,"2018-12-09 10:17:32.1700","2018-12-09 10:19:14.2530",3199,"Newport Pkwy",40.7287448,-74.0321082,3202,"Newport PATH",40.7272235,-74.0337589,29245,"Subscriber",1990,1
791,"2018-12-09 11:30:36.8540","2018-12-09 11:43:48.5520",3199,"Newport Pkwy",40.7287448,-74.0321082,3483,"Montgomery St",40.71942,-74.05099,29608,"Subscriber",1994,2
344,"2018-12-09 12:12:03.4910","2018-12-09 12:17:48.3170",3199,"Newport Pkwy",40.7287448,-74.0321082,3183,"Exchange Place",40.7162469,-74.0334588,29453,"Subscriber",1981,1
123,"2018-12-09 12:57:02.8350","2018-12-09 12:59:06.6860",3199,"Newport Pkwy",40.7287448,-74.0321082,3202,"Newport PATH",40.7272235,-74.0337589,29670,"Subscriber",1987,2
123,"2018-12-09 12:57:03.4100","2018-12-09 12:59:06.6060",3199,"Newport Pkwy",40.7287448,-74.0321082,3202,"Newport PATH",40.7272235,-74.0337589,26282,"Subscriber",1986,1
325,"2018-12-09 13:29:33.3920","2018-12-09 13:34:58.7270",3199,"Newport Pkwy",40.7287448,-74.0321082,3187,"Warren St",40.7211236,-74.03805095,26243,"Subscriber",1990,1
1136,"2018-12-09 13:31:09.9390","2018-12-09 13:50:06.6590",3199,"Newport Pkwy",40.7287448,-74.0321082,3183,"Exchange Place",40.7162469,-74.0334588,29487,"Subscriber",1977,1
1091,"2018-12-09 13:32:06.3360","2018-12-09 13:50:17.9640",3199,"Newport Pkwy",40.7287448,-74.0321082,3183,"Exchange Place",40.7162469,-74.0334588,26253,"Subscriber",1981,2
662,"2018-12-09 14:19:00.6490","2018-12-09 14:30:02.9620",3199,"Newport Pkwy",40.7287448,-74.0321082,3199,"Newport Pkwy",40.7287448,-74.0321082,29237,"Subscriber",1985,1
485,"2018-12-09 14:27:50.1100","2018-12-09 14:35:55.2680",3199,"Newport Pkwy",40.7287448,-74.0321082,3186,"Grove St PATH",40.71958611647166,-74.04311746358871,29286,"Subscriber",1988,1
357,"2018-12-09 14:38:11.9160","2018-12-09 14:44:09.4160",3199,"Newport Pkwy",40.7287448,-74.0321082,3639,"Harborside",40.7192517,-74.034234,26284,"Subscriber",1987,1
1661,"2018-12-09 14:45:55.6360","2018-12-09 15:13:36.9620",3199,"Newport Pkwy",40.7287448,-74.0321082,3276,"Marin Light Rail",40.71458403535893,-74.04281705617905,29271,"Subscriber",1980,2
501,"2018-12-09 14:53:28.4300","2018-12-09 15:01:49.4570",3199,"Newport Pkwy",40.7287448,-74.0321082,3199,"Newport Pkwy",40.7287448,-74.0321082,29496,"Subscriber",1982,2
333,"2018-12-09 15:56:07.9640","2018-12-09 16:01:41.4810",3199,"Newport Pkwy",40.7287448,-74.0321082,3639,"Harborside",40.7192517,-74.034234,26217,"Subscriber",1989,1
404,"2018-12-09 16:12:02.6580","2018-12-09 16:18:46.6900",3199,"Newport Pkwy",40.7287448,-74.0321082,3275,"Columbus Drive",40.71835519823214,-74.03891444206238,29496,"Subscriber",1974,1
266,"2018-12-09 16:27:19.8830","2018-12-09 16:31:46.2390",3199,"Newport Pkwy",40.7287448,-74.0321082,3199,"Newport Pkwy",40.7287448,-74.0321082,29237,"Subscriber",1990,1
235,"2018-12-09 19:55:01.6630","2018-12-09 19:58:57.1830",3199,"Newport Pkwy",40.7287448,-74.0321082,3638,"Washington St",40.7242941,-74.0354826,29595,"Subscriber",1986,2
470,"2018-12-10 06:47:11.3110","2018-12-10 06:55:02.0560",3199,"Newport Pkwy",40.7287448,-74.0321082,3186,"Grove St PATH",40.71958611647166,-74.04311746358871,29237,"Subscriber",1981,1
95,"2018-12-10 08:01:33.5590","2018-12-10 08:03:09.1300",3199,"Newport Pkwy",40.7287448,-74.0321082,3202,"Newport PATH",40.7272235,-74.0337589,29533,"Subscriber",1980,1
103,"2018-12-10 08:29:03.1880","2018-12-10 08:30:46.6890",3199,"Newport Pkwy",40.7287448,-74.0321082,3202,"Newport PATH",40.7272235,-74.0337589,29536,"Subscriber",1963,1
558,"2018-12-10 08:34:38.5740","2018-12-10 08:43:57.0230",3199,"Newport Pkwy",40.7287448,-74.0321082,3639,"Harborside",40.7192517,-74.034234,26153,"Subscriber",1991,1
553,"2018-12-10 08:40:41.8510","2018-12-10 08:49:55.2330",3199,"Newport Pkwy",40.7287448,-74.0321082,3183,"Exchange Place",40.7162469,-74.0334588,29643,"Subscriber",1996,2
173,"2018-12-10 08:54:25.1610","2018-12-10 08:57:19.1600",3199,"Newport Pkwy",40.7287448,-74.0321082,3638,"Washington St",40.7242941,-74.0354826,29534,"Subscriber",1976,1
369,"2018-12-10 09:06:48.4780","2018-12-10 09:12:57.9870",3199,"Newport Pkwy",40.7287448,-74.0321082,3639,"Harborside",40.7192517,-74.034234,29245,"Subscriber",1987,1
935,"2018-12-10 13:42:45.6510","2018-12-10 13:58:21.3290",3199,"Newport Pkwy",40.7287448,-74.0321082,3185,"City Hall",40.7177325,-74.043845,26294,"Subscriber",1980,2
548,"2018-12-10 15:07:14.5130","2018-12-10 15:16:23.1100",3199,"Newport Pkwy",40.7287448,-74.0321082,3185,"City Hall",40.7177325,-74.043845,26173,"Subscriber",1964,2
150,"2018-12-10 15:46:10.1890","2018-12-10 15:48:40.3030",3199,"Newport Pkwy",40.7287448,-74.0321082,3638,"Washington St",40.7242941,-74.0354826,29573,"Subscriber",1976,1
1073,"2018-12-10 18:05:57.8360","2018-12-10 18:23:51.6300",3199,"Newport Pkwy",40.7287448,-74.0321082,3207,"Oakland Ave",40.7376037,-74.0524783,29668,"Subscriber",1993,1
584,"2018-12-10 18:15:36.7280","2018-12-10 18:25:21.4320",3199,"Newport Pkwy",40.7287448,-74.0321082,3184,"Paulus Hook",40.7141454,-74.0335519,29250,"Subscriber",1963,1
750,"2018-12-10 18:24:17.0920","2018-12-10 18:36:47.9770",3199,"Newport Pkwy",40.7287448,-74.0321082,3214,"Essex Light Rail",40.7127742,-74.0364857,26281,"Subscriber",1980,1
447,"2018-12-10 18:47:07.5210","2018-12-10 18:54:34.7110",3199,"Newport Pkwy",40.7287448,-74.0321082,3187,"Warren St",40.7211236,-74.03805095,29666,"Subscriber",1996,2
761,"2018-12-10 19:13:38.1970","2018-12-10 19:26:19.8550",3199,"Newport Pkwy",40.7287448,-74.0321082,3213,"Van Vorst Park",40.71848892,-74.047726625,26220,"Subscriber",1989,2
251,"2018-12-10 19:14:42.3440","2018-12-10 19:18:53.3500",3199,"Newport Pkwy",40.7287448,-74.0321082,3638,"Washington St",40.7242941,-74.0354826,29300,"Subscriber",1992,1
575,"2018-12-10 19:16:14.2300","2018-12-10 19:25:49.2630",3199,"Newport Pkwy",40.7287448,-74.0321082,3209,"Brunswick St",40.7241765,-74.0506564,29549,"Subscriber",1992,2
391,"2018-12-11 07:05:17.5770","2018-12-11 07:11:48.9830",3199,"Newport Pkwy",40.7287448,-74.0321082,3639,"Harborside",40.7192517,-74.034234,29498,"Subscriber",1991,1
397,"2018-12-11 08:06:39.0770","2018-12-11 08:13:16.5130",3199,"Newport Pkwy",40.7287448,-74.0321082,3639,"Harborside",40.7192517,-74.034234,29123,"Subscriber",1987,1
103,"2018-12-11 08:30:22.4520","2018-12-11 08:32:06.3570",3199,"Newport Pkwy",40.7287448,-74.0321082,3202,"Newport PATH",40.7272235,-74.0337589,26281,"Subscriber",1963,1
637,"2018-12-11 08:49:21.2060","2018-12-11 08:59:59.2030",3199,"Newport Pkwy",40.7287448,-74.0321082,3183,"Exchange Place",40.7162469,-74.0334588,26203,"Subscriber",1996,2
438,"2018-12-11 09:19:51.5420","2018-12-11 09:27:10.1310",3199,"Newport Pkwy",40.7287448,-74.0321082,3638,"Washington St",40.7242941,-74.0354826,29261,"Subscriber",1976,1
585,"2018-12-11 13:14:45.4470","2018-12-11 13:24:30.4840",3199,"Newport Pkwy",40.7287448,-74.0321082,3187,"Warren St",40.7211236,-74.03805095,17260,"Subscriber",1993,1
680,"2018-12-11 15:04:37.6950","2018-12-11 15:15:58.2170",3199,"Newport Pkwy",40.7287448,-74.0321082,3269,"Brunswick & 6th",40.72601172964625,-74.05038893222809,29674,"Subscriber",1990,1
342,"2018-12-11 17:11:31.2860","2018-12-11 17:17:13.8270",3199,"Newport Pkwy",40.7287448,-74.0321082,3275,"Columbus Drive",40.71835519823214,-74.03891444206238,29503,"Subscriber",1980,1
382,"2018-12-11 17:36:45.0410","2018-12-11 17:43:07.9080",3199,"Newport Pkwy",40.7287448,-74.0321082,3203,"Hamilton Park",40.727595966,-74.044247311,26225,"Subscriber",1978,1
881,"2018-12-11 17:56:18.5370","2018-12-11 18:10:59.9340",3199,"Newport Pkwy",40.7287448,-74.0321082,3203,"Hamilton Park",40.727595966,-74.044247311,29233,"Subscriber",1975,1
622,"2018-12-11 18:39:24.9250","2018-12-11 18:49:47.2870",3199,"Newport Pkwy",40.7287448,-74.0321082,3187,"Warren St",40.7211236,-74.03805095,29542,"Subscriber",1996,2
711,"2018-12-11 19:09:25.1640","2018-12-11 19:21:16.4410",3199,"Newport Pkwy",40.7287448,-74.0321082,3214,"Essex Light Rail",40.7127742,-74.0364857,26270,"Subscriber",1980,1
338,"2018-12-11 19:18:45.2000","2018-12-11 19:24:24.1550",3199,"Newport Pkwy",40.7287448,-74.0321082,3639,"Harborside",40.7192517,-74.034234,29250,"Subscriber",1994,2
779,"2018-12-11 19:21:59.8700","2018-12-11 19:34:59.6490",3199,"Newport Pkwy",40.7287448,-74.0321082,3209,"Brunswick St",40.7241765,-74.0506564,29495,"Subscriber",1989,2
560,"2018-12-11 19:55:05.7960","2018-12-11 20:04:26.1010",3199,"Newport Pkwy",40.7287448,-74.0321082,3184,"Paulus Hook",40.7141454,-74.0335519,26316,"Subscriber",1980,1
706,"2018-12-11 20:06:48.5270","2018-12-11 20:18:35.2280",3199,"Newport Pkwy",40.7287448,-74.0321082,3209,"Brunswick St",40.7241765,-74.0506564,26246,"Subscriber",1990,1
1123,"2018-12-11 20:16:24.9180","2018-12-11 20:35:08.3260",3199,"Newport Pkwy",40.7287448,-74.0321082,3207,"Oakland Ave",40.7376037,-74.0524783,29290,"Subscriber",1991,1
466,"2018-12-11 20:33:43.4270","2018-12-11 20:41:29.8980",3199,"Newport Pkwy",40.7287448,-74.0321082,3203,"Hamilton Park",40.727595966,-74.044247311,29542,"Subscriber",1992,2
2292,"2018-12-11 21:01:59.1710","2018-12-11 21:40:11.2760",3199,"Newport Pkwy",40.7287448,-74.0321082,3199,"Newport Pkwy",40.7287448,-74.0321082,29445,"Subscriber",1977,1
109,"2018-12-12 08:33:08.2600","2018-12-12 08:34:57.8320",3199,"Newport Pkwy",40.7287448,-74.0321082,3202,"Newport PATH",40.7272235,-74.0337589,29512,"Subscriber",1963,1
618,"2018-12-12 08:49:28.3540","2018-12-12 08:59:47.1250",3199,"Newport Pkwy",40.7287448,-74.0321082,3183,"Exchange Place",40.7162469,-74.0334588,29572,"Subscriber",1996,2
258,"2018-12-12 09:10:26.3830","2018-12-12 09:14:44.5770",3199,"Newport Pkwy",40.7287448,-74.0321082,3638,"Washington St",40.7242941,-74.0354826,29215,"Subscriber",1976,1
364,"2018-12-12 09:20:28.1640","2018-12-12 09:26:32.8790",3199,"Newport Pkwy",40.7287448,-74.0321082,3639,"Harborside",40.7192517,-74.034234,26175,"Subscriber",1991,1
347,"2018-12-12 09:51:31.0800","2018-12-12 09:57:18.7290",3199,"Newport Pkwy",40.7287448,-74.0321082,3639,"Harborside",40.7192517,-74.034234,29680,"Subscriber",1987,1
369,"2018-12-12 12:20:01.9540","2018-12-12 12:26:10.9740",3199,"Newport Pkwy",40.7287448,-74.0321082,3275,"Columbus Drive",40.71835519823214,-74.03891444206238,29275,"Subscriber",1989,1
1906,"2018-12-12 16:27:04.0900","2018-12-12 16:58:50.5100",3199,"Newport Pkwy",40.7287448,-74.0321082,3199,"Newport Pkwy",40.7287448,-74.0321082,29445,"Subscriber",1980,0
367,"2018-12-12 17:08:49.4070","2018-12-12 17:14:56.5500",3199,"Newport Pkwy",40.7287448,-74.0321082,3275,"Columbus Drive",40.71835519823214,-74.03891444206238,26244,"Subscriber",1980,1
643,"2018-12-12 17:32:42.0090","2018-12-12 17:43:25.3290",3199,"Newport Pkwy",40.7287448,-74.0321082,3272,"Jersey & 3rd",40.72333158646436,-74.04595255851744,26254,"Subscriber",1983,2
443,"2018-12-12 17:34:33.2090","2018-12-12 17:41:57.0440",3199,"Newport Pkwy",40.7287448,-74.0321082,3681,"Grand St",40.71517767732029,-74.03768330812454,29222,"Subscriber",1970,1
380,"2018-12-12 17:44:15.2140","2018-12-12 17:50:35.9160",3199,"Newport Pkwy",40.7287448,-74.0321082,3638,"Washington St",40.7242941,-74.0354826,29445,"Customer",1969,0
1432,"2018-12-12 18:22:52.1150","2018-12-12 18:46:44.8620",3199,"Newport Pkwy",40.7287448,-74.0321082,3214,"Essex Light Rail",40.7127742,-74.0364857,26288,"Subscriber",1980,1
766,"2018-12-12 19:14:47.0000","2018-12-12 19:27:33.1800",3199,"Newport Pkwy",40.7287448,-74.0321082,3209,"Brunswick St",40.7241765,-74.0506564,29453,"Subscriber",1989,2
340,"2018-12-12 19:26:11.2230","2018-12-12 19:31:51.9450",3199,"Newport Pkwy",40.7287448,-74.0321082,3639,"Harborside",40.7192517,-74.034234,29264,"Subscriber",1994,2
942,"2018-12-12 19:42:51.3920","2018-12-12 19:58:34.2350",3199,"Newport Pkwy",40.7287448,-74.0321082,3196,"Riverview Park",40.7443187,-74.0439909,29588,"Subscriber",1972,2
824,"2018-12-12 19:54:04.2240","2018-12-12 20:07:49.1950",3199,"Newport Pkwy",40.7287448,-74.0321082,3198,"Heights Elevator",40.748715945380226,-74.04044330120087,26251,"Subscriber",1988,1
580,"2018-12-13 07:55:29.9730","2018-12-13 08:05:10.1110",3199,"Newport Pkwy",40.7287448,-74.0321082,3639,"Harborside",40.7192517,-74.034234,29264,"Subscriber",1968,1
108,"2018-12-13 08:15:56.7280","2018-12-13 08:17:45.6280",3199,"Newport Pkwy",40.7287448,-74.0321082,3202,"Newport PATH",40.7272235,-74.0337589,26236,"Subscriber",1980,1
714,"2018-12-13 08:50:47.2820","2018-12-13 09:02:41.4680",3199,"Newport Pkwy",40.7287448,-74.0321082,3273,"Manila & 1st",40.721650724879986,-74.04288411140442,29619,"Subscriber",1978,1
690,"2018-12-13 08:58:55.1880","2018-12-13 09:10:25.6440",3199,"Newport Pkwy",40.7287448,-74.0321082,3183,"Exchange Place",40.7162469,-74.0334588,26247,"Subscriber",1996,2
174,"2018-12-13 09:18:55.1600","2018-12-13 09:21:50.1170",3199,"Newport Pkwy",40.7287448,-74.0321082,3638,"Washington St",40.7242941,-74.0354826,29573,"Subscriber",1976,1
358,"2018-12-13 09:34:02.2930","2018-12-13 09:40:00.8250",3199,"Newport Pkwy",40.7287448,-74.0321082,3639,"Harborside",40.7192517,-74.034234,29237,"Subscriber",1991,1
488,"2018-12-13 10:57:35.0320","2018-12-13 11:05:43.1200",3199,"Newport Pkwy",40.7287448,-74.0321082,3185,"City Hall",40.7177325,-74.043845,26282,"Subscriber",1981,1
2950,"2018-12-13 12:43:36.0660","2018-12-13 13:32:46.9660",3199,"Newport Pkwy",40.7287448,-74.0321082,3199,"Newport Pkwy",40.7287448,-74.0321082,29479,"Subscriber",1980,0
515,"2018-12-13 12:43:45.2170","2018-12-13 12:52:20.4130",3199,"Newport Pkwy",40.7287448,-74.0321082,3187,"Warren St",40.7211236,-74.03805095,29593,"Subscriber",1993,1
425,"2018-12-13 13:41:49.5800","2018-12-13 13:48:55.0860",3199,"Newport Pkwy",40.7287448,-74.0321082,3273,"Manila & 1st",40.721650724879986,-74.04288411140442,26184,"Subscriber",1970,1
316,"2018-12-13 15:48:32.4230","2018-12-13 15:53:49.2070",3199,"Newport Pkwy",40.7287448,-74.0321082,3275,"Columbus Drive",40.71835519823214,-74.03891444206238,29307,"Subscriber",1989,1
940,"2018-12-13 17:57:02.7880","2018-12-13 18:12:43.0090",3199,"Newport Pkwy",40.7287448,-74.0321082,3214,"Essex Light Rail",40.7127742,-74.0364857,26167,"Subscriber",1980,1
275,"2018-12-13 18:37:31.4130","2018-12-13 18:42:07.1850",3199,"Newport Pkwy",40.7287448,-74.0321082,3202,"Newport PATH",40.7272235,-74.0337589,29437,"Subscriber",1987,2
382,"2018-12-13 19:26:31.5610","2018-12-13 19:32:54.1300",3199,"Newport Pkwy",40.7287448,-74.0321082,3639,"Harborside",40.7192517,-74.034234,29264,"Subscriber",1994,2
2580,"2018-12-13 19:39:22.9400","2018-12-13 20:22:23.5650",3199,"Newport Pkwy",40.7287448,-74.0321082,3199,"Newport Pkwy",40.7287448,-74.0321082,29288,"Subscriber",1980,0
2576,"2018-12-13 19:39:25.2400","2018-12-13 20:22:22.1320",3199,"Newport Pkwy",40.7287448,-74.0321082,3199,"Newport Pkwy",40.7287448,-74.0321082,29670,"Subscriber",1980,1
440,"2018-12-13 20:29:42.0080","2018-12-13 20:37:02.2180",3199,"Newport Pkwy",40.7287448,-74.0321082,3272,"Jersey & 3rd",40.72333158646436,-74.04595255851744,29225,"Subscriber",1952,1
508,"2018-12-14 07:54:45.1230","2018-12-14 08:03:14.0850",3199,"Newport Pkwy",40.7287448,-74.0321082,3639,"Harborside",40.7192517,-74.034234,29264,"Subscriber",1968,1
356,"2018-12-14 08:43:24.3340","2018-12-14 08:49:20.4340",3199,"Newport Pkwy",40.7287448,-74.0321082,3639,"Harborside",40.7192517,-74.034234,26311,"Subscriber",1991,1
893,"2018-12-14 08:54:00.1550","2018-12-14 09:08:53.5860",3199,"Newport Pkwy",40.7287448,-74.0321082,3194,"McGinley Square",40.7253399253558,-74.06762212514877,29656,"Subscriber",1984,1
317,"2018-12-14 10:14:01.7860","2018-12-14 10:19:19.5400",3199,"Newport Pkwy",40.7287448,-74.0321082,3639,"Harborside",40.7192517,-74.034234,29540,"Subscriber",1987,1
2457,"2018-12-14 10:53:34.2930","2018-12-14 11:34:31.4900",3199,"Newport Pkwy",40.7287448,-74.0321082,3199,"Newport Pkwy",40.7287448,-74.0321082,29479,"Subscriber",1980,0
452,"2018-12-14 11:33:52.3440","2018-12-14 11:41:25.1480",3199,"Newport Pkwy",40.7287448,-74.0321082,3211,"Newark Ave",40.72152515,-74.046304543,29288,"Subscriber",1993,2
480,"2018-12-14 12:01:34.6940","2018-12-14 12:09:35.4480",3199,"Newport Pkwy",40.7287448,-74.0321082,3203,"Hamilton Park",40.727595966,-74.044247311,29479,"Subscriber",1977,2
1587,"2018-12-14 17:17:43.9180","2018-12-14 17:44:11.0090",3199,"Newport Pkwy",40.7287448,-74.0321082,3207,"Oakland Ave",40.7376037,-74.0524783,29588,"Subscriber",1991,1
472,"2018-12-14 17:50:24.4440","2018-12-14 17:58:17.3380",3199,"Newport Pkwy",40.7287448,-74.0321082,3187,"Warren St",40.7211236,-74.03805095,26245,"Subscriber",1996,2
477,"2018-12-14 18:34:15.5850","2018-12-14 18:42:12.8900",3199,"Newport Pkwy",40.7287448,-74.0321082,3187,"Warren St",40.7211236,-74.03805095,29661,"Subscriber",1980,1
402,"2018-12-15 08:30:00.9510","2018-12-15 08:36:43.5820",3199,"Newport Pkwy",40.7287448,-74.0321082,3183,"Exchange Place",40.7162469,-74.0334588,29237,"Subscriber",1984,1
461,"2018-12-15 08:52:13.8510","2018-12-15 08:59:55.7850",3199,"Newport Pkwy",40.7287448,-74.0321082,3185,"City Hall",40.7177325,-74.043845,29616,"Subscriber",1981,1
1381,"2018-12-15 09:10:15.2040","2018-12-15 09:33:16.6220",3199,"Newport Pkwy",40.7287448,-74.0321082,3214,"Essex Light Rail",40.7127742,-74.0364857,29230,"Subscriber",1994,1
374,"2018-12-15 09:31:32.0060","2018-12-15 09:37:46.6080",3199,"Newport Pkwy",40.7287448,-74.0321082,3187,"Warren St",40.7211236,-74.03805095,29593,"Subscriber",1983,1
499,"2018-12-15 09:56:05.9120","2018-12-15 10:04:25.1320",3199,"Newport Pkwy",40.7287448,-74.0321082,3273,"Manila & 1st",40.721650724879986,-74.04288411140442,29283,"Subscriber",1976,1
539,"2018-12-15 10:02:07.4780","2018-12-15 10:11:06.5910",3199,"Newport Pkwy",40.7287448,-74.0321082,3184,"Paulus Hook",40.7141454,-74.0335519,26203,"Subscriber",1979,1
896,"2018-12-15 10:40:49.1440","2018-12-15 10:55:45.6830",3199,"Newport Pkwy",40.7287448,-74.0321082,3194,"McGinley Square",40.7253399253558,-74.06762212514877,26288,"Subscriber",1984,1
157,"2018-12-15 11:08:59.5640","2018-12-15 11:11:36.9320",3199,"Newport Pkwy",40.7287448,-74.0321082,3202,"Newport PATH",40.7272235,-74.0337589,26298,"Subscriber",1980,1
141,"2018-12-15 11:09:01.1270","2018-12-15 11:11:22.5980",3199,"Newport Pkwy",40.7287448,-74.0321082,3202,"Newport PATH",40.7272235,-74.0337589,26153,"Subscriber",1980,0
1996,"2018-12-15 11:55:32.9610","2018-12-15 12:28:49.2450",3199,"Newport Pkwy",40.7287448,-74.0321082,3199,"Newport Pkwy",40.7287448,-74.0321082,29306,"Subscriber",1986,1
1956,"2018-12-15 11:56:09.5410","2018-12-15 12:28:45.9290",3199,"Newport Pkwy",40.7287448,-74.0321082,3199,"Newport Pkwy",40.7287448,-74.0321082,29495,"Subscriber",1987,2
552,"2018-12-15 11:59:56.6760","2018-12-15 12:09:09.1100",3199,"Newport Pkwy",40.7287448,-74.0321082,3183,"Exchange Place",40.7162469,-74.0334588,29661,"Subscriber",1986,1
829,"2018-12-15 14:20:39.0320","2018-12-15 14:34:28.6680",3199,"Newport Pkwy",40.7287448,-74.0321082,3187,"Warren St",40.7211236,-74.03805095,29670,"Subscriber",1990,1
5653,"2018-12-15 14:32:27.2960","2018-12-15 16:06:40.4730",3199,"Newport Pkwy",40.7287448,-74.0321082,3199,"Newport Pkwy",40.7287448,-74.0321082,29500,"Customer",1987,1
3289,"2018-12-15 15:34:21.1410","2018-12-15 16:29:10.4330",3199,"Newport Pkwy",40.7287448,-74.0321082,3192,"Liberty Light Rail",40.7112423,-74.0557013,29614,"Customer",1988,2
3315,"2018-12-15 15:34:21.5960","2018-12-15 16:29:37.3750",3199,"Newport Pkwy",40.7287448,-74.0321082,3192,"Liberty Light Rail",40.7112423,-74.0557013,29237,"Customer",1981,0
3304,"2018-12-15 15:35:40.8440","2018-12-15 16:30:45.5870",3199,"Newport Pkwy",40.7287448,-74.0321082,3192,"Liberty Light Rail",40.7112423,-74.0557013,29495,"Customer",1991,2
404,"2018-12-15 17:39:06.9880","2018-12-15 17:45:51.4000",3199,"Newport Pkwy",40.7287448,-74.0321082,3187,"Warren St",40.7211236,-74.03805095,29277,"Subscriber",1966,1
651,"2018-12-15 17:48:17.7830","2018-12-15 17:59:09.0460",3199,"Newport Pkwy",40.7287448,-74.0321082,3267,"Morris Canal",40.7124188237569,-74.03852552175522,29500,"Subscriber",1990,2
590,"2018-12-15 17:53:44.0410","2018-12-15 18:03:34.2730",3199,"Newport Pkwy",40.7287448,-74.0321082,3185,"City Hall",40.7177325,-74.043845,29306,"Customer",1995,1
577,"2018-12-15 18:52:34.9110","2018-12-15 19:02:12.3730",3199,"Newport Pkwy",40.7287448,-74.0321082,3276,"Marin Light Rail",40.71458403535893,-74.04281705617905,29663,"Subscriber",1984,1
370,"2018-12-15 19:32:08.0520","2018-12-15 19:38:18.5900",3199,"Newport Pkwy",40.7287448,-74.0321082,3639,"Harborside",40.7192517,-74.034234,29675,"Subscriber",1978,1
460,"2018-12-16 07:49:37.9310","2018-12-16 07:57:18.6090",3199,"Newport Pkwy",40.7287448,-74.0321082,3273,"Manila & 1st",40.721650724879986,-74.04288411140442,29437,"Subscriber",1977,1
38024,"2018-12-16 09:27:29.3700","2018-12-16 20:01:13.8530",3199,"Newport Pkwy",40.7287448,-74.0321082,3199,"Newport Pkwy",40.7287448,-74.0321082,29272,"Subscriber",1995,2
172,"2018-12-16 11:44:44.6760","2018-12-16 11:47:37.0970",3199,"Newport Pkwy",40.7287448,-74.0321082,3202,"Newport PATH",40.7272235,-74.0337589,29234,"Subscriber",1980,1
358,"2018-12-16 14:36:27.4450","2018-12-16 14:42:25.6660",3199,"Newport Pkwy",40.7287448,-74.0321082,3199,"Newport Pkwy",40.7287448,-74.0321082,29583,"Subscriber",1961,1
183,"2018-12-17 06:39:07.9510","2018-12-17 06:42:11.6520",3199,"Newport Pkwy",40.7287448,-74.0321082,3638,"Washington St",40.7242941,-74.0354826,29288,"Subscriber",1983,2
460,"2018-12-17 06:50:29.5830","2018-12-17 06:58:10.0980",3199,"Newport Pkwy",40.7287448,-74.0321082,3186,"Grove St PATH",40.71958611647166,-74.04311746358871,29583,"Subscriber",1981,1
524,"2018-12-17 08:00:49.2310","2018-12-17 08:09:33.8040",3199,"Newport Pkwy",40.7287448,-74.0321082,3639,"Harborside",40.7192517,-74.034234,29296,"Subscriber",1968,1
439,"2018-12-17 08:27:32.6860","2018-12-17 08:34:52.1200",3199,"Newport Pkwy",40.7287448,-74.0321082,3639,"Harborside",40.7192517,-74.034234,29491,"Subscriber",1987,1
712,"2018-12-17 08:49:09.2950","2018-12-17 09:01:01.6740",3199,"Newport Pkwy",40.7287448,-74.0321082,3183,"Exchange Place",40.7162469,-74.0334588,26257,"Customer",1992,1
348,"2018-12-17 09:04:31.0100","2018-12-17 09:10:19.7740",3199,"Newport Pkwy",40.7287448,-74.0321082,3275,"Columbus Drive",40.71835519823214,-74.03891444206238,29272,"Subscriber",1980,1
1369,"2018-12-17 13:25:26.9990","2018-12-17 13:48:16.7100",3199,"Newport Pkwy",40.7287448,-74.0321082,3638,"Washington St",40.7242941,-74.0354826,29527,"Customer",1969,0
109,"2018-12-17 13:42:22.2650","2018-12-17 13:44:11.6220",3199,"Newport Pkwy",40.7287448,-74.0321082,3202,"Newport PATH",40.7272235,-74.0337589,29263,"Subscriber",1988,1
161,"2018-12-17 13:46:35.8260","2018-12-17 13:49:17.4200",3199,"Newport Pkwy",40.7287448,-74.0321082,3638,"Washington St",40.7242941,-74.0354826,26300,"Subscriber",1976,1
1607,"2018-12-17 14:38:08.1490","2018-12-17 15:04:55.5020",3199,"Newport Pkwy",40.7287448,-74.0321082,3199,"Newport Pkwy",40.7287448,-74.0321082,26225,"Subscriber",1959,1
318,"2018-12-17 14:55:10.3620","2018-12-17 15:00:28.5320",3199,"Newport Pkwy",40.7287448,-74.0321082,3639,"Harborside",40.7192517,-74.034234,29663,"Subscriber",1989,1
355,"2018-12-17 17:29:46.0170","2018-12-17 17:35:42.0100",3199,"Newport Pkwy",40.7287448,-74.0321082,3275,"Columbus Drive",40.71835519823214,-74.03891444206238,26153,"Subscriber",1980,1
758,"2018-12-17 18:34:52.0340","2018-12-17 18:47:30.3410",3199,"Newport Pkwy",40.7287448,-74.0321082,3214,"Essex Light Rail",40.7127742,-74.0364857,26225,"Subscriber",1980,1
277,"2018-12-17 18:50:46.6530","2018-12-17 18:55:23.8600",3199,"Newport Pkwy",40.7287448,-74.0321082,3638,"Washington St",40.7242941,-74.0354826,26224,"Subscriber",1994,2
114,"2018-12-17 18:55:57.3370","2018-12-17 18:57:51.4980",3199,"Newport Pkwy",40.7287448,-74.0321082,3202,"Newport PATH",40.7272235,-74.0337589,29472,"Subscriber",1982,1
378,"2018-12-17 19:40:12.2680","2018-12-17 19:46:30.9420",3199,"Newport Pkwy",40.7287448,-74.0321082,3638,"Washington St",40.7242941,-74.0354826,26202,"Subscriber",1992,1
751,"2018-12-17 20:37:54.7270","2018-12-17 20:50:26.1620",3199,"Newport Pkwy",40.7287448,-74.0321082,3196,"Riverview Park",40.7443187,-74.0439909,29489,"Subscriber",1985,1
274,"2018-12-17 22:30:30.8140","2018-12-17 22:35:05.3220",3199,"Newport Pkwy",40.7287448,-74.0321082,3187,"Warren St",40.7211236,-74.03805095,29264,"Subscriber",1978,1
1135,"2018-12-17 23:05:22.4160","2018-12-17 23:24:17.7240",3199,"Newport Pkwy",40.7287448,-74.0321082,3198,"Heights Elevator",40.748715945380226,-74.04044330120087,29472,"Subscriber",1978,1
584,"2018-12-18 08:08:43.2690","2018-12-18 08:18:28.1880",3199,"Newport Pkwy",40.7287448,-74.0321082,3639,"Harborside",40.7192517,-74.034234,29605,"Subscriber",1968,1
126,"2018-12-18 08:41:04.9180","2018-12-18 08:43:11.8410",3199,"Newport Pkwy",40.7287448,-74.0321082,3202,"Newport PATH",40.7272235,-74.0337589,29120,"Subscriber",1980,1
392,"2018-12-18 08:50:25.3340","2018-12-18 08:56:58.3230",3199,"Newport Pkwy",40.7287448,-74.0321082,3639,"Harborside",40.7192517,-74.034234,29199,"Subscriber",1987,1
101,"2018-12-18 09:51:51.2350","2018-12-18 09:53:32.6280",3199,"Newport Pkwy",40.7287448,-74.0321082,3202,"Newport PATH",40.7272235,-74.0337589,26202,"Subscriber",1988,1
858,"2018-12-18 12:57:59.2140","2018-12-18 13:12:17.9640",3199,"Newport Pkwy",40.7287448,-74.0321082,3187,"Warren St",40.7211236,-74.03805095,29587,"Subscriber",1993,1
458,"2018-12-18 15:05:44.8850","2018-12-18 15:13:23.6400",3199,"Newport Pkwy",40.7287448,-74.0321082,3639,"Harborside",40.7192517,-74.034234,26276,"Customer",1986,1
761,"2018-12-18 16:27:51.3250","2018-12-18 16:40:33.3120",3199,"Newport Pkwy",40.7287448,-74.0321082,3202,"Newport PATH",40.7272235,-74.0337589,29544,"Subscriber",1980,0
96,"2018-12-18 16:47:56.6330","2018-12-18 16:49:33.0560",3199,"Newport Pkwy",40.7287448,-74.0321082,3202,"Newport PATH",40.7272235,-74.0337589,29267,"Subscriber",1989,1
129,"2018-12-18 17:07:20.4380","2018-12-18 17:09:29.5940",3199,"Newport Pkwy",40.7287448,-74.0321082,3202,"Newport PATH",40.7272235,-74.0337589,29288,"Subscriber",1987,2
344,"2018-12-18 17:19:31.1610","2018-12-18 17:25:15.2920",3199,"Newport Pkwy",40.7287448,-74.0321082,3275,"Columbus Drive",40.71835519823214,-74.03891444206238,29517,"Subscriber",1980,1
552,"2018-12-18 18:01:09.1820","2018-12-18 18:10:21.8100",3199,"Newport Pkwy",40.7287448,-74.0321082,3272,"Jersey & 3rd",40.72333158646436,-74.04595255851744,29126,"Subscriber",1984,1
810,"2018-12-18 20:01:52.3310","2018-12-18 20:15:22.8260",3199,"Newport Pkwy",40.7287448,-74.0321082,3209,"Brunswick St",40.7241765,-74.0506564,26224,"Subscriber",1990,1
813,"2018-12-18 20:15:24.5920","2018-12-18 20:28:57.8920",3199,"Newport Pkwy",40.7287448,-74.0321082,3198,"Heights Elevator",40.748715945380226,-74.04044330120087,29602,"Subscriber",1988,1
479,"2018-12-18 21:11:10.6170","2018-12-18 21:19:09.9450",3199,"Newport Pkwy",40.7287448,-74.0321082,3203,"Hamilton Park",40.727595966,-74.044247311,26201,"Subscriber",1992,2
318,"2018-12-19 05:05:38.7580","2018-12-19 05:10:57.2900",3199,"Newport Pkwy",40.7287448,-74.0321082,3275,"Columbus Drive",40.71835519823214,-74.03891444206238,26296,"Subscriber",1980,1
102,"2018-12-19 08:13:31.1140","2018-12-19 08:15:13.9630",3199,"Newport Pkwy",40.7287448,-74.0321082,3202,"Newport PATH",40.7272235,-74.0337589,29263,"Subscriber",1990,1
148,"2018-12-19 08:29:38.7840","2018-12-19 08:32:07.0030",3199,"Newport Pkwy",40.7287448,-74.0321082,3638,"Washington St",40.7242941,-74.0354826,29457,"Subscriber",1976,1
422,"2018-12-19 08:55:31.5110","2018-12-19 09:02:34.4770",3199,"Newport Pkwy",40.7287448,-74.0321082,3639,"Harborside",40.7192517,-74.034234,29576,"Subscriber",1987,1
1921,"2018-12-19 10:37:24.5460","2018-12-19 11:09:25.5500",3199,"Newport Pkwy",40.7287448,-74.0321082,3199,"Newport Pkwy",40.7287448,-74.0321082,29244,"Subscriber",1980,0
347,"2018-12-19 11:33:48.8520","2018-12-19 11:39:36.1870",3199,"Newport Pkwy",40.7287448,-74.0321082,3187,"Warren St",40.7211236,-74.03805095,29244,"Subscriber",1983,1
542,"2018-12-19 13:20:53.0400","2018-12-19 13:29:56.0110",3199,"Newport Pkwy",40.7287448,-74.0321082,3184,"Paulus Hook",40.7141454,-74.0335519,29542,"Subscriber",1976,1
114,"2018-12-19 13:54:58.1660","2018-12-19 13:56:52.4960",3199,"Newport Pkwy",40.7287448,-74.0321082,3202,"Newport PATH",40.7272235,-74.0337589,26174,"Subscriber",1987,2
623,"2018-12-19 15:09:27.7040","2018-12-19 15:19:51.5670",3199,"Newport Pkwy",40.7287448,-74.0321082,3278,"Monmouth and 6th",40.72568548362901,-74.04879033565521,26196,"Subscriber",1984,1
473,"2018-12-19 15:18:46.2940","2018-12-19 15:26:39.5780",3199,"Newport Pkwy",40.7287448,-74.0321082,3203,"Hamilton Park",40.727595966,-74.044247311,29513,"Subscriber",1975,2
99,"2018-12-19 15:24:30.9050","2018-12-19 15:26:10.8130",3199,"Newport Pkwy",40.7287448,-74.0321082,3202,"Newport PATH",40.7272235,-74.0337589,29541,"Subscriber",1980,1
1119,"2018-12-19 16:24:27.4180","2018-12-19 16:43:07.1990",3199,"Newport Pkwy",40.7287448,-74.0321082,3199,"Newport Pkwy",40.7287448,-74.0321082,26302,"Subscriber",1980,0
121,"2018-12-19 16:54:07.5530","2018-12-19 16:56:09.1520",3199,"Newport Pkwy",40.7287448,-74.0321082,3202,"Newport PATH",40.7272235,-74.0337589,29281,"Subscriber",1982,1
126,"2018-12-19 17:20:14.5670","2018-12-19 17:22:21.2780",3199,"Newport Pkwy",40.7287448,-74.0321082,3202,"Newport PATH",40.7272235,-74.0337589,26248,"Subscriber",1980,1
643,"2018-12-19 17:45:57.5270","2018-12-19 17:56:41.4710",3199,"Newport Pkwy",40.7287448,-74.0321082,3214,"Essex Light Rail",40.7127742,-74.0364857,29646,"Subscriber",1980,1
113,"2018-12-19 18:09:35.9100","2018-12-19 18:11:28.9440",3199,"Newport Pkwy",40.7287448,-74.0321082,3202,"Newport PATH",40.7272235,-74.0337589,26284,"Subscriber",1989,1
105,"2018-12-20 08:15:49.6380","2018-12-20 08:17:35.5660",3199,"Newport Pkwy",40.7287448,-74.0321082,3202,"Newport PATH",40.7272235,-74.0337589,26204,"Subscriber",1966,1
116,"2018-12-20 08:24:13.7740","2018-12-20 08:26:09.9700",3199,"Newport Pkwy",40.7287448,-74.0321082,3202,"Newport PATH",40.7272235,-74.0337589,29607,"Subscriber",1980,1
737,"2018-12-20 08:59:30.7280","2018-12-20 09:11:48.5510",3199,"Newport Pkwy",40.7287448,-74.0321082,3184,"Paulus Hook",40.7141454,-74.0335519,26247,"Subscriber",1996,2
155,"2018-12-20 09:39:54.3490","2018-12-20 09:42:29.7590",3199,"Newport Pkwy",40.7287448,-74.0321082,3638,"Washington St",40.7242941,-74.0354826,29593,"Subscriber",1976,1
239,"2018-12-20 12:12:31.4660","2018-12-20 12:16:30.7420",3199,"Newport Pkwy",40.7287448,-74.0321082,3187,"Warren St",40.7211236,-74.03805095,29554,"Subscriber",1985,1
460,"2018-12-20 12:38:57.5350","2018-12-20 12:46:37.9530",3199,"Newport Pkwy",40.7287448,-74.0321082,3183,"Exchange Place",40.7162469,-74.0334588,26302,"Customer",1969,0
455,"2018-12-20 12:38:58.8670","2018-12-20 12:46:34.1910",3199,"Newport Pkwy",40.7287448,-74.0321082,3183,"Exchange Place",40.7162469,-74.0334588,29492,"Customer",1969,0
82,"2018-12-20 13:50:04.8530","2018-12-20 13:51:27.5470",3199,"Newport Pkwy",40.7287448,-74.0321082,3202,"Newport PATH",40.7272235,-74.0337589,29541,"Subscriber",1988,1
361,"2018-12-20 15:31:51.3940","2018-12-20 15:37:52.7510",3199,"Newport Pkwy",40.7287448,-74.0321082,3275,"Columbus Drive",40.71835519823214,-74.03891444206238,29480,"Subscriber",1980,1
191,"2018-12-20 17:49:13.2980","2018-12-20 17:52:25.1900",3199,"Newport Pkwy",40.7287448,-74.0321082,3638,"Washington St",40.7242941,-74.0354826,26272,"Subscriber",1976,1
666,"2018-12-20 22:25:19.2850","2018-12-20 22:36:26.0750",3199,"Newport Pkwy",40.7287448,-74.0321082,3184,"Paulus Hook",40.7141454,-74.0335519,29197,"Subscriber",1988,1
722,"2018-12-20 22:26:59.6540","2018-12-20 22:39:02.0440",3199,"Newport Pkwy",40.7287448,-74.0321082,3198,"Heights Elevator",40.748715945380226,-74.04044330120087,26318,"Subscriber",1978,1
151,"2018-12-21 09:53:02.5660","2018-12-21 09:55:33.9090",3199,"Newport Pkwy",40.7287448,-74.0321082,3638,"Washington St",40.7242941,-74.0354826,29120,"Subscriber",1976,1
94,"2018-12-21 10:25:40.9550","2018-12-21 10:27:15.4000",3199,"Newport Pkwy",40.7287448,-74.0321082,3202,"Newport PATH",40.7272235,-74.0337589,26304,"Subscriber",1988,1
147,"2018-12-21 15:10:00.6950","2018-12-21 15:12:28.3410",3199,"Newport Pkwy",40.7287448,-74.0321082,3202,"Newport PATH",40.7272235,-74.0337589,29442,"Subscriber",1980,0
110,"2018-12-21 16:48:08.1080","2018-12-21 16:49:59.0440",3199,"Newport Pkwy",40.7287448,-74.0321082,3202,"Newport PATH",40.7272235,-74.0337589,29646,"Subscriber",1980,1
153,"2018-12-21 18:36:35.6700","2018-12-21 18:39:09.3110",3199,"Newport Pkwy",40.7287448,-74.0321082,3202,"Newport PATH",40.7272235,-74.0337589,29457,"Subscriber",1986,1
155,"2018-12-21 18:36:37.4280","2018-12-21 18:39:13.3660",3199,"Newport Pkwy",40.7287448,-74.0321082,3202,"Newport PATH",40.7272235,-74.0337589,29619,"Subscriber",1987,2
526,"2018-12-22 00:44:47.5970","2018-12-22 00:53:34.0610",3199,"Newport Pkwy",40.7287448,-74.0321082,3183,"Exchange Place",40.7162469,-74.0334588,29594,"Subscriber",1991,2
394,"2018-12-22 01:42:55.7100","2018-12-22 01:49:30.3320",3199,"Newport Pkwy",40.7287448,-74.0321082,3183,"Exchange Place",40.7162469,-74.0334588,29646,"Subscriber",1984,1
371,"2018-12-22 09:24:48.1440","2018-12-22 09:30:59.3960",3199,"Newport Pkwy",40.7287448,-74.0321082,3273,"Manila & 1st",40.721650724879986,-74.04288411140442,29245,"Subscriber",1979,1
455,"2018-12-22 09:59:57.7180","2018-12-22 10:07:33.4540",3199,"Newport Pkwy",40.7287448,-74.0321082,3183,"Exchange Place",40.7162469,-74.0334588,29222,"Subscriber",1988,1
373,"2018-12-22 10:05:29.6870","2018-12-22 10:11:43.5400",3199,"Newport Pkwy",40.7287448,-74.0321082,3639,"Harborside",40.7192517,-74.034234,29676,"Subscriber",1994,2
732,"2018-12-22 10:08:13.6290","2018-12-22 10:20:26.5810",3199,"Newport Pkwy",40.7287448,-74.0321082,3279,"Dixon Mills",40.721630142638354,-74.04996782541275,29205,"Subscriber",1993,2
1840,"2018-12-22 11:11:38.7150","2018-12-22 11:42:18.7200",3199,"Newport Pkwy",40.7287448,-74.0321082,3199,"Newport Pkwy",40.7287448,-74.0321082,26206,"Subscriber",1972,1
436,"2018-12-22 11:22:07.8420","2018-12-22 11:29:24.7090",3199,"Newport Pkwy",40.7287448,-74.0321082,3275,"Columbus Drive",40.71835519823214,-74.03891444206238,26190,"Subscriber",1980,0
416,"2018-12-22 11:22:07.9120","2018-12-22 11:29:04.7560",3199,"Newport Pkwy",40.7287448,-74.0321082,3275,"Columbus Drive",40.71835519823214,-74.03891444206238,26174,"Subscriber",1980,1
302,"2018-12-22 12:15:25.1230","2018-12-22 12:20:27.2170",3199,"Newport Pkwy",40.7287448,-74.0321082,3639,"Harborside",40.7192517,-74.034234,29453,"Subscriber",1987,1
926,"2018-12-22 13:14:54.4330","2018-12-22 13:30:21.2520",3199,"Newport Pkwy",40.7287448,-74.0321082,3185,"City Hall",40.7177325,-74.043845,29662,"Subscriber",1993,2
93,"2018-12-22 13:45:35.1250","2018-12-22 13:47:08.8110",3199,"Newport Pkwy",40.7287448,-74.0321082,3202,"Newport PATH",40.7272235,-74.0337589,26255,"Subscriber",1988,1
417,"2018-12-22 14:26:38.7010","2018-12-22 14:33:36.4540",3199,"Newport Pkwy",40.7287448,-74.0321082,3187,"Warren St",40.7211236,-74.03805095,26157,"Subscriber",1990,1
2093,"2018-12-22 14:40:23.1290","2018-12-22 15:15:16.3280",3199,"Newport Pkwy",40.7287448,-74.0321082,3269,"Brunswick & 6th",40.72601172964625,-74.05038893222809,29458,"Subscriber",1985,1
349,"2018-12-22 19:38:27.8090","2018-12-22 19:44:17.4760",3199,"Newport Pkwy",40.7287448,-74.0321082,3639,"Harborside",40.7192517,-74.034234,29671,"Subscriber",1987,1
598,"2018-12-22 20:32:29.7690","2018-12-22 20:42:28.7460",3199,"Newport Pkwy",40.7287448,-74.0321082,3481,"York St",40.71649,-74.04105,29222,"Subscriber",1988,2
715,"2018-12-23 07:03:57.8450","2018-12-23 07:15:53.4920",3199,"Newport Pkwy",40.7287448,-74.0321082,3276,"Marin Light Rail",40.71458403535893,-74.04281705617905,26206,"Subscriber",1983,2
333,"2018-12-23 08:16:36.6290","2018-12-23 08:22:09.8930",3199,"Newport Pkwy",40.7287448,-74.0321082,3639,"Harborside",40.7192517,-74.034234,29264,"Subscriber",1994,2
415,"2018-12-23 08:26:52.0880","2018-12-23 08:33:47.5110",3199,"Newport Pkwy",40.7287448,-74.0321082,3639,"Harborside",40.7192517,-74.034234,29277,"Subscriber",1988,1
333,"2018-12-23 09:26:39.0660","2018-12-23 09:32:13.0550",3199,"Newport Pkwy",40.7287448,-74.0321082,3187,"Warren St",40.7211236,-74.03805095,29457,"Subscriber",1993,1
513,"2018-12-23 10:22:27.3200","2018-12-23 10:31:01.1070",3199,"Newport Pkwy",40.7287448,-74.0321082,3270,"Jersey & 6th St",40.72528910781132,-74.04557168483734,29264,"Subscriber",1994,2
325,"2018-12-23 14:54:53.9870","2018-12-23 15:00:19.4420",3199,"Newport Pkwy",40.7287448,-74.0321082,3275,"Columbus Drive",40.71835519823214,-74.03891444206238,26294,"Subscriber",1980,1
5221,"2018-12-23 15:11:26.1710","2018-12-23 16:38:28.0650",3199,"Newport Pkwy",40.7287448,-74.0321082,3199,"Newport Pkwy",40.7287448,-74.0321082,29259,"Customer",1990,2
5227,"2018-12-23 15:11:26.6890","2018-12-23 16:38:34.3040",3199,"Newport Pkwy",40.7287448,-74.0321082,3199,"Newport Pkwy",40.7287448,-74.0321082,29199,"Customer",1990,1
1604,"2018-12-23 16:07:12.1490","2018-12-23 16:33:56.7450",3199,"Newport Pkwy",40.7287448,-74.0321082,3678,"Fairmount Ave",40.72572613742557,-74.07195925712585,26190,"Subscriber",1982,2
348,"2018-12-23 16:53:28.7370","2018-12-23 16:59:16.8620",3199,"Newport Pkwy",40.7287448,-74.0321082,3639,"Harborside",40.7192517,-74.034234,29199,"Subscriber",1980,1
115,"2018-12-23 17:28:06.7220","2018-12-23 17:30:01.7360",3199,"Newport Pkwy",40.7287448,-74.0321082,3202,"Newport PATH",40.7272235,-74.0337589,26174,"Subscriber",1980,0
97,"2018-12-23 17:28:09.6390","2018-12-23 17:29:47.2670",3199,"Newport Pkwy",40.7287448,-74.0321082,3202,"Newport PATH",40.7272235,-74.0337589,29468,"Subscriber",1980,1
194,"2018-12-23 18:24:55.3450","2018-12-23 18:28:09.9110",3199,"Newport Pkwy",40.7287448,-74.0321082,3202,"Newport PATH",40.7272235,-74.0337589,26304,"Subscriber",1990,1
83,"2018-12-23 18:25:44.4400","2018-12-23 18:27:07.8020",3199,"Newport Pkwy",40.7287448,-74.0321082,3202,"Newport PATH",40.7272235,-74.0337589,29536,"Subscriber",1988,1
472,"2018-12-24 06:45:28.6280","2018-12-24 06:53:21.0140",3199,"Newport Pkwy",40.7287448,-74.0321082,3185,"City Hall",40.7177325,-74.043845,26311,"Subscriber",1981,1
166,"2018-12-24 09:25:24.7530","2018-12-24 09:28:11.3230",3199,"Newport Pkwy",40.7287448,-74.0321082,3638,"Washington St",40.7242941,-74.0354826,29671,"Subscriber",1976,1
137,"2018-12-24 11:13:30.7780","2018-12-24 11:15:48.6820",3199,"Newport Pkwy",40.7287448,-74.0321082,3202,"Newport PATH",40.7272235,-74.0337589,29259,"Subscriber",1980,0
507,"2018-12-24 11:18:03.6460","2018-12-24 11:26:31.1800",3199,"Newport Pkwy",40.7287448,-74.0321082,3639,"Harborside",40.7192517,-74.034234,26167,"Subscriber",1949,1
1473,"2018-12-24 13:01:23.5020","2018-12-24 13:25:57.2930",3199,"Newport Pkwy",40.7287448,-74.0321082,3199,"Newport Pkwy",40.7287448,-74.0321082,26158,"Subscriber",1980,1
1025,"2018-12-24 13:06:54.4960","2018-12-24 13:23:59.7550",3199,"Newport Pkwy",40.7287448,-74.0321082,3214,"Essex Light Rail",40.7127742,-74.0364857,29677,"Subscriber",1980,1
332,"2018-12-24 13:32:34.5110","2018-12-24 13:38:07.0100",3199,"Newport Pkwy",40.7287448,-74.0321082,3202,"Newport PATH",40.7272235,-74.0337589,26158,"Subscriber",1986,1
182,"2018-12-24 16:47:32.4700","2018-12-24 16:50:35.1590",3199,"Newport Pkwy",40.7287448,-74.0321082,3202,"Newport PATH",40.7272235,-74.0337589,29284,"Subscriber",1949,1
493,"2018-12-24 17:32:45.3270","2018-12-24 17:40:59.2030",3199,"Newport Pkwy",40.7287448,-74.0321082,3639,"Harborside",40.7192517,-74.034234,29259,"Subscriber",1985,1
489,"2018-12-24 17:32:56.6610","2018-12-24 17:41:05.8920",3199,"Newport Pkwy",40.7287448,-74.0321082,3639,"Harborside",40.7192517,-74.034234,29547,"Subscriber",1988,1
91,"2018-12-24 19:15:50.1550","2018-12-24 19:17:21.8080",3199,"Newport Pkwy",40.7287448,-74.0321082,3202,"Newport PATH",40.7272235,-74.0337589,29535,"Subscriber",1988,1
153,"2018-12-25 12:09:33.1120","2018-12-25 12:12:06.2120",3199,"Newport Pkwy",40.7287448,-74.0321082,3199,"Newport Pkwy",40.7287448,-74.0321082,26167,"Subscriber",1980,0
510,"2018-12-25 12:25:05.1110","2018-12-25 12:33:35.1770",3199,"Newport Pkwy",40.7287448,-74.0321082,3267,"Morris Canal",40.7124188237569,-74.03852552175522,29230,"Subscriber",1977,1
891,"2018-12-25 12:32:42.6030","2018-12-25 12:47:34.4770",3199,"Newport Pkwy",40.7287448,-74.0321082,3483,"Montgomery St",40.71942,-74.05099,29257,"Subscriber",1980,0
875,"2018-12-25 12:32:51.1900","2018-12-25 12:47:27.1440",3199,"Newport Pkwy",40.7287448,-74.0321082,3483,"Montgomery St",40.71942,-74.05099,26167,"Subscriber",1980,1
322,"2018-12-25 13:11:29.5820","2018-12-25 13:16:52.3660",3199,"Newport Pkwy",40.7287448,-74.0321082,3638,"Washington St",40.7242941,-74.0354826,29491,"Subscriber",1963,1
298,"2018-12-25 13:57:11.5160","2018-12-25 14:02:10.3880",3199,"Newport Pkwy",40.7287448,-74.0321082,3638,"Washington St",40.7242941,-74.0354826,29469,"Subscriber",1980,0
301,"2018-12-25 13:57:19.4030","2018-12-25 14:02:20.5360",3199,"Newport Pkwy",40.7287448,-74.0321082,3638,"Washington St",40.7242941,-74.0354826,26304,"Subscriber",1980,1
2071,"2018-12-25 19:43:31.6110","2018-12-25 20:18:02.6230",3199,"Newport Pkwy",40.7287448,-74.0321082,3199,"Newport Pkwy",40.7287448,-74.0321082,29225,"Subscriber",1990,1
587,"2018-12-25 21:33:45.3900","2018-12-25 21:43:32.4150",3199,"Newport Pkwy",40.7287448,-74.0321082,3481,"York St",40.71649,-74.04105,29225,"Subscriber",1988,2
431,"2018-12-26 00:01:42.9490","2018-12-26 00:08:54.2530",3199,"Newport Pkwy",40.7287448,-74.0321082,3187,"Warren St",40.7211236,-74.03805095,29641,"Subscriber",1972,1
305,"2018-12-26 09:36:06.4170","2018-12-26 09:41:11.9670",3199,"Newport Pkwy",40.7287448,-74.0321082,3187,"Warren St",40.7211236,-74.03805095,29120,"Subscriber",1980,1
549,"2018-12-26 09:43:21.0210","2018-12-26 09:52:30.6410",3199,"Newport Pkwy",40.7287448,-74.0321082,3275,"Columbus Drive",40.71835519823214,-74.03891444206238,29458,"Subscriber",1987,1
283,"2018-12-26 12:33:51.0190","2018-12-26 12:38:34.7090",3199,"Newport Pkwy",40.7287448,-74.0321082,3199,"Newport Pkwy",40.7287448,-74.0321082,26160,"Subscriber",1988,1
1246,"2018-12-26 15:48:34.7730","2018-12-26 16:09:21.3240",3199,"Newport Pkwy",40.7287448,-74.0321082,3639,"Harborside",40.7192517,-74.034234,26259,"Subscriber",1982,1
116,"2018-12-26 17:19:57.9420","2018-12-26 17:21:54.5470",3199,"Newport Pkwy",40.7287448,-74.0321082,3202,"Newport PATH",40.7272235,-74.0337589,29619,"Subscriber",1980,1
147,"2018-12-26 17:19:59.0060","2018-12-26 17:22:26.2430",3199,"Newport Pkwy",40.7287448,-74.0321082,3202,"Newport PATH",40.7272235,-74.0337589,26160,"Subscriber",1980,0
333,"2018-12-26 18:47:34.6750","2018-12-26 18:53:08.3610",3199,"Newport Pkwy",40.7287448,-74.0321082,3638,"Washington St",40.7242941,-74.0354826,29629,"Subscriber",1984,2
740,"2018-12-26 22:50:51.8060","2018-12-26 23:03:12.8040",3199,"Newport Pkwy",40.7287448,-74.0321082,3638,"Washington St",40.7242941,-74.0354826,29505,"Subscriber",1972,1
478,"2018-12-27 09:32:24.8300","2018-12-27 09:40:23.5520",3199,"Newport Pkwy",40.7287448,-74.0321082,3639,"Harborside",40.7192517,-74.034234,29598,"Subscriber",1995,1
1805,"2018-12-27 11:28:48.0000","2018-12-27 11:58:53.6480",3199,"Newport Pkwy",40.7287448,-74.0321082,3199,"Newport Pkwy",40.7287448,-74.0321082,29661,"Customer",1996,1
1090,"2018-12-27 12:01:15.4620","2018-12-27 12:19:26.2380",3199,"Newport Pkwy",40.7287448,-74.0321082,3202,"Newport PATH",40.7272235,-74.0337589,26160,"Customer",1996,1
592,"2018-12-27 12:47:00.0820","2018-12-27 12:56:52.4680",3199,"Newport Pkwy",40.7287448,-74.0321082,3184,"Paulus Hook",40.7141454,-74.0335519,29213,"Subscriber",1987,1
1637,"2018-12-27 14:27:46.4850","2018-12-27 14:55:03.8520",3199,"Newport Pkwy",40.7287448,-74.0321082,3202,"Newport PATH",40.7272235,-74.0337589,29661,"Subscriber",1976,1
1517,"2018-12-27 14:29:44.2090","2018-12-27 14:55:02.0290",3199,"Newport Pkwy",40.7287448,-74.0321082,3202,"Newport PATH",40.7272235,-74.0337589,26211,"Customer",1976,1
483,"2018-12-27 15:46:20.9600","2018-12-27 15:54:24.3190",3199,"Newport Pkwy",40.7287448,-74.0321082,3214,"Essex Light Rail",40.7127742,-74.0364857,29602,"Subscriber",1990,1
126,"2018-12-27 15:51:22.9210","2018-12-27 15:53:29.8650",3199,"Newport Pkwy",40.7287448,-74.0321082,3202,"Newport PATH",40.7272235,-74.0337589,26189,"Subscriber",1987,2
588,"2018-12-27 15:52:01.8220","2018-12-27 16:01:49.9860",3199,"Newport Pkwy",40.7287448,-74.0321082,3481,"York St",40.71649,-74.04105,29231,"Subscriber",1954,2
952,"2018-12-27 15:59:09.6400","2018-12-27 16:15:02.0560",3199,"Newport Pkwy",40.7287448,-74.0321082,3273,"Manila & 1st",40.721650724879986,-74.04288411140442,29220,"Customer",1994,1
787,"2018-12-27 17:05:32.2040","2018-12-27 17:18:39.6260",3199,"Newport Pkwy",40.7287448,-74.0321082,3184,"Paulus Hook",40.7141454,-74.0335519,26208,"Subscriber",1963,1
185,"2018-12-27 18:51:23.2490","2018-12-27 18:54:28.3850",3199,"Newport Pkwy",40.7287448,-74.0321082,3638,"Washington St",40.7242941,-74.0354826,29198,"Subscriber",1989,2
730,"2018-12-27 20:12:18.8320","2018-12-27 20:24:28.8340",3199,"Newport Pkwy",40.7287448,-74.0321082,3198,"Heights Elevator",40.748715945380226,-74.04044330120087,29198,"Subscriber",1978,1
135,"2018-12-28 09:35:34.5390","2018-12-28 09:37:49.7290",3199,"Newport Pkwy",40.7287448,-74.0321082,3202,"Newport PATH",40.7272235,-74.0337589,29534,"Subscriber",1980,0
439,"2018-12-28 12:15:00.9130","2018-12-28 12:22:20.4360",3199,"Newport Pkwy",40.7287448,-74.0321082,3202,"Newport PATH",40.7272235,-74.0337589,26309,"Subscriber",1963,1
128,"2018-12-28 12:41:26.9060","2018-12-28 12:43:34.9080",3199,"Newport Pkwy",40.7287448,-74.0321082,3202,"Newport PATH",40.7272235,-74.0337589,29659,"Subscriber",1980,0
120,"2018-12-28 17:16:36.4000","2018-12-28 17:18:37.0460",3199,"Newport Pkwy",40.7287448,-74.0321082,3202,"Newport PATH",40.7272235,-74.0337589,29450,"Subscriber",1963,1
165,"2018-12-28 18:47:42.9910","2018-12-28 18:50:28.4960",3199,"Newport Pkwy",40.7287448,-74.0321082,3202,"Newport PATH",40.7272235,-74.0337589,29672,"Subscriber",1987,2
507,"2018-12-28 20:11:50.8030","2018-12-28 20:20:17.8940",3199,"Newport Pkwy",40.7287448,-74.0321082,3203,"Hamilton Park",40.727595966,-74.044247311,26160,"Subscriber",1993,2
546,"2018-12-28 23:04:50.5130","2018-12-28 23:13:56.7620",3199,"Newport Pkwy",40.7287448,-74.0321082,3681,"Grand St",40.71517767732029,-74.03768330812454,29437,"Subscriber",1993,1
1609,"2018-12-28 23:04:51.1460","2018-12-28 23:31:40.5870",3199,"Newport Pkwy",40.7287448,-74.0321082,3483,"Montgomery St",40.71942,-74.05099,29277,"Subscriber",1958,1
449,"2018-12-29 08:41:40.7550","2018-12-29 08:49:10.3840",3199,"Newport Pkwy",40.7287448,-74.0321082,3185,"City Hall",40.7177325,-74.043845,29480,"Subscriber",1981,1
363,"2018-12-29 09:46:01.7450","2018-12-29 09:52:05.3540",3199,"Newport Pkwy",40.7287448,-74.0321082,3275,"Columbus Drive",40.71835519823214,-74.03891444206238,29215,"Subscriber",1980,1
473,"2018-12-29 10:33:47.6810","2018-12-29 10:41:41.4250",3199,"Newport Pkwy",40.7287448,-74.0321082,3214,"Essex Light Rail",40.7127742,-74.0364857,29471,"Subscriber",1990,1
1050,"2018-12-29 12:10:21.3950","2018-12-29 12:27:52.0960",3199,"Newport Pkwy",40.7287448,-74.0321082,3186,"Grove St PATH",40.71958611647166,-74.04311746358871,29250,"Subscriber",1962,1
104,"2018-12-29 12:23:01.1990","2018-12-29 12:24:45.4570",3199,"Newport Pkwy",40.7287448,-74.0321082,3202,"Newport PATH",40.7272235,-74.0337589,26243,"Subscriber",1988,1
853,"2018-12-29 13:44:46.3790","2018-12-29 13:58:59.4040",3199,"Newport Pkwy",40.7287448,-74.0321082,3199,"Newport Pkwy",40.7287448,-74.0321082,29586,"Subscriber",1961,1
148,"2018-12-29 14:18:04.9170","2018-12-29 14:20:33.8310",3199,"Newport Pkwy",40.7287448,-74.0321082,3202,"Newport PATH",40.7272235,-74.0337589,29659,"Subscriber",1987,2
620,"2018-12-29 15:18:36.5990","2018-12-29 15:28:57.4580",3199,"Newport Pkwy",40.7287448,-74.0321082,3209,"Brunswick St",40.7241765,-74.0506564,26244,"Subscriber",1980,1
6321,"2018-12-29 15:23:45.5510","2018-12-29 17:09:06.9430",3199,"Newport Pkwy",40.7287448,-74.0321082,3199,"Newport Pkwy",40.7287448,-74.0321082,29283,"Customer",1990,1
6282,"2018-12-29 15:27:11.2790","2018-12-29 17:11:53.3740",3199,"Newport Pkwy",40.7287448,-74.0321082,3202,"Newport PATH",40.7272235,-74.0337589,29520,"Customer",1990,1
6241,"2018-12-29 15:27:58.4430","2018-12-29 17:11:59.6190",3199,"Newport Pkwy",40.7287448,-74.0321082,3202,"Newport PATH",40.7272235,-74.0337589,26267,"Customer",1990,2
5409,"2018-12-29 15:29:20.5370","2018-12-29 16:59:30.0010",3199,"Newport Pkwy",40.7287448,-74.0321082,3199,"Newport Pkwy",40.7287448,-74.0321082,29586,"Customer",1990,2
6095,"2018-12-29 15:30:21.3390","2018-12-29 17:11:56.4460",3199,"Newport Pkwy",40.7287448,-74.0321082,3202,"Newport PATH",40.7272235,-74.0337589,29598,"Customer",1990,2
272,"2018-12-29 15:41:26.5160","2018-12-29 15:45:59.4370",3199,"Newport Pkwy",40.7287448,-74.0321082,3199,"Newport Pkwy",40.7287448,-74.0321082,29546,"Customer",1969,0
275,"2018-12-29 15:41:28.8240","2018-12-29 15:46:04.5000",3199,"Newport Pkwy",40.7287448,-74.0321082,3199,"Newport Pkwy",40.7287448,-74.0321082,29288,"Customer",1969,0
1717,"2018-12-29 16:18:38.3580","2018-12-29 16:47:16.3280",3199,"Newport Pkwy",40.7287448,-74.0321082,3199,"Newport Pkwy",40.7287448,-74.0321082,29465,"Subscriber",1980,0
710,"2018-12-29 16:30:32.3950","2018-12-29 16:42:22.5580",3199,"Newport Pkwy",40.7287448,-74.0321082,3214,"Essex Light Rail",40.7127742,-74.0364857,26186,"Subscriber",1984,1
1413,"2018-12-29 20:50:32.4950","2018-12-29 21:14:05.9500",3199,"Newport Pkwy",40.7287448,-74.0321082,3481,"York St",40.71649,-74.04105,29546,"Subscriber",1988,2
43755,"2018-12-29 21:01:47.2840","2018-12-30 09:11:02.8950",3199,"Newport Pkwy",40.7287448,-74.0321082,3185,"City Hall",40.7177325,-74.043845,29288,"Customer",1995,1
703,"2018-12-29 22:08:56.6370","2018-12-29 22:20:39.9270",3199,"Newport Pkwy",40.7287448,-74.0321082,3267,"Morris Canal",40.7124188237569,-74.03852552175522,29198,"Subscriber",1990,2
400,"2018-12-30 08:49:54.4020","2018-12-30 08:56:34.5380",3199,"Newport Pkwy",40.7287448,-74.0321082,3186,"Grove St PATH",40.71958611647166,-74.04311746358871,29474,"Subscriber",1981,1
138,"2018-12-30 10:12:05.2150","2018-12-30 10:14:23.3300",3199,"Newport Pkwy",40.7287448,-74.0321082,3202,"Newport PATH",40.7272235,-74.0337589,29661,"Subscriber",1988,1
406,"2018-12-30 10:57:03.2380","2018-12-30 11:03:49.7280",3199,"Newport Pkwy",40.7287448,-74.0321082,3681,"Grand St",40.71517767732029,-74.03768330812454,29641,"Subscriber",1980,1
1774,"2018-12-30 11:37:54.9910","2018-12-30 12:07:29.9670",3199,"Newport Pkwy",40.7287448,-74.0321082,3202,"Newport PATH",40.7272235,-74.0337589,26243,"Subscriber",1995,1
352,"2018-12-30 11:42:02.0550","2018-12-30 11:47:55.0480",3199,"Newport Pkwy",40.7287448,-74.0321082,3187,"Warren St",40.7211236,-74.03805095,29283,"Subscriber",1996,2
941,"2018-12-30 12:50:34.8850","2018-12-30 13:06:16.0780",3199,"Newport Pkwy",40.7287448,-74.0321082,3681,"Grand St",40.71517767732029,-74.03768330812454,29465,"Subscriber",1980,0
919,"2018-12-30 12:50:38.3910","2018-12-30 13:05:57.9580",3199,"Newport Pkwy",40.7287448,-74.0321082,3681,"Grand St",40.71517767732029,-74.03768330812454,29552,"Subscriber",1980,1
187,"2018-12-30 13:04:28.5510","2018-12-30 13:07:36.2010",3199,"Newport Pkwy",40.7287448,-74.0321082,3638,"Washington St",40.7242941,-74.0354826,26251,"Subscriber",1989,2
135,"2018-12-30 13:21:17.9750","2018-12-30 13:23:33.6260",3199,"Newport Pkwy",40.7287448,-74.0321082,3202,"Newport PATH",40.7272235,-74.0337589,29570,"Subscriber",1987,2
127,"2018-12-30 13:21:27.0080","2018-12-30 13:23:34.2770",3199,"Newport Pkwy",40.7287448,-74.0321082,3202,"Newport PATH",40.7272235,-74.0337589,26186,"Subscriber",1986,1
300,"2018-12-30 15:01:14.4600","2018-12-30 15:06:15.4160",3199,"Newport Pkwy",40.7287448,-74.0321082,3187,"Warren St",40.7211236,-74.03805095,29586,"Subscriber",1990,1
478,"2018-12-30 17:23:33.4870","2018-12-30 17:31:31.6010",3199,"Newport Pkwy",40.7287448,-74.0321082,3211,"Newark Ave",40.72152515,-74.046304543,29445,"Subscriber",1991,1
383,"2018-12-31 06:53:54.6870","2018-12-31 07:00:18.5570",3199,"Newport Pkwy",40.7287448,-74.0321082,3185,"City Hall",40.7177325,-74.043845,29642,"Subscriber",1981,1
479,"2018-12-31 09:34:00.9730","2018-12-31 09:42:00.2500",3199,"Newport Pkwy",40.7287448,-74.0321082,3183,"Exchange Place",40.7162469,-74.0334588,29306,"Subscriber",1996,2
5097,"2018-12-31 10:02:28.8700","2018-12-31 11:27:26.0260",3199,"Newport Pkwy",40.7287448,-74.0321082,3199,"Newport Pkwy",40.7287448,-74.0321082,29494,"Customer",1995,2
2294,"2018-12-31 10:13:52.5070","2018-12-31 10:52:07.0080",3199,"Newport Pkwy",40.7287448,-74.0321082,3199,"Newport Pkwy",40.7287448,-74.0321082,29508,"Customer",1994,1
2221,"2018-12-31 10:14:50.6110","2018-12-31 10:51:52.4520",3199,"Newport Pkwy",40.7287448,-74.0321082,3199,"Newport Pkwy",40.7287448,-74.0321082,29517,"Customer",1994,2
2194,"2018-12-31 10:15:06.7930","2018-12-31 10:51:41.0840",3199,"Newport Pkwy",40.7287448,-74.0321082,3199,"Newport Pkwy",40.7287448,-74.0321082,29570,"Customer",1993,2
455,"2018-12-31 10:34:01.0520","2018-12-31 10:41:36.5000",3199,"Newport Pkwy",40.7287448,-74.0321082,3183,"Exchange Place",40.7162469,-74.0334588,26164,"Subscriber",1991,1
189,"2018-12-31 10:35:45.8530","2018-12-31 10:38:55.3740",3199,"Newport Pkwy",40.7287448,-74.0321082,3638,"Washington St",40.7242941,-74.0354826,29471,"Subscriber",1989,2
1003,"2018-12-31 11:58:16.1890","2018-12-31 12:15:00.1190",3199,"Newport Pkwy",40.7287448,-74.0321082,3638,"Washington St",40.7242941,-74.0354826,29197,"Subscriber",1963,1
1758,"2018-12-31 12:19:59.6490","2018-12-31 12:49:18.0120",3199,"Newport Pkwy",40.7287448,-74.0321082,3199,"Newport Pkwy",40.7287448,-74.0321082,29120,"Subscriber",1993,1
147,"2018-12-31 15:00:52.8310","2018-12-31 15:03:19.9840",3199,"Newport Pkwy",40.7287448,-74.0321082,3202,"Newport PATH",40.7272235,-74.0337589,29517,"Subscriber",1980,0
670,"2018-12-01 14:11:37.1760","2018-12-01 14:22:47.6750",3201,"Dey St",40.737711,-74.066921,3201,"Dey St",40.737711,-74.066921,26248,"Subscriber",1958,1
195,"2018-12-03 11:18:57.8340","2018-12-03 11:22:13.1110",3201,"Dey St",40.737711,-74.066921,3640,"Journal Square",40.73367,-74.0625,26248,"Subscriber",1966,1
243,"2018-12-03 15:21:18.7700","2018-12-03 15:25:22.1240",3201,"Dey St",40.737711,-74.066921,3640,"Journal Square",40.73367,-74.0625,26171,"Subscriber",1964,2
987,"2018-12-03 21:22:39.1500","2018-12-03 21:39:07.1130",3201,"Dey St",40.737711,-74.066921,3201,"Dey St",40.737711,-74.066921,29264,"Subscriber",1981,1
526,"2018-12-04 00:05:28.4560","2018-12-04 00:14:14.5350",3201,"Dey St",40.737711,-74.066921,3225,"Baldwin at Montgomery",40.7236589,-74.0641943,29261,"Subscriber",1988,1
282,"2018-12-05 17:14:02.4980","2018-12-05 17:18:45.2610",3201,"Dey St",40.737711,-74.066921,3640,"Journal Square",40.73367,-74.0625,29474,"Subscriber",1967,1
296,"2018-12-07 08:47:33.1660","2018-12-07 08:52:29.4160",3201,"Dey St",40.737711,-74.066921,3640,"Journal Square",40.73367,-74.0625,29207,"Subscriber",1989,1
1925,"2018-12-08 16:59:47.6980","2018-12-08 17:31:53.6590",3201,"Dey St",40.737711,-74.066921,3212,"Christ Hospital",40.734785818,-74.050443636,29442,"Subscriber",1994,1
2025,"2018-12-09 17:22:52.1690","2018-12-09 17:56:38.1160",3201,"Dey St",40.737711,-74.066921,3212,"Christ Hospital",40.734785818,-74.050443636,29569,"Subscriber",1994,1
442,"2018-12-09 19:19:09.8400","2018-12-09 19:26:32.2900",3201,"Dey St",40.737711,-74.066921,3206,"Hilltop",40.7311689,-74.0575736,26280,"Subscriber",1983,1
245,"2018-12-10 08:05:15.1590","2018-12-10 08:09:20.7070",3201,"Dey St",40.737711,-74.066921,3640,"Journal Square",40.73367,-74.0625,29493,"Subscriber",1958,1
381,"2018-12-10 16:38:26.5990","2018-12-10 16:44:48.4470",3201,"Dey St",40.737711,-74.066921,3195,"Sip Ave",40.73074262530658,-74.06378388404846,29251,"Subscriber",1987,1
253,"2018-12-11 07:56:53.6760","2018-12-11 08:01:06.9020",3201,"Dey St",40.737711,-74.066921,3640,"Journal Square",40.73367,-74.0625,26166,"Subscriber",1989,1
176,"2018-12-11 18:06:50.5760","2018-12-11 18:09:46.8420",3201,"Dey St",40.737711,-74.066921,3640,"Journal Square",40.73367,-74.0625,29598,"Subscriber",1973,1
841,"2018-12-12 13:32:08.6320","2018-12-12 13:46:10.1370",3201,"Dey St",40.737711,-74.066921,3211,"Newark Ave",40.72152515,-74.046304543,26279,"Subscriber",1963,1
359,"2018-12-12 20:43:52.6060","2018-12-12 20:49:52.4910",3201,"Dey St",40.737711,-74.066921,3195,"Sip Ave",40.73074262530658,-74.06378388404846,26223,"Subscriber",1977,1
585,"2018-12-13 13:38:04.1860","2018-12-13 13:47:50.0610",3201,"Dey St",40.737711,-74.066921,3193,"Lincoln Park",40.7246050998869,-74.07840594649315,29666,"Subscriber",1963,1
653,"2018-12-13 17:23:52.0470","2018-12-13 17:34:45.8850",3201,"Dey St",40.737711,-74.066921,3211,"Newark Ave",40.72152515,-74.046304543,29616,"Subscriber",1988,1
195,"2018-12-13 18:12:45.1550","2018-12-13 18:16:00.3260",3201,"Dey St",40.737711,-74.066921,3640,"Journal Square",40.73367,-74.0625,29505,"Subscriber",1977,1
252,"2018-12-13 19:37:49.0980","2018-12-13 19:42:01.4540",3201,"Dey St",40.737711,-74.066921,3640,"Journal Square",40.73367,-74.0625,29208,"Subscriber",1987,1
160,"2018-12-13 20:00:54.5590","2018-12-13 20:03:35.0550",3201,"Dey St",40.737711,-74.066921,3640,"Journal Square",40.73367,-74.0625,29570,"Subscriber",1973,1
204,"2018-12-13 22:03:22.9160","2018-12-13 22:06:47.2750",3201,"Dey St",40.737711,-74.066921,3640,"Journal Square",40.73367,-74.0625,33744,"Subscriber",1967,1
197,"2018-12-14 09:08:09.3370","2018-12-14 09:11:26.8550",3201,"Dey St",40.737711,-74.066921,3640,"Journal Square",40.73367,-74.0625,26216,"Subscriber",1966,1
222,"2018-12-17 08:48:32.1750","2018-12-17 08:52:14.2820",3201,"Dey St",40.737711,-74.066921,3640,"Journal Square",40.73367,-74.0625,29259,"Subscriber",1958,1
230,"2018-12-17 12:15:20.3490","2018-12-17 12:19:10.5520",3201,"Dey St",40.737711,-74.066921,3640,"Journal Square",40.73367,-74.0625,29208,"Subscriber",1964,2
277,"2018-12-17 15:37:33.6520","2018-12-17 15:42:11.5670",3201,"Dey St",40.737711,-74.066921,3195,"Sip Ave",40.73074262530658,-74.06378388404846,29290,"Subscriber",1966,1
774,"2018-12-18 13:40:30.1840","2018-12-18 13:53:25.1670",3201,"Dey St",40.737711,-74.066921,3211,"Newark Ave",40.72152515,-74.046304543,29198,"Subscriber",1963,1
216,"2018-12-18 15:43:10.0400","2018-12-18 15:46:46.5940",3201,"Dey St",40.737711,-74.066921,3640,"Journal Square",40.73367,-74.0625,26209,"Subscriber",1973,1
232,"2018-12-19 08:56:12.5980","2018-12-19 09:00:05.2310",3201,"Dey St",40.737711,-74.066921,3640,"Journal Square",40.73367,-74.0625,29220,"Subscriber",1958,1
188,"2018-12-19 17:00:11.7690","2018-12-19 17:03:19.8300",3201,"Dey St",40.737711,-74.066921,3640,"Journal Square",40.73367,-74.0625,29674,"Subscriber",1973,1
587,"2018-12-19 18:42:10.5400","2018-12-19 18:51:58.3690",3201,"Dey St",40.737711,-74.066921,3225,"Baldwin at Montgomery",40.7236589,-74.0641943,29668,"Subscriber",1986,2
213,"2018-12-20 11:02:06.4010","2018-12-20 11:05:39.9690",3201,"Dey St",40.737711,-74.066921,3640,"Journal Square",40.73367,-74.0625,26293,"Subscriber",1964,2
745,"2018-12-20 13:23:21.1310","2018-12-20 13:35:46.3570",3201,"Dey St",40.737711,-74.066921,3211,"Newark Ave",40.72152515,-74.046304543,29465,"Subscriber",1963,1
1275,"2018-12-20 14:49:11.9880","2018-12-20 15:10:27.5200",3201,"Dey St",40.737711,-74.066921,3270,"Jersey & 6th St",40.72528910781132,-74.04557168483734,29577,"Subscriber",1958,2
1883,"2018-12-22 15:48:53.0770","2018-12-22 16:20:16.7570",3201,"Dey St",40.737711,-74.066921,3201,"Dey St",40.737711,-74.066921,29628,"Subscriber",1988,1
821,"2018-12-23 12:05:28.2230","2018-12-23 12:19:10.1970",3201,"Dey St",40.737711,-74.066921,3203,"Hamilton Park",40.727595966,-74.044247311,29254,"Subscriber",1963,1
1789,"2018-12-23 14:13:52.0860","2018-12-23 14:43:41.8480",3201,"Dey St",40.737711,-74.066921,3201,"Dey St",40.737711,-74.066921,29628,"Subscriber",1988,1
1152,"2018-12-24 08:26:13.2600","2018-12-24 08:45:25.6630",3201,"Dey St",40.737711,-74.066921,3201,"Dey St",40.737711,-74.066921,29628,"Subscriber",1988,1
1692,"2018-12-25 16:16:04.1420","2018-12-25 16:44:16.4120",3201,"Dey St",40.737711,-74.066921,3201,"Dey St",40.737711,-74.066921,29628,"Subscriber",1988,1
2351,"2018-12-26 20:01:05.5500","2018-12-26 20:40:16.8870",3201,"Dey St",40.737711,-74.066921,3212,"Christ Hospital",40.734785818,-74.050443636,26153,"Subscriber",1994,1
266,"2018-12-27 17:13:31.7840","2018-12-27 17:17:58.0680",3201,"Dey St",40.737711,-74.066921,3640,"Journal Square",40.73367,-74.0625,29507,"Subscriber",1987,1
493,"2018-12-27 20:18:51.2920","2018-12-27 20:27:04.4630",3201,"Dey St",40.737711,-74.066921,3195,"Sip Ave",40.73074262530658,-74.06378388404846,26203,"Subscriber",1979,1
274,"2018-12-29 11:45:48.0630","2018-12-29 11:50:22.5990",3201,"Dey St",40.737711,-74.066921,3220,"5 Corners Library",40.734961020009514,-74.0595030784607,29513,"Subscriber",1963,1
882,"2018-12-29 19:11:10.4370","2018-12-29 19:25:53.1760",3201,"Dey St",40.737711,-74.066921,3678,"Fairmount Ave",40.72572613742557,-74.07195925712585,29218,"Subscriber",1991,1
816,"2018-12-30 13:04:09.3110","2018-12-30 13:17:45.4860",3201,"Dey St",40.737711,-74.066921,3203,"Hamilton Park",40.727595966,-74.044247311,29635,"Subscriber",1963,1
903,"2018-12-31 18:36:14.6040","2018-12-31 18:51:17.8390",3201,"Dey St",40.737711,-74.066921,3677,"Glenwood Ave",40.72755146730012,-74.07106071710587,29489,"Subscriber",1976,1
380,"2018-12-01 07:58:52.0060","2018-12-01 08:05:12.7570",3202,"Newport PATH",40.7272235,-74.0337589,3185,"City Hall",40.7177325,-74.043845,29618,"Subscriber",1981,1
296,"2018-12-01 09:12:26.5300","2018-12-01 09:17:23.3480",3202,"Newport PATH",40.7272235,-74.0337589,3187,"Warren St",40.7211236,-74.03805095,29254,"Subscriber",1991,1
301,"2018-12-01 10:39:43.8530","2018-12-01 10:44:44.9590",3202,"Newport PATH",40.7272235,-74.0337589,3275,"Columbus Drive",40.71835519823214,-74.03891444206238,29255,"Subscriber",1973,2
469,"2018-12-01 12:50:47.5590","2018-12-01 12:58:36.8720",3202,"Newport PATH",40.7272235,-74.0337589,3183,"Exchange Place",40.7162469,-74.0334588,29673,"Subscriber",1992,1
517,"2018-12-01 13:43:34.7340","2018-12-01 13:52:12.6150",3202,"Newport PATH",40.7272235,-74.0337589,3276,"Marin Light Rail",40.71458403535893,-74.04281705617905,29521,"Subscriber",1979,2
1594,"2018-12-01 14:22:58.0890","2018-12-01 14:49:32.1350",3202,"Newport PATH",40.7272235,-74.0337589,3199,"Newport Pkwy",40.7287448,-74.0321082,29296,"Subscriber",1991,1
371,"2018-12-01 17:07:06.9580","2018-12-01 17:13:18.4280",3202,"Newport PATH",40.7272235,-74.0337589,3639,"Harborside",40.7192517,-74.034234,29231,"Subscriber",1989,2
249,"2018-12-01 17:53:00.8440","2018-12-01 17:57:10.3610",3202,"Newport PATH",40.7272235,-74.0337589,3639,"Harborside",40.7192517,-74.034234,29643,"Subscriber",1987,1
318,"2018-12-01 21:06:41.8870","2018-12-01 21:11:59.9180",3202,"Newport PATH",40.7272235,-74.0337589,3187,"Warren St",40.7211236,-74.03805095,29210,"Subscriber",1987,1
158,"2018-12-01 22:19:26.9610","2018-12-01 22:22:05.2510",3202,"Newport PATH",40.7272235,-74.0337589,3199,"Newport Pkwy",40.7287448,-74.0321082,29278,"Subscriber",1987,2
1017,"2018-12-01 22:29:22.4550","2018-12-01 22:46:19.5590",3202,"Newport PATH",40.7272235,-74.0337589,3269,"Brunswick & 6th",40.72601172964625,-74.05038893222809,26270,"Subscriber",1981,1
366,"2018-12-02 08:04:24.4460","2018-12-02 08:10:30.5360",3202,"Newport PATH",40.7272235,-74.0337589,3185,"City Hall",40.7177325,-74.043845,29254,"Subscriber",1981,1
638,"2018-12-02 11:35:29.9580","2018-12-02 11:46:08.8940",3202,"Newport PATH",40.7272235,-74.0337589,3183,"Exchange Place",40.7162469,-74.0334588,26175,"Subscriber",1983,2
521,"2018-12-02 12:25:59.3820","2018-12-02 12:34:40.7610",3202,"Newport PATH",40.7272235,-74.0337589,3205,"JC Medical Center",40.71653978099194,-74.0496379137039,26287,"Subscriber",1992,1
370,"2018-12-02 13:27:19.0850","2018-12-02 13:33:29.5590",3202,"Newport PATH",40.7272235,-74.0337589,3203,"Hamilton Park",40.727595966,-74.044247311,29290,"Subscriber",1979,2
466,"2018-12-02 15:05:58.0650","2018-12-02 15:13:44.4670",3202,"Newport PATH",40.7272235,-74.0337589,3183,"Exchange Place",40.7162469,-74.0334588,29258,"Customer",1988,1
313,"2018-12-02 16:19:21.1980","2018-12-02 16:24:34.8510",3202,"Newport PATH",40.7272235,-74.0337589,3187,"Warren St",40.7211236,-74.03805095,29228,"Subscriber",1987,1
268,"2018-12-02 18:06:20.8790","2018-12-02 18:10:49.5380",3202,"Newport PATH",40.7272235,-74.0337589,3639,"Harborside",40.7192517,-74.034234,29498,"Subscriber",1980,1
268,"2018-12-02 18:26:51.7010","2018-12-02 18:31:20.1790",3202,"Newport PATH",40.7272235,-74.0337589,3639,"Harborside",40.7192517,-74.034234,26263,"Subscriber",1971,2
426,"2018-12-02 18:37:51.3840","2018-12-02 18:44:58.2780",3202,"Newport PATH",40.7272235,-74.0337589,3273,"Manila & 1st",40.721650724879986,-74.04288411140442,29642,"Subscriber",1995,1
163,"2018-12-02 21:25:16.7000","2018-12-02 21:27:59.7120",3202,"Newport PATH",40.7272235,-74.0337589,3638,"Washington St",40.7242941,-74.0354826,31443,"Subscriber",1995,2
234,"2018-12-03 00:41:38.9320","2018-12-03 00:45:33.2440",3202,"Newport PATH",40.7272235,-74.0337589,3187,"Warren St",40.7211236,-74.03805095,31443,"Subscriber",1994,1
292,"2018-12-03 06:43:49.3980","2018-12-03 06:48:41.8360",3202,"Newport PATH",40.7272235,-74.0337589,3639,"Harborside",40.7192517,-74.034234,29646,"Subscriber",1958,1
401,"2018-12-03 07:08:01.5350","2018-12-03 07:14:43.3550",3202,"Newport PATH",40.7272235,-74.0337589,3185,"City Hall",40.7177325,-74.043845,29306,"Subscriber",1981,1
306,"2018-12-03 07:12:50.4160","2018-12-03 07:17:56.4610",3202,"Newport PATH",40.7272235,-74.0337589,3639,"Harborside",40.7192517,-74.034234,26274,"Subscriber",1989,1
460,"2018-12-03 08:13:32.8920","2018-12-03 08:21:13.2130",3202,"Newport PATH",40.7272235,-74.0337589,3203,"Hamilton Park",40.727595966,-74.044247311,29218,"Subscriber",1987,1
299,"2018-12-03 08:27:38.9290","2018-12-03 08:32:38.2010",3202,"Newport PATH",40.7272235,-74.0337589,3275,"Columbus Drive",40.71835519823214,-74.03891444206238,29595,"Subscriber",1992,2
249,"2018-12-03 09:00:05.8050","2018-12-03 09:04:15.8000",3202,"Newport PATH",40.7272235,-74.0337589,3639,"Harborside",40.7192517,-74.034234,29593,"Subscriber",1994,1
300,"2018-12-03 09:16:52.9370","2018-12-03 09:21:53.3670",3202,"Newport PATH",40.7272235,-74.0337589,3639,"Harborside",40.7192517,-74.034234,29526,"Subscriber",1991,2
458,"2018-12-03 09:27:32.7310","2018-12-03 09:35:10.7660",3202,"Newport PATH",40.7272235,-74.0337589,3184,"Paulus Hook",40.7141454,-74.0335519,26216,"Subscriber",1991,1
171,"2018-12-03 09:52:34.1170","2018-12-03 09:55:25.9870",3202,"Newport PATH",40.7272235,-74.0337589,3638,"Washington St",40.7242941,-74.0354826,29288,"Subscriber",1973,1
363,"2018-12-03 11:52:19.6860","2018-12-03 11:58:22.8280",3202,"Newport PATH",40.7272235,-74.0337589,3273,"Manila & 1st",40.721650724879986,-74.04288411140442,26193,"Subscriber",1988,1
298,"2018-12-03 12:15:18.5660","2018-12-03 12:20:17.4850",3202,"Newport PATH",40.7272235,-74.0337589,3275,"Columbus Drive",40.71835519823214,-74.03891444206238,29475,"Subscriber",1988,1
420,"2018-12-03 12:19:36.2620","2018-12-03 12:26:36.6940",3202,"Newport PATH",40.7272235,-74.0337589,3269,"Brunswick & 6th",40.72601172964625,-74.05038893222809,26282,"Subscriber",1973,1
315,"2018-12-03 12:26:17.1570","2018-12-03 12:31:33.1440",3202,"Newport PATH",40.7272235,-74.0337589,3639,"Harborside",40.7192517,-74.034234,29681,"Subscriber",1988,1
384,"2018-12-03 13:14:48.9030","2018-12-03 13:21:13.4570",3202,"Newport PATH",40.7272235,-74.0337589,3186,"Grove St PATH",40.71958611647166,-74.04311746358871,26193,"Subscriber",1977,1
612,"2018-12-03 13:41:26.3190","2018-12-03 13:51:39.0050",3202,"Newport PATH",40.7272235,-74.0337589,3184,"Paulus Hook",40.7141454,-74.0335519,29496,"Subscriber",1987,2
406,"2018-12-03 14:21:34.1060","2018-12-03 14:28:20.1330",3202,"Newport PATH",40.7272235,-74.0337589,3184,"Paulus Hook",40.7141454,-74.0335519,26236,"Subscriber",1971,1
1543,"2018-12-03 14:29:21.4590","2018-12-03 14:55:05.4450",3202,"Newport PATH",40.7272235,-74.0337589,3183,"Exchange Place",40.7162469,-74.0334588,29263,"Subscriber",1972,1
338,"2018-12-03 15:02:48.3270","2018-12-03 15:08:26.3840",3202,"Newport PATH",40.7272235,-74.0337589,3203,"Hamilton Park",40.727595966,-74.044247311,28164,"Subscriber",1968,1
99,"2018-12-03 15:50:20.4020","2018-12-03 15:51:59.4890",3202,"Newport PATH",40.7272235,-74.0337589,3638,"Washington St",40.7242941,-74.0354826,33781,"Subscriber",1989,1
911,"2018-12-03 16:28:20.8730","2018-12-03 16:43:32.4110",3202,"Newport PATH",40.7272235,-74.0337589,3212,"Christ Hospital",40.734785818,-74.050443636,29207,"Subscriber",1988,1
426,"2018-12-03 17:15:31.8190","2018-12-03 17:22:37.9790",3202,"Newport PATH",40.7272235,-74.0337589,3183,"Exchange Place",40.7162469,-74.0334588,33781,"Subscriber",1966,1
480,"2018-12-03 17:18:29.5420","2018-12-03 17:26:29.7990",3202,"Newport PATH",40.7272235,-74.0337589,3183,"Exchange Place",40.7162469,-74.0334588,26291,"Subscriber",1986,1
310,"2018-12-03 17:23:34.9120","2018-12-03 17:28:45.3800",3202,"Newport PATH",40.7272235,-74.0337589,3270,"Jersey & 6th St",40.72528910781132,-74.04557168483734,29681,"Subscriber",1968,1
598,"2018-12-03 17:31:52.8740","2018-12-03 17:41:51.8460",3202,"Newport PATH",40.7272235,-74.0337589,3213,"Van Vorst Park",40.71848892,-74.047726625,29292,"Subscriber",1983,1
525,"2018-12-03 17:33:15.1720","2018-12-03 17:42:00.6930",3202,"Newport PATH",40.7272235,-74.0337589,3269,"Brunswick & 6th",40.72601172964625,-74.05038893222809,26255,"Subscriber",1985,2
387,"2018-12-03 17:34:25.3860","2018-12-03 17:40:52.5750",3202,"Newport PATH",40.7272235,-74.0337589,3275,"Columbus Drive",40.71835519823214,-74.03891444206238,29546,"Subscriber",1988,1
503,"2018-12-03 17:47:05.4740","2018-12-03 17:55:28.8880",3202,"Newport PATH",40.7272235,-74.0337589,3276,"Marin Light Rail",40.71458403535893,-74.04281705617905,29592,"Subscriber",1990,1
410,"2018-12-03 17:53:45.3010","2018-12-03 18:00:35.8430",3202,"Newport PATH",40.7272235,-74.0337589,3203,"Hamilton Park",40.727595966,-74.044247311,29658,"Subscriber",1976,1
965,"2018-12-03 17:55:02.4070","2018-12-03 18:11:07.5880",3202,"Newport PATH",40.7272235,-74.0337589,3483,"Montgomery St",40.71942,-74.05099,29252,"Subscriber",1988,1
572,"2018-12-03 17:55:34.3590","2018-12-03 18:05:07.0430",3202,"Newport PATH",40.7272235,-74.0337589,3639,"Harborside",40.7192517,-74.034234,15947,"Subscriber",1990,1
431,"2018-12-03 17:59:39.3360","2018-12-03 18:06:51.3260",3202,"Newport PATH",40.7272235,-74.0337589,3203,"Hamilton Park",40.727595966,-74.044247311,29237,"Subscriber",1971,1
414,"2018-12-03 18:05:30.0760","2018-12-03 18:12:24.8660",3202,"Newport PATH",40.7272235,-74.0337589,3278,"Monmouth and 6th",40.72568548362901,-74.04879033565521,29531,"Subscriber",1976,2
1638,"2018-12-03 18:05:36.9680","2018-12-03 18:32:54.9730",3202,"Newport PATH",40.7272235,-74.0337589,3281,"Leonard Gordon Park",40.74590996631558,-74.0572714805603,26262,"Subscriber",1980,1
300,"2018-12-03 18:06:51.8390","2018-12-03 18:11:52.0530",3202,"Newport PATH",40.7272235,-74.0337589,3639,"Harborside",40.7192517,-74.034234,29293,"Subscriber",1980,1
884,"2018-12-03 18:10:31.6900","2018-12-03 18:25:16.6840",3202,"Newport PATH",40.7272235,-74.0337589,3207,"Oakland Ave",40.7376037,-74.0524783,29257,"Subscriber",1993,1
410,"2018-12-03 18:10:29.3550","2018-12-03 18:17:19.4270",3202,"Newport PATH",40.7272235,-74.0337589,3203,"Hamilton Park",40.727595966,-74.044247311,29458,"Subscriber",1969,2
329,"2018-12-03 18:15:23.9100","2018-12-03 18:20:53.4240",3202,"Newport PATH",40.7272235,-74.0337589,3639,"Harborside",40.7192517,-74.034234,29278,"Subscriber",1984,2
336,"2018-12-03 18:20:36.8030","2018-12-03 18:26:13.4970",3202,"Newport PATH",40.7272235,-74.0337589,3639,"Harborside",40.7192517,-74.034234,29304,"Subscriber",1988,1
1089,"2018-12-03 18:49:52.5660","2018-12-03 19:08:02.4690",3202,"Newport PATH",40.7272235,-74.0337589,3639,"Harborside",40.7192517,-74.034234,29306,"Subscriber",1991,1
945,"2018-12-03 19:00:43.4480","2018-12-03 19:16:28.6450",3202,"Newport PATH",40.7272235,-74.0337589,3196,"Riverview Park",40.7443187,-74.0439909,29656,"Subscriber",1972,2
591,"2018-12-03 19:11:38.4440","2018-12-03 19:21:30.0290",3202,"Newport PATH",40.7272235,-74.0337589,3278,"Monmouth and 6th",40.72568548362901,-74.04879033565521,15947,"Subscriber",1980,1
352,"2018-12-03 21:09:03.6340","2018-12-03 21:14:56.4940",3202,"Newport PATH",40.7272235,-74.0337589,3187,"Warren St",40.7211236,-74.03805095,29509,"Subscriber",1992,1
250,"2018-12-03 21:23:41.4180","2018-12-03 21:27:51.8350",3202,"Newport PATH",40.7272235,-74.0337589,3187,"Warren St",40.7211236,-74.03805095,29540,"Subscriber",1973,1
769,"2018-12-03 22:35:11.0290","2018-12-03 22:48:00.9290",3202,"Newport PATH",40.7272235,-74.0337589,3198,"Heights Elevator",40.748715945380226,-74.04044330120087,29496,"Subscriber",1978,1
564,"2018-12-03 23:38:37.1430","2018-12-03 23:48:01.5290",3202,"Newport PATH",40.7272235,-74.0337589,3267,"Morris Canal",40.7124188237569,-74.03852552175522,29296,"Subscriber",1961,2
309,"2018-12-04 07:50:20.7620","2018-12-04 07:55:30.7280",3202,"Newport PATH",40.7272235,-74.0337589,3639,"Harborside",40.7192517,-74.034234,29304,"Subscriber",1989,1
546,"2018-12-04 08:51:07.5930","2018-12-04 09:00:14.3270",3202,"Newport PATH",40.7272235,-74.0337589,3183,"Exchange Place",40.7162469,-74.0334588,26236,"Subscriber",1996,2
257,"2018-12-04 09:12:10.0160","2018-12-04 09:16:28.0080",3202,"Newport PATH",40.7272235,-74.0337589,3639,"Harborside",40.7192517,-74.034234,29595,"Subscriber",1991,2
459,"2018-12-04 09:26:58.1920","2018-12-04 09:34:37.6500",3202,"Newport PATH",40.7272235,-74.0337589,3183,"Exchange Place",40.7162469,-74.0334588,29532,"Subscriber",1991,1
362,"2018-12-04 11:39:45.8470","2018-12-04 11:45:48.4400",3202,"Newport PATH",40.7272235,-74.0337589,3183,"Exchange Place",40.7162469,-74.0334588,29509,"Subscriber",1964,1
1612,"2018-12-04 11:44:10.0980","2018-12-04 12:11:02.2370",3202,"Newport PATH",40.7272235,-74.0337589,3640,"Journal Square",40.73367,-74.0625,29523,"Subscriber",1976,2
330,"2018-12-04 12:04:24.9000","2018-12-04 12:09:55.7690",3202,"Newport PATH",40.7272235,-74.0337589,3275,"Columbus Drive",40.71835519823214,-74.03891444206238,29513,"Customer",1986,1
324,"2018-12-04 12:21:45.3580","2018-12-04 12:27:09.6090",3202,"Newport PATH",40.7272235,-74.0337589,3275,"Columbus Drive",40.71835519823214,-74.03891444206238,29120,"Subscriber",1988,1
183,"2018-12-04 13:24:38.1940","2018-12-04 13:27:41.2130",3202,"Newport PATH",40.7272235,-74.0337589,3638,"Washington St",40.7242941,-74.0354826,26160,"Subscriber",1992,1
352,"2018-12-04 13:53:59.4000","2018-12-04 13:59:51.7180",3202,"Newport PATH",40.7272235,-74.0337589,3272,"Jersey & 3rd",40.72333158646436,-74.04595255851744,26245,"Subscriber",1981,1
138,"2018-12-04 16:33:07.3590","2018-12-04 16:35:25.8570",3202,"Newport PATH",40.7272235,-74.0337589,3638,"Washington St",40.7242941,-74.0354826,29273,"Subscriber",1984,2
348,"2018-12-04 16:58:32.2370","2018-12-04 17:04:21.1770",3202,"Newport PATH",40.7272235,-74.0337589,3184,"Paulus Hook",40.7141454,-74.0335519,29224,"Subscriber",1981,1
624,"2018-12-04 17:02:03.3090","2018-12-04 17:12:27.8700",3202,"Newport PATH",40.7272235,-74.0337589,3213,"Van Vorst Park",40.71848892,-74.047726625,26255,"Subscriber",1983,1
335,"2018-12-04 17:02:16.3270","2018-12-04 17:07:52.0840",3202,"Newport PATH",40.7272235,-74.0337589,3639,"Harborside",40.7192517,-74.034234,26167,"Subscriber",1988,1
288,"2018-12-04 17:05:08.1820","2018-12-04 17:09:57.1540",3202,"Newport PATH",40.7272235,-74.0337589,3639,"Harborside",40.7192517,-74.034234,29475,"Subscriber",1984,2
527,"2018-12-04 17:15:34.2620","2018-12-04 17:24:21.2700",3202,"Newport PATH",40.7272235,-74.0337589,3183,"Exchange Place",40.7162469,-74.0334588,26291,"Subscriber",1966,1
161,"2018-12-04 17:32:12.1860","2018-12-04 17:34:53.7190",3202,"Newport PATH",40.7272235,-74.0337589,3638,"Washington St",40.7242941,-74.0354826,26264,"Subscriber",1973,1
321,"2018-12-04 17:32:36.8040","2018-12-04 17:37:58.5380",3202,"Newport PATH",40.7272235,-74.0337589,3203,"Hamilton Park",40.727595966,-74.044247311,26160,"Subscriber",1990,1
532,"2018-12-04 17:33:29.4970","2018-12-04 17:42:22.2400",3202,"Newport PATH",40.7272235,-74.0337589,3269,"Brunswick & 6th",40.72601172964625,-74.05038893222809,26294,"Subscriber",1985,2
502,"2018-12-04 17:47:31.9410","2018-12-04 17:55:54.4530",3202,"Newport PATH",40.7272235,-74.0337589,3203,"Hamilton Park",40.727595966,-74.044247311,26203,"Subscriber",1974,1
336,"2018-12-04 18:01:58.8900","2018-12-04 18:07:35.1290",3202,"Newport PATH",40.7272235,-74.0337589,3203,"Hamilton Park",40.727595966,-74.044247311,29260,"Subscriber",1976,1
386,"2018-12-04 18:02:19.2090","2018-12-04 18:08:45.2170",3202,"Newport PATH",40.7272235,-74.0337589,3203,"Hamilton Park",40.727595966,-74.044247311,29470,"Subscriber",1973,1
169,"2018-12-04 18:02:43.1600","2018-12-04 18:05:32.2820",3202,"Newport PATH",40.7272235,-74.0337589,3638,"Washington St",40.7242941,-74.0354826,29443,"Subscriber",1992,1
277,"2018-12-04 18:13:01.7200","2018-12-04 18:17:39.0490",3202,"Newport PATH",40.7272235,-74.0337589,3639,"Harborside",40.7192517,-74.034234,29439,"Subscriber",1989,1
348,"2018-12-04 18:20:20.9110","2018-12-04 18:26:09.5060",3202,"Newport PATH",40.7272235,-74.0337589,3187,"Warren St",40.7211236,-74.03805095,29498,"Subscriber",1991,1
662,"2018-12-04 18:22:40.5350","2018-12-04 18:33:43.4580",3202,"Newport PATH",40.7272235,-74.0337589,3639,"Harborside",40.7192517,-74.034234,26192,"Subscriber",1990,1
1337,"2018-12-04 18:29:31.4580","2018-12-04 18:51:49.1790",3202,"Newport PATH",40.7272235,-74.0337589,3269,"Brunswick & 6th",40.72601172964625,-74.05038893222809,29252,"Subscriber",1986,1
379,"2018-12-04 18:42:14.0330","2018-12-04 18:48:33.4510",3202,"Newport PATH",40.7272235,-74.0337589,3275,"Columbus Drive",40.71835519823214,-74.03891444206238,26242,"Subscriber",1988,1
409,"2018-12-04 18:50:56.7640","2018-12-04 18:57:45.8620",3202,"Newport PATH",40.7272235,-74.0337589,3639,"Harborside",40.7192517,-74.034234,29273,"Subscriber",1991,1
337,"2018-12-04 19:00:53.2190","2018-12-04 19:06:30.2580",3202,"Newport PATH",40.7272235,-74.0337589,3199,"Newport Pkwy",40.7287448,-74.0321082,29221,"Subscriber",1963,1
396,"2018-12-04 19:44:35.1090","2018-12-04 19:51:11.2380",3202,"Newport PATH",40.7272235,-74.0337589,3275,"Columbus Drive",40.71835519823214,-74.03891444206238,29536,"Subscriber",1987,1
288,"2018-12-04 20:04:01.1620","2018-12-04 20:08:49.4280",3202,"Newport PATH",40.7272235,-74.0337589,3639,"Harborside",40.7192517,-74.034234,26269,"Subscriber",1990,1
343,"2018-12-04 20:49:59.4140","2018-12-04 20:55:42.7280",3202,"Newport PATH",40.7272235,-74.0337589,3203,"Hamilton Park",40.727595966,-74.044247311,29584,"Subscriber",1985,1
347,"2018-12-04 21:36:23.2980","2018-12-04 21:42:10.3270",3202,"Newport PATH",40.7272235,-74.0337589,3275,"Columbus Drive",40.71835519823214,-74.03891444206238,26191,"Subscriber",1992,2
327,"2018-12-05 07:28:21.1940","2018-12-05 07:33:48.8350",3202,"Newport PATH",40.7272235,-74.0337589,3270,"Jersey & 6th St",40.72528910781132,-74.04557168483734,26158,"Subscriber",1989,2
307,"2018-12-05 08:02:16.8970","2018-12-05 08:07:24.0790",3202,"Newport PATH",40.7272235,-74.0337589,3639,"Harborside",40.7192517,-74.034234,29614,"Subscriber",1989,1
141,"2018-12-05 08:06:47.0400","2018-12-05 08:09:08.1340",3202,"Newport PATH",40.7272235,-74.0337589,3199,"Newport Pkwy",40.7287448,-74.0321082,29273,"Subscriber",1995,2
286,"2018-12-05 08:46:07.4490","2018-12-05 08:50:54.2990",3202,"Newport PATH",40.7272235,-74.0337589,3639,"Harborside",40.7192517,-74.034234,29281,"Subscriber",1970,1
287,"2018-12-05 09:23:08.4320","2018-12-05 09:27:56.1970",3202,"Newport PATH",40.7272235,-74.0337589,3639,"Harborside",40.7192517,-74.034234,29269,"Subscriber",1991,2
280,"2018-12-05 10:57:02.7040","2018-12-05 11:01:43.0610",3202,"Newport PATH",40.7272235,-74.0337589,3639,"Harborside",40.7192517,-74.034234,29658,"Subscriber",1963,1
349,"2018-12-05 11:42:50.6490","2018-12-05 11:48:40.1440",3202,"Newport PATH",40.7272235,-74.0337589,3639,"Harborside",40.7192517,-74.034234,26174,"Subscriber",1964,1
277,"2018-12-05 12:52:10.4260","2018-12-05 12:56:47.4260",3202,"Newport PATH",40.7272235,-74.0337589,3275,"Columbus Drive",40.71835519823214,-74.03891444206238,29306,"Subscriber",1988,1
399,"2018-12-05 12:52:31.5900","2018-12-05 12:59:10.8160",3202,"Newport PATH",40.7272235,-74.0337589,3187,"Warren St",40.7211236,-74.03805095,29444,"Subscriber",1959,2
450,"2018-12-05 13:46:29.5670","2018-12-05 13:54:00.2620",3202,"Newport PATH",40.7272235,-74.0337589,3184,"Paulus Hook",40.7141454,-74.0335519,29489,"Subscriber",1971,1
474,"2018-12-05 15:55:27.7350","2018-12-05 16:03:22.2880",3202,"Newport PATH",40.7272235,-74.0337589,3272,"Jersey & 3rd",40.72333158646436,-74.04595255851744,29272,"Subscriber",1981,1
165,"2018-12-05 16:11:46.2460","2018-12-05 16:14:31.5230",3202,"Newport PATH",40.7272235,-74.0337589,3199,"Newport Pkwy",40.7287448,-74.0321082,29613,"Subscriber",1965,1
364,"2018-12-05 16:15:25.4650","2018-12-05 16:21:30.2470",3202,"Newport PATH",40.7272235,-74.0337589,3481,"York St",40.71649,-74.04105,29516,"Subscriber",1982,1
850,"2018-12-05 17:06:25.7360","2018-12-05 17:20:36.3710",3202,"Newport PATH",40.7272235,-74.0337589,3207,"Oakland Ave",40.7376037,-74.0524783,29643,"Subscriber",1993,1
626,"2018-12-05 17:25:59.3380","2018-12-05 17:36:25.8990",3202,"Newport PATH",40.7272235,-74.0337589,3213,"Van Vorst Park",40.71848892,-74.047726625,29608,"Subscriber",1983,1
523,"2018-12-05 17:26:01.1750","2018-12-05 17:34:45.1510",3202,"Newport PATH",40.7272235,-74.0337589,3276,"Marin Light Rail",40.71458403535893,-74.04281705617905,26248,"Subscriber",1990,1
324,"2018-12-05 17:30:39.0730","2018-12-05 17:36:03.0880",3202,"Newport PATH",40.7272235,-74.0337589,3639,"Harborside",40.7192517,-74.034234,29673,"Subscriber",1990,1
439,"2018-12-05 17:33:27.0250","2018-12-05 17:40:46.6430",3202,"Newport PATH",40.7272235,-74.0337589,3203,"Hamilton Park",40.727595966,-74.044247311,26182,"Subscriber",1974,1
274,"2018-12-05 17:36:45.2640","2018-12-05 17:41:20.2510",3202,"Newport PATH",40.7272235,-74.0337589,3639,"Harborside",40.7192517,-74.034234,29221,"Subscriber",1990,1
475,"2018-12-05 17:45:45.8790","2018-12-05 17:53:41.4990",3202,"Newport PATH",40.7272235,-74.0337589,3269,"Brunswick & 6th",40.72601172964625,-74.05038893222809,29614,"Subscriber",1977,1
481,"2018-12-05 17:47:04.9950","2018-12-05 17:55:06.1990",3202,"Newport PATH",40.7272235,-74.0337589,3267,"Morris Canal",40.7124188237569,-74.03852552175522,26287,"Subscriber",1970,1
471,"2018-12-05 17:52:23.3060","2018-12-05 18:00:14.8730",3202,"Newport PATH",40.7272235,-74.0337589,3203,"Hamilton Park",40.727595966,-74.044247311,29505,"Subscriber",1966,1
1658,"2018-12-05 17:53:49.6290","2018-12-05 18:21:28.1510",3202,"Newport PATH",40.7272235,-74.0337589,3281,"Leonard Gordon Park",40.74590996631558,-74.0572714805603,26208,"Subscriber",1980,1
476,"2018-12-05 18:10:46.7180","2018-12-05 18:18:43.3110",3202,"Newport PATH",40.7272235,-74.0337589,3203,"Hamilton Park",40.727595966,-74.044247311,29494,"Subscriber",1990,1
146,"2018-12-05 18:11:03.4870","2018-12-05 18:13:30.4200",3202,"Newport PATH",40.7272235,-74.0337589,3199,"Newport Pkwy",40.7287448,-74.0321082,26242,"Subscriber",1989,2
1057,"2018-12-05 18:12:08.0250","2018-12-05 18:29:45.8890",3202,"Newport PATH",40.7272235,-74.0337589,3214,"Essex Light Rail",40.7127742,-74.0364857,29120,"Subscriber",1970,1
318,"2018-12-05 18:43:57.6730","2018-12-05 18:49:16.4930",3202,"Newport PATH",40.7272235,-74.0337589,3275,"Columbus Drive",40.71835519823214,-74.03891444206238,29482,"Subscriber",1988,1
341,"2018-12-05 19:01:27.9360","2018-12-05 19:07:09.8690",3202,"Newport PATH",40.7272235,-74.0337589,3203,"Hamilton Park",40.727595966,-74.044247311,29210,"Subscriber",1971,1
181,"2018-12-05 19:03:28.1740","2018-12-05 19:06:29.5200",3202,"Newport PATH",40.7272235,-74.0337589,3638,"Washington St",40.7242941,-74.0354826,29589,"Subscriber",1989,2
449,"2018-12-05 19:32:37.6500","2018-12-05 19:40:07.4590",3202,"Newport PATH",40.7272235,-74.0337589,3639,"Harborside",40.7192517,-74.034234,29640,"Subscriber",1991,1
482,"2018-12-05 20:04:07.3380","2018-12-05 20:12:09.5260",3202,"Newport PATH",40.7272235,-74.0337589,3278,"Monmouth and 6th",40.72568548362901,-74.04879033565521,26159,"Subscriber",1976,2
116,"2018-12-05 20:14:25.4850","2018-12-05 20:16:22.0210",3202,"Newport PATH",40.7272235,-74.0337589,3199,"Newport Pkwy",40.7287448,-74.0321082,26301,"Subscriber",1972,2
143,"2018-12-05 21:18:55.7320","2018-12-05 21:21:19.4510",3202,"Newport PATH",40.7272235,-74.0337589,3202,"Newport PATH",40.7272235,-74.0337589,26280,"Subscriber",1987,1
305,"2018-12-05 21:21:56.5200","2018-12-05 21:27:01.9920",3202,"Newport PATH",40.7272235,-74.0337589,3275,"Columbus Drive",40.71835519823214,-74.03891444206238,26280,"Subscriber",1987,1
550,"2018-12-05 21:38:13.5930","2018-12-05 21:47:23.6130",3202,"Newport PATH",40.7272235,-74.0337589,3269,"Brunswick & 6th",40.72601172964625,-74.05038893222809,29197,"Subscriber",1983,2
278,"2018-12-06 07:50:20.5770","2018-12-06 07:54:58.7870",3202,"Newport PATH",40.7272235,-74.0337589,3639,"Harborside",40.7192517,-74.034234,29236,"Subscriber",1989,1
354,"2018-12-06 08:48:01.9950","2018-12-06 08:53:56.5100",3202,"Newport PATH",40.7272235,-74.0337589,3639,"Harborside",40.7192517,-74.034234,29127,"Subscriber",1964,1
346,"2018-12-06 08:48:52.6440","2018-12-06 08:54:39.5230",3202,"Newport PATH",40.7272235,-74.0337589,3639,"Harborside",40.7192517,-74.034234,29550,"Subscriber",1963,1
492,"2018-12-06 09:02:32.1480","2018-12-06 09:10:45.0740",3202,"Newport PATH",40.7272235,-74.0337589,3183,"Exchange Place",40.7162469,-74.0334588,29472,"Subscriber",1996,2
249,"2018-12-06 09:03:08.7940","2018-12-06 09:07:18.5140",3202,"Newport PATH",40.7272235,-74.0337589,3639,"Harborside",40.7192517,-74.034234,29468,"Subscriber",1994,1
315,"2018-12-06 09:08:35.1810","2018-12-06 09:13:50.3230",3202,"Newport PATH",40.7272235,-74.0337589,3639,"Harborside",40.7192517,-74.034234,26164,"Subscriber",1991,2
492,"2018-12-06 09:19:08.6970","2018-12-06 09:27:21.3330",3202,"Newport PATH",40.7272235,-74.0337589,3183,"Exchange Place",40.7162469,-74.0334588,26257,"Subscriber",1991,1
945,"2018-12-06 09:50:33.3290","2018-12-06 10:06:19.3240",3202,"Newport PATH",40.7272235,-74.0337589,3202,"Newport PATH",40.7272235,-74.0337589,26302,"Subscriber",1990,1
628,"2018-12-06 10:15:15.8700","2018-12-06 10:25:44.7930",3202,"Newport PATH",40.7272235,-74.0337589,3276,"Marin Light Rail",40.71458403535893,-74.04281705617905,26224,"Subscriber",1988,1
445,"2018-12-06 10:45:15.7350","2018-12-06 10:52:41.1720",3202,"Newport PATH",40.7272235,-74.0337589,3185,"City Hall",40.7177325,-74.043845,29126,"Subscriber",1981,1
331,"2018-12-06 10:48:50.4480","2018-12-06 10:54:21.9430",3202,"Newport PATH",40.7272235,-74.0337589,3203,"Hamilton Park",40.727595966,-74.044247311,29549,"Subscriber",1973,2
370,"2018-12-06 11:29:50.6200","2018-12-06 11:36:01.4840",3202,"Newport PATH",40.7272235,-74.0337589,3184,"Paulus Hook",40.7141454,-74.0335519,26155,"Subscriber",1963,1
143,"2018-12-06 11:44:15.8980","2018-12-06 11:46:39.7360",3202,"Newport PATH",40.7272235,-74.0337589,3202,"Newport PATH",40.7272235,-74.0337589,26196,"Subscriber",1986,1
119,"2018-12-06 12:49:26.3550","2018-12-06 12:51:26.2250",3202,"Newport PATH",40.7272235,-74.0337589,3199,"Newport Pkwy",40.7287448,-74.0321082,26286,"Subscriber",1989,2
520,"2018-12-06 12:59:19.4890","2018-12-06 13:07:59.9410",3202,"Newport PATH",40.7272235,-74.0337589,3184,"Paulus Hook",40.7141454,-74.0335519,29619,"Subscriber",1971,1
523,"2018-12-06 12:59:19.6330","2018-12-06 13:08:02.6790",3202,"Newport PATH",40.7272235,-74.0337589,3184,"Paulus Hook",40.7141454,-74.0335519,29482,"Subscriber",1981,1
255,"2018-12-06 13:12:53.9930","2018-12-06 13:17:09.0250",3202,"Newport PATH",40.7272235,-74.0337589,3199,"Newport Pkwy",40.7287448,-74.0321082,29670,"Subscriber",1970,1
292,"2018-12-06 13:20:58.8900","2018-12-06 13:25:51.2210",3202,"Newport PATH",40.7272235,-74.0337589,3639,"Harborside",40.7192517,-74.034234,29457,"Subscriber",1952,2
101,"2018-12-06 14:32:22.9050","2018-12-06 14:34:04.3290",3202,"Newport PATH",40.7272235,-74.0337589,3638,"Washington St",40.7242941,-74.0354826,29681,"Subscriber",1972,1
491,"2018-12-06 15:06:57.6610","2018-12-06 15:15:09.5940",3202,"Newport PATH",40.7272235,-74.0337589,3203,"Hamilton Park",40.727595966,-74.044247311,26260,"Subscriber",1987,1
3210,"2018-12-06 15:22:04.3770","2018-12-06 16:15:34.9040",3202,"Newport PATH",40.7272235,-74.0337589,3209,"Brunswick St",40.7241765,-74.0506564,26275,"Subscriber",1986,1
459,"2018-12-06 15:37:33.9880","2018-12-06 15:45:13.7180",3202,"Newport PATH",40.7272235,-74.0337589,3272,"Jersey & 3rd",40.72333158646436,-74.04595255851744,29486,"Subscriber",1981,1
327,"2018-12-06 15:40:57.3040","2018-12-06 15:46:25.2320",3202,"Newport PATH",40.7272235,-74.0337589,3278,"Monmouth and 6th",40.72568548362901,-74.04879033565521,29306,"Subscriber",1988,1
168,"2018-12-06 16:34:18.9200","2018-12-06 16:37:07.6460",3202,"Newport PATH",40.7272235,-74.0337589,3199,"Newport Pkwy",40.7287448,-74.0321082,29612,"Subscriber",1980,1
418,"2018-12-06 16:54:47.7400","2018-12-06 17:01:46.0360",3202,"Newport PATH",40.7272235,-74.0337589,3203,"Hamilton Park",40.727595966,-74.044247311,29198,"Subscriber",1985,2
918,"2018-12-06 17:04:27.7710","2018-12-06 17:19:46.7180",3202,"Newport PATH",40.7272235,-74.0337589,3640,"Journal Square",40.73367,-74.0625,29489,"Subscriber",1980,1
464,"2018-12-06 17:06:11.0520","2018-12-06 17:13:55.8260",3202,"Newport PATH",40.7272235,-74.0337589,3203,"Hamilton Park",40.727595966,-74.044247311,29120,"Subscriber",1989,1
505,"2018-12-06 17:06:11.2520","2018-12-06 17:14:36.6770",3202,"Newport PATH",40.7272235,-74.0337589,3269,"Brunswick & 6th",40.72601172964625,-74.05038893222809,29670,"Subscriber",1972,2
430,"2018-12-06 17:09:20.2240","2018-12-06 17:16:31.1330",3202,"Newport PATH",40.7272235,-74.0337589,3681,"Grand St",40.71517767732029,-74.03768330812454,29127,"Subscriber",1970,1
499,"2018-12-06 17:18:20.5650","2018-12-06 17:26:40.3560",3202,"Newport PATH",40.7272235,-74.0337589,3276,"Marin Light Rail",40.71458403535893,-74.04281705617905,26196,"Subscriber",1990,1
119,"2018-12-06 17:40:39.7100","2018-12-06 17:42:39.2170",3202,"Newport PATH",40.7272235,-74.0337589,3199,"Newport Pkwy",40.7287448,-74.0321082,26296,"Subscriber",1975,1
140,"2018-12-06 17:41:28.6700","2018-12-06 17:43:49.0300",3202,"Newport PATH",40.7272235,-74.0337589,3199,"Newport Pkwy",40.7287448,-74.0321082,29530,"Subscriber",1963,1
304,"2018-12-06 17:49:52.1810","2018-12-06 17:54:57.0880",3202,"Newport PATH",40.7272235,-74.0337589,3203,"Hamilton Park",40.727595966,-74.044247311,26203,"Subscriber",1977,1
589,"2018-12-06 18:07:27.9900","2018-12-06 18:17:17.2260",3202,"Newport PATH",40.7272235,-74.0337589,3185,"City Hall",40.7177325,-74.043845,29262,"Subscriber",1986,1
361,"2018-12-06 18:08:56.2020","2018-12-06 18:14:57.4070",3202,"Newport PATH",40.7272235,-74.0337589,3639,"Harborside",40.7192517,-74.034234,29509,"Subscriber",1990,1
1231,"2018-12-06 18:22:15.9990","2018-12-06 18:42:47.8080",3202,"Newport PATH",40.7272235,-74.0337589,3269,"Brunswick & 6th",40.72601172964625,-74.05038893222809,26295,"Subscriber",1986,1
1964,"2018-12-06 18:23:26.5610","2018-12-06 18:56:11.1050",3202,"Newport PATH",40.7272235,-74.0337589,3281,"Leonard Gordon Park",40.74590996631558,-74.0572714805603,26302,"Subscriber",1980,1
169,"2018-12-06 18:33:52.3890","2018-12-06 18:36:41.8550",3202,"Newport PATH",40.7272235,-74.0337589,3199,"Newport Pkwy",40.7287448,-74.0321082,29269,"Subscriber",1965,1
394,"2018-12-06 18:37:24.9030","2018-12-06 18:43:59.5710",3202,"Newport PATH",40.7272235,-74.0337589,3639,"Harborside",40.7192517,-74.034234,29244,"Subscriber",1992,1
127,"2018-12-06 18:43:07.3790","2018-12-06 18:45:15.1400",3202,"Newport PATH",40.7272235,-74.0337589,3199,"Newport Pkwy",40.7287448,-74.0321082,29443,"Subscriber",1970,1
455,"2018-12-06 19:02:12.0090","2018-12-06 19:09:47.8950",3202,"Newport PATH",40.7272235,-74.0337589,3214,"Essex Light Rail",40.7127742,-74.0364857,29247,"Subscriber",1970,1
396,"2018-12-06 19:13:34.8090","2018-12-06 19:20:11.1760",3202,"Newport PATH",40.7272235,-74.0337589,3203,"Hamilton Park",40.727595966,-74.044247311,30843,"Subscriber",1978,1
990,"2018-12-06 19:27:28.4650","2018-12-06 19:43:59.2480",3202,"Newport PATH",40.7272235,-74.0337589,3196,"Riverview Park",40.7443187,-74.0439909,29127,"Subscriber",1972,2
553,"2018-12-06 19:39:37.3720","2018-12-06 19:48:50.6890",3202,"Newport PATH",40.7272235,-74.0337589,3275,"Columbus Drive",40.71835519823214,-74.03891444206238,26187,"Subscriber",1979,1
791,"2018-12-06 19:46:16.9570","2018-12-06 19:59:27.9700",3202,"Newport PATH",40.7272235,-74.0337589,3198,"Heights Elevator",40.748715945380226,-74.04044330120087,29669,"Subscriber",1988,1
536,"2018-12-06 19:49:34.6050","2018-12-06 19:58:31.5970",3202,"Newport PATH",40.7272235,-74.0337589,3203,"Hamilton Park",40.727595966,-74.044247311,26292,"Subscriber",1983,1
217,"2018-12-06 20:26:41.1300","2018-12-06 20:30:18.9200",3202,"Newport PATH",40.7272235,-74.0337589,3199,"Newport Pkwy",40.7287448,-74.0321082,29629,"Subscriber",1989,2
183,"2018-12-06 20:27:02.5960","2018-12-06 20:30:06.3290",3202,"Newport PATH",40.7272235,-74.0337589,3199,"Newport Pkwy",40.7287448,-74.0321082,29482,"Subscriber",1993,1
761,"2018-12-06 20:34:00.8670","2018-12-06 20:46:42.4380",3202,"Newport PATH",40.7272235,-74.0337589,3196,"Riverview Park",40.7443187,-74.0439909,29666,"Subscriber",1985,1
298,"2018-12-06 20:56:08.3480","2018-12-06 21:01:06.6610",3202,"Newport PATH",40.7272235,-74.0337589,3187,"Warren St",40.7211236,-74.03805095,26269,"Subscriber",1983,1
409,"2018-12-06 20:56:30.5640","2018-12-06 21:03:19.8000",3202,"Newport PATH",40.7272235,-74.0337589,3639,"Harborside",40.7192517,-74.034234,29599,"Subscriber",1988,1
229,"2018-12-06 20:58:32.4500","2018-12-06 21:02:22.1040",3202,"Newport PATH",40.7272235,-74.0337589,3187,"Warren St",40.7211236,-74.03805095,29257,"Subscriber",1987,1
118,"2018-12-06 21:01:02.5950","2018-12-06 21:03:01.1960",3202,"Newport PATH",40.7272235,-74.0337589,3638,"Washington St",40.7242941,-74.0354826,29506,"Subscriber",1996,1
366,"2018-12-06 21:18:54.5600","2018-12-06 21:25:01.5300",3202,"Newport PATH",40.7272235,-74.0337589,3275,"Columbus Drive",40.71835519823214,-74.03891444206238,26260,"Subscriber",1987,1
289,"2018-12-07 07:53:42.9830","2018-12-07 07:58:32.2230",3202,"Newport PATH",40.7272235,-74.0337589,3639,"Harborside",40.7192517,-74.034234,29654,"Subscriber",1989,1
339,"2018-12-07 07:58:44.1050","2018-12-07 08:04:23.8430",3202,"Newport PATH",40.7272235,-74.0337589,3202,"Newport PATH",40.7272235,-74.0337589,26220,"Subscriber",1993,1
411,"2018-12-07 08:12:51.3520","2018-12-07 08:19:42.6920",3202,"Newport PATH",40.7272235,-74.0337589,3639,"Harborside",40.7192517,-74.034234,29244,"Subscriber",1990,2
346,"2018-12-07 08:28:51.5400","2018-12-07 08:34:37.8870",3202,"Newport PATH",40.7272235,-74.0337589,3639,"Harborside",40.7192517,-74.034234,29593,"Subscriber",1989,1
435,"2018-12-07 08:37:59.6600","2018-12-07 08:45:15.2720",3202,"Newport PATH",40.7272235,-74.0337589,3184,"Paulus Hook",40.7141454,-74.0335519,29215,"Subscriber",1989,1
403,"2018-12-07 08:38:38.3340","2018-12-07 08:45:22.1340",3202,"Newport PATH",40.7272235,-74.0337589,3183,"Exchange Place",40.7162469,-74.0334588,26220,"Subscriber",1991,1
452,"2018-12-07 08:50:15.6700","2018-12-07 08:57:48.1900",3202,"Newport PATH",40.7272235,-74.0337589,3185,"City Hall",40.7177325,-74.043845,29596,"Subscriber",1981,1
301,"2018-12-07 08:51:22.5540","2018-12-07 08:56:24.3110",3202,"Newport PATH",40.7272235,-74.0337589,3639,"Harborside",40.7192517,-74.034234,26267,"Subscriber",1964,1
277,"2018-12-07 09:03:59.5330","2018-12-07 09:08:36.7400",3202,"Newport PATH",40.7272235,-74.0337589,3639,"Harborside",40.7192517,-74.034234,26278,"Subscriber",1992,1
292,"2018-12-07 09:15:16.0730","2018-12-07 09:20:08.3040",3202,"Newport PATH",40.7272235,-74.0337589,3639,"Harborside",40.7192517,-74.034234,26152,"Subscriber",1991,2
3394,"2018-12-07 09:29:07.1710","2018-12-07 10:25:41.1860",3202,"Newport PATH",40.7272235,-74.0337589,3202,"Newport PATH",40.7272235,-74.0337589,29457,"Subscriber",1990,1
363,"2018-12-07 10:41:54.1670","2018-12-07 10:47:57.6130",3202,"Newport PATH",40.7272235,-74.0337589,3639,"Harborside",40.7192517,-74.034234,29272,"Subscriber",1989,1
333,"2018-12-07 12:13:22.1670","2018-12-07 12:18:55.7940",3202,"Newport PATH",40.7272235,-74.0337589,3275,"Columbus Drive",40.71835519823214,-74.03891444206238,29658,"Subscriber",1988,1
376,"2018-12-07 13:10:33.8010","2018-12-07 13:16:50.1890",3202,"Newport PATH",40.7272235,-74.0337589,3267,"Morris Canal",40.7124188237569,-74.03852552175522,29606,"Subscriber",1970,1
607,"2018-12-07 13:27:39.8320","2018-12-07 13:37:46.9860",3202,"Newport PATH",40.7272235,-74.0337589,3202,"Newport PATH",40.7272235,-74.0337589,29641,"Subscriber",1991,1
387,"2018-12-07 13:33:20.6690","2018-12-07 13:39:48.1830",3202,"Newport PATH",40.7272235,-74.0337589,3275,"Columbus Drive",40.71835519823214,-74.03891444206238,29614,"Subscriber",1986,1
440,"2018-12-07 13:37:31.0060","2018-12-07 13:44:51.2060",3202,"Newport PATH",40.7272235,-74.0337589,3184,"Paulus Hook",40.7141454,-74.0335519,29523,"Subscriber",1981,1
500,"2018-12-07 13:47:52.7680","2018-12-07 13:56:13.1310",3202,"Newport PATH",40.7272235,-74.0337589,3203,"Hamilton Park",40.727595966,-74.044247311,29656,"Subscriber",1970,2
98,"2018-12-07 13:49:18.8370","2018-12-07 13:50:57.3210",3202,"Newport PATH",40.7272235,-74.0337589,3199,"Newport Pkwy",40.7287448,-74.0321082,26153,"Subscriber",1995,2
427,"2018-12-07 13:57:04.9000","2018-12-07 14:04:12.6050",3202,"Newport PATH",40.7272235,-74.0337589,3214,"Essex Light Rail",40.7127742,-74.0364857,29641,"Subscriber",1991,1
433,"2018-12-07 14:03:29.5130","2018-12-07 14:10:43.2770",3202,"Newport PATH",40.7272235,-74.0337589,3272,"Jersey & 3rd",40.72333158646436,-74.04595255851744,29578,"Subscriber",1981,1
367,"2018-12-07 15:15:05.8590","2018-12-07 15:21:13.6010",3202,"Newport PATH",40.7272235,-74.0337589,3639,"Harborside",40.7192517,-74.034234,29670,"Subscriber",1987,1
430,"2018-12-07 15:44:01.8860","2018-12-07 15:51:12.1110",3202,"Newport PATH",40.7272235,-74.0337589,3203,"Hamilton Park",40.727595966,-74.044247311,26254,"Subscriber",1975,2
316,"2018-12-07 15:59:57.7810","2018-12-07 16:05:13.9570",3202,"Newport PATH",40.7272235,-74.0337589,3203,"Hamilton Park",40.727595966,-74.044247311,29443,"Subscriber",1986,1
440,"2018-12-07 16:03:44.6040","2018-12-07 16:11:05.0460",3202,"Newport PATH",40.7272235,-74.0337589,3278,"Monmouth and 6th",40.72568548362901,-74.04879033565521,29278,"Subscriber",1973,1
935,"2018-12-07 16:33:20.6090","2018-12-07 16:48:55.7430",3202,"Newport PATH",40.7272235,-74.0337589,3207,"Oakland Ave",40.7376037,-74.0524783,29269,"Subscriber",1993,1
366,"2018-12-07 16:43:55.2960","2018-12-07 16:50:01.4890",3202,"Newport PATH",40.7272235,-74.0337589,3203,"Hamilton Park",40.727595966,-74.044247311,29544,"Subscriber",1968,1
506,"2018-12-07 16:55:45.2240","2018-12-07 17:04:11.4740",3202,"Newport PATH",40.7272235,-74.0337589,3184,"Paulus Hook",40.7141454,-74.0335519,26216,"Subscriber",1964,1
563,"2018-12-07 17:12:35.7750","2018-12-07 17:21:58.9500",3202,"Newport PATH",40.7272235,-74.0337589,3279,"Dixon Mills",40.721630142638354,-74.04996782541275,29440,"Subscriber",1986,1
545,"2018-12-07 17:28:04.8910","2018-12-07 17:37:10.7660",3202,"Newport PATH",40.7272235,-74.0337589,3269,"Brunswick & 6th",40.72601172964625,-74.05038893222809,26157,"Subscriber",1985,2
303,"2018-12-07 17:29:15.8190","2018-12-07 17:34:19.4010",3202,"Newport PATH",40.7272235,-74.0337589,3199,"Newport Pkwy",40.7287448,-74.0321082,29503,"Subscriber",1963,1
1835,"2018-12-07 17:35:42.2140","2018-12-07 18:06:18.2100",3202,"Newport PATH",40.7272235,-74.0337589,3281,"Leonard Gordon Park",40.74590996631558,-74.0572714805603,29570,"Subscriber",1980,1
275,"2018-12-07 17:36:22.1560","2018-12-07 17:40:57.7070",3202,"Newport PATH",40.7272235,-74.0337589,3187,"Warren St",40.7211236,-74.03805095,29457,"Subscriber",1983,1
327,"2018-12-07 17:59:50.1950","2018-12-07 18:05:17.4430",3202,"Newport PATH",40.7272235,-74.0337589,3203,"Hamilton Park",40.727595966,-74.044247311,29608,"Subscriber",1976,1
2169,"2018-12-07 18:16:59.6560","2018-12-07 18:53:08.7300",3202,"Newport PATH",40.7272235,-74.0337589,3187,"Warren St",40.7211236,-74.03805095,26208,"Subscriber",1991,1
892,"2018-12-07 18:23:10.9740","2018-12-07 18:38:03.0520",3202,"Newport PATH",40.7272235,-74.0337589,3196,"Riverview Park",40.7443187,-74.0439909,29257,"Subscriber",1972,2
550,"2018-12-07 18:26:41.8360","2018-12-07 18:35:51.9800",3202,"Newport PATH",40.7272235,-74.0337589,3269,"Brunswick & 6th",40.72601172964625,-74.05038893222809,26186,"Subscriber",1990,1
177,"2018-12-07 18:30:10.6370","2018-12-07 18:33:07.7920",3202,"Newport PATH",40.7272235,-74.0337589,3199,"Newport Pkwy",40.7287448,-74.0321082,26202,"Subscriber",1965,1
461,"2018-12-07 18:34:19.2790","2018-12-07 18:42:00.4460",3202,"Newport PATH",40.7272235,-74.0337589,3203,"Hamilton Park",40.727595966,-74.044247311,29670,"Subscriber",1989,1
269,"2018-12-07 18:59:17.0700","2018-12-07 19:03:46.5890",3202,"Newport PATH",40.7272235,-74.0337589,3639,"Harborside",40.7192517,-74.034234,26227,"Subscriber",1989,1
175,"2018-12-07 19:19:09.3250","2018-12-07 19:22:04.3780",3202,"Newport PATH",40.7272235,-74.0337589,3638,"Washington St",40.7242941,-74.0354826,29283,"Subscriber",1989,2
118,"2018-12-07 19:38:26.4430","2018-12-07 19:40:24.6270",3202,"Newport PATH",40.7272235,-74.0337589,3638,"Washington St",40.7242941,-74.0354826,29225,"Subscriber",1973,1
355,"2018-12-07 19:47:58.6770","2018-12-07 19:53:53.7380",3202,"Newport PATH",40.7272235,-74.0337589,3270,"Jersey & 6th St",40.72528910781132,-74.04557168483734,26171,"Subscriber",1984,1
570,"2018-12-07 20:04:42.2650","2018-12-07 20:14:12.3030",3202,"Newport PATH",40.7272235,-74.0337589,3269,"Brunswick & 6th",40.72601172964625,-74.05038893222809,26253,"Subscriber",1983,1
875,"2018-12-07 21:12:37.5300","2018-12-07 21:27:12.8900",3202,"Newport PATH",40.7272235,-74.0337589,3196,"Riverview Park",40.7443187,-74.0439909,29255,"Subscriber",1985,1
109,"2018-12-08 08:46:25.0880","2018-12-08 08:48:14.8980",3202,"Newport PATH",40.7272235,-74.0337589,3199,"Newport Pkwy",40.7287448,-74.0321082,29536,"Subscriber",1989,1
300,"2018-12-08 10:51:53.9350","2018-12-08 10:56:54.2380",3202,"Newport PATH",40.7272235,-74.0337589,3275,"Columbus Drive",40.71835519823214,-74.03891444206238,29547,"Subscriber",1973,2
474,"2018-12-08 12:47:08.8040","2018-12-08 12:55:03.5250",3202,"Newport PATH",40.7272235,-74.0337589,3186,"Grove St PATH",40.71958611647166,-74.04311746358871,26210,"Subscriber",1990,2
365,"2018-12-08 13:04:19.0410","2018-12-08 13:10:24.2050",3202,"Newport PATH",40.7272235,-74.0337589,3272,"Jersey & 3rd",40.72333158646436,-74.04595255851744,26302,"Subscriber",1981,1
222,"2018-12-08 14:45:32.4830","2018-12-08 14:49:15.2380",3202,"Newport PATH",40.7272235,-74.0337589,3187,"Warren St",40.7211236,-74.03805095,26303,"Subscriber",1987,1
452,"2018-12-08 15:22:05.6700","2018-12-08 15:29:38.3690",3202,"Newport PATH",40.7272235,-74.0337589,3267,"Morris Canal",40.7124188237569,-74.03852552175522,26208,"Subscriber",1977,1
674,"2018-12-08 15:23:42.1290","2018-12-08 15:34:56.6720",3202,"Newport PATH",40.7272235,-74.0337589,3276,"Marin Light Rail",40.71458403535893,-74.04281705617905,26275,"Subscriber",1982,2
934,"2018-12-08 15:34:58.3550","2018-12-08 15:50:32.4200",3202,"Newport PATH",40.7272235,-74.0337589,3205,"JC Medical Center",40.71653978099194,-74.0496379137039,29572,"Subscriber",1975,1
330,"2018-12-08 15:46:00.8590","2018-12-08 15:51:30.8660",3202,"Newport PATH",40.7272235,-74.0337589,3275,"Columbus Drive",40.71835519823214,-74.03891444206238,29458,"Subscriber",1987,1
381,"2018-12-08 17:23:19.6720","2018-12-08 17:29:40.9440",3202,"Newport PATH",40.7272235,-74.0337589,3203,"Hamilton Park",40.727595966,-74.044247311,26206,"Subscriber",1991,1
121,"2018-12-08 18:19:04.8890","2018-12-08 18:21:06.5000",3202,"Newport PATH",40.7272235,-74.0337589,3199,"Newport Pkwy",40.7287448,-74.0321082,29283,"Subscriber",1995,2
274,"2018-12-08 19:32:05.5810","2018-12-08 19:36:39.8110",3202,"Newport PATH",40.7272235,-74.0337589,3639,"Harborside",40.7192517,-74.034234,29536,"Subscriber",1980,1
351,"2018-12-08 21:35:36.7920","2018-12-08 21:41:27.9270",3202,"Newport PATH",40.7272235,-74.0337589,3638,"Washington St",40.7242941,-74.0354826,29594,"Subscriber",1983,1
161,"2018-12-08 22:11:44.9260","2018-12-08 22:14:26.6270",3202,"Newport PATH",40.7272235,-74.0337589,3199,"Newport Pkwy",40.7287448,-74.0321082,29487,"Subscriber",1986,1
154,"2018-12-08 22:11:50.6080","2018-12-08 22:14:24.7870",3202,"Newport PATH",40.7272235,-74.0337589,3199,"Newport Pkwy",40.7287448,-74.0321082,29547,"Subscriber",1987,2
378,"2018-12-08 22:21:46.0480","2018-12-08 22:28:04.9340",3202,"Newport PATH",40.7272235,-74.0337589,3203,"Hamilton Park",40.727595966,-74.044247311,29612,"Subscriber",1979,2
696,"2018-12-08 23:44:48.2350","2018-12-08 23:56:24.7700",3202,"Newport PATH",40.7272235,-74.0337589,3270,"Jersey & 6th St",40.72528910781132,-74.04557168483734,29275,"Customer",1993,1
1757,"2018-12-09 11:40:02.6550","2018-12-09 12:09:20.1350",3202,"Newport PATH",40.7272235,-74.0337589,3186,"Grove St PATH",40.71958611647166,-74.04311746358871,26213,"Subscriber",1996,1
592,"2018-12-09 12:02:30.0050","2018-12-09 12:12:22.8660",3202,"Newport PATH",40.7272235,-74.0337589,3276,"Marin Light Rail",40.71458403535893,-74.04281705617905,29536,"Subscriber",1979,2
233,"2018-12-09 12:06:42.2760","2018-12-09 12:10:35.3650",3202,"Newport PATH",40.7272235,-74.0337589,3187,"Warren St",40.7211236,-74.03805095,29272,"Subscriber",1986,1
250,"2018-12-09 12:06:42.3730","2018-12-09 12:10:52.4950",3202,"Newport PATH",40.7272235,-74.0337589,3187,"Warren St",40.7211236,-74.03805095,26199,"Subscriber",1984,1
395,"2018-12-09 12:16:04.3630","2018-12-09 12:22:39.6150",3202,"Newport PATH",40.7272235,-74.0337589,3183,"Exchange Place",40.7162469,-74.0334588,29656,"Subscriber",1994,1
155,"2018-12-09 14:22:58.7010","2018-12-09 14:25:34.6880",3202,"Newport PATH",40.7272235,-74.0337589,3199,"Newport Pkwy",40.7287448,-74.0321082,29286,"Subscriber",1990,1
429,"2018-12-09 16:24:47.5280","2018-12-09 16:31:56.8800",3202,"Newport PATH",40.7272235,-74.0337589,3272,"Jersey & 3rd",40.72333158646436,-74.04595255851744,29476,"Subscriber",1982,1
299,"2018-12-09 16:41:13.7910","2018-12-09 16:46:13.0360",3202,"Newport PATH",40.7272235,-74.0337589,3187,"Warren St",40.7211236,-74.03805095,26282,"Subscriber",1972,1
160,"2018-12-09 16:52:26.1660","2018-12-09 16:55:06.4420",3202,"Newport PATH",40.7272235,-74.0337589,3199,"Newport Pkwy",40.7287448,-74.0321082,29670,"Subscriber",1987,2
149,"2018-12-09 16:52:37.4630","2018-12-09 16:55:06.9200",3202,"Newport PATH",40.7272235,-74.0337589,3199,"Newport Pkwy",40.7287448,-74.0321082,29288,"Subscriber",1986,1
2521,"2018-12-09 17:08:31.8910","2018-12-09 17:50:33.3430",3202,"Newport PATH",40.7272235,-74.0337589,3183,"Exchange Place",40.7162469,-74.0334588,29243,"Subscriber",1969,0
1436,"2018-12-09 17:35:59.0870","2018-12-09 17:59:55.3580",3202,"Newport PATH",40.7272235,-74.0337589,3640,"Journal Square",40.73367,-74.0625,29544,"Subscriber",1985,2
299,"2018-12-09 19:17:58.5070","2018-12-09 19:22:57.9900",3202,"Newport PATH",40.7272235,-74.0337589,3187,"Warren St",40.7211236,-74.03805095,26281,"Subscriber",1988,2
486,"2018-12-09 20:11:03.1100","2018-12-09 20:19:09.9570",3202,"Newport PATH",40.7272235,-74.0337589,3481,"York St",40.71649,-74.04105,29289,"Subscriber",1990,1
151,"2018-12-09 20:50:11.3010","2018-12-09 20:52:42.4820",3202,"Newport PATH",40.7272235,-74.0337589,3199,"Newport Pkwy",40.7287448,-74.0321082,29643,"Subscriber",1995,2
380,"2018-12-09 20:54:31.4020","2018-12-09 21:00:51.9710",3202,"Newport PATH",40.7272235,-74.0337589,3639,"Harborside",40.7192517,-74.034234,26179,"Subscriber",1990,1
105,"2018-12-10 00:44:32.8230","2018-12-10 00:46:18.2920",3202,"Newport PATH",40.7272235,-74.0337589,3638,"Washington St",40.7242941,-74.0354826,29120,"Subscriber",1973,1
283,"2018-12-10 06:45:33.9520","2018-12-10 06:50:17.1490",3202,"Newport PATH",40.7272235,-74.0337589,3639,"Harborside",40.7192517,-74.034234,26186,"Subscriber",1958,1
98,"2018-12-10 07:16:40.2950","2018-12-10 07:18:18.7300",3202,"Newport PATH",40.7272235,-74.0337589,3199,"Newport Pkwy",40.7287448,-74.0321082,29245,"Subscriber",1989,1
372,"2018-12-10 07:50:52.9360","2018-12-10 07:57:05.1970",3202,"Newport PATH",40.7272235,-74.0337589,3639,"Harborside",40.7192517,-74.034234,29589,"Subscriber",1989,1
276,"2018-12-10 08:52:10.7190","2018-12-10 08:56:47.0040",3202,"Newport PATH",40.7272235,-74.0337589,3639,"Harborside",40.7192517,-74.034234,26179,"Subscriber",1992,1
477,"2018-12-10 09:12:48.6210","2018-12-10 09:20:46.1890",3202,"Newport PATH",40.7272235,-74.0337589,3183,"Exchange Place",40.7162469,-74.0334588,29459,"Subscriber",1991,1
224,"2018-12-10 09:27:48.1030","2018-12-10 09:31:32.4950",3202,"Newport PATH",40.7272235,-74.0337589,3639,"Harborside",40.7192517,-74.034234,29545,"Subscriber",1991,2
395,"2018-12-10 11:56:21.2320","2018-12-10 12:02:57.1880",3202,"Newport PATH",40.7272235,-74.0337589,3184,"Paulus Hook",40.7141454,-74.0335519,29536,"Subscriber",1980,1
263,"2018-12-10 13:09:38.7400","2018-12-10 13:14:02.5660",3202,"Newport PATH",40.7272235,-74.0337589,3639,"Harborside",40.7192517,-74.034234,29599,"Subscriber",1952,2
633,"2018-12-10 13:48:00.1990","2018-12-10 13:58:33.5540",3202,"Newport PATH",40.7272235,-74.0337589,3272,"Jersey & 3rd",40.72333158646436,-74.04595255851744,29465,"Subscriber",1981,1
464,"2018-12-10 15:10:57.8890","2018-12-10 15:18:42.5940",3202,"Newport PATH",40.7272235,-74.0337589,3186,"Grove St PATH",40.71958611647166,-74.04311746358871,29243,"Subscriber",1951,1
434,"2018-12-10 15:52:59.1180","2018-12-10 16:00:13.4920",3202,"Newport PATH",40.7272235,-74.0337589,3186,"Grove St PATH",40.71958611647166,-74.04311746358871,29231,"Subscriber",1988,1
390,"2018-12-10 16:13:38.1440","2018-12-10 16:20:08.3200",3202,"Newport PATH",40.7272235,-74.0337589,3203,"Hamilton Park",40.727595966,-74.044247311,29589,"Subscriber",1968,1
104,"2018-12-10 16:15:43.7290","2018-12-10 16:17:28.3540",3202,"Newport PATH",40.7272235,-74.0337589,3199,"Newport Pkwy",40.7287448,-74.0321082,29668,"Subscriber",1975,1
532,"2018-12-10 16:25:06.2070","2018-12-10 16:33:58.5190",3202,"Newport PATH",40.7272235,-74.0337589,3269,"Brunswick & 6th",40.72601172964625,-74.05038893222809,29262,"Subscriber",1972,2
157,"2018-12-10 17:11:06.3760","2018-12-10 17:13:43.9920",3202,"Newport PATH",40.7272235,-74.0337589,3199,"Newport Pkwy",40.7287448,-74.0321082,29261,"Subscriber",1980,1
722,"2018-12-10 17:15:14.3540","2018-12-10 17:27:16.3570",3202,"Newport PATH",40.7272235,-74.0337589,3213,"Van Vorst Park",40.71848892,-74.047726625,29295,"Subscriber",1983,1
316,"2018-12-10 17:25:38.7490","2018-12-10 17:30:55.6200",3202,"Newport PATH",40.7272235,-74.0337589,3203,"Hamilton Park",40.727595966,-74.044247311,29629,"Subscriber",1985,1
323,"2018-12-10 17:26:51.5970","2018-12-10 17:32:15.0440",3202,"Newport PATH",40.7272235,-74.0337589,3203,"Hamilton Park",40.727595966,-74.044247311,26302,"Subscriber",1977,1
126,"2018-12-10 17:30:54.1660","2018-12-10 17:33:00.7720",3202,"Newport PATH",40.7272235,-74.0337589,3199,"Newport Pkwy",40.7287448,-74.0321082,29120,"Subscriber",1984,1
389,"2018-12-10 17:31:19.1360","2018-12-10 17:37:48.3600",3202,"Newport PATH",40.7272235,-74.0337589,3681,"Grand St",40.71517767732029,-74.03768330812454,29679,"Subscriber",1970,1
962,"2018-12-10 17:34:10.5150","2018-12-10 17:50:13.3760",3202,"Newport PATH",40.7272235,-74.0337589,3196,"Riverview Park",40.7443187,-74.0439909,29608,"Subscriber",1972,2
434,"2018-12-10 17:34:43.7240","2018-12-10 17:41:58.6550",3202,"Newport PATH",40.7272235,-74.0337589,3203,"Hamilton Park",40.727595966,-74.044247311,29489,"Subscriber",1974,1
420,"2018-12-10 17:35:43.1100","2018-12-10 17:42:43.4920",3202,"Newport PATH",40.7272235,-74.0337589,3269,"Brunswick & 6th",40.72601172964625,-74.05038893222809,29547,"Subscriber",1985,2
400,"2018-12-10 17:35:44.9610","2018-12-10 17:42:25.3020",3202,"Newport PATH",40.7272235,-74.0337589,3275,"Columbus Drive",40.71835519823214,-74.03891444206238,29526,"Subscriber",1986,1
570,"2018-12-10 17:47:41.3630","2018-12-10 17:57:11.7760",3202,"Newport PATH",40.7272235,-74.0337589,3276,"Marin Light Rail",40.71458403535893,-74.04281705617905,26202,"Subscriber",1990,1
1787,"2018-12-10 17:51:28.5340","2018-12-10 18:21:16.1660",3202,"Newport PATH",40.7272235,-74.0337589,3281,"Leonard Gordon Park",40.74590996631558,-74.0572714805603,26267,"Subscriber",1980,1
648,"2018-12-10 17:55:22.1340","2018-12-10 18:06:10.3590",3202,"Newport PATH",40.7272235,-74.0337589,3203,"Hamilton Park",40.727595966,-74.044247311,29533,"Subscriber",1973,1
315,"2018-12-10 18:39:50.2470","2018-12-10 18:45:05.5360",3202,"Newport PATH",40.7272235,-74.0337589,3639,"Harborside",40.7192517,-74.034234,29674,"Subscriber",1992,1
341,"2018-12-10 19:23:34.7040","2018-12-10 19:29:15.7830",3202,"Newport PATH",40.7272235,-74.0337589,3272,"Jersey & 3rd",40.72333158646436,-74.04595255851744,26153,"Subscriber",1988,1
302,"2018-12-10 20:24:47.2530","2018-12-10 20:29:49.2960",3202,"Newport PATH",40.7272235,-74.0337589,3639,"Harborside",40.7192517,-74.034234,29512,"Subscriber",1995,1
751,"2018-12-10 22:02:03.6390","2018-12-10 22:14:34.8770",3202,"Newport PATH",40.7272235,-74.0337589,3196,"Riverview Park",40.7443187,-74.0439909,29472,"Subscriber",1985,1
278,"2018-12-10 23:20:10.2220","2018-12-10 23:24:48.5410",3202,"Newport PATH",40.7272235,-74.0337589,3275,"Columbus Drive",40.71835519823214,-74.03891444206238,29434,"Subscriber",1986,1
256,"2018-12-11 08:03:48.8360","2018-12-11 08:08:04.9420",3202,"Newport PATH",40.7272235,-74.0337589,3639,"Harborside",40.7192517,-74.034234,26244,"Subscriber",1989,1
290,"2018-12-11 08:16:13.5110","2018-12-11 08:21:04.1720",3202,"Newport PATH",40.7272235,-74.0337589,3639,"Harborside",40.7192517,-74.034234,29597,"Subscriber",1991,2
238,"2018-12-11 08:21:35.3940","2018-12-11 08:25:34.2580",3202,"Newport PATH",40.7272235,-74.0337589,3639,"Harborside",40.7192517,-74.034234,29286,"Subscriber",1992,1
437,"2018-12-11 08:23:47.8130","2018-12-11 08:31:05.0510",3202,"Newport PATH",40.7272235,-74.0337589,3184,"Paulus Hook",40.7141454,-74.0335519,26234,"Subscriber",1989,1
169,"2018-12-11 08:36:49.2770","2018-12-11 08:39:39.1450",3202,"Newport PATH",40.7272235,-74.0337589,3638,"Washington St",40.7242941,-74.0354826,29255,"Subscriber",1989,2
289,"2018-12-11 08:45:44.5340","2018-12-11 08:50:34.0870",3202,"Newport PATH",40.7272235,-74.0337589,3639,"Harborside",40.7192517,-74.034234,29272,"Subscriber",1970,1
203,"2018-12-11 09:04:32.3240","2018-12-11 09:07:56.1180",3202,"Newport PATH",40.7272235,-74.0337589,3638,"Washington St",40.7242941,-74.0354826,29445,"Subscriber",1995,2
528,"2018-12-11 09:13:05.7350","2018-12-11 09:21:54.5810",3202,"Newport PATH",40.7272235,-74.0337589,3183,"Exchange Place",40.7162469,-74.0334588,26266,"Subscriber",1991,1
490,"2018-12-11 09:57:24.4260","2018-12-11 10:05:34.5130",3202,"Newport PATH",40.7272235,-74.0337589,3186,"Grove St PATH",40.71958611647166,-74.04311746358871,26282,"Subscriber",1981,1
355,"2018-12-11 13:14:00.3980","2018-12-11 13:19:56.1140",3202,"Newport PATH",40.7272235,-74.0337589,3639,"Harborside",40.7192517,-74.034234,29213,"Subscriber",1987,1
437,"2018-12-11 13:36:46.3700","2018-12-11 13:44:04.1010",3202,"Newport PATH",40.7272235,-74.0337589,3272,"Jersey & 3rd",40.72333158646436,-74.04595255851744,29572,"Subscriber",1981,1
444,"2018-12-11 15:54:56.1590","2018-12-11 16:02:20.8370",3202,"Newport PATH",40.7272235,-74.0337589,3203,"Hamilton Park",40.727595966,-74.044247311,29307,"Subscriber",1968,1
160,"2018-12-11 16:43:23.6290","2018-12-11 16:46:03.9040",3202,"Newport PATH",40.7272235,-74.0337589,3638,"Washington St",40.7242941,-74.0354826,29213,"Subscriber",1992,1
878,"2018-12-11 17:04:28.6850","2018-12-11 17:19:06.6940",3202,"Newport PATH",40.7272235,-74.0337589,3275,"Columbus Drive",40.71835519823214,-74.03891444206238,26184,"Subscriber",1986,1
187,"2018-12-11 17:05:58.3440","2018-12-11 17:09:05.7770",3202,"Newport PATH",40.7272235,-74.0337589,3638,"Washington St",40.7242941,-74.0354826,29278,"Subscriber",1984,2
313,"2018-12-11 17:21:51.0850","2018-12-11 17:27:04.1310",3202,"Newport PATH",40.7272235,-74.0337589,3270,"Jersey & 6th St",40.72528910781132,-74.04557168483734,26196,"Subscriber",1968,1
599,"2018-12-11 17:25:11.8130","2018-12-11 17:35:11.1540",3202,"Newport PATH",40.7272235,-74.0337589,3213,"Van Vorst Park",40.71848892,-74.047726625,26204,"Subscriber",1983,1
454,"2018-12-11 17:31:44.1800","2018-12-11 17:39:18.4420",3202,"Newport PATH",40.7272235,-74.0337589,3203,"Hamilton Park",40.727595966,-74.044247311,29496,"Subscriber",1974,1
555,"2018-12-11 17:32:24.2910","2018-12-11 17:41:40.1190",3202,"Newport PATH",40.7272235,-74.0337589,3209,"Brunswick St",40.7241765,-74.0506564,29204,"Subscriber",1988,1
428,"2018-12-11 17:41:28.9810","2018-12-11 17:48:37.2400",3202,"Newport PATH",40.7272235,-74.0337589,3203,"Hamilton Park",40.727595966,-74.044247311,26241,"Subscriber",1985,2
638,"2018-12-11 17:51:42.7440","2018-12-11 18:02:21.6810",3202,"Newport PATH",40.7272235,-74.0337589,3211,"Newark Ave",40.72152515,-74.046304543,26281,"Subscriber",1963,1
417,"2018-12-11 17:57:42.7810","2018-12-11 18:04:40.0970",3202,"Newport PATH",40.7272235,-74.0337589,3203,"Hamilton Park",40.727595966,-74.044247311,26302,"Subscriber",1973,1
257,"2018-12-11 17:57:49.5630","2018-12-11 18:02:06.9910",3202,"Newport PATH",40.7272235,-74.0337589,3203,"Hamilton Park",40.727595966,-74.044247311,29573,"Subscriber",1977,1
777,"2018-12-11 18:02:52.1830","2018-12-11 18:15:50.0830",3202,"Newport PATH",40.7272235,-74.0337589,3207,"Oakland Ave",40.7376037,-74.0524783,29208,"Subscriber",1993,1
129,"2018-12-11 18:31:43.4750","2018-12-11 18:33:52.8600",3202,"Newport PATH",40.7272235,-74.0337589,3638,"Washington St",40.7242941,-74.0354826,29243,"Subscriber",1963,1
366,"2018-12-11 18:32:11.1580","2018-12-11 18:38:17.9160",3202,"Newport PATH",40.7272235,-74.0337589,3639,"Harborside",40.7192517,-74.034234,29440,"Subscriber",1990,1
388,"2018-12-11 18:33:08.3660","2018-12-11 18:39:37.2430",3202,"Newport PATH",40.7272235,-74.0337589,3275,"Columbus Drive",40.71835519823214,-74.03891444206238,29293,"Subscriber",1973,2
501,"2018-12-11 18:56:53.6680","2018-12-11 19:05:15.3460",3202,"Newport PATH",40.7272235,-74.0337589,3276,"Marin Light Rail",40.71458403535893,-74.04281705617905,29301,"Subscriber",1990,1
468,"2018-12-11 19:02:16.1090","2018-12-11 19:10:04.7600",3202,"Newport PATH",40.7272235,-74.0337589,3269,"Brunswick & 6th",40.72601172964625,-74.05038893222809,29460,"Subscriber",1981,1
286,"2018-12-11 19:18:13.1070","2018-12-11 19:22:59.8400",3202,"Newport PATH",40.7272235,-74.0337589,3187,"Warren St",40.7211236,-74.03805095,26159,"Subscriber",1973,1
210,"2018-12-11 19:25:16.4300","2018-12-11 19:28:46.9910",3202,"Newport PATH",40.7272235,-74.0337589,3638,"Washington St",40.7242941,-74.0354826,26286,"Subscriber",1992,2
150,"2018-12-11 19:25:26.3200","2018-12-11 19:27:56.7210",3202,"Newport PATH",40.7272235,-74.0337589,3199,"Newport Pkwy",40.7287448,-74.0321082,29656,"Subscriber",1963,1
817,"2018-12-11 19:51:19.9840","2018-12-11 20:04:57.8370",3202,"Newport PATH",40.7272235,-74.0337589,3198,"Heights Elevator",40.748715945380226,-74.04044330120087,26307,"Subscriber",1988,1
402,"2018-12-11 19:52:44.1500","2018-12-11 19:59:26.2700",3202,"Newport PATH",40.7272235,-74.0337589,3639,"Harborside",40.7192517,-74.034234,26295,"Subscriber",1991,1
391,"2018-12-11 20:46:37.9870","2018-12-11 20:53:09.0320",3202,"Newport PATH",40.7272235,-74.0337589,3275,"Columbus Drive",40.71835519823214,-74.03891444206238,29262,"Subscriber",1987,1
151,"2018-12-11 21:00:24.8300","2018-12-11 21:02:56.5420",3202,"Newport PATH",40.7272235,-74.0337589,3638,"Washington St",40.7242941,-74.0354826,29535,"Subscriber",1996,1
287,"2018-12-12 07:51:29.6100","2018-12-12 07:56:16.6990",3202,"Newport PATH",40.7272235,-74.0337589,3639,"Harborside",40.7192517,-74.034234,29531,"Subscriber",1989,1
381,"2018-12-12 08:21:39.8210","2018-12-12 08:28:00.8720",3202,"Newport PATH",40.7272235,-74.0337589,3270,"Jersey & 6th St",40.72528910781132,-74.04557168483734,33744,"Subscriber",1975,1
279,"2018-12-12 08:50:38.5320","2018-12-12 08:55:18.2460",3202,"Newport PATH",40.7272235,-74.0337589,3639,"Harborside",40.7192517,-74.034234,26251,"Subscriber",1992,1
262,"2018-12-12 09:08:35.0490","2018-12-12 09:12:57.6810",3202,"Newport PATH",40.7272235,-74.0337589,3639,"Harborside",40.7192517,-74.034234,29593,"Subscriber",1991,2
2908,"2018-12-12 13:15:51.0360","2018-12-12 14:04:19.2000",3202,"Newport PATH",40.7272235,-74.0337589,3202,"Newport PATH",40.7272235,-74.0337589,26186,"Customer",1969,0
816,"2018-12-12 13:17:10.8560","2018-12-12 13:30:47.2790",3202,"Newport PATH",40.7272235,-74.0337589,3267,"Morris Canal",40.7124188237569,-74.03852552175522,29434,"Subscriber",1961,2
909,"2018-12-12 13:26:36.2690","2018-12-12 13:41:45.8580",3202,"Newport PATH",40.7272235,-74.0337589,3202,"Newport PATH",40.7272235,-74.0337589,26219,"Subscriber",1991,1
342,"2018-12-12 13:34:00.5850","2018-12-12 13:39:43.2920",3202,"Newport PATH",40.7272235,-74.0337589,3203,"Hamilton Park",40.727595966,-74.044247311,26284,"Subscriber",1970,1
357,"2018-12-12 14:48:29.0840","2018-12-12 14:54:26.4680",3202,"Newport PATH",40.7272235,-74.0337589,3203,"Hamilton Park",40.727595966,-74.044247311,26186,"Subscriber",1991,2
430,"2018-12-12 15:18:18.3130","2018-12-12 15:25:28.7810",3202,"Newport PATH",40.7272235,-74.0337589,3272,"Jersey & 3rd",40.72333158646436,-74.04595255851744,29531,"Subscriber",1981,1
253,"2018-12-12 15:30:13.6120","2018-12-12 15:34:26.9220",3202,"Newport PATH",40.7272235,-74.0337589,3639,"Harborside",40.7192517,-74.034234,29602,"Subscriber",1981,1
603,"2018-12-12 15:42:59.5840","2018-12-12 15:53:02.5950",3202,"Newport PATH",40.7272235,-74.0337589,3211,"Newark Ave",40.72152515,-74.046304543,29452,"Subscriber",1974,1
410,"2018-12-12 16:15:43.6850","2018-12-12 16:22:34.5330",3202,"Newport PATH",40.7272235,-74.0337589,3203,"Hamilton Park",40.727595966,-74.044247311,29498,"Subscriber",1968,1
266,"2018-12-12 16:36:08.2580","2018-12-12 16:40:34.6000",3202,"Newport PATH",40.7272235,-74.0337589,3275,"Columbus Drive",40.71835519823214,-74.03891444206238,26219,"Subscriber",1986,1
347,"2018-12-12 17:03:27.6450","2018-12-12 17:09:14.6970",3202,"Newport PATH",40.7272235,-74.0337589,3270,"Jersey & 6th St",40.72528910781132,-74.04557168483734,26215,"Subscriber",1968,1
396,"2018-12-12 17:04:38.5290","2018-12-12 17:11:15.3870",3202,"Newport PATH",40.7272235,-74.0337589,3275,"Columbus Drive",40.71835519823214,-74.03891444206238,26278,"Subscriber",1986,1
368,"2018-12-12 17:04:53.3110","2018-12-12 17:11:01.3440",3202,"Newport PATH",40.7272235,-74.0337589,3203,"Hamilton Park",40.727595966,-74.044247311,29487,"Subscriber",1976,1
546,"2018-12-12 17:19:42.4870","2018-12-12 17:28:49.0420",3202,"Newport PATH",40.7272235,-74.0337589,3276,"Marin Light Rail",40.71458403535893,-74.04281705617905,29519,"Subscriber",1990,1
599,"2018-12-12 17:23:49.6960","2018-12-12 17:33:49.5090",3202,"Newport PATH",40.7272235,-74.0337589,3213,"Van Vorst Park",40.71848892,-74.047726625,26246,"Subscriber",1983,1
867,"2018-12-12 17:30:25.0050","2018-12-12 17:44:52.9850",3202,"Newport PATH",40.7272235,-74.0337589,3207,"Oakland Ave",40.7376037,-74.0524783,29208,"Subscriber",1993,1
1940,"2018-12-12 17:34:50.2870","2018-12-12 18:07:10.9720",3202,"Newport PATH",40.7272235,-74.0337589,3281,"Leonard Gordon Park",40.74590996631558,-74.0572714805603,26307,"Subscriber",1980,1
378,"2018-12-12 17:36:49.7330","2018-12-12 17:43:08.6330",3202,"Newport PATH",40.7272235,-74.0337589,3203,"Hamilton Park",40.727595966,-74.044247311,29458,"Subscriber",1985,2
131,"2018-12-12 17:37:17.8430","2018-12-12 17:39:29.2390",3202,"Newport PATH",40.7272235,-74.0337589,3199,"Newport Pkwy",40.7287448,-74.0321082,26236,"Subscriber",1980,1
426,"2018-12-12 17:40:32.3270","2018-12-12 17:47:38.5900",3202,"Newport PATH",40.7272235,-74.0337589,3203,"Hamilton Park",40.727595966,-74.044247311,29123,"Subscriber",1972,1
437,"2018-12-12 17:49:52.4480","2018-12-12 17:57:09.5080",3202,"Newport PATH",40.7272235,-74.0337589,3273,"Manila & 1st",40.721650724879986,-74.04288411140442,29657,"Subscriber",1967,1
425,"2018-12-12 17:56:18.0270","2018-12-12 18:03:23.4970",3202,"Newport PATH",40.7272235,-74.0337589,3203,"Hamilton Park",40.727595966,-74.044247311,29471,"Subscriber",1978,1
132,"2018-12-12 17:57:17.3710","2018-12-12 17:59:30.3080",3202,"Newport PATH",40.7272235,-74.0337589,3199,"Newport Pkwy",40.7287448,-74.0321082,26251,"Subscriber",1989,2
299,"2018-12-12 17:57:26.5730","2018-12-12 18:02:26.2090",3202,"Newport PATH",40.7272235,-74.0337589,3203,"Hamilton Park",40.727595966,-74.044247311,29535,"Subscriber",1977,1
451,"2018-12-12 18:01:47.2240","2018-12-12 18:09:19.1580",3202,"Newport PATH",40.7272235,-74.0337589,3203,"Hamilton Park",40.727595966,-74.044247311,29499,"Subscriber",1973,1
410,"2018-12-12 18:08:31.9120","2018-12-12 18:15:22.3610",3202,"Newport PATH",40.7272235,-74.0337589,3278,"Monmouth and 6th",40.72568548362901,-74.04879033565521,29245,"Subscriber",1976,2
420,"2018-12-12 18:11:53.4460","2018-12-12 18:18:53.6040",3202,"Newport PATH",40.7272235,-74.0337589,3203,"Hamilton Park",40.727595966,-74.044247311,29512,"Subscriber",1981,1
481,"2018-12-12 18:38:48.0800","2018-12-12 18:46:49.7880",3202,"Newport PATH",40.7272235,-74.0337589,3186,"Grove St PATH",40.71958611647166,-74.04311746358871,29593,"Subscriber",1965,1
246,"2018-12-12 23:48:02.5390","2018-12-12 23:52:09.5160",3202,"Newport PATH",40.7272235,-74.0337589,3187,"Warren St",40.7211236,-74.03805095,29489,"Subscriber",1987,1
316,"2018-12-13 07:55:40.6790","2018-12-13 08:00:57.2240",3202,"Newport PATH",40.7272235,-74.0337589,3639,"Harborside",40.7192517,-74.034234,29225,"Subscriber",1989,1
260,"2018-12-13 08:02:30.6320","2018-12-13 08:06:50.8310",3202,"Newport PATH",40.7272235,-74.0337589,3639,"Harborside",40.7192517,-74.034234,26254,"Subscriber",1963,1
257,"2018-12-13 08:57:38.2130","2018-12-13 09:01:56.2100",3202,"Newport PATH",40.7272235,-74.0337589,3639,"Harborside",40.7192517,-74.034234,29198,"Subscriber",1992,1
296,"2018-12-13 09:19:29.2610","2018-12-13 09:24:25.8650",3202,"Newport PATH",40.7272235,-74.0337589,3639,"Harborside",40.7192517,-74.034234,29453,"Subscriber",1991,2
294,"2018-12-13 09:26:26.9520","2018-12-13 09:31:21.1990",3202,"Newport PATH",40.7272235,-74.0337589,3639,"Harborside",40.7192517,-74.034234,26291,"Subscriber",1990,1
116,"2018-12-13 10:51:01.6380","2018-12-13 10:52:58.4690",3202,"Newport PATH",40.7272235,-74.0337589,3199,"Newport Pkwy",40.7287448,-74.0321082,29437,"Subscriber",1995,2
373,"2018-12-13 14:14:53.9150","2018-12-13 14:21:07.6860",3202,"Newport PATH",40.7272235,-74.0337589,3203,"Hamilton Park",40.727595966,-74.044247311,26284,"Subscriber",1992,1
382,"2018-12-13 14:47:32.8670","2018-12-13 14:53:55.2760",3202,"Newport PATH",40.7272235,-74.0337589,3272,"Jersey & 3rd",40.72333158646436,-74.04595255851744,29481,"Subscriber",1981,1
333,"2018-12-13 14:50:57.5890","2018-12-13 14:56:30.8380",3202,"Newport PATH",40.7272235,-74.0337589,3270,"Jersey & 6th St",40.72528910781132,-74.04557168483734,29268,"Subscriber",1969,0
376,"2018-12-13 15:53:49.6900","2018-12-13 16:00:05.9790",3202,"Newport PATH",40.7272235,-74.0337589,3203,"Hamilton Park",40.727595966,-74.044247311,29257,"Subscriber",1987,1
292,"2018-12-13 15:59:51.8730","2018-12-13 16:04:44.4900",3202,"Newport PATH",40.7272235,-74.0337589,3183,"Exchange Place",40.7162469,-74.0334588,29597,"Subscriber",1981,1
767,"2018-12-13 16:39:42.1820","2018-12-13 16:52:30.1600",3202,"Newport PATH",40.7272235,-74.0337589,3269,"Brunswick & 6th",40.72601172964625,-74.05038893222809,29240,"Subscriber",1972,2
570,"2018-12-13 17:02:27.2110","2018-12-13 17:11:57.9230",3202,"Newport PATH",40.7272235,-74.0337589,3211,"Newark Ave",40.72152515,-74.046304543,29434,"Subscriber",1986,1
663,"2018-12-13 17:09:48.2810","2018-12-13 17:20:52.0470",3202,"Newport PATH",40.7272235,-74.0337589,3267,"Morris Canal",40.7124188237569,-74.03852552175522,29660,"Subscriber",1970,1
484,"2018-12-13 17:15:09.9320","2018-12-13 17:23:14.6010",3202,"Newport PATH",40.7272235,-74.0337589,3276,"Marin Light Rail",40.71458403535893,-74.04281705617905,29594,"Subscriber",1990,1
679,"2018-12-13 17:22:25.4500","2018-12-13 17:33:44.9690",3202,"Newport PATH",40.7272235,-74.0337589,3213,"Van Vorst Park",40.71848892,-74.047726625,29241,"Subscriber",1983,1
919,"2018-12-13 17:35:57.4800","2018-12-13 17:51:16.8660",3202,"Newport PATH",40.7272235,-74.0337589,3207,"Oakland Ave",40.7376037,-74.0524783,29551,"Subscriber",1993,1
328,"2018-12-13 17:41:44.3190","2018-12-13 17:47:13.0360",3202,"Newport PATH",40.7272235,-74.0337589,3203,"Hamilton Park",40.727595966,-74.044247311,29127,"Subscriber",1977,1
397,"2018-12-13 17:54:34.7270","2018-12-13 18:01:12.3170",3202,"Newport PATH",40.7272235,-74.0337589,3203,"Hamilton Park",40.727595966,-74.044247311,26294,"Subscriber",1985,2
314,"2018-12-13 18:32:21.8230","2018-12-13 18:37:36.3670",3202,"Newport PATH",40.7272235,-74.0337589,3639,"Harborside",40.7192517,-74.034234,26276,"Subscriber",1963,1
403,"2018-12-13 18:47:13.2820","2018-12-13 18:53:57.0980",3202,"Newport PATH",40.7272235,-74.0337589,3203,"Hamilton Park",40.727595966,-74.044247311,29603,"Subscriber",1987,1
270,"2018-12-13 18:47:40.4440","2018-12-13 18:52:11.2620",3202,"Newport PATH",40.7272235,-74.0337589,3639,"Harborside",40.7192517,-74.034234,29437,"Subscriber",1989,1
142,"2018-12-13 19:12:31.0110","2018-12-13 19:14:53.0840",3202,"Newport PATH",40.7272235,-74.0337589,3199,"Newport Pkwy",40.7287448,-74.0321082,29264,"Subscriber",1965,1
165,"2018-12-13 19:25:59.0200","2018-12-13 19:28:44.8550",3202,"Newport PATH",40.7272235,-74.0337589,3638,"Washington St",40.7242941,-74.0354826,29552,"Subscriber",1992,2
260,"2018-12-13 19:36:29.7760","2018-12-13 19:40:50.4210",3202,"Newport PATH",40.7272235,-74.0337589,3187,"Warren St",40.7211236,-74.03805095,29301,"Subscriber",1973,1
617,"2018-12-13 19:48:43.8790","2018-12-13 19:59:01.8090",3202,"Newport PATH",40.7272235,-74.0337589,3211,"Newark Ave",40.72152515,-74.046304543,29459,"Subscriber",1993,2
562,"2018-12-13 19:49:16.4140","2018-12-13 19:58:39.2910",3202,"Newport PATH",40.7272235,-74.0337589,3211,"Newark Ave",40.72152515,-74.046304543,29598,"Subscriber",1990,1
328,"2018-12-13 20:04:24.6520","2018-12-13 20:09:53.0110",3202,"Newport PATH",40.7272235,-74.0337589,3187,"Warren St",40.7211236,-74.03805095,29304,"Subscriber",1991,2
440,"2018-12-13 20:24:45.6090","2018-12-13 20:32:05.6350",3202,"Newport PATH",40.7272235,-74.0337589,3639,"Harborside",40.7192517,-74.034234,29595,"Subscriber",1991,1
386,"2018-12-13 20:38:50.0000","2018-12-13 20:45:16.5790",3202,"Newport PATH",40.7272235,-74.0337589,3275,"Columbus Drive",40.71835519823214,-74.03891444206238,26251,"Subscriber",1987,1
288,"2018-12-13 20:44:10.0890","2018-12-13 20:48:58.7120",3202,"Newport PATH",40.7272235,-74.0337589,3639,"Harborside",40.7192517,-74.034234,29276,"Subscriber",1990,1
397,"2018-12-13 21:02:45.5120","2018-12-13 21:09:23.2840",3202,"Newport PATH",40.7272235,-74.0337589,3187,"Warren St",40.7211236,-74.03805095,26263,"Subscriber",1995,2
578,"2018-12-13 21:07:53.5320","2018-12-13 21:17:32.2480",3202,"Newport PATH",40.7272235,-74.0337589,3184,"Paulus Hook",40.7141454,-74.0335519,26236,"Subscriber",1988,1
383,"2018-12-13 21:29:46.9190","2018-12-13 21:36:10.6560",3202,"Newport PATH",40.7272235,-74.0337589,3275,"Columbus Drive",40.71835519823214,-74.03891444206238,26170,"Subscriber",1991,1
399,"2018-12-14 01:14:21.4000","2018-12-14 01:21:01.0490",3202,"Newport PATH",40.7272235,-74.0337589,3203,"Hamilton Park",40.727595966,-74.044247311,26302,"Subscriber",1990,2
395,"2018-12-14 05:06:29.1790","2018-12-14 05:13:04.7700",3202,"Newport PATH",40.7272235,-74.0337589,3186,"Grove St PATH",40.71958611647166,-74.04311746358871,26263,"Subscriber",1992,2
265,"2018-12-14 07:50:24.5610","2018-12-14 07:54:49.8360",3202,"Newport PATH",40.7272235,-74.0337589,3639,"Harborside",40.7192517,-74.034234,29660,"Subscriber",1989,1
459,"2018-12-14 08:48:07.6200","2018-12-14 08:55:46.9720",3202,"Newport PATH",40.7272235,-74.0337589,3183,"Exchange Place",40.7162469,-74.0334588,29246,"Subscriber",1991,1
397,"2018-12-14 08:50:29.2450","2018-12-14 08:57:06.9190",3202,"Newport PATH",40.7272235,-74.0337589,3186,"Grove St PATH",40.71958611647166,-74.04311746358871,26161,"Subscriber",1981,1
404,"2018-12-14 09:24:35.5810","2018-12-14 09:31:20.3900",3202,"Newport PATH",40.7272235,-74.0337589,3639,"Harborside",40.7192517,-74.034234,29533,"Subscriber",1969,2
285,"2018-12-14 09:43:06.5000","2018-12-14 09:47:52.3190",3202,"Newport PATH",40.7272235,-74.0337589,3639,"Harborside",40.7192517,-74.034234,29582,"Subscriber",1990,1
262,"2018-12-14 10:26:02.8320","2018-12-14 10:30:25.0480",3202,"Newport PATH",40.7272235,-74.0337589,3639,"Harborside",40.7192517,-74.034234,29297,"Subscriber",1971,2
65,"2018-12-14 11:34:44.9700","2018-12-14 11:35:50.0150",3202,"Newport PATH",40.7272235,-74.0337589,3202,"Newport PATH",40.7272235,-74.0337589,29234,"Subscriber",1966,1
1423,"2018-12-14 11:37:10.6550","2018-12-14 12:00:54.2300",3202,"Newport PATH",40.7272235,-74.0337589,3211,"Newark Ave",40.72152515,-74.046304543,29586,"Subscriber",1966,1
101,"2018-12-14 12:10:30.6310","2018-12-14 12:12:12.6100",3202,"Newport PATH",40.7272235,-74.0337589,3199,"Newport Pkwy",40.7287448,-74.0321082,29231,"Subscriber",1994,1
262,"2018-12-14 13:05:24.8920","2018-12-14 13:09:47.4580",3202,"Newport PATH",40.7272235,-74.0337589,3639,"Harborside",40.7192517,-74.034234,29234,"Subscriber",1990,1
465,"2018-12-14 13:39:23.4790","2018-12-14 13:47:08.4820",3202,"Newport PATH",40.7272235,-74.0337589,3272,"Jersey & 3rd",40.72333158646436,-74.04595255851744,29612,"Subscriber",1981,1
418,"2018-12-14 15:16:06.1590","2018-12-14 15:23:04.6840",3202,"Newport PATH",40.7272235,-74.0337589,3203,"Hamilton Park",40.727595966,-74.044247311,26157,"Subscriber",1984,2
385,"2018-12-14 15:22:14.1050","2018-12-14 15:28:39.2060",3202,"Newport PATH",40.7272235,-74.0337589,3186,"Grove St PATH",40.71958611647166,-74.04311746358871,29303,"Subscriber",1988,1
451,"2018-12-14 16:05:12.9490","2018-12-14 16:12:44.1730",3202,"Newport PATH",40.7272235,-74.0337589,3269,"Brunswick & 6th",40.72601172964625,-74.05038893222809,29525,"Subscriber",1972,2
400,"2018-12-14 17:05:55.6690","2018-12-14 17:12:35.6720",3202,"Newport PATH",40.7272235,-74.0337589,3203,"Hamilton Park",40.727595966,-74.044247311,29293,"Subscriber",1968,1
473,"2018-12-14 17:08:33.8460","2018-12-14 17:16:27.1160",3202,"Newport PATH",40.7272235,-74.0337589,3481,"York St",40.71649,-74.04105,29225,"Subscriber",1986,1
562,"2018-12-14 17:23:19.1360","2018-12-14 17:32:41.1570",3202,"Newport PATH",40.7272235,-74.0337589,3213,"Van Vorst Park",40.71848892,-74.047726625,29664,"Subscriber",1983,1
490,"2018-12-14 17:25:57.6760","2018-12-14 17:34:08.4460",3202,"Newport PATH",40.7272235,-74.0337589,3681,"Grand St",40.71517767732029,-74.03768330812454,26200,"Subscriber",1970,1
1592,"2018-12-14 17:27:58.7710","2018-12-14 17:54:31.0630",3202,"Newport PATH",40.7272235,-74.0337589,3281,"Leonard Gordon Park",40.74590996631558,-74.0572714805603,29299,"Subscriber",1980,1
359,"2018-12-14 17:50:58.6560","2018-12-14 17:56:58.2220",3202,"Newport PATH",40.7272235,-74.0337589,3203,"Hamilton Park",40.727595966,-74.044247311,26215,"Subscriber",1985,2
542,"2018-12-14 18:05:00.7060","2018-12-14 18:14:03.4200",3202,"Newport PATH",40.7272235,-74.0337589,3203,"Hamilton Park",40.727595966,-74.044247311,26234,"Subscriber",1976,1
165,"2018-12-14 18:23:29.9500","2018-12-14 18:26:15.9120",3202,"Newport PATH",40.7272235,-74.0337589,3199,"Newport Pkwy",40.7287448,-74.0321082,29661,"Subscriber",1965,1
435,"2018-12-14 18:29:06.9590","2018-12-14 18:36:21.9900",3202,"Newport PATH",40.7272235,-74.0337589,3278,"Monmouth and 6th",40.72568548362901,-74.04879033565521,29460,"Subscriber",1976,2
831,"2018-12-14 18:30:08.9350","2018-12-14 18:44:00.8460",3202,"Newport PATH",40.7272235,-74.0337589,3196,"Riverview Park",40.7443187,-74.0439909,29230,"Subscriber",1972,2
298,"2018-12-14 18:33:38.9310","2018-12-14 18:38:37.0930",3202,"Newport PATH",40.7272235,-74.0337589,3639,"Harborside",40.7192517,-74.034234,29492,"Subscriber",1963,1
524,"2018-12-14 19:02:34.8430","2018-12-14 19:11:19.0460",3202,"Newport PATH",40.7272235,-74.0337589,3214,"Essex Light Rail",40.7127742,-74.0364857,29247,"Subscriber",1970,1
470,"2018-12-14 19:15:25.3450","2018-12-14 19:23:15.4420",3202,"Newport PATH",40.7272235,-74.0337589,3639,"Harborside",40.7192517,-74.034234,29207,"Subscriber",1991,1
272,"2018-12-14 19:24:16.6580","2018-12-14 19:28:49.2590",3202,"Newport PATH",40.7272235,-74.0337589,3639,"Harborside",40.7192517,-74.034234,26182,"Subscriber",1989,1
830,"2018-12-14 19:29:36.2680","2018-12-14 19:43:26.9890",3202,"Newport PATH",40.7272235,-74.0337589,3198,"Heights Elevator",40.748715945380226,-74.04044330120087,26286,"Subscriber",1988,1
170,"2018-12-14 19:37:55.6930","2018-12-14 19:40:46.0890",3202,"Newport PATH",40.7272235,-74.0337589,3638,"Washington St",40.7242941,-74.0354826,29301,"Subscriber",1992,2
510,"2018-12-14 19:39:01.9930","2018-12-14 19:47:32.8730",3202,"Newport PATH",40.7272235,-74.0337589,3203,"Hamilton Park",40.727595966,-74.044247311,26282,"Subscriber",1987,1
299,"2018-12-14 20:24:49.9280","2018-12-14 20:29:49.8260",3202,"Newport PATH",40.7272235,-74.0337589,3187,"Warren St",40.7211236,-74.03805095,29475,"Subscriber",1987,1
328,"2018-12-15 09:59:23.8790","2018-12-15 10:04:51.9960",3202,"Newport PATH",40.7272235,-74.0337589,3183,"Exchange Place",40.7162469,-74.0334588,29548,"Subscriber",1985,2
794,"2018-12-15 09:59:54.6620","2018-12-15 10:13:08.8930",3202,"Newport PATH",40.7272235,-74.0337589,3483,"Montgomery St",40.71942,-74.05099,29437,"Subscriber",1995,2
306,"2018-12-15 12:38:53.8500","2018-12-15 12:43:59.9970",3202,"Newport PATH",40.7272235,-74.0337589,3183,"Exchange Place",40.7162469,-74.0334588,29578,"Subscriber",1979,1
493,"2018-12-15 12:49:46.8900","2018-12-15 12:58:00.4100",3202,"Newport PATH",40.7272235,-74.0337589,3187,"Warren St",40.7211236,-74.03805095,29593,"Subscriber",1993,2
746,"2018-12-15 13:13:20.5510","2018-12-15 13:25:47.4710",3202,"Newport PATH",40.7272235,-74.0337589,3483,"Montgomery St",40.71942,-74.05099,29489,"Subscriber",1990,1
260,"2018-12-15 15:43:50.2830","2018-12-15 15:48:10.6540",3202,"Newport PATH",40.7272235,-74.0337589,3639,"Harborside",40.7192517,-74.034234,26298,"Subscriber",1971,2
456,"2018-12-15 15:44:46.7380","2018-12-15 15:52:22.8770",3202,"Newport PATH",40.7272235,-74.0337589,3202,"Newport PATH",40.7272235,-74.0337589,29437,"Subscriber",1979,1
680,"2018-12-15 17:17:37.1950","2018-12-15 17:28:57.7780",3202,"Newport PATH",40.7272235,-74.0337589,3205,"JC Medical Center",40.71653978099194,-74.0496379137039,29209,"Subscriber",1988,2
370,"2018-12-15 18:56:02.3560","2018-12-15 19:02:12.7160",3202,"Newport PATH",40.7272235,-74.0337589,3270,"Jersey & 6th St",40.72528910781132,-74.04557168483734,29504,"Subscriber",1981,1
274,"2018-12-15 19:22:30.1840","2018-12-15 19:27:04.8290",3202,"Newport PATH",40.7272235,-74.0337589,3639,"Harborside",40.7192517,-74.034234,29497,"Subscriber",1988,1
127,"2018-12-15 19:56:24.6050","2018-12-15 19:58:32.3360",3202,"Newport PATH",40.7272235,-74.0337589,3638,"Washington St",40.7242941,-74.0354826,29489,"Subscriber",1978,1
133,"2018-12-15 20:02:56.5920","2018-12-15 20:05:09.8560",3202,"Newport PATH",40.7272235,-74.0337589,3199,"Newport Pkwy",40.7287448,-74.0321082,29437,"Subscriber",1978,1
853,"2018-12-15 20:10:17.1360","2018-12-15 20:24:30.1880",3202,"Newport PATH",40.7272235,-74.0337589,3198,"Heights Elevator",40.748715945380226,-74.04044330120087,26283,"Subscriber",1978,1
571,"2018-12-15 20:15:44.7390","2018-12-15 20:25:16.1390",3202,"Newport PATH",40.7272235,-74.0337589,3203,"Hamilton Park",40.727595966,-74.044247311,29594,"Subscriber",1989,1
444,"2018-12-15 20:34:37.9590","2018-12-15 20:42:01.9980",3202,"Newport PATH",40.7272235,-74.0337589,3203,"Hamilton Park",40.727595966,-74.044247311,26244,"Subscriber",1990,1
273,"2018-12-15 21:33:20.4130","2018-12-15 21:37:53.6090",3202,"Newport PATH",40.7272235,-74.0337589,3187,"Warren St",40.7211236,-74.03805095,29480,"Subscriber",1973,1
988,"2018-12-15 22:23:53.3150","2018-12-15 22:40:21.5890",3202,"Newport PATH",40.7272235,-74.0337589,3183,"Exchange Place",40.7162469,-74.0334588,26153,"Customer",1969,0
996,"2018-12-15 22:23:55.1540","2018-12-15 22:40:32.0670",3202,"Newport PATH",40.7272235,-74.0337589,3183,"Exchange Place",40.7162469,-74.0334588,29602,"Customer",1969,0
233,"2018-12-16 00:32:10.4330","2018-12-16 00:36:04.3420",3202,"Newport PATH",40.7272235,-74.0337589,3187,"Warren St",40.7211236,-74.03805095,26288,"Subscriber",1987,1
605,"2018-12-16 01:53:37.4080","2018-12-16 02:03:43.0540",3202,"Newport PATH",40.7272235,-74.0337589,3269,"Brunswick & 6th",40.72601172964625,-74.05038893222809,26311,"Subscriber",1993,2
544,"2018-12-16 01:54:37.8600","2018-12-16 02:03:42.7170",3202,"Newport PATH",40.7272235,-74.0337589,3269,"Brunswick & 6th",40.72601172964625,-74.05038893222809,26298,"Subscriber",1990,1
300,"2018-12-16 02:16:56.6410","2018-12-16 02:21:57.2230",3202,"Newport PATH",40.7272235,-74.0337589,3275,"Columbus Drive",40.71835519823214,-74.03891444206238,26233,"Subscriber",1991,1
561,"2018-12-16 13:59:28.3690","2018-12-16 14:08:49.4550",3202,"Newport PATH",40.7272235,-74.0337589,3275,"Columbus Drive",40.71835519823214,-74.03891444206238,29124,"Subscriber",1993,1
149,"2018-12-16 17:08:50.5270","2018-12-16 17:11:20.1120",3202,"Newport PATH",40.7272235,-74.0337589,3199,"Newport Pkwy",40.7287448,-74.0321082,29263,"Subscriber",1980,1
264,"2018-12-17 01:38:36.5420","2018-12-17 01:43:00.9580",3202,"Newport PATH",40.7272235,-74.0337589,3275,"Columbus Drive",40.71835519823214,-74.03891444206238,29608,"Subscriber",1972,1
301,"2018-12-17 07:40:44.8570","2018-12-17 07:45:45.9110",3202,"Newport PATH",40.7272235,-74.0337589,3639,"Harborside",40.7192517,-74.034234,26184,"Subscriber",1958,1
130,"2018-12-17 07:41:48.0560","2018-12-17 07:43:58.2040",3202,"Newport PATH",40.7272235,-74.0337589,3199,"Newport Pkwy",40.7287448,-74.0321082,29296,"Subscriber",1989,1
281,"2018-12-17 08:10:50.0240","2018-12-17 08:15:31.4550",3202,"Newport PATH",40.7272235,-74.0337589,3639,"Harborside",40.7192517,-74.034234,29675,"Subscriber",1989,1
466,"2018-12-17 09:18:47.3980","2018-12-17 09:26:34.0230",3202,"Newport PATH",40.7272235,-74.0337589,3183,"Exchange Place",40.7162469,-74.0334588,26151,"Subscriber",1991,1
300,"2018-12-17 09:20:24.3120","2018-12-17 09:25:24.6650",3202,"Newport PATH",40.7272235,-74.0337589,3639,"Harborside",40.7192517,-74.034234,26282,"Subscriber",1991,2
536,"2018-12-17 10:13:15.0200","2018-12-17 10:22:11.6650",3202,"Newport PATH",40.7272235,-74.0337589,3267,"Morris Canal",40.7124188237569,-74.03852552175522,26215,"Subscriber",1988,1
830,"2018-12-17 10:58:24.1910","2018-12-17 11:12:14.9540",3202,"Newport PATH",40.7272235,-74.0337589,3198,"Heights Elevator",40.748715945380226,-74.04044330120087,26215,"Subscriber",1989,1
307,"2018-12-17 12:49:22.7710","2018-12-17 12:54:30.0260",3202,"Newport PATH",40.7272235,-74.0337589,3639,"Harborside",40.7192517,-74.034234,26198,"Subscriber",1952,2
1753,"2018-12-17 12:52:36.0770","2018-12-17 13:21:49.9560",3202,"Newport PATH",40.7272235,-74.0337589,3199,"Newport Pkwy",40.7287448,-74.0321082,26300,"Customer",1969,0
481,"2018-12-17 13:31:06.7550","2018-12-17 13:39:08.4580",3202,"Newport PATH",40.7272235,-74.0337589,3272,"Jersey & 3rd",40.72333158646436,-74.04595255851744,29554,"Subscriber",1981,1
140,"2018-12-17 14:24:02.5100","2018-12-17 14:26:22.9710",3202,"Newport PATH",40.7272235,-74.0337589,3199,"Newport Pkwy",40.7287448,-74.0321082,26224,"Subscriber",1995,2
445,"2018-12-17 15:57:33.1050","2018-12-17 16:04:58.2870",3202,"Newport PATH",40.7272235,-74.0337589,3272,"Jersey & 3rd",40.72333158646436,-74.04595255851744,26221,"Subscriber",1968,2
291,"2018-12-17 16:13:01.9970","2018-12-17 16:17:53.3710",3202,"Newport PATH",40.7272235,-74.0337589,3203,"Hamilton Park",40.727595966,-74.044247311,29595,"Subscriber",1968,1
369,"2018-12-17 17:02:21.1330","2018-12-17 17:08:30.5250",3202,"Newport PATH",40.7272235,-74.0337589,3681,"Grand St",40.71517767732029,-74.03768330812454,29533,"Subscriber",1970,1
415,"2018-12-17 17:04:12.7550","2018-12-17 17:11:07.8890",3202,"Newport PATH",40.7272235,-74.0337589,3275,"Columbus Drive",40.71835519823214,-74.03891444206238,29607,"Subscriber",1986,1
521,"2018-12-17 17:04:20.3050","2018-12-17 17:13:02.0410",3202,"Newport PATH",40.7272235,-74.0337589,3203,"Hamilton Park",40.727595966,-74.044247311,29663,"Subscriber",1982,1
1094,"2018-12-17 17:14:57.9010","2018-12-17 17:33:12.5150",3202,"Newport PATH",40.7272235,-74.0337589,3207,"Oakland Ave",40.7376037,-74.0524783,29437,"Subscriber",1988,1
309,"2018-12-17 17:47:16.4200","2018-12-17 17:52:25.4210",3202,"Newport PATH",40.7272235,-74.0337589,3639,"Harborside",40.7192517,-74.034234,26302,"Subscriber",1987,1
373,"2018-12-17 17:47:33.5940","2018-12-17 17:53:47.1620",3202,"Newport PATH",40.7272235,-74.0337589,3203,"Hamilton Park",40.727595966,-74.044247311,29288,"Subscriber",1985,2
563,"2018-12-17 17:51:48.0510","2018-12-17 18:01:11.5220",3202,"Newport PATH",40.7272235,-74.0337589,3214,"Essex Light Rail",40.7127742,-74.0364857,29263,"Subscriber",1963,1
1444,"2018-12-17 17:52:47.6730","2018-12-17 18:16:52.0930",3202,"Newport PATH",40.7272235,-74.0337589,3220,"5 Corners Library",40.734961020009514,-74.0595030784607,26191,"Subscriber",1980,1
502,"2018-12-17 18:02:10.6720","2018-12-17 18:10:33.1380",3202,"Newport PATH",40.7272235,-74.0337589,3203,"Hamilton Park",40.727595966,-74.044247311,29577,"Subscriber",1973,1
435,"2018-12-17 18:11:11.2470","2018-12-17 18:18:27.1330",3202,"Newport PATH",40.7272235,-74.0337589,3203,"Hamilton Park",40.727595966,-74.044247311,29618,"Subscriber",1981,1
881,"2018-12-17 18:19:39.5650","2018-12-17 18:34:21.4080",3202,"Newport PATH",40.7272235,-74.0337589,3267,"Morris Canal",40.7124188237569,-74.03852552175522,29234,"Subscriber",1979,1
305,"2018-12-17 18:21:49.8880","2018-12-17 18:26:54.9470",3202,"Newport PATH",40.7272235,-74.0337589,3187,"Warren St",40.7211236,-74.03805095,26170,"Subscriber",1990,1
418,"2018-12-17 18:22:15.5970","2018-12-17 18:29:14.2370",3202,"Newport PATH",40.7272235,-74.0337589,3187,"Warren St",40.7211236,-74.03805095,29264,"Subscriber",1991,1
447,"2018-12-17 18:27:35.4700","2018-12-17 18:35:03.1810",3202,"Newport PATH",40.7272235,-74.0337589,3278,"Monmouth and 6th",40.72568548362901,-74.04879033565521,29602,"Subscriber",1976,2
136,"2018-12-17 18:49:39.0970","2018-12-17 18:51:55.4320",3202,"Newport PATH",40.7272235,-74.0337589,3199,"Newport Pkwy",40.7287448,-74.0321082,29489,"Subscriber",1986,1
415,"2018-12-17 18:55:38.4470","2018-12-17 19:02:34.2700",3202,"Newport PATH",40.7272235,-74.0337589,3203,"Hamilton Park",40.727595966,-74.044247311,29458,"Subscriber",1987,1
157,"2018-12-17 19:02:02.7490","2018-12-17 19:04:39.7600",3202,"Newport PATH",40.7272235,-74.0337589,3199,"Newport Pkwy",40.7287448,-74.0321082,29264,"Subscriber",1965,1
999,"2018-12-17 19:02:23.2040","2018-12-17 19:19:02.4780",3202,"Newport PATH",40.7272235,-74.0337589,3196,"Riverview Park",40.7443187,-74.0439909,26302,"Subscriber",1972,2
189,"2018-12-17 19:03:37.1500","2018-12-17 19:06:46.9070",3202,"Newport PATH",40.7272235,-74.0337589,3199,"Newport Pkwy",40.7287448,-74.0321082,29472,"Subscriber",1994,1
363,"2018-12-17 20:13:57.4780","2018-12-17 20:20:00.5650",3202,"Newport PATH",40.7272235,-74.0337589,3203,"Hamilton Park",40.727595966,-74.044247311,26288,"Subscriber",1990,1
281,"2018-12-18 07:52:12.2100","2018-12-18 07:56:53.5650",3202,"Newport PATH",40.7272235,-74.0337589,3639,"Harborside",40.7192517,-74.034234,26282,"Subscriber",1989,1
270,"2018-12-18 09:22:40.0230","2018-12-18 09:27:10.9880",3202,"Newport PATH",40.7272235,-74.0337589,3639,"Harborside",40.7192517,-74.034234,29208,"Subscriber",1991,2
325,"2018-12-18 11:16:49.9530","2018-12-18 11:22:15.9380",3202,"Newport PATH",40.7272235,-74.0337589,3639,"Harborside",40.7192517,-74.034234,29646,"Subscriber",1964,1
582,"2018-12-18 11:50:47.0700","2018-12-18 12:00:29.9620",3202,"Newport PATH",40.7272235,-74.0337589,3639,"Harborside",40.7192517,-74.034234,26276,"Subscriber",1986,1
418,"2018-12-18 12:03:27.3260","2018-12-18 12:10:25.9810",3202,"Newport PATH",40.7272235,-74.0337589,3278,"Monmouth and 6th",40.72568548362901,-74.04879033565521,29306,"Subscriber",1990,1
356,"2018-12-18 12:58:13.5430","2018-12-18 13:04:10.0720",3202,"Newport PATH",40.7272235,-74.0337589,3639,"Harborside",40.7192517,-74.034234,26294,"Subscriber",1988,1
957,"2018-12-18 13:18:15.4260","2018-12-18 13:34:12.7160",3202,"Newport PATH",40.7272235,-74.0337589,3214,"Essex Light Rail",40.7127742,-74.0364857,29308,"Subscriber",1985,1
356,"2018-12-18 14:10:24.8580","2018-12-18 14:16:21.5620",3202,"Newport PATH",40.7272235,-74.0337589,3272,"Jersey & 3rd",40.72333158646436,-74.04595255851744,26278,"Subscriber",1981,1
553,"2018-12-18 14:45:53.7810","2018-12-18 14:55:07.0540",3202,"Newport PATH",40.7272235,-74.0337589,3203,"Hamilton Park",40.727595966,-74.044247311,29598,"Subscriber",1990,1
340,"2018-12-18 16:22:58.6790","2018-12-18 16:28:38.9850",3202,"Newport PATH",40.7272235,-74.0337589,3203,"Hamilton Park",40.727595966,-74.044247311,26258,"Subscriber",1984,2
495,"2018-12-18 16:39:27.7690","2018-12-18 16:47:42.8980",3202,"Newport PATH",40.7272235,-74.0337589,3269,"Brunswick & 6th",40.72601172964625,-74.05038893222809,26300,"Subscriber",1986,2
3622,"2018-12-18 16:44:11.1640","2018-12-18 17:44:33.2680",3202,"Newport PATH",40.7272235,-74.0337589,3185,"City Hall",40.7177325,-74.043845,29546,"Subscriber",1968,1
440,"2018-12-18 16:55:24.3920","2018-12-18 17:02:44.6690",3202,"Newport PATH",40.7272235,-74.0337589,3184,"Paulus Hook",40.7141454,-74.0335519,29544,"Subscriber",1981,1
519,"2018-12-18 17:27:36.2020","2018-12-18 17:36:15.4690",3202,"Newport PATH",40.7272235,-74.0337589,3211,"Newark Ave",40.72152515,-74.046304543,29267,"Subscriber",1990,1
440,"2018-12-18 17:31:05.0170","2018-12-18 17:38:25.7810",3202,"Newport PATH",40.7272235,-74.0337589,3203,"Hamilton Park",40.727595966,-74.044247311,29288,"Subscriber",1985,2
479,"2018-12-18 17:41:36.4280","2018-12-18 17:49:36.2940",3202,"Newport PATH",40.7272235,-74.0337589,3203,"Hamilton Park",40.727595966,-74.044247311,26202,"Subscriber",1974,2
404,"2018-12-18 18:16:33.4890","2018-12-18 18:23:18.4600",3202,"Newport PATH",40.7272235,-74.0337589,3639,"Harborside",40.7192517,-74.034234,29120,"Subscriber",1990,1
430,"2018-12-18 18:26:16.1240","2018-12-18 18:33:26.2300",3202,"Newport PATH",40.7272235,-74.0337589,3203,"Hamilton Park",40.727595966,-74.044247311,26276,"Subscriber",1973,1
116,"2018-12-18 18:46:35.4100","2018-12-18 18:48:31.9900",3202,"Newport PATH",40.7272235,-74.0337589,3638,"Washington St",40.7242941,-74.0354826,29552,"Subscriber",1963,1
467,"2018-12-19 09:05:05.7420","2018-12-19 09:12:53.5330",3202,"Newport PATH",40.7272235,-74.0337589,3183,"Exchange Place",40.7162469,-74.0334588,29512,"Subscriber",1991,1
275,"2018-12-19 09:16:42.6810","2018-12-19 09:21:18.2360",3202,"Newport PATH",40.7272235,-74.0337589,3639,"Harborside",40.7192517,-74.034234,29263,"Subscriber",1991,2
267,"2018-12-19 09:26:25.4730","2018-12-19 09:30:52.6470",3202,"Newport PATH",40.7272235,-74.0337589,3639,"Harborside",40.7192517,-74.034234,29658,"Subscriber",1993,1
227,"2018-12-19 10:44:05.7970","2018-12-19 10:47:53.6820",3202,"Newport PATH",40.7272235,-74.0337589,3639,"Harborside",40.7192517,-74.034234,29221,"Subscriber",1978,1
280,"2018-12-19 13:02:48.1390","2018-12-19 13:07:29.0660",3202,"Newport PATH",40.7272235,-74.0337589,3639,"Harborside",40.7192517,-74.034234,26215,"Subscriber",1975,1
367,"2018-12-19 13:47:35.4540","2018-12-19 13:53:43.0170",3202,"Newport PATH",40.7272235,-74.0337589,3272,"Jersey & 3rd",40.72333158646436,-74.04595255851744,26241,"Subscriber",1981,1
1049,"2018-12-19 14:03:32.2130","2018-12-19 14:21:02.1500",3202,"Newport PATH",40.7272235,-74.0337589,3198,"Heights Elevator",40.748715945380226,-74.04044330120087,26282,"Subscriber",1989,1
421,"2018-12-19 14:34:07.4270","2018-12-19 14:41:08.9940",3202,"Newport PATH",40.7272235,-74.0337589,3272,"Jersey & 3rd",40.72333158646436,-74.04595255851744,26158,"Subscriber",1952,1
151,"2018-12-19 15:23:42.7520","2018-12-19 15:26:14.5940",3202,"Newport PATH",40.7272235,-74.0337589,3199,"Newport Pkwy",40.7287448,-74.0321082,26174,"Subscriber",1987,2
479,"2018-12-19 15:45:32.2940","2018-12-19 15:53:32.1070",3202,"Newport PATH",40.7272235,-74.0337589,3481,"York St",40.71649,-74.04105,29545,"Subscriber",1954,2
94,"2018-12-19 16:42:36.9630","2018-12-19 16:44:11.6230",3202,"Newport PATH",40.7272235,-74.0337589,3199,"Newport Pkwy",40.7287448,-74.0321082,29541,"Subscriber",1988,1
331,"2018-12-19 16:43:18.7390","2018-12-19 16:48:50.0010",3202,"Newport PATH",40.7272235,-74.0337589,3203,"Hamilton Park",40.727595966,-74.044247311,29469,"Subscriber",1968,1
234,"2018-12-19 17:04:13.8630","2018-12-19 17:08:08.2480",3202,"Newport PATH",40.7272235,-74.0337589,3187,"Warren St",40.7211236,-74.03805095,26203,"Subscriber",1986,1
380,"2018-12-19 17:06:11.2240","2018-12-19 17:12:31.6080",3202,"Newport PATH",40.7272235,-74.0337589,3275,"Columbus Drive",40.71835519823214,-74.03891444206238,29640,"Subscriber",1986,1
349,"2018-12-19 17:12:47.9140","2018-12-19 17:18:37.5100",3202,"Newport PATH",40.7272235,-74.0337589,3203,"Hamilton Park",40.727595966,-74.044247311,29281,"Subscriber",1984,1
646,"2018-12-19 17:13:30.7070","2018-12-19 17:24:17.3830",3202,"Newport PATH",40.7272235,-74.0337589,3276,"Marin Light Rail",40.71458403535893,-74.04281705617905,26201,"Subscriber",1990,1
706,"2018-12-19 17:14:40.2970","2018-12-19 17:26:26.8810",3202,"Newport PATH",40.7272235,-74.0337589,3214,"Essex Light Rail",40.7127742,-74.0364857,29307,"Subscriber",1963,1
447,"2018-12-19 17:22:23.4170","2018-12-19 17:29:50.4510",3202,"Newport PATH",40.7272235,-74.0337589,3203,"Hamilton Park",40.727595966,-74.044247311,26164,"Subscriber",1988,1
419,"2018-12-19 17:22:30.2490","2018-12-19 17:29:29.5570",3202,"Newport PATH",40.7272235,-74.0337589,3203,"Hamilton Park",40.727595966,-74.044247311,29552,"Subscriber",1989,1
466,"2018-12-19 17:26:53.5310","2018-12-19 17:34:40.4930",3202,"Newport PATH",40.7272235,-74.0337589,3639,"Harborside",40.7192517,-74.034234,29526,"Subscriber",1970,1
415,"2018-12-19 17:27:11.0250","2018-12-19 17:34:06.4280",3202,"Newport PATH",40.7272235,-74.0337589,3187,"Warren St",40.7211236,-74.03805095,26248,"Subscriber",1969,0
436,"2018-12-19 17:38:59.3740","2018-12-19 17:46:15.6600",3202,"Newport PATH",40.7272235,-74.0337589,3203,"Hamilton Park",40.727595966,-74.044247311,29602,"Subscriber",1985,2
446,"2018-12-19 17:40:44.5720","2018-12-19 17:48:10.9790",3202,"Newport PATH",40.7272235,-74.0337589,3203,"Hamilton Park",40.727595966,-74.044247311,26175,"Subscriber",1984,2
460,"2018-12-19 17:40:51.2190","2018-12-19 17:48:31.4500",3202,"Newport PATH",40.7272235,-74.0337589,3203,"Hamilton Park",40.727595966,-74.044247311,29672,"Subscriber",1966,1
380,"2018-12-19 18:02:04.7810","2018-12-19 18:08:25.5040",3202,"Newport PATH",40.7272235,-74.0337589,3681,"Grand St",40.71517767732029,-74.03768330812454,29506,"Subscriber",1971,1
145,"2018-12-19 18:04:45.5630","2018-12-19 18:07:11.1180",3202,"Newport PATH",40.7272235,-74.0337589,3199,"Newport Pkwy",40.7287448,-74.0321082,29607,"Subscriber",1980,1
1933,"2018-12-19 18:13:50.1480","2018-12-19 18:46:03.2760",3202,"Newport PATH",40.7272235,-74.0337589,3281,"Leonard Gordon Park",40.74590996631558,-74.0572714805603,26172,"Subscriber",1980,1
495,"2018-12-19 18:22:07.7020","2018-12-19 18:30:23.5690",3202,"Newport PATH",40.7272235,-74.0337589,3203,"Hamilton Park",40.727595966,-74.044247311,29671,"Subscriber",1983,1
1469,"2018-12-19 18:24:42.7810","2018-12-19 18:49:11.9310",3202,"Newport PATH",40.7272235,-74.0337589,3206,"Hilltop",40.7311689,-74.0575736,29540,"Customer",1969,0
798,"2018-12-19 18:29:38.1230","2018-12-19 18:42:56.3920",3202,"Newport PATH",40.7272235,-74.0337589,3278,"Monmouth and 6th",40.72568548362901,-74.04879033565521,26284,"Subscriber",1986,1
524,"2018-12-19 18:43:07.6360","2018-12-19 18:51:51.9120",3202,"Newport PATH",40.7272235,-74.0337589,3203,"Hamilton Park",40.727595966,-74.044247311,29498,"Subscriber",1974,1
277,"2018-12-19 18:46:11.5930","2018-12-19 18:50:49.5680",3202,"Newport PATH",40.7272235,-74.0337589,3639,"Harborside",40.7192517,-74.034234,29204,"Subscriber",1963,1
356,"2018-12-19 18:51:46.7820","2018-12-19 18:57:43.0680",3202,"Newport PATH",40.7272235,-74.0337589,3275,"Columbus Drive",40.71835519823214,-74.03891444206238,29228,"Subscriber",1973,2
656,"2018-12-19 19:33:02.4780","2018-12-19 19:43:59.0180",3202,"Newport PATH",40.7272235,-74.0337589,3209,"Brunswick St",40.7241765,-74.0506564,29261,"Subscriber",1989,2
357,"2018-12-19 20:01:49.4890","2018-12-19 20:07:47.3730",3202,"Newport PATH",40.7272235,-74.0337589,3203,"Hamilton Park",40.727595966,-74.044247311,29662,"Subscriber",1993,1
387,"2018-12-19 20:48:14.7560","2018-12-19 20:54:41.9170",3202,"Newport PATH",40.7272235,-74.0337589,3203,"Hamilton Park",40.727595966,-74.044247311,29582,"Subscriber",1983,1
326,"2018-12-19 21:02:53.1860","2018-12-19 21:08:19.2540",3202,"Newport PATH",40.7272235,-74.0337589,3639,"Harborside",40.7192517,-74.034234,29652,"Subscriber",1981,1
288,"2018-12-19 21:23:07.4880","2018-12-19 21:27:56.3070",3202,"Newport PATH",40.7272235,-74.0337589,3639,"Harborside",40.7192517,-74.034234,29485,"Subscriber",1980,1
299,"2018-12-19 21:34:17.3960","2018-12-19 21:39:16.6230",3202,"Newport PATH",40.7272235,-74.0337589,3187,"Warren St",40.7211236,-74.03805095,29678,"Subscriber",1987,1
157,"2018-12-19 21:34:25.6590","2018-12-19 21:37:03.4380",3202,"Newport PATH",40.7272235,-74.0337589,3199,"Newport Pkwy",40.7287448,-74.0321082,26204,"Subscriber",1990,1
324,"2018-12-19 21:34:52.2040","2018-12-19 21:40:16.5670",3202,"Newport PATH",40.7272235,-74.0337589,3187,"Warren St",40.7211236,-74.03805095,29496,"Subscriber",1994,1
139,"2018-12-19 21:38:00.9970","2018-12-19 21:40:20.4980",3202,"Newport PATH",40.7272235,-74.0337589,3638,"Washington St",40.7242941,-74.0354826,29217,"Subscriber",1989,2
362,"2018-12-19 22:43:51.2540","2018-12-19 22:49:53.2960",3202,"Newport PATH",40.7272235,-74.0337589,3275,"Columbus Drive",40.71835519823214,-74.03891444206238,29197,"Subscriber",1969,0
111,"2018-12-20 01:12:21.4400","2018-12-20 01:14:13.1950",3202,"Newport PATH",40.7272235,-74.0337589,3638,"Washington St",40.7242941,-74.0354826,29661,"Subscriber",1992,1
278,"2018-12-20 07:59:57.7230","2018-12-20 08:04:35.9430",3202,"Newport PATH",40.7272235,-74.0337589,3639,"Harborside",40.7192517,-74.034234,26153,"Subscriber",1963,1
247,"2018-12-20 08:06:18.5590","2018-12-20 08:10:25.7560",3202,"Newport PATH",40.7272235,-74.0337589,3639,"Harborside",40.7192517,-74.034234,29245,"Subscriber",1989,1
283,"2018-12-20 08:32:21.1240","2018-12-20 08:37:04.3010",3202,"Newport PATH",40.7272235,-74.0337589,3639,"Harborside",40.7192517,-74.034234,29602,"Subscriber",1993,1
271,"2018-12-20 09:19:31.3250","2018-12-20 09:24:02.3830",3202,"Newport PATH",40.7272235,-74.0337589,3639,"Harborside",40.7192517,-74.034234,26208,"Subscriber",1991,2
313,"2018-12-20 09:26:11.0370","2018-12-20 09:31:24.1910",3202,"Newport PATH",40.7272235,-74.0337589,3639,"Harborside",40.7192517,-74.034234,26188,"Subscriber",1990,1
326,"2018-12-20 10:23:57.0640","2018-12-20 10:29:23.9760",3202,"Newport PATH",40.7272235,-74.0337589,3187,"Warren St",40.7211236,-74.03805095,29589,"Subscriber",1988,1
440,"2018-12-20 10:49:30.3990","2018-12-20 10:56:51.2150",3202,"Newport PATH",40.7272235,-74.0337589,3185,"City Hall",40.7177325,-74.043845,29498,"Subscriber",1981,1
386,"2018-12-20 10:56:16.0600","2018-12-20 11:02:42.4290",3202,"Newport PATH",40.7272235,-74.0337589,3639,"Harborside",40.7192517,-74.034234,26204,"Subscriber",1966,1
334,"2018-12-20 11:34:59.2610","2018-12-20 11:40:33.7520",3202,"Newport PATH",40.7272235,-74.0337589,3639,"Harborside",40.7192517,-74.034234,26170,"Subscriber",1964,1
408,"2018-12-20 11:43:43.8580","2018-12-20 11:50:32.5640",3202,"Newport PATH",40.7272235,-74.0337589,3203,"Hamilton Park",40.727595966,-74.044247311,29439,"Subscriber",1985,1
1513,"2018-12-20 13:36:44.1530","2018-12-20 14:01:57.6450",3202,"Newport PATH",40.7272235,-74.0337589,3281,"Leonard Gordon Park",40.74590996631558,-74.0572714805603,26283,"Subscriber",1980,1
466,"2018-12-20 14:19:42.2060","2018-12-20 14:27:29.1380",3202,"Newport PATH",40.7272235,-74.0337589,3681,"Grand St",40.71517767732029,-74.03768330812454,29569,"Subscriber",1956,1
409,"2018-12-20 14:37:21.0310","2018-12-20 14:44:10.2740",3202,"Newport PATH",40.7272235,-74.0337589,3272,"Jersey & 3rd",40.72333158646436,-74.04595255851744,29496,"Subscriber",1981,1
289,"2018-12-20 14:59:59.3510","2018-12-20 15:04:48.5870",3202,"Newport PATH",40.7272235,-74.0337589,3187,"Warren St",40.7211236,-74.03805095,29236,"Subscriber",1957,1
549,"2018-12-20 16:54:19.5980","2018-12-20 17:03:28.7010",3202,"Newport PATH",40.7272235,-74.0337589,3184,"Paulus Hook",40.7141454,-74.0335519,29544,"Subscriber",1981,1
465,"2018-12-20 17:05:35.6500","2018-12-20 17:13:20.9680",3202,"Newport PATH",40.7272235,-74.0337589,3203,"Hamilton Park",40.727595966,-74.044247311,29288,"Subscriber",1985,2
543,"2018-12-20 17:12:49.1170","2018-12-20 17:21:52.4630",3202,"Newport PATH",40.7272235,-74.0337589,3267,"Morris Canal",40.7124188237569,-74.03852552175522,26311,"Subscriber",1970,1
175,"2018-12-20 18:24:39.2600","2018-12-20 18:27:34.8610",3202,"Newport PATH",40.7272235,-74.0337589,3199,"Newport Pkwy",40.7287448,-74.0321082,29120,"Subscriber",1965,1
854,"2018-12-20 19:43:12.5330","2018-12-20 19:57:27.3280",3202,"Newport PATH",40.7272235,-74.0337589,3198,"Heights Elevator",40.748715945380226,-74.04044330120087,26186,"Subscriber",1988,1
697,"2018-12-20 20:07:53.5970","2018-12-20 20:19:31.0820",3202,"Newport PATH",40.7272235,-74.0337589,3196,"Riverview Park",40.7443187,-74.0439909,29645,"Subscriber",1985,1
463,"2018-12-20 20:42:04.8860","2018-12-20 20:49:48.1320",3202,"Newport PATH",40.7272235,-74.0337589,3275,"Columbus Drive",40.71835519823214,-74.03891444206238,26206,"Subscriber",1987,1
386,"2018-12-20 20:55:47.2940","2018-12-20 21:02:13.7240",3202,"Newport PATH",40.7272235,-74.0337589,3639,"Harborside",40.7192517,-74.034234,26164,"Subscriber",1991,1
959,"2018-12-20 21:13:06.5140","2018-12-20 21:29:05.8520",3202,"Newport PATH",40.7272235,-74.0337589,3207,"Oakland Ave",40.7376037,-74.0524783,29513,"Subscriber",1991,1
318,"2018-12-20 21:13:43.4560","2018-12-20 21:19:01.9230",3202,"Newport PATH",40.7272235,-74.0337589,3639,"Harborside",40.7192517,-74.034234,29124,"Subscriber",1963,1
354,"2018-12-20 21:35:14.8610","2018-12-20 21:41:09.6780",3202,"Newport PATH",40.7272235,-74.0337589,3639,"Harborside",40.7192517,-74.034234,29541,"Subscriber",1987,1
510,"2018-12-20 21:36:40.2060","2018-12-20 21:45:10.3320",3202,"Newport PATH",40.7272235,-74.0337589,3203,"Hamilton Park",40.727595966,-74.044247311,29607,"Subscriber",1956,1
243,"2018-12-20 22:08:00.1120","2018-12-20 22:12:03.7020",3202,"Newport PATH",40.7272235,-74.0337589,3199,"Newport Pkwy",40.7287448,-74.0321082,26304,"Subscriber",1987,2
258,"2018-12-20 22:13:05.2220","2018-12-20 22:17:23.6450",3202,"Newport PATH",40.7272235,-74.0337589,3202,"Newport PATH",40.7272235,-74.0337589,29485,"Subscriber",1988,1
416,"2018-12-20 22:21:04.6030","2018-12-20 22:28:01.5720",3202,"Newport PATH",40.7272235,-74.0337589,3203,"Hamilton Park",40.727595966,-74.044247311,29485,"Subscriber",1985,1
303,"2018-12-20 22:47:44.7190","2018-12-20 22:52:48.0390",3202,"Newport PATH",40.7272235,-74.0337589,3187,"Warren St",40.7211236,-74.03805095,26255,"Subscriber",1987,1
321,"2018-12-21 15:03:19.9010","2018-12-21 15:08:41.6990",3202,"Newport PATH",40.7272235,-74.0337589,3269,"Brunswick & 6th",40.72601172964625,-74.05038893222809,26204,"Subscriber",1979,1
423,"2018-12-21 16:11:08.2550","2018-12-21 16:18:11.9590",3202,"Newport PATH",40.7272235,-74.0337589,3186,"Grove St PATH",40.71958611647166,-74.04311746358871,29460,"Subscriber",1991,1
736,"2018-12-21 16:45:23.9940","2018-12-21 16:57:40.5410",3202,"Newport PATH",40.7272235,-74.0337589,3278,"Monmouth and 6th",40.72568548362901,-74.04879033565521,29442,"Subscriber",1986,1
416,"2018-12-21 17:05:02.8060","2018-12-21 17:11:59.1280",3202,"Newport PATH",40.7272235,-74.0337589,3203,"Hamilton Park",40.727595966,-74.044247311,26268,"Subscriber",1985,2
467,"2018-12-21 17:11:16.9340","2018-12-21 17:19:04.1100",3202,"Newport PATH",40.7272235,-74.0337589,3681,"Grand St",40.71517767732029,-74.03768330812454,26248,"Subscriber",1970,1
146,"2018-12-21 17:23:11.6570","2018-12-21 17:25:38.4570",3202,"Newport PATH",40.7272235,-74.0337589,3199,"Newport Pkwy",40.7287448,-74.0321082,26255,"Subscriber",1986,1
539,"2018-12-21 17:24:31.7400","2018-12-21 17:33:30.9570",3202,"Newport PATH",40.7272235,-74.0337589,3276,"Marin Light Rail",40.71458403535893,-74.04281705617905,26164,"Subscriber",1990,1
462,"2018-12-21 17:32:10.1650","2018-12-21 17:39:52.4490",3202,"Newport PATH",40.7272235,-74.0337589,3639,"Harborside",40.7192517,-74.034234,29443,"Subscriber",1990,1
1007,"2018-12-21 17:51:18.6180","2018-12-21 18:08:05.8280",3202,"Newport PATH",40.7272235,-74.0337589,3639,"Harborside",40.7192517,-74.034234,29276,"Subscriber",1991,1
139,"2018-12-21 18:13:19.0280","2018-12-21 18:15:38.9350",3202,"Newport PATH",40.7272235,-74.0337589,3199,"Newport Pkwy",40.7287448,-74.0321082,29471,"Subscriber",1994,1
378,"2018-12-21 18:21:27.6030","2018-12-21 18:27:45.8330",3202,"Newport PATH",40.7272235,-74.0337589,3187,"Warren St",40.7211236,-74.03805095,29288,"Subscriber",1991,1
161,"2018-12-21 18:34:22.1300","2018-12-21 18:37:03.8650",3202,"Newport PATH",40.7272235,-74.0337589,3199,"Newport Pkwy",40.7287448,-74.0321082,29646,"Subscriber",1965,1
160,"2018-12-21 18:52:03.7770","2018-12-21 18:54:44.5880",3202,"Newport PATH",40.7272235,-74.0337589,3199,"Newport Pkwy",40.7287448,-74.0321082,29457,"Subscriber",1990,1
122,"2018-12-21 21:51:47.6100","2018-12-21 21:53:50.1080",3202,"Newport PATH",40.7272235,-74.0337589,3199,"Newport Pkwy",40.7287448,-74.0321082,29222,"Subscriber",1989,1
399,"2018-12-21 21:56:16.9460","2018-12-21 22:02:55.9480",3202,"Newport PATH",40.7272235,-74.0337589,3202,"Newport PATH",40.7272235,-74.0337589,29619,"Subscriber",1987,2
117,"2018-12-21 22:05:03.4600","2018-12-21 22:07:01.4240",3202,"Newport PATH",40.7272235,-74.0337589,3638,"Washington St",40.7242941,-74.0354826,29616,"Subscriber",1990,1
798,"2018-12-21 22:24:34.9140","2018-12-21 22:37:53.8120",3202,"Newport PATH",40.7272235,-74.0337589,3203,"Hamilton Park",40.727595966,-74.044247311,29247,"Subscriber",1986,1
472,"2018-12-21 23:05:08.5740","2018-12-21 23:13:00.6470",3202,"Newport PATH",40.7272235,-74.0337589,3278,"Monmouth and 6th",40.72568548362901,-74.04879033565521,29198,"Subscriber",1980,1
344,"2018-12-22 00:14:10.3460","2018-12-22 00:19:55.0790",3202,"Newport PATH",40.7272235,-74.0337589,3203,"Hamilton Park",40.727595966,-74.044247311,29234,"Subscriber",1986,1
257,"2018-12-22 02:23:56.5270","2018-12-22 02:28:14.0610",3202,"Newport PATH",40.7272235,-74.0337589,3639,"Harborside",40.7192517,-74.034234,26304,"Subscriber",1992,1
205,"2018-12-22 02:56:13.9380","2018-12-22 02:59:39.3150",3202,"Newport PATH",40.7272235,-74.0337589,3270,"Jersey & 6th St",40.72528910781132,-74.04557168483734,29276,"Subscriber",1985,1
391,"2018-12-22 08:46:32.9160","2018-12-22 08:53:04.4430",3202,"Newport PATH",40.7272235,-74.0337589,3185,"City Hall",40.7177325,-74.043845,29306,"Subscriber",1981,1
10843,"2018-12-22 09:21:56.8960","2018-12-22 12:22:40.7280",3202,"Newport PATH",40.7272235,-74.0337589,3183,"Exchange Place",40.7162469,-74.0334588,29619,"Customer",1969,0
901,"2018-12-22 09:22:03.9700","2018-12-22 09:37:05.0830",3202,"Newport PATH",40.7272235,-74.0337589,3183,"Exchange Place",40.7162469,-74.0334588,29239,"Subscriber",1989,1
563,"2018-12-22 10:28:05.2560","2018-12-22 10:37:29.0270",3202,"Newport PATH",40.7272235,-74.0337589,3276,"Marin Light Rail",40.71458403535893,-74.04281705617905,26254,"Subscriber",1981,1
315,"2018-12-22 11:38:58.9560","2018-12-22 11:44:14.8150",3202,"Newport PATH",40.7272235,-74.0337589,3275,"Columbus Drive",40.71835519823214,-74.03891444206238,29213,"Subscriber",1973,2
480,"2018-12-22 13:01:27.4130","2018-12-22 13:09:27.7720",3202,"Newport PATH",40.7272235,-74.0337589,3183,"Exchange Place",40.7162469,-74.0334588,29616,"Subscriber",1953,2
301,"2018-12-22 14:05:00.4280","2018-12-22 14:10:01.6870",3202,"Newport PATH",40.7272235,-74.0337589,3187,"Warren St",40.7211236,-74.03805095,29275,"Subscriber",1972,2
277,"2018-12-22 15:49:33.4780","2018-12-22 15:54:11.3170",3202,"Newport PATH",40.7272235,-74.0337589,3639,"Harborside",40.7192517,-74.034234,29681,"Subscriber",1990,1
668,"2018-12-22 18:23:28.7200","2018-12-22 18:34:36.7970",3202,"Newport PATH",40.7272235,-74.0337589,3269,"Brunswick & 6th",40.72601172964625,-74.05038893222809,29535,"Subscriber",1958,1
559,"2018-12-22 19:42:07.7590","2018-12-22 19:51:27.1440",3202,"Newport PATH",40.7272235,-74.0337589,3203,"Hamilton Park",40.727595966,-74.044247311,29275,"Subscriber",1991,1
543,"2018-12-22 19:42:12.5840","2018-12-22 19:51:15.8680",3202,"Newport PATH",40.7272235,-74.0337589,3203,"Hamilton Park",40.727595966,-74.044247311,26279,"Subscriber",1992,2
323,"2018-12-22 20:06:55.4330","2018-12-22 20:12:18.8830",3202,"Newport PATH",40.7272235,-74.0337589,3187,"Warren St",40.7211236,-74.03805095,29308,"Subscriber",1992,2
119,"2018-12-22 20:29:59.0790","2018-12-22 20:31:58.5940",3202,"Newport PATH",40.7272235,-74.0337589,3638,"Washington St",40.7242941,-74.0354826,29619,"Subscriber",1995,2
138,"2018-12-22 21:29:04.8510","2018-12-22 21:31:23.0190",3202,"Newport PATH",40.7272235,-74.0337589,3199,"Newport Pkwy",40.7287448,-74.0321082,29536,"Subscriber",1995,2
331,"2018-12-23 02:12:53.0120","2018-12-23 02:18:24.9010",3202,"Newport PATH",40.7272235,-74.0337589,3639,"Harborside",40.7192517,-74.034234,26255,"Subscriber",1987,1
677,"2018-12-23 10:29:52.0510","2018-12-23 10:41:09.9880",3202,"Newport PATH",40.7272235,-74.0337589,3203,"Hamilton Park",40.727595966,-74.044247311,26184,"Customer",1986,1
246,"2018-12-23 10:56:07.8680","2018-12-23 11:00:14.5930",3202,"Newport PATH",40.7272235,-74.0337589,3187,"Warren St",40.7211236,-74.03805095,29544,"Subscriber",1994,1
468,"2018-12-23 12:52:52.5520","2018-12-23 13:00:41.2860",3202,"Newport PATH",40.7272235,-74.0337589,3186,"Grove St PATH",40.71958611647166,-74.04311746358871,29288,"Subscriber",1986,2
1689,"2018-12-23 14:38:22.4250","2018-12-23 15:06:32.3340",3202,"Newport PATH",40.7272235,-74.0337589,3201,"Dey St",40.737711,-74.066921,26153,"Subscriber",1963,1
458,"2018-12-23 15:58:54.6250","2018-12-23 16:06:33.4310",3202,"Newport PATH",40.7272235,-74.0337589,3183,"Exchange Place",40.7162469,-74.0334588,29500,"Subscriber",1961,2
472,"2018-12-23 16:04:04.6700","2018-12-23 16:11:57.4350",3202,"Newport PATH",40.7272235,-74.0337589,3209,"Brunswick St",40.7241765,-74.0506564,26295,"Subscriber",1968,2
2311,"2018-12-23 16:19:12.0900","2018-12-23 16:57:43.2620",3202,"Newport PATH",40.7272235,-74.0337589,3183,"Exchange Place",40.7162469,-74.0334588,26175,"Subscriber",1969,0
1863,"2018-12-23 17:33:05.1570","2018-12-23 18:04:08.3550",3202,"Newport PATH",40.7272235,-74.0337589,3202,"Newport PATH",40.7272235,-74.0337589,26175,"Subscriber",1969,0
481,"2018-12-23 18:04:24.6480","2018-12-23 18:12:25.6800",3202,"Newport PATH",40.7272235,-74.0337589,3203,"Hamilton Park",40.727595966,-74.044247311,26175,"Subscriber",1956,1
1522,"2018-12-23 18:23:26.5730","2018-12-23 18:48:49.5060",3202,"Newport PATH",40.7272235,-74.0337589,3187,"Warren St",40.7211236,-74.03805095,29607,"Subscriber",1969,0
325,"2018-12-23 20:12:26.6880","2018-12-23 20:17:52.1170",3202,"Newport PATH",40.7272235,-74.0337589,3639,"Harborside",40.7192517,-74.034234,29607,"Subscriber",1981,1
396,"2018-12-23 20:12:42.0210","2018-12-23 20:19:18.4270",3202,"Newport PATH",40.7272235,-74.0337589,3639,"Harborside",40.7192517,-74.034234,26203,"Subscriber",1980,1
403,"2018-12-24 12:30:57.0070","2018-12-24 12:37:40.2700",3202,"Newport PATH",40.7272235,-74.0337589,3272,"Jersey & 3rd",40.72333158646436,-74.04595255851744,26272,"Subscriber",1992,1
362,"2018-12-24 12:35:18.2300","2018-12-24 12:41:20.6590",3202,"Newport PATH",40.7272235,-74.0337589,3275,"Columbus Drive",40.71835519823214,-74.03891444206238,26202,"Subscriber",1988,1
323,"2018-12-24 12:50:40.6530","2018-12-24 12:56:04.5920",3202,"Newport PATH",40.7272235,-74.0337589,3639,"Harborside",40.7192517,-74.034234,26298,"Subscriber",1952,2
141,"2018-12-24 13:23:47.2200","2018-12-24 13:26:08.2900",3202,"Newport PATH",40.7272235,-74.0337589,3199,"Newport Pkwy",40.7287448,-74.0321082,26174,"Subscriber",1980,0
780,"2018-12-24 13:27:05.7510","2018-12-24 13:40:06.1630",3202,"Newport PATH",40.7272235,-74.0337589,3186,"Grove St PATH",40.71958611647166,-74.04311746358871,26311,"Subscriber",1962,1
213,"2018-12-24 13:38:56.8890","2018-12-24 13:42:30.4770",3202,"Newport PATH",40.7272235,-74.0337589,3202,"Newport PATH",40.7272235,-74.0337589,29259,"Subscriber",1996,1
711,"2018-12-24 13:47:05.4000","2018-12-24 13:58:56.8120",3202,"Newport PATH",40.7272235,-74.0337589,3269,"Brunswick & 6th",40.72601172964625,-74.05038893222809,26208,"Subscriber",1958,1
455,"2018-12-24 14:00:24.2150","2018-12-24 14:08:00.1570",3202,"Newport PATH",40.7272235,-74.0337589,3278,"Monmouth and 6th",40.72568548362901,-74.04879033565521,26212,"Subscriber",1985,2
215,"2018-12-24 14:54:21.3560","2018-12-24 14:57:56.3940",3202,"Newport PATH",40.7272235,-74.0337589,3199,"Newport Pkwy",40.7287448,-74.0321082,29259,"Subscriber",1986,1
219,"2018-12-24 15:00:27.4790","2018-12-24 15:04:07.1800",3202,"Newport PATH",40.7272235,-74.0337589,3199,"Newport Pkwy",40.7287448,-74.0321082,29225,"Subscriber",1965,1
159,"2018-12-24 15:49:45.5180","2018-12-24 15:52:25.0560",3202,"Newport PATH",40.7272235,-74.0337589,3199,"Newport Pkwy",40.7287448,-74.0321082,29257,"Subscriber",1990,1
766,"2018-12-24 16:09:54.5400","2018-12-24 16:22:41.2040",3202,"Newport PATH",40.7272235,-74.0337589,3198,"Heights Elevator",40.748715945380226,-74.04044330120087,26318,"Subscriber",1988,1
392,"2018-12-24 16:31:12.6120","2018-12-24 16:37:45.2480",3202,"Newport PATH",40.7272235,-74.0337589,3275,"Columbus Drive",40.71835519823214,-74.03891444206238,26298,"Subscriber",1987,1
593,"2018-12-24 17:00:35.2550","2018-12-24 17:10:29.2200",3202,"Newport PATH",40.7272235,-74.0337589,3209,"Brunswick St",40.7241765,-74.0506564,29284,"Subscriber",1990,1
360,"2018-12-24 17:33:43.6200","2018-12-24 17:39:43.6600",3202,"Newport PATH",40.7272235,-74.0337589,3639,"Harborside",40.7192517,-74.034234,29544,"Subscriber",1980,1
117,"2018-12-24 18:25:13.6550","2018-12-24 18:27:11.2260",3202,"Newport PATH",40.7272235,-74.0337589,3638,"Washington St",40.7242941,-74.0354826,29552,"Subscriber",1982,1
360,"2018-12-24 18:59:17.1580","2018-12-24 19:05:17.3450",3202,"Newport PATH",40.7272235,-74.0337589,3203,"Hamilton Park",40.727595966,-74.044247311,29607,"Subscriber",1987,1
254,"2018-12-24 21:02:50.8270","2018-12-24 21:07:05.4020",3202,"Newport PATH",40.7272235,-74.0337589,3639,"Harborside",40.7192517,-74.034234,29297,"Subscriber",1971,2
502,"2018-12-24 21:05:21.6160","2018-12-24 21:13:44.0690",3202,"Newport PATH",40.7272235,-74.0337589,3278,"Monmouth and 6th",40.72568548362901,-74.04879033565521,29278,"Subscriber",1983,2
1461,"2018-12-25 11:22:16.6530","2018-12-25 11:46:37.7150",3202,"Newport PATH",40.7272235,-74.0337589,3202,"Newport PATH",40.7272235,-74.0337589,26304,"Customer",1969,0
1075,"2018-12-25 12:40:48.0800","2018-12-25 12:58:43.7560",3202,"Newport PATH",40.7272235,-74.0337589,3199,"Newport Pkwy",40.7287448,-74.0321082,26304,"Customer",1969,0
1048,"2018-12-25 12:41:23.0110","2018-12-25 12:58:51.2080",3202,"Newport PATH",40.7272235,-74.0337589,3199,"Newport Pkwy",40.7287448,-74.0321082,29469,"Customer",1984,1
125,"2018-12-25 13:22:46.1300","2018-12-25 13:24:51.6290",3202,"Newport PATH",40.7272235,-74.0337589,3638,"Washington St",40.7242941,-74.0354826,26163,"Subscriber",1992,1
176,"2018-12-25 19:04:31.3530","2018-12-25 19:07:28.0270",3202,"Newport PATH",40.7272235,-74.0337589,3638,"Washington St",40.7242941,-74.0354826,26276,"Subscriber",1995,2
239,"2018-12-26 08:47:37.0650","2018-12-26 08:51:36.4160",3202,"Newport PATH",40.7272235,-74.0337589,3639,"Harborside",40.7192517,-74.034234,26294,"Subscriber",1992,1
318,"2018-12-26 09:03:16.1490","2018-12-26 09:08:34.3980",3202,"Newport PATH",40.7272235,-74.0337589,3639,"Harborside",40.7192517,-74.034234,29597,"Subscriber",1990,1
451,"2018-12-26 09:21:01.7530","2018-12-26 09:28:32.9100",3202,"Newport PATH",40.7272235,-74.0337589,3203,"Hamilton Park",40.727595966,-74.044247311,29481,"Subscriber",1979,2
782,"2018-12-26 10:13:38.0830","2018-12-26 10:26:40.6240",3202,"Newport PATH",40.7272235,-74.0337589,3269,"Brunswick & 6th",40.72601172964625,-74.05038893222809,26163,"Subscriber",1958,1
331,"2018-12-26 12:21:39.6000","2018-12-26 12:27:11.4770",3202,"Newport PATH",40.7272235,-74.0337589,3275,"Columbus Drive",40.71835519823214,-74.03891444206238,26211,"Subscriber",1988,1
239,"2018-12-26 14:24:10.8030","2018-12-26 14:28:10.1180",3202,"Newport PATH",40.7272235,-74.0337589,3199,"Newport Pkwy",40.7287448,-74.0321082,29288,"Subscriber",1980,1
111,"2018-12-26 15:11:48.7900","2018-12-26 15:13:40.5170",3202,"Newport PATH",40.7272235,-74.0337589,3638,"Washington St",40.7242941,-74.0354826,29629,"Subscriber",1996,1
398,"2018-12-26 16:18:18.7090","2018-12-26 16:24:56.9150",3202,"Newport PATH",40.7272235,-74.0337589,3681,"Grand St",40.71517767732029,-74.03768330812454,26213,"Subscriber",1970,1
364,"2018-12-26 17:14:37.8540","2018-12-26 17:20:41.9750",3202,"Newport PATH",40.7272235,-74.0337589,3275,"Columbus Drive",40.71835519823214,-74.03891444206238,29607,"Subscriber",1986,1
743,"2018-12-26 17:16:15.4670","2018-12-26 17:28:39.3360",3202,"Newport PATH",40.7272235,-74.0337589,3207,"Oakland Ave",40.7376037,-74.0524783,29230,"Subscriber",1993,1
247,"2018-12-26 17:40:00.0350","2018-12-26 17:44:07.8690",3202,"Newport PATH",40.7272235,-74.0337589,3187,"Warren St",40.7211236,-74.03805095,29619,"Subscriber",1973,1
386,"2018-12-26 18:02:03.1920","2018-12-26 18:08:29.4770",3202,"Newport PATH",40.7272235,-74.0337589,3639,"Harborside",40.7192517,-74.034234,29304,"Subscriber",1991,1
219,"2018-12-26 18:22:27.5330","2018-12-26 18:26:07.1620",3202,"Newport PATH",40.7272235,-74.0337589,3638,"Washington St",40.7242941,-74.0354826,26188,"Subscriber",1992,2
369,"2018-12-26 18:22:55.9800","2018-12-26 18:29:05.4670",3202,"Newport PATH",40.7272235,-74.0337589,3639,"Harborside",40.7192517,-74.034234,29297,"Subscriber",1990,1
318,"2018-12-26 18:31:06.3550","2018-12-26 18:36:24.9910",3202,"Newport PATH",40.7272235,-74.0337589,3638,"Washington St",40.7242941,-74.0354826,26213,"Customer",1998,1
329,"2018-12-26 18:48:55.2990","2018-12-26 18:54:24.3490",3202,"Newport PATH",40.7272235,-74.0337589,3275,"Columbus Drive",40.71835519823214,-74.03891444206238,29494,"Subscriber",1988,1
342,"2018-12-26 18:59:12.2120","2018-12-26 19:04:54.9830",3202,"Newport PATH",40.7272235,-74.0337589,3203,"Hamilton Park",40.727595966,-74.044247311,26260,"Subscriber",1987,1
323,"2018-12-26 19:42:52.5250","2018-12-26 19:48:15.5580",3202,"Newport PATH",40.7272235,-74.0337589,3275,"Columbus Drive",40.71835519823214,-74.03891444206238,29670,"Subscriber",1987,1
676,"2018-12-26 19:48:06.3030","2018-12-26 19:59:22.9720",3202,"Newport PATH",40.7272235,-74.0337589,3196,"Riverview Park",40.7443187,-74.0439909,29461,"Subscriber",1985,1
282,"2018-12-26 19:52:52.4860","2018-12-26 19:57:34.6920",3202,"Newport PATH",40.7272235,-74.0337589,3203,"Hamilton Park",40.727595966,-74.044247311,29457,"Subscriber",1985,1
134,"2018-12-26 19:54:01.7320","2018-12-26 19:56:16.1200",3202,"Newport PATH",40.7272235,-74.0337589,3199,"Newport Pkwy",40.7287448,-74.0321082,26160,"Subscriber",1980,1
135,"2018-12-26 19:54:23.8840","2018-12-26 19:56:39.1800",3202,"Newport PATH",40.7272235,-74.0337589,3199,"Newport Pkwy",40.7287448,-74.0321082,26189,"Subscriber",1980,0
129,"2018-12-26 20:00:55.5520","2018-12-26 20:03:05.1700",3202,"Newport PATH",40.7272235,-74.0337589,3638,"Washington St",40.7242941,-74.0354826,29277,"Subscriber",1982,1
777,"2018-12-26 20:17:50.1260","2018-12-26 20:30:47.2930",3202,"Newport PATH",40.7272235,-74.0337589,3198,"Heights Elevator",40.748715945380226,-74.04044330120087,26158,"Subscriber",1988,1
281,"2018-12-26 20:25:04.4910","2018-12-26 20:29:45.5710",3202,"Newport PATH",40.7272235,-74.0337589,3187,"Warren St",40.7211236,-74.03805095,29536,"Subscriber",1987,1
282,"2018-12-26 23:15:51.6750","2018-12-26 23:20:33.8770",3202,"Newport PATH",40.7272235,-74.0337589,3639,"Harborside",40.7192517,-74.034234,29468,"Subscriber",1985,1
282,"2018-12-26 23:15:57.7210","2018-12-26 23:20:40.4200",3202,"Newport PATH",40.7272235,-74.0337589,3639,"Harborside",40.7192517,-74.034234,29484,"Subscriber",1988,1
410,"2018-12-27 01:23:31.6030","2018-12-27 01:30:21.6060",3202,"Newport PATH",40.7272235,-74.0337589,3214,"Essex Light Rail",40.7127742,-74.0364857,29259,"Subscriber",1993,1
320,"2018-12-27 06:43:18.9810","2018-12-27 06:48:39.6180",3202,"Newport PATH",40.7272235,-74.0337589,3639,"Harborside",40.7192517,-74.034234,29499,"Subscriber",1958,1
278,"2018-12-27 08:50:20.9800","2018-12-27 08:54:59.0990",3202,"Newport PATH",40.7272235,-74.0337589,3639,"Harborside",40.7192517,-74.034234,26261,"Subscriber",1992,1
392,"2018-12-27 10:49:19.5640","2018-12-27 10:55:51.9690",3202,"Newport PATH",40.7272235,-74.0337589,3185,"City Hall",40.7177325,-74.043845,29517,"Subscriber",1981,1
502,"2018-12-27 11:39:37.5100","2018-12-27 11:48:00.3210",3202,"Newport PATH",40.7272235,-74.0337589,3213,"Van Vorst Park",40.71848892,-74.047726625,26275,"Subscriber",1990,1
836,"2018-12-27 11:51:21.6220","2018-12-27 12:05:18.0990",3202,"Newport PATH",40.7272235,-74.0337589,3183,"Exchange Place",40.7162469,-74.0334588,29502,"Customer",1991,1
381,"2018-12-27 12:29:27.3440","2018-12-27 12:35:48.3580",3202,"Newport PATH",40.7272235,-74.0337589,3275,"Columbus Drive",40.71835519823214,-74.03891444206238,26188,"Subscriber",1988,1
319,"2018-12-27 12:33:05.1970","2018-12-27 12:38:25.0150",3202,"Newport PATH",40.7272235,-74.0337589,3187,"Warren St",40.7211236,-74.03805095,29655,"Subscriber",1986,1
290,"2018-12-27 13:16:40.4080","2018-12-27 13:21:30.6800",3202,"Newport PATH",40.7272235,-74.0337589,3203,"Hamilton Park",40.727595966,-74.044247311,29607,"Subscriber",1971,1
255,"2018-12-27 13:27:12.4850","2018-12-27 13:31:27.8810",3202,"Newport PATH",40.7272235,-74.0337589,3187,"Warren St",40.7211236,-74.03805095,26153,"Subscriber",1991,1
218,"2018-12-27 13:34:30.3480","2018-12-27 13:38:08.8220",3202,"Newport PATH",40.7272235,-74.0337589,3187,"Warren St",40.7211236,-74.03805095,26223,"Subscriber",1987,1
342,"2018-12-27 13:40:42.5870","2018-12-27 13:46:24.9810",3202,"Newport PATH",40.7272235,-74.0337589,3639,"Harborside",40.7192517,-74.034234,29461,"Subscriber",1981,1
251,"2018-12-27 16:22:22.6630","2018-12-27 16:26:34.3170",3202,"Newport PATH",40.7272235,-74.0337589,3639,"Harborside",40.7192517,-74.034234,26153,"Subscriber",1985,1
326,"2018-12-27 16:56:08.4180","2018-12-27 17:01:34.5450",3202,"Newport PATH",40.7272235,-74.0337589,3275,"Columbus Drive",40.71835519823214,-74.03891444206238,29494,"Subscriber",1988,1
741,"2018-12-27 17:00:28.0060","2018-12-27 17:12:49.6720",3202,"Newport PATH",40.7272235,-74.0337589,3681,"Grand St",40.71517767732029,-74.03768330812454,26268,"Subscriber",1970,1
515,"2018-12-27 17:11:03.6300","2018-12-27 17:19:39.5070",3202,"Newport PATH",40.7272235,-74.0337589,3186,"Grove St PATH",40.71958611647166,-74.04311746358871,29616,"Subscriber",1986,1
179,"2018-12-27 17:16:53.1030","2018-12-27 17:19:52.3150",3202,"Newport PATH",40.7272235,-74.0337589,3199,"Newport Pkwy",40.7287448,-74.0321082,26160,"Subscriber",1965,1
266,"2018-12-27 17:50:55.1970","2018-12-27 17:55:21.7830",3202,"Newport PATH",40.7272235,-74.0337589,3639,"Harborside",40.7192517,-74.034234,29595,"Subscriber",1963,1
776,"2018-12-27 17:52:24.6950","2018-12-27 18:05:21.0040",3202,"Newport PATH",40.7272235,-74.0337589,3269,"Brunswick & 6th",40.72601172964625,-74.05038893222809,29472,"Subscriber",1981,1
964,"2018-12-27 18:10:02.1790","2018-12-27 18:26:06.6810",3202,"Newport PATH",40.7272235,-74.0337589,3212,"Christ Hospital",40.734785818,-74.050443636,26235,"Subscriber",1993,1
578,"2018-12-27 18:10:35.3270","2018-12-27 18:20:13.6230",3202,"Newport PATH",40.7272235,-74.0337589,3203,"Hamilton Park",40.727595966,-74.044247311,29234,"Subscriber",1973,2
296,"2018-12-27 18:19:54.1100","2018-12-27 18:24:50.9290",3202,"Newport PATH",40.7272235,-74.0337589,3639,"Harborside",40.7192517,-74.034234,29292,"Subscriber",1990,1
164,"2018-12-27 18:24:10.4320","2018-12-27 18:26:54.6180",3202,"Newport PATH",40.7272235,-74.0337589,3638,"Washington St",40.7242941,-74.0354826,26211,"Subscriber",1992,2
395,"2018-12-27 18:32:56.1500","2018-12-27 18:39:31.3490",3202,"Newport PATH",40.7272235,-74.0337589,3275,"Columbus Drive",40.71835519823214,-74.03891444206238,29661,"Subscriber",1973,2
856,"2018-12-27 18:44:29.4460","2018-12-27 18:58:46.0190",3202,"Newport PATH",40.7272235,-74.0337589,3203,"Hamilton Park",40.727595966,-74.044247311,29547,"Subscriber",1984,2
271,"2018-12-27 18:56:21.5130","2018-12-27 19:00:52.5420",3202,"Newport PATH",40.7272235,-74.0337589,3187,"Warren St",40.7211236,-74.03805095,26189,"Subscriber",1973,1
331,"2018-12-27 19:02:59.3030","2018-12-27 19:08:30.8580",3202,"Newport PATH",40.7272235,-74.0337589,3203,"Hamilton Park",40.727595966,-74.044247311,29502,"Subscriber",1987,1
347,"2018-12-27 19:03:22.8220","2018-12-27 19:09:10.0980",3202,"Newport PATH",40.7272235,-74.0337589,3639,"Harborside",40.7192517,-74.034234,29545,"Subscriber",1991,1
350,"2018-12-27 19:03:47.1490","2018-12-27 19:09:37.6380",3202,"Newport PATH",40.7272235,-74.0337589,3639,"Harborside",40.7192517,-74.034234,29272,"Subscriber",1980,1
130,"2018-12-27 19:09:14.4750","2018-12-27 19:11:25.2330",3202,"Newport PATH",40.7272235,-74.0337589,3638,"Washington St",40.7242941,-74.0354826,29207,"Subscriber",1982,1
660,"2018-12-27 19:45:14.7750","2018-12-27 19:56:15.0800",3202,"Newport PATH",40.7272235,-74.0337589,3196,"Riverview Park",40.7443187,-74.0439909,29535,"Subscriber",1985,1
264,"2018-12-27 20:13:23.6520","2018-12-27 20:17:47.9380",3202,"Newport PATH",40.7272235,-74.0337589,3199,"Newport Pkwy",40.7287448,-74.0321082,29534,"Subscriber",1986,1
831,"2018-12-27 20:13:29.8590","2018-12-27 20:27:20.9180",3202,"Newport PATH",40.7272235,-74.0337589,3198,"Heights Elevator",40.748715945380226,-74.04044330120087,26213,"Subscriber",1988,1
329,"2018-12-27 21:05:14.9640","2018-12-27 21:10:44.5580",3202,"Newport PATH",40.7272235,-74.0337589,3275,"Columbus Drive",40.71835519823214,-74.03891444206238,29512,"Subscriber",1987,1
282,"2018-12-27 21:25:34.5970","2018-12-27 21:30:17.5830",3202,"Newport PATH",40.7272235,-74.0337589,3187,"Warren St",40.7211236,-74.03805095,29676,"Subscriber",1987,1
157,"2018-12-28 11:24:00.5420","2018-12-28 11:26:38.2090",3202,"Newport PATH",40.7272235,-74.0337589,3199,"Newport Pkwy",40.7287448,-74.0321082,29659,"Subscriber",1980,0
225,"2018-12-28 11:44:37.8880","2018-12-28 11:48:23.6490",3202,"Newport PATH",40.7272235,-74.0337589,3187,"Warren St",40.7211236,-74.03805095,29245,"Subscriber",1990,1
292,"2018-12-28 12:28:56.5570","2018-12-28 12:33:49.3630",3202,"Newport PATH",40.7272235,-74.0337589,3275,"Columbus Drive",40.71835519823214,-74.03891444206238,29542,"Subscriber",1988,1
383,"2018-12-28 14:01:31.8990","2018-12-28 14:07:55.8620",3202,"Newport PATH",40.7272235,-74.0337589,3186,"Grove St PATH",40.71958611647166,-74.04311746358871,29534,"Subscriber",1971,1
357,"2018-12-28 18:54:10.3960","2018-12-28 19:00:07.4360",3202,"Newport PATH",40.7272235,-74.0337589,3275,"Columbus Drive",40.71835519823214,-74.03891444206238,29542,"Subscriber",1973,2
468,"2018-12-28 19:34:06.0310","2018-12-28 19:41:54.8570",3202,"Newport PATH",40.7272235,-74.0337589,3272,"Jersey & 3rd",40.72333158646436,-74.04595255851744,29672,"Subscriber",1992,1
261,"2018-12-28 19:38:05.3230","2018-12-28 19:42:26.8020",3202,"Newport PATH",40.7272235,-74.0337589,3199,"Newport Pkwy",40.7287448,-74.0321082,26243,"Subscriber",1988,1
394,"2018-12-28 20:50:08.1910","2018-12-28 20:56:42.6910",3202,"Newport PATH",40.7272235,-74.0337589,3275,"Columbus Drive",40.71835519823214,-74.03891444206238,29307,"Subscriber",1987,1
564,"2018-12-28 21:13:36.2270","2018-12-28 21:23:00.8770",3202,"Newport PATH",40.7272235,-74.0337589,3184,"Paulus Hook",40.7141454,-74.0335519,29677,"Subscriber",1958,1
605,"2018-12-28 22:14:21.1490","2018-12-28 22:24:26.9200",3202,"Newport PATH",40.7272235,-74.0337589,3267,"Morris Canal",40.7124188237569,-74.03852552175522,26278,"Subscriber",1990,2
185,"2018-12-28 22:19:50.9260","2018-12-28 22:22:56.5670",3202,"Newport PATH",40.7272235,-74.0337589,3199,"Newport Pkwy",40.7287448,-74.0321082,29659,"Subscriber",1987,2
163,"2018-12-28 22:20:14.8400","2018-12-28 22:22:57.9580",3202,"Newport PATH",40.7272235,-74.0337589,3199,"Newport Pkwy",40.7287448,-74.0321082,29480,"Subscriber",1986,1
302,"2018-12-28 22:48:17.0940","2018-12-28 22:53:19.9790",3202,"Newport PATH",40.7272235,-74.0337589,3270,"Jersey & 6th St",40.72528910781132,-74.04557168483734,26309,"Subscriber",1981,1
357,"2018-12-29 00:14:46.0860","2018-12-29 00:20:43.2730",3202,"Newport PATH",40.7272235,-74.0337589,3639,"Harborside",40.7192517,-74.034234,29262,"Subscriber",1992,1
286,"2018-12-29 09:42:54.2810","2018-12-29 09:47:40.6880",3202,"Newport PATH",40.7272235,-74.0337589,3187,"Warren St",40.7211236,-74.03805095,29581,"Subscriber",1973,1
282,"2018-12-29 11:58:47.8330","2018-12-29 12:03:30.6410",3202,"Newport PATH",40.7272235,-74.0337589,3183,"Exchange Place",40.7162469,-74.0334588,29298,"Subscriber",1994,1
373,"2018-12-29 12:39:08.2130","2018-12-29 12:45:21.9200",3202,"Newport PATH",40.7272235,-74.0337589,3203,"Hamilton Park",40.727595966,-74.044247311,29503,"Subscriber",1986,2
348,"2018-12-29 12:39:24.7920","2018-12-29 12:45:12.8790",3202,"Newport PATH",40.7272235,-74.0337589,3203,"Hamilton Park",40.727595966,-74.044247311,26197,"Subscriber",1974,1
921,"2018-12-29 14:26:25.5030","2018-12-29 14:41:46.9190",3202,"Newport PATH",40.7272235,-74.0337589,3192,"Liberty Light Rail",40.7112423,-74.0557013,29476,"Subscriber",1960,1
161,"2018-12-29 15:08:07.5620","2018-12-29 15:10:49.3020",3202,"Newport PATH",40.7272235,-74.0337589,3199,"Newport Pkwy",40.7287448,-74.0321082,29570,"Subscriber",1987,2
277,"2018-12-29 15:42:56.8150","2018-12-29 15:47:34.0480",3202,"Newport PATH",40.7272235,-74.0337589,3187,"Warren St",40.7211236,-74.03805095,29601,"Subscriber",1973,1
159,"2018-12-29 16:03:41.5290","2018-12-29 16:06:21.2050",3202,"Newport PATH",40.7272235,-74.0337589,3199,"Newport Pkwy",40.7287448,-74.0321082,26243,"Subscriber",1980,1
136,"2018-12-29 16:04:05.7970","2018-12-29 16:06:22.5790",3202,"Newport PATH",40.7272235,-74.0337589,3199,"Newport Pkwy",40.7287448,-74.0321082,29465,"Subscriber",1980,0
287,"2018-12-29 18:39:57.1570","2018-12-29 18:44:44.2150",3202,"Newport PATH",40.7272235,-74.0337589,3639,"Harborside",40.7192517,-74.034234,26272,"Subscriber",1981,1
404,"2018-12-29 19:44:35.0070","2018-12-29 19:51:19.0510",3202,"Newport PATH",40.7272235,-74.0337589,3267,"Morris Canal",40.7124188237569,-74.03852552175522,29608,"Subscriber",1991,1
305,"2018-12-29 20:47:24.8350","2018-12-29 20:52:30.2400",3202,"Newport PATH",40.7272235,-74.0337589,3187,"Warren St",40.7211236,-74.03805095,29659,"Subscriber",1987,1
161,"2018-12-29 22:09:00.5000","2018-12-29 22:11:41.5920",3202,"Newport PATH",40.7272235,-74.0337589,3638,"Washington St",40.7242941,-74.0354826,29675,"Subscriber",1990,1
534,"2018-12-29 23:19:39.3660","2018-12-29 23:28:34.2460",3202,"Newport PATH",40.7272235,-74.0337589,3269,"Brunswick & 6th",40.72601172964625,-74.05038893222809,29554,"Subscriber",1993,2
509,"2018-12-29 23:20:04.6040","2018-12-29 23:28:33.7250",3202,"Newport PATH",40.7272235,-74.0337589,3269,"Brunswick & 6th",40.72601172964625,-74.05038893222809,29598,"Subscriber",1990,1
318,"2018-12-29 23:53:48.8190","2018-12-29 23:59:07.6550",3202,"Newport PATH",40.7272235,-74.0337589,3639,"Harborside",40.7192517,-74.034234,26312,"Subscriber",1949,1
176,"2018-12-30 02:52:35.6990","2018-12-30 02:55:32.5970",3202,"Newport PATH",40.7272235,-74.0337589,3199,"Newport Pkwy",40.7287448,-74.0321082,29474,"Customer",1969,0
126,"2018-12-30 02:53:20.6560","2018-12-30 02:55:26.8660",3202,"Newport PATH",40.7272235,-74.0337589,3199,"Newport Pkwy",40.7287448,-74.0321082,29552,"Customer",1969,0
503,"2018-12-30 10:38:17.3250","2018-12-30 10:46:40.4960",3202,"Newport PATH",40.7272235,-74.0337589,3186,"Grove St PATH",40.71958611647166,-74.04311746358871,29286,"Subscriber",1962,1
745,"2018-12-30 12:59:21.6680","2018-12-30 13:11:47.0550",3202,"Newport PATH",40.7272235,-74.0337589,3206,"Hilltop",40.7311689,-74.0575736,29536,"Subscriber",1992,1
491,"2018-12-30 13:08:43.9460","2018-12-30 13:16:55.1340",3202,"Newport PATH",40.7272235,-74.0337589,3186,"Grove St PATH",40.71958611647166,-74.04311746358871,29520,"Subscriber",1987,2
1540,"2018-12-30 13:12:27.4000","2018-12-30 13:38:07.8560",3202,"Newport PATH",40.7272235,-74.0337589,3681,"Grand St",40.71517767732029,-74.03768330812454,26267,"Customer",1969,0
1519,"2018-12-30 13:12:55.5970","2018-12-30 13:38:14.9160",3202,"Newport PATH",40.7272235,-74.0337589,3681,"Grand St",40.71517767732029,-74.03768330812454,29499,"Customer",1969,0
1847,"2018-12-30 15:08:58.7150","2018-12-30 15:39:46.3870",3202,"Newport PATH",40.7272235,-74.0337589,3201,"Dey St",40.737711,-74.066921,26186,"Subscriber",1963,1
181,"2018-12-30 15:52:50.9040","2018-12-30 15:55:52.4500",3202,"Newport PATH",40.7272235,-74.0337589,3199,"Newport Pkwy",40.7287448,-74.0321082,29471,"Subscriber",1990,1
616,"2018-12-30 16:56:46.0370","2018-12-30 17:07:02.8400",3202,"Newport PATH",40.7272235,-74.0337589,3279,"Dixon Mills",40.721630142638354,-74.04996782541275,26233,"Subscriber",1986,1
256,"2018-12-30 18:12:02.4950","2018-12-30 18:16:18.7770",3202,"Newport PATH",40.7272235,-74.0337589,3639,"Harborside",40.7192517,-74.034234,26243,"Subscriber",1971,2
155,"2018-12-30 18:58:15.6310","2018-12-30 19:00:50.8160",3202,"Newport PATH",40.7272235,-74.0337589,3199,"Newport Pkwy",40.7287448,-74.0321082,29570,"Subscriber",1987,2
140,"2018-12-30 18:58:29.1760","2018-12-30 19:00:49.3020",3202,"Newport PATH",40.7272235,-74.0337589,3199,"Newport Pkwy",40.7287448,-74.0321082,29605,"Subscriber",1986,1
511,"2018-12-30 20:56:05.8070","2018-12-30 21:04:36.9120",3202,"Newport PATH",40.7272235,-74.0337589,3187,"Warren St",40.7211236,-74.03805095,26251,"Subscriber",1981,1
268,"2018-12-30 22:34:07.8470","2018-12-30 22:38:35.8640",3202,"Newport PATH",40.7272235,-74.0337589,3187,"Warren St",40.7211236,-74.03805095,29530,"Subscriber",1990,1
225,"2018-12-31 08:58:43.5690","2018-12-31 09:02:28.8780",3202,"Newport PATH",40.7272235,-74.0337589,3639,"Harborside",40.7192517,-74.034234,29484,"Subscriber",1992,1
300,"2018-12-31 11:28:34.5550","2018-12-31 11:33:35.4740",3202,"Newport PATH",40.7272235,-74.0337589,3187,"Warren St",40.7211236,-74.03805095,26312,"Subscriber",1986,1
300,"2018-12-31 11:28:47.3660","2018-12-31 11:33:47.6760",3202,"Newport PATH",40.7272235,-74.0337589,3187,"Warren St",40.7211236,-74.03805095,29602,"Subscriber",1987,2
388,"2018-12-31 12:57:41.2690","2018-12-31 13:04:09.3910",3202,"Newport PATH",40.7272235,-74.0337589,3272,"Jersey & 3rd",40.72333158646436,-74.04595255851744,29629,"Subscriber",1992,1
278,"2018-12-31 13:33:39.0000","2018-12-31 13:38:17.4850",3202,"Newport PATH",40.7272235,-74.0337589,3639,"Harborside",40.7192517,-74.034234,29234,"Subscriber",1971,2
341,"2018-12-31 14:23:31.8190","2018-12-31 14:29:13.7200",3202,"Newport PATH",40.7272235,-74.0337589,3203,"Hamilton Park",40.727595966,-74.044247311,26266,"Subscriber",1973,1
553,"2018-12-31 15:03:31.2360","2018-12-31 15:12:44.5700",3202,"Newport PATH",40.7272235,-74.0337589,3209,"Brunswick St",40.7241765,-74.0506564,29201,"Subscriber",1968,2
366,"2018-12-01 01:25:06.3380","2018-12-01 01:31:12.4710",3203,"Hamilton Park",40.727595966,-74.044247311,3205,"JC Medical Center",40.71653978099194,-74.0496379137039,29580,"Subscriber",1969,0
258,"2018-12-01 07:50:11.7360","2018-12-01 07:54:30.0340",3203,"Hamilton Park",40.727595966,-74.044247311,3186,"Grove St PATH",40.71958611647166,-74.04311746358871,29623,"Subscriber",1967,1
224,"2018-12-01 09:17:11.8800","2018-12-01 09:20:56.2690",3203,"Hamilton Park",40.727595966,-74.044247311,3186,"Grove St PATH",40.71958611647166,-74.04311746358871,29442,"Subscriber",1958,1
178,"2018-12-01 09:27:58.3870","2018-12-01 09:30:57.0370",3203,"Hamilton Park",40.727595966,-74.044247311,3211,"Newark Ave",40.72152515,-74.046304543,26167,"Subscriber",1980,2
270,"2018-12-01 09:47:47.9110","2018-12-01 09:52:18.0090",3203,"Hamilton Park",40.727595966,-74.044247311,3211,"Newark Ave",40.72152515,-74.046304543,29278,"Subscriber",1988,1
199,"2018-12-01 10:07:51.2610","2018-12-01 10:11:11.1690",3203,"Hamilton Park",40.727595966,-74.044247311,3186,"Grove St PATH",40.71958611647166,-74.04311746358871,26273,"Subscriber",1986,1
279,"2018-12-01 10:16:44.9930","2018-12-01 10:21:24.0750",3203,"Hamilton Park",40.727595966,-74.044247311,3270,"Jersey & 6th St",40.72528910781132,-74.04557168483734,26302,"Subscriber",1971,1
293,"2018-12-01 10:23:23.3750","2018-12-01 10:28:17.1500",3203,"Hamilton Park",40.727595966,-74.044247311,3202,"Newport PATH",40.7272235,-74.0337589,29278,"Subscriber",1979,2
2881,"2018-12-01 10:27:00.1830","2018-12-01 11:15:01.7040",3203,"Hamilton Park",40.727595966,-74.044247311,3205,"JC Medical Center",40.71653978099194,-74.0496379137039,29304,"Customer",1969,0
2860,"2018-12-01 10:27:13.4230","2018-12-01 11:14:54.3050",3203,"Hamilton Park",40.727595966,-74.044247311,3205,"JC Medical Center",40.71653978099194,-74.0496379137039,29680,"Customer",1969,0
2802,"2018-12-01 10:28:03.6840","2018-12-01 11:14:45.7190",3203,"Hamilton Park",40.727595966,-74.044247311,3205,"JC Medical Center",40.71653978099194,-74.0496379137039,26309,"Subscriber",1987,1
378,"2018-12-01 10:54:07.7400","2018-12-01 11:00:26.6950",3203,"Hamilton Park",40.727595966,-74.044247311,3681,"Grand St",40.71517767732029,-74.03768330812454,29284,"Subscriber",1976,1
873,"2018-12-01 11:46:46.3660","2018-12-01 12:01:19.6140",3203,"Hamilton Park",40.727595966,-74.044247311,3186,"Grove St PATH",40.71958611647166,-74.04311746358871,29494,"Customer",1969,0
855,"2018-12-01 11:47:05.7130","2018-12-01 12:01:21.7030",3203,"Hamilton Park",40.727595966,-74.044247311,3186,"Grove St PATH",40.71958611647166,-74.04311746358871,29660,"Customer",1969,0
239,"2018-12-01 11:52:14.2370","2018-12-01 11:56:13.7880",3203,"Hamilton Park",40.727595966,-74.044247311,3211,"Newark Ave",40.72152515,-74.046304543,29652,"Subscriber",1978,0
268,"2018-12-01 12:08:49.9120","2018-12-01 12:13:18.7840",3203,"Hamilton Park",40.727595966,-74.044247311,3186,"Grove St PATH",40.71958611647166,-74.04311746358871,29288,"Subscriber",1990,2
2843,"2018-12-01 12:23:11.1500","2018-12-01 13:10:34.2540",3203,"Hamilton Park",40.727595966,-74.044247311,3203,"Hamilton Park",40.727595966,-74.044247311,26303,"Subscriber",1971,2
261,"2018-12-01 12:40:38.1550","2018-12-01 12:44:59.2970",3203,"Hamilton Park",40.727595966,-74.044247311,3186,"Grove St PATH",40.71958611647166,-74.04311746358871,29284,"Subscriber",1969,1
447,"2018-12-01 12:54:30.0770","2018-12-01 13:01:57.1790",3203,"Hamilton Park",40.727595966,-74.044247311,3681,"Grand St",40.71517767732029,-74.03768330812454,29679,"Subscriber",1990,1
210,"2018-12-01 12:59:55.7140","2018-12-01 13:03:26.6330",3203,"Hamilton Park",40.727595966,-74.044247311,3269,"Brunswick & 6th",40.72601172964625,-74.05038893222809,29448,"Subscriber",1975,2
399,"2018-12-01 13:16:18.1650","2018-12-01 13:22:57.8000",3203,"Hamilton Park",40.727595966,-74.044247311,3211,"Newark Ave",40.72152515,-74.046304543,29294,"Subscriber",1953,2
356,"2018-12-01 13:16:57.0510","2018-12-01 13:22:53.3540",3203,"Hamilton Park",40.727595966,-74.044247311,3211,"Newark Ave",40.72152515,-74.046304543,15947,"Subscriber",1956,1
1595,"2018-12-01 13:17:48.0300","2018-12-01 13:44:23.5060",3203,"Hamilton Park",40.727595966,-74.044247311,3203,"Hamilton Park",40.727595966,-74.044247311,26286,"Subscriber",1982,1
2207,"2018-12-01 13:27:35.8200","2018-12-01 14:04:22.9960",3203,"Hamilton Park",40.727595966,-74.044247311,3184,"Paulus Hook",40.7141454,-74.0335519,26303,"Customer",1973,2
277,"2018-12-01 13:45:47.5370","2018-12-01 13:50:25.3330",3203,"Hamilton Park",40.727595966,-74.044247311,3269,"Brunswick & 6th",40.72601172964625,-74.05038893222809,26183,"Subscriber",1985,2
263,"2018-12-01 14:17:42.3400","2018-12-01 14:22:05.7190",3203,"Hamilton Park",40.727595966,-74.044247311,3272,"Jersey & 3rd",40.72333158646436,-74.04595255851744,29589,"Subscriber",1977,2
387,"2018-12-01 14:42:42.3890","2018-12-01 14:49:10.2190",3203,"Hamilton Park",40.727595966,-74.044247311,3205,"JC Medical Center",40.71653978099194,-74.0496379137039,29611,"Subscriber",1990,1
389,"2018-12-01 14:42:40.6860","2018-12-01 14:49:10.1600",3203,"Hamilton Park",40.727595966,-74.044247311,3205,"JC Medical Center",40.71653978099194,-74.0496379137039,29455,"Subscriber",1990,2
302,"2018-12-01 14:58:48.4580","2018-12-01 15:03:51.0650",3203,"Hamilton Park",40.727595966,-74.044247311,3272,"Jersey & 3rd",40.72333158646436,-74.04595255851744,29581,"Subscriber",1979,2
296,"2018-12-01 15:09:17.9310","2018-12-01 15:14:14.4650",3203,"Hamilton Park",40.727595966,-74.044247311,3273,"Manila & 1st",40.721650724879986,-74.04288411140442,29123,"Subscriber",1990,2
77,"2018-12-01 15:42:25.3920","2018-12-01 15:43:43.3400",3203,"Hamilton Park",40.727595966,-74.044247311,3203,"Hamilton Park",40.727595966,-74.044247311,29283,"Customer",1993,1
3138,"2018-12-01 15:44:55.9440","2018-12-01 16:37:14.2750",3203,"Hamilton Park",40.727595966,-74.044247311,3198,"Heights Elevator",40.748715945380226,-74.04044330120087,26210,"Customer",1969,0
2744,"2018-12-01 15:45:15.8100","2018-12-01 16:30:59.9830",3203,"Hamilton Park",40.727595966,-74.044247311,3198,"Heights Elevator",40.748715945380226,-74.04044330120087,26159,"Customer",1993,1
381,"2018-12-01 15:45:42.2610","2018-12-01 15:52:04.1160",3203,"Hamilton Park",40.727595966,-74.044247311,3213,"Van Vorst Park",40.71848892,-74.047726625,29237,"Subscriber",1985,2
3243,"2018-12-01 15:45:43.4230","2018-12-01 16:39:46.9220",3203,"Hamilton Park",40.727595966,-74.044247311,3198,"Heights Elevator",40.748715945380226,-74.04044330120087,29553,"Customer",1969,0
360,"2018-12-01 15:45:59.7600","2018-12-01 15:51:59.9370",3203,"Hamilton Park",40.727595966,-74.044247311,3213,"Van Vorst Park",40.71848892,-74.047726625,26221,"Customer",1984,1
2991,"2018-12-01 15:46:19.7050","2018-12-01 16:36:10.7960",3203,"Hamilton Park",40.727595966,-74.044247311,3198,"Heights Elevator",40.748715945380226,-74.04044330120087,29503,"Customer",1996,2
3835,"2018-12-01 15:46:34.8730","2018-12-01 16:50:30.7030",3203,"Hamilton Park",40.727595966,-74.044247311,3198,"Heights Elevator",40.748715945380226,-74.04044330120087,29283,"Customer",1993,1
2752,"2018-12-01 15:46:39.2780","2018-12-01 16:32:32.1810",3203,"Hamilton Park",40.727595966,-74.044247311,3198,"Heights Elevator",40.748715945380226,-74.04044330120087,29294,"Customer",1997,1
2947,"2018-12-01 15:46:46.6900","2018-12-01 16:35:54.4940",3203,"Hamilton Park",40.727595966,-74.044247311,3198,"Heights Elevator",40.748715945380226,-74.04044330120087,26286,"Customer",1969,0
2730,"2018-12-01 15:46:52.1740","2018-12-01 16:32:23.1690",3203,"Hamilton Park",40.727595966,-74.044247311,3198,"Heights Elevator",40.748715945380226,-74.04044330120087,29589,"Customer",1990,2
3111,"2018-12-01 15:47:14.5650","2018-12-01 16:39:06.1980",3203,"Hamilton Park",40.727595966,-74.044247311,3198,"Heights Elevator",40.748715945380226,-74.04044330120087,26183,"Customer",1992,2
198,"2018-12-01 16:48:09.3530","2018-12-01 16:51:27.4430",3203,"Hamilton Park",40.727595966,-74.044247311,3211,"Newark Ave",40.72152515,-74.046304543,29586,"Subscriber",1970,2
176,"2018-12-01 16:51:49.6610","2018-12-01 16:54:46.1240",3203,"Hamilton Park",40.727595966,-74.044247311,3272,"Jersey & 3rd",40.72333158646436,-74.04595255851744,29656,"Subscriber",1985,1
209,"2018-12-01 17:40:34.2460","2018-12-01 17:44:03.5160",3203,"Hamilton Park",40.727595966,-74.044247311,3186,"Grove St PATH",40.71958611647166,-74.04311746358871,26159,"Subscriber",1990,1
296,"2018-12-01 18:10:44.7050","2018-12-01 18:15:40.7940",3203,"Hamilton Park",40.727595966,-74.044247311,3209,"Brunswick St",40.7241765,-74.0506564,15947,"Subscriber",1964,1
471,"2018-12-01 21:26:09.4510","2018-12-01 21:34:01.0690",3203,"Hamilton Park",40.727595966,-74.044247311,3203,"Hamilton Park",40.727595966,-74.044247311,26205,"Subscriber",1985,1
308,"2018-12-02 10:23:46.2050","2018-12-02 10:28:54.9680",3203,"Hamilton Park",40.727595966,-74.044247311,3202,"Newport PATH",40.7272235,-74.0337589,29656,"Subscriber",1974,1
398,"2018-12-02 12:21:42.7610","2018-12-02 12:28:21.4830",3203,"Hamilton Park",40.727595966,-74.044247311,3273,"Manila & 1st",40.721650724879986,-74.04288411140442,26152,"Subscriber",1987,1
619,"2018-12-02 14:41:09.6270","2018-12-02 14:51:29.5150",3203,"Hamilton Park",40.727595966,-74.044247311,3199,"Newport Pkwy",40.7287448,-74.0321082,28164,"Subscriber",1988,1
517,"2018-12-02 14:42:44.3030","2018-12-02 14:51:21.4100",3203,"Hamilton Park",40.727595966,-74.044247311,3199,"Newport Pkwy",40.7287448,-74.0321082,29437,"Subscriber",1989,2
180,"2018-12-02 15:54:11.9950","2018-12-02 15:57:12.2550",3203,"Hamilton Park",40.727595966,-74.044247311,3211,"Newark Ave",40.72152515,-74.046304543,26191,"Subscriber",1969,0
153,"2018-12-02 15:59:28.4560","2018-12-02 16:02:01.5970",3203,"Hamilton Park",40.727595966,-74.044247311,3211,"Newark Ave",40.72152515,-74.046304543,29268,"Subscriber",1980,2
222,"2018-12-02 19:09:20.2960","2018-12-02 19:13:02.8910",3203,"Hamilton Park",40.727595966,-74.044247311,3211,"Newark Ave",40.72152515,-74.046304543,15947,"Subscriber",1984,2
438,"2018-12-02 19:42:10.4700","2018-12-02 19:49:29.1480",3203,"Hamilton Park",40.727595966,-74.044247311,3185,"City Hall",40.7177325,-74.043845,26312,"Subscriber",1987,1
269,"2018-12-03 05:34:23.6390","2018-12-03 05:38:52.7850",3203,"Hamilton Park",40.727595966,-74.044247311,3186,"Grove St PATH",40.71958611647166,-74.04311746358871,26233,"Subscriber",1969,1
124,"2018-12-03 06:09:53.2510","2018-12-03 06:11:57.5520",3203,"Hamilton Park",40.727595966,-74.044247311,3272,"Jersey & 3rd",40.72333158646436,-74.04595255851744,29301,"Subscriber",1973,1
139,"2018-12-03 06:14:14.3180","2018-12-03 06:16:33.7740",3203,"Hamilton Park",40.727595966,-74.044247311,3272,"Jersey & 3rd",40.72333158646436,-74.04595255851744,29548,"Subscriber",1971,2
328,"2018-12-03 06:44:54.2820","2018-12-03 06:50:23.2630",3203,"Hamilton Park",40.727595966,-74.044247311,3202,"Newport PATH",40.7272235,-74.0337589,29306,"Subscriber",1993,1
410,"2018-12-03 06:46:10.7980","2018-12-03 06:53:01.3300",3203,"Hamilton Park",40.727595966,-74.044247311,3202,"Newport PATH",40.7272235,-74.0337589,29475,"Subscriber",1983,1
327,"2018-12-03 06:48:05.9480","2018-12-03 06:53:33.8010",3203,"Hamilton Park",40.727595966,-74.044247311,3186,"Grove St PATH",40.71958611647166,-74.04311746358871,26215,"Subscriber",1982,2
197,"2018-12-03 06:52:40.4080","2018-12-03 06:55:58.1230",3203,"Hamilton Park",40.727595966,-74.044247311,3273,"Manila & 1st",40.721650724879986,-74.04288411140442,29203,"Subscriber",1971,1
459,"2018-12-03 07:07:50.4080","2018-12-03 07:15:29.5510",3203,"Hamilton Park",40.727595966,-74.044247311,3639,"Harborside",40.7192517,-74.034234,29301,"Subscriber",1975,2
395,"2018-12-03 07:24:32.7690","2018-12-03 07:31:08.4530",3203,"Hamilton Park",40.727595966,-74.044247311,3202,"Newport PATH",40.7272235,-74.0337589,29263,"Subscriber",1994,2
245,"2018-12-03 07:30:21.7190","2018-12-03 07:34:26.9560",3203,"Hamilton Park",40.727595966,-74.044247311,3186,"Grove St PATH",40.71958611647166,-74.04311746358871,26295,"Subscriber",1979,1
225,"2018-12-03 07:32:13.6370","2018-12-03 07:35:59.1790",3203,"Hamilton Park",40.727595966,-74.044247311,3273,"Manila & 1st",40.721650724879986,-74.04288411140442,29231,"Subscriber",1983,1
238,"2018-12-03 07:44:22.4890","2018-12-03 07:48:20.5510",3203,"Hamilton Park",40.727595966,-74.044247311,3186,"Grove St PATH",40.71958611647166,-74.04311746358871,29455,"Subscriber",1979,1
308,"2018-12-03 07:45:08.6220","2018-12-03 07:50:17.1240",3203,"Hamilton Park",40.727595966,-74.044247311,3186,"Grove St PATH",40.71958611647166,-74.04311746358871,29260,"Subscriber",1973,1
495,"2018-12-03 07:56:19.6870","2018-12-03 08:04:35.0910",3203,"Hamilton Park",40.727595966,-74.044247311,3199,"Newport Pkwy",40.7287448,-74.0321082,29445,"Subscriber",1992,2
223,"2018-12-03 07:56:55.6080","2018-12-03 08:00:38.9150",3203,"Hamilton Park",40.727595966,-74.044247311,3186,"Grove St PATH",40.71958611647166,-74.04311746358871,26206,"Subscriber",1990,1
608,"2018-12-03 08:03:42.3790","2018-12-03 08:13:50.7930",3203,"Hamilton Park",40.727595966,-74.044247311,3186,"Grove St PATH",40.71958611647166,-74.04311746358871,29484,"Subscriber",1988,1
377,"2018-12-03 08:03:53.5030","2018-12-03 08:10:11.1660",3203,"Hamilton Park",40.727595966,-74.044247311,3202,"Newport PATH",40.7272235,-74.0337589,29526,"Subscriber",1976,2
297,"2018-12-03 08:09:51.2610","2018-12-03 08:14:48.3010",3203,"Hamilton Park",40.727595966,-74.044247311,3186,"Grove St PATH",40.71958611647166,-74.04311746358871,29255,"Subscriber",1984,1
276,"2018-12-03 08:12:15.7610","2018-12-03 08:16:52.5720",3203,"Hamilton Park",40.727595966,-74.044247311,3186,"Grove St PATH",40.71958611647166,-74.04311746358871,29290,"Subscriber",1979,1
246,"2018-12-03 08:21:25.9960","2018-12-03 08:25:32.3880",3203,"Hamilton Park",40.727595966,-74.044247311,3186,"Grove St PATH",40.71958611647166,-74.04311746358871,29218,"Subscriber",1975,1
234,"2018-12-03 08:23:34.4020","2018-12-03 08:27:28.8490",3203,"Hamilton Park",40.727595966,-74.044247311,3273,"Manila & 1st",40.721650724879986,-74.04288411140442,29656,"Subscriber",1956,1
418,"2018-12-03 08:25:40.7910","2018-12-03 08:32:38.8380",3203,"Hamilton Park",40.727595966,-74.044247311,3185,"City Hall",40.7177325,-74.043845,26224,"Subscriber",1984,1
872,"2018-12-03 08:26:43.2630","2018-12-03 08:41:15.3460",3203,"Hamilton Park",40.727595966,-74.044247311,3185,"City Hall",40.7177325,-74.043845,29297,"Subscriber",1981,1
287,"2018-12-03 08:30:07.2530","2018-12-03 08:34:54.4620",3203,"Hamilton Park",40.727595966,-74.044247311,3185,"City Hall",40.7177325,-74.043845,26191,"Subscriber",1991,2
403,"2018-12-03 08:31:28.5640","2018-12-03 08:38:12.4960",3203,"Hamilton Park",40.727595966,-74.044247311,3185,"City Hall",40.7177325,-74.043845,26284,"Subscriber",1987,2
302,"2018-12-03 08:35:17.5250","2018-12-03 08:40:19.6440",3203,"Hamilton Park",40.727595966,-74.044247311,3202,"Newport PATH",40.7272235,-74.0337589,29293,"Subscriber",1972,1
477,"2018-12-03 08:37:35.5460","2018-12-03 08:45:33.2800",3203,"Hamilton Park",40.727595966,-74.044247311,3211,"Newark Ave",40.72152515,-74.046304543,26215,"Subscriber",1985,1
453,"2018-12-03 08:40:07.0660","2018-12-03 08:47:40.9400",3203,"Hamilton Park",40.727595966,-74.044247311,3273,"Manila & 1st",40.721650724879986,-74.04288411140442,29657,"Subscriber",1977,1
386,"2018-12-03 08:41:06.7230","2018-12-03 08:47:33.3040",3203,"Hamilton Park",40.727595966,-74.044247311,3185,"City Hall",40.7177325,-74.043845,29489,"Subscriber",1990,2
305,"2018-12-03 08:41:33.8460","2018-12-03 08:46:39.0290",3203,"Hamilton Park",40.727595966,-74.044247311,3273,"Manila & 1st",40.721650724879986,-74.04288411140442,29228,"Subscriber",1976,2
388,"2018-12-03 08:43:27.7500","2018-12-03 08:49:56.2560",3203,"Hamilton Park",40.727595966,-74.044247311,3186,"Grove St PATH",40.71958611647166,-74.04311746358871,26187,"Subscriber",1968,1
559,"2018-12-03 08:44:04.0210","2018-12-03 08:53:23.4780",3203,"Hamilton Park",40.727595966,-74.044247311,3183,"Exchange Place",40.7162469,-74.0334588,29643,"Subscriber",1977,1
397,"2018-12-03 08:48:05.0460","2018-12-03 08:54:42.2260",3203,"Hamilton Park",40.727595966,-74.044247311,3639,"Harborside",40.7192517,-74.034234,29271,"Subscriber",1983,1
259,"2018-12-03 08:49:44.7650","2018-12-03 08:54:04.1980",3203,"Hamilton Park",40.727595966,-74.044247311,3186,"Grove St PATH",40.71958611647166,-74.04311746358871,29569,"Subscriber",1984,2
487,"2018-12-03 08:53:27.8740","2018-12-03 09:01:35.3960",3203,"Hamilton Park",40.727595966,-74.044247311,3639,"Harborside",40.7192517,-74.034234,26184,"Subscriber",1987,1
258,"2018-12-03 09:00:27.5420","2018-12-03 09:04:46.3690",3203,"Hamilton Park",40.727595966,-74.044247311,3186,"Grove St PATH",40.71958611647166,-74.04311746358871,29505,"Subscriber",1985,2
254,"2018-12-03 09:00:56.3140","2018-12-03 09:05:10.9940",3203,"Hamilton Park",40.727595966,-74.044247311,3186,"Grove St PATH",40.71958611647166,-74.04311746358871,29497,"Subscriber",1978,1
274,"2018-12-03 09:04:07.0050","2018-12-03 09:08:41.7240",3203,"Hamilton Park",40.727595966,-74.044247311,3186,"Grove St PATH",40.71958611647166,-74.04311746358871,26188,"Subscriber",1984,1
284,"2018-12-03 09:05:03.8640","2018-12-03 09:09:48.2590",3203,"Hamilton Park",40.727595966,-74.044247311,3186,"Grove St PATH",40.71958611647166,-74.04311746358871,29500,"Subscriber",1967,1
293,"2018-12-03 09:06:44.1430","2018-12-03 09:11:37.3290",3203,"Hamilton Park",40.727595966,-74.044247311,3186,"Grove St PATH",40.71958611647166,-74.04311746358871,29538,"Subscriber",1974,1
450,"2018-12-03 09:11:13.6600","2018-12-03 09:18:44.5930",3203,"Hamilton Park",40.727595966,-74.044247311,3481,"York St",40.71649,-74.04105,29516,"Subscriber",1966,1
331,"2018-12-03 09:18:21.2540","2018-12-03 09:23:52.7590",3203,"Hamilton Park",40.727595966,-74.044247311,3186,"Grove St PATH",40.71958611647166,-74.04311746358871,29552,"Subscriber",1988,2
274,"2018-12-03 09:18:57.9080","2018-12-03 09:23:32.3720",3203,"Hamilton Park",40.727595966,-74.044247311,3186,"Grove St PATH",40.71958611647166,-74.04311746358871,29212,"Subscriber",1983,1
562,"2018-12-03 09:22:30.7070","2018-12-03 09:31:53.6320",3203,"Hamilton Park",40.727595966,-74.044247311,3639,"Harborside",40.7192517,-74.034234,29494,"Subscriber",1987,1
380,"2018-12-03 09:28:46.8790","2018-12-03 09:35:07.4920",3203,"Hamilton Park",40.727595966,-74.044247311,3186,"Grove St PATH",40.71958611647166,-74.04311746358871,29308,"Subscriber",1958,1
159,"2018-12-03 09:29:48.2410","2018-12-03 09:32:27.3350",3203,"Hamilton Park",40.727595966,-74.044247311,3211,"Newark Ave",40.72152515,-74.046304543,26208,"Subscriber",1986,1
381,"2018-12-03 09:31:26.4710","2018-12-03 09:37:47.8720",3203,"Hamilton Park",40.727595966,-74.044247311,3186,"Grove St PATH",40.71958611647166,-74.04311746358871,29285,"Subscriber",1977,2
245,"2018-12-03 09:33:44.2960","2018-12-03 09:37:49.9250",3203,"Hamilton Park",40.727595966,-74.044247311,3186,"Grove St PATH",40.71958611647166,-74.04311746358871,29606,"Subscriber",1985,1
332,"2018-12-03 09:49:20.4820","2018-12-03 09:54:53.0420",3203,"Hamilton Park",40.727595966,-74.044247311,3186,"Grove St PATH",40.71958611647166,-74.04311746358871,29490,"Subscriber",1967,2
271,"2018-12-03 09:53:18.0940","2018-12-03 09:57:49.6330",3203,"Hamilton Park",40.727595966,-74.044247311,3186,"Grove St PATH",40.71958611647166,-74.04311746358871,29275,"Subscriber",1971,1
245,"2018-12-03 10:07:26.2050","2018-12-03 10:11:31.3850",3203,"Hamilton Park",40.727595966,-74.044247311,3186,"Grove St PATH",40.71958611647166,-74.04311746358871,29535,"Subscriber",1986,1
249,"2018-12-03 10:57:07.0460","2018-12-03 11:01:16.4300",3203,"Hamilton Park",40.727595966,-74.044247311,3186,"Grove St PATH",40.71958611647166,-74.04311746358871,26276,"Subscriber",1960,1
208,"2018-12-03 11:14:41.2240","2018-12-03 11:18:09.4970",3203,"Hamilton Park",40.727595966,-74.044247311,3211,"Newark Ave",40.72152515,-74.046304543,26205,"Subscriber",1982,1
347,"2018-12-03 11:20:34.8460","2018-12-03 11:26:22.3460",3203,"Hamilton Park",40.727595966,-74.044247311,3186,"Grove St PATH",40.71958611647166,-74.04311746358871,29528,"Subscriber",1984,2
381,"2018-12-03 12:41:12.3140","2018-12-03 12:47:33.9300",3203,"Hamilton Park",40.727595966,-74.044247311,3183,"Exchange Place",40.7162469,-74.0334588,26287,"Subscriber",1976,1
818,"2018-12-03 12:49:55.5320","2018-12-03 13:03:33.9910",3203,"Hamilton Park",40.727595966,-74.044247311,3186,"Grove St PATH",40.71958611647166,-74.04311746358871,29490,"Subscriber",1985,1
249,"2018-12-03 13:46:38.6340","2018-12-03 13:50:48.4820",3203,"Hamilton Park",40.727595966,-74.044247311,3209,"Brunswick St",40.7241765,-74.0506564,29259,"Subscriber",1979,2
1007,"2018-12-03 14:20:39.6560","2018-12-03 14:37:27.3540",3203,"Hamilton Park",40.727595966,-74.044247311,3209,"Brunswick St",40.7241765,-74.0506564,26290,"Customer",1990,1
396,"2018-12-03 14:25:54.5150","2018-12-03 14:32:30.6200",3203,"Hamilton Park",40.727595966,-74.044247311,3186,"Grove St PATH",40.71958611647166,-74.04311746358871,26183,"Subscriber",1984,2
542,"2018-12-03 14:44:29.0830","2018-12-03 14:53:31.6840",3203,"Hamilton Park",40.727595966,-74.044247311,3186,"Grove St PATH",40.71958611647166,-74.04311746358871,29640,"Subscriber",1985,2
274,"2018-12-03 16:36:06.4640","2018-12-03 16:40:40.6570",3203,"Hamilton Park",40.727595966,-74.044247311,3186,"Grove St PATH",40.71958611647166,-74.04311746358871,29299,"Subscriber",1986,1
219,"2018-12-03 17:48:27.5350","2018-12-03 17:52:06.5350",3203,"Hamilton Park",40.727595966,-74.044247311,3272,"Jersey & 3rd",40.72333158646436,-74.04595255851744,29298,"Subscriber",1967,2
347,"2018-12-03 18:53:42.6920","2018-12-03 18:59:30.5790",3203,"Hamilton Park",40.727595966,-74.044247311,3213,"Van Vorst Park",40.71848892,-74.047726625,26267,"Subscriber",1986,1
370,"2018-12-03 22:00:16.9530","2018-12-03 22:06:27.1370",3203,"Hamilton Park",40.727595966,-74.044247311,3185,"City Hall",40.7177325,-74.043845,26193,"Subscriber",1994,1
82,"2018-12-03 22:08:50.3800","2018-12-03 22:10:12.5450",3203,"Hamilton Park",40.727595966,-74.044247311,3270,"Jersey & 6th St",40.72528910781132,-74.04557168483734,26295,"Subscriber",1981,1
319,"2018-12-03 22:47:26.0510","2018-12-03 22:52:45.3430",3203,"Hamilton Park",40.727595966,-74.044247311,3273,"Manila & 1st",40.721650724879986,-74.04288411140442,26188,"Subscriber",1968,1
136,"2018-12-04 06:09:25.5610","2018-12-04 06:11:42.1440",3203,"Hamilton Park",40.727595966,-74.044247311,3272,"Jersey & 3rd",40.72333158646436,-74.04595255851744,29260,"Subscriber",1971,2
401,"2018-12-04 06:54:38.3620","2018-12-04 07:01:19.8120",3203,"Hamilton Park",40.727595966,-74.044247311,3202,"Newport PATH",40.7272235,-74.0337589,29523,"Subscriber",1983,1
299,"2018-12-04 07:02:29.9270","2018-12-04 07:07:29.8460",3203,"Hamilton Park",40.727595966,-74.044247311,3186,"Grove St PATH",40.71958611647166,-74.04311746358871,26253,"Subscriber",1973,1
258,"2018-12-04 07:32:32.9800","2018-12-04 07:36:51.3640",3203,"Hamilton Park",40.727595966,-74.044247311,3186,"Grove St PATH",40.71958611647166,-74.04311746358871,29593,"Subscriber",1973,1
213,"2018-12-04 07:34:03.5170","2018-12-04 07:37:36.5830",3203,"Hamilton Park",40.727595966,-74.044247311,3186,"Grove St PATH",40.71958611647166,-74.04311746358871,26278,"Subscriber",1979,1
211,"2018-12-04 07:44:20.8500","2018-12-04 07:47:52.5160",3203,"Hamilton Park",40.727595966,-74.044247311,3186,"Grove St PATH",40.71958611647166,-74.04311746358871,33781,"Subscriber",1977,1
246,"2018-12-04 07:48:40.5140","2018-12-04 07:52:47.1950",3203,"Hamilton Park",40.727595966,-74.044247311,3211,"Newark Ave",40.72152515,-74.046304543,29244,"Subscriber",1981,1
316,"2018-12-04 07:48:47.6080","2018-12-04 07:54:04.2390",3203,"Hamilton Park",40.727595966,-74.044247311,3186,"Grove St PATH",40.71958611647166,-74.04311746358871,26271,"Subscriber",1992,1
208,"2018-12-04 07:51:47.9310","2018-12-04 07:55:16.8990",3203,"Hamilton Park",40.727595966,-74.044247311,3186,"Grove St PATH",40.71958611647166,-74.04311746358871,29483,"Subscriber",1975,1
387,"2018-12-04 07:56:04.7180","2018-12-04 08:02:32.6370",3203,"Hamilton Park",40.727595966,-74.044247311,3639,"Harborside",40.7192517,-74.034234,29228,"Subscriber",1966,1
413,"2018-12-04 07:57:07.1610","2018-12-04 08:04:00.9540",3203,"Hamilton Park",40.727595966,-74.044247311,3202,"Newport PATH",40.7272235,-74.0337589,29595,"Subscriber",1976,2
243,"2018-12-04 08:07:54.5800","2018-12-04 08:11:58.1730",3203,"Hamilton Park",40.727595966,-74.044247311,3186,"Grove St PATH",40.71958611647166,-74.04311746358871,29589,"Subscriber",1990,1
238,"2018-12-04 08:11:42.5590","2018-12-04 08:15:40.9890",3203,"Hamilton Park",40.727595966,-74.044247311,3186,"Grove St PATH",40.71958611647166,-74.04311746358871,26296,"Subscriber",1979,1
219,"2018-12-04 08:15:59.4660","2018-12-04 08:19:39.4120",3203,"Hamilton Park",40.727595966,-74.044247311,3186,"Grove St PATH",40.71958611647166,-74.04311746358871,29484,"Subscriber",1984,1
259,"2018-12-04 08:20:55.8880","2018-12-04 08:25:15.1840",3203,"Hamilton Park",40.727595966,-74.044247311,3273,"Manila & 1st",40.721650724879986,-74.04288411140442,26246,"Subscriber",1956,1
192,"2018-12-04 08:30:56.3730","2018-12-04 08:34:09.0800",3203,"Hamilton Park",40.727595966,-74.044247311,3273,"Manila & 1st",40.721650724879986,-74.04288411140442,29668,"Subscriber",1983,1
484,"2018-12-04 08:31:04.9690","2018-12-04 08:39:09.7920",3203,"Hamilton Park",40.727595966,-74.044247311,3186,"Grove St PATH",40.71958611647166,-74.04311746358871,29201,"Subscriber",1980,1
254,"2018-12-04 08:33:46.3820","2018-12-04 08:38:00.9770",3203,"Hamilton Park",40.727595966,-74.044247311,3273,"Manila & 1st",40.721650724879986,-74.04288411140442,29646,"Subscriber",1977,2
234,"2018-12-04 08:34:00.9010","2018-12-04 08:37:55.1770",3203,"Hamilton Park",40.727595966,-74.044247311,3273,"Manila & 1st",40.721650724879986,-74.04288411140442,29612,"Subscriber",1976,2
229,"2018-12-04 08:34:07.8570","2018-12-04 08:37:57.1800",3203,"Hamilton Park",40.727595966,-74.044247311,3273,"Manila & 1st",40.721650724879986,-74.04288411140442,29533,"Subscriber",1980,1
367,"2018-12-04 08:40:49.9260","2018-12-04 08:46:57.8380",3203,"Hamilton Park",40.727595966,-74.044247311,3186,"Grove St PATH",40.71958611647166,-74.04311746358871,29658,"Subscriber",1990,2
301,"2018-12-04 08:42:21.7890","2018-12-04 08:47:23.4470",3203,"Hamilton Park",40.727595966,-74.044247311,3186,"Grove St PATH",40.71958611647166,-74.04311746358871,29664,"Subscriber",1985,2
356,"2018-12-04 08:43:05.1800","2018-12-04 08:49:01.2370",3203,"Hamilton Park",40.727595966,-74.044247311,3186,"Grove St PATH",40.71958611647166,-74.04311746358871,26304,"Subscriber",1979,1
266,"2018-12-04 08:45:54.5930","2018-12-04 08:50:21.4680",3203,"Hamilton Park",40.727595966,-74.044247311,3186,"Grove St PATH",40.71958611647166,-74.04311746358871,29126,"Subscriber",1991,2
236,"2018-12-04 08:48:12.2170","2018-12-04 08:52:08.6980",3203,"Hamilton Park",40.727595966,-74.044247311,3273,"Manila & 1st",40.721650724879986,-74.04288411140442,29225,"Subscriber",1977,2
285,"2018-12-04 08:49:02.6490","2018-12-04 08:53:48.4080",3203,"Hamilton Park",40.727595966,-74.044247311,3186,"Grove St PATH",40.71958611647166,-74.04311746358871,28164,"Subscriber",1985,1
424,"2018-12-04 08:50:53.1140","2018-12-04 08:57:57.5220",3203,"Hamilton Park",40.727595966,-74.044247311,3639,"Harborside",40.7192517,-74.034234,29492,"Subscriber",1987,1
301,"2018-12-04 08:55:59.8890","2018-12-04 09:01:01.5940",3203,"Hamilton Park",40.727595966,-74.044247311,3186,"Grove St PATH",40.71958611647166,-74.04311746358871,29661,"Subscriber",1970,2
317,"2018-12-04 08:57:04.8180","2018-12-04 09:02:22.0190",3203,"Hamilton Park",40.727595966,-74.044247311,3273,"Manila & 1st",40.721650724879986,-74.04288411140442,29572,"Subscriber",1968,1
234,"2018-12-04 09:00:00.8510","2018-12-04 09:03:55.5080",3203,"Hamilton Park",40.727595966,-74.044247311,3186,"Grove St PATH",40.71958611647166,-74.04311746358871,29210,"Subscriber",1978,1
375,"2018-12-04 09:06:20.6680","2018-12-04 09:12:36.0440",3203,"Hamilton Park",40.727595966,-74.044247311,3186,"Grove St PATH",40.71958611647166,-74.04311746358871,29548,"Subscriber",1987,2
95,"2018-12-04 09:15:53.5160","2018-12-04 09:17:28.6240",3203,"Hamilton Park",40.727595966,-74.044247311,3270,"Jersey & 6th St",40.72528910781132,-74.04557168483734,29259,"Subscriber",1970,1
235,"2018-12-04 09:18:26.3450","2018-12-04 09:22:21.6800",3203,"Hamilton Park",40.727595966,-74.044247311,3186,"Grove St PATH",40.71958611647166,-74.04311746358871,29535,"Subscriber",1974,1
250,"2018-12-04 09:50:28.9730","2018-12-04 09:54:39.7540",3203,"Hamilton Park",40.727595966,-74.044247311,3186,"Grove St PATH",40.71958611647166,-74.04311746358871,29231,"Subscriber",1985,1
238,"2018-12-04 09:50:41.1150","2018-12-04 09:54:39.8290",3203,"Hamilton Park",40.727595966,-74.044247311,3186,"Grove St PATH",40.71958611647166,-74.04311746358871,26179,"Subscriber",1986,1
258,"2018-12-04 09:53:32.4240","2018-12-04 09:57:50.8120",3203,"Hamilton Park",40.727595966,-74.044247311,3186,"Grove St PATH",40.71958611647166,-74.04311746358871,29675,"Subscriber",1967,1
223,"2018-12-04 09:56:55.4670","2018-12-04 10:00:38.5650",3203,"Hamilton Park",40.727595966,-74.044247311,3186,"Grove St PATH",40.71958611647166,-74.04311746358871,26202,"Subscriber",1986,1
351,"2018-12-04 10:15:27.0760","2018-12-04 10:21:18.2500",3203,"Hamilton Park",40.727595966,-74.044247311,3186,"Grove St PATH",40.71958611647166,-74.04311746358871,29285,"Subscriber",1958,1
328,"2018-12-04 11:19:35.1330","2018-12-04 11:25:03.8630",3203,"Hamilton Park",40.727595966,-74.044247311,3186,"Grove St PATH",40.71958611647166,-74.04311746358871,29289,"Subscriber",1984,2
167,"2018-12-04 11:49:55.6430","2018-12-04 11:52:42.9860",3203,"Hamilton Park",40.727595966,-74.044247311,3211,"Newark Ave",40.72152515,-74.046304543,29455,"Subscriber",1988,2
239,"2018-12-04 15:46:20.7900","2018-12-04 15:50:19.8120",3203,"Hamilton Park",40.727595966,-74.044247311,3186,"Grove St PATH",40.71958611647166,-74.04311746358871,26206,"Subscriber",1969,1
186,"2018-12-04 17:05:46.7650","2018-12-04 17:08:53.3970",3203,"Hamilton Park",40.727595966,-74.044247311,3272,"Jersey & 3rd",40.72333158646436,-74.04595255851744,29626,"Subscriber",1956,1
330,"2018-12-04 17:56:02.0950","2018-12-04 18:01:32.4660",3203,"Hamilton Park",40.727595966,-74.044247311,3213,"Van Vorst Park",40.71848892,-74.047726625,26291,"Subscriber",1987,1
212,"2018-12-04 18:41:40.4740","2018-12-04 18:45:13.1750",3203,"Hamilton Park",40.727595966,-74.044247311,3273,"Manila & 1st",40.721650724879986,-74.04288411140442,29470,"Subscriber",1971,1
257,"2018-12-04 18:41:57.5630","2018-12-04 18:46:15.3440",3203,"Hamilton Park",40.727595966,-74.044247311,3186,"Grove St PATH",40.71958611647166,-74.04311746358871,29530,"Subscriber",1973,2
294,"2018-12-04 19:16:01.2200","2018-12-04 19:20:55.4790",3203,"Hamilton Park",40.727595966,-74.044247311,3211,"Newark Ave",40.72152515,-74.046304543,26303,"Subscriber",1985,2
194,"2018-12-04 19:17:47.2640","2018-12-04 19:21:01.8760",3203,"Hamilton Park",40.727595966,-74.044247311,3211,"Newark Ave",40.72152515,-74.046304543,29459,"Subscriber",1985,1
198,"2018-12-04 20:20:13.4830","2018-12-04 20:23:31.7060",3203,"Hamilton Park",40.727595966,-74.044247311,3272,"Jersey & 3rd",40.72333158646436,-74.04595255851744,29292,"Subscriber",1981,1
303,"2018-12-05 06:14:39.8500","2018-12-05 06:19:43.4160",3203,"Hamilton Park",40.727595966,-74.044247311,3273,"Manila & 1st",40.721650724879986,-74.04288411140442,26267,"Subscriber",1992,1
325,"2018-12-05 06:29:18.3210","2018-12-05 06:34:44.2090",3203,"Hamilton Park",40.727595966,-74.044247311,3186,"Grove St PATH",40.71958611647166,-74.04311746358871,29252,"Subscriber",1973,1
275,"2018-12-05 06:33:47.6320","2018-12-05 06:38:22.6520",3203,"Hamilton Park",40.727595966,-74.044247311,3202,"Newport PATH",40.7272235,-74.0337589,29614,"Subscriber",1974,1
320,"2018-12-05 06:47:56.4690","2018-12-05 06:53:16.7750",3203,"Hamilton Park",40.727595966,-74.044247311,3202,"Newport PATH",40.7272235,-74.0337589,29516,"Subscriber",1983,1
258,"2018-12-05 06:51:34.4620","2018-12-05 06:55:53.0600",3203,"Hamilton Park",40.727595966,-74.044247311,3186,"Grove St PATH",40.71958611647166,-74.04311746358871,29470,"Subscriber",1983,1
206,"2018-12-05 07:15:37.3400","2018-12-05 07:19:03.8790",3203,"Hamilton Park",40.727595966,-74.044247311,3273,"Manila & 1st",40.721650724879986,-74.04288411140442,29209,"Subscriber",1971,1
490,"2018-12-05 07:45:25.2260","2018-12-05 07:53:35.9140",3203,"Hamilton Park",40.727595966,-74.044247311,3199,"Newport Pkwy",40.7287448,-74.0321082,29592,"Subscriber",1992,2
274,"2018-12-05 07:46:30.3800","2018-12-05 07:51:04.6170",3203,"Hamilton Park",40.727595966,-74.044247311,3186,"Grove St PATH",40.71958611647166,-74.04311746358871,29572,"Subscriber",1979,1
395,"2018-12-05 07:46:56.5410","2018-12-05 07:53:31.7400",3203,"Hamilton Park",40.727595966,-74.044247311,3202,"Newport PATH",40.7272235,-74.0337589,29281,"Subscriber",1976,2
298,"2018-12-05 07:58:12.3310","2018-12-05 08:03:10.9090",3203,"Hamilton Park",40.727595966,-74.044247311,3186,"Grove St PATH",40.71958611647166,-74.04311746358871,26301,"Subscriber",1984,1
442,"2018-12-05 08:01:10.1220","2018-12-05 08:08:33.0820",3203,"Hamilton Park",40.727595966,-74.044247311,3639,"Harborside",40.7192517,-74.034234,26192,"Subscriber",1966,1
227,"2018-12-05 08:04:17.6470","2018-12-05 08:08:04.7540",3203,"Hamilton Park",40.727595966,-74.044247311,3273,"Manila & 1st",40.721650724879986,-74.04288411140442,29531,"Subscriber",1956,1
238,"2018-12-05 08:07:05.2110","2018-12-05 08:11:03.9210",3203,"Hamilton Park",40.727595966,-74.044247311,3273,"Manila & 1st",40.721650724879986,-74.04288411140442,29538,"Subscriber",1976,2
216,"2018-12-05 08:18:24.3310","2018-12-05 08:22:00.3360",3203,"Hamilton Park",40.727595966,-74.044247311,3186,"Grove St PATH",40.71958611647166,-74.04311746358871,26303,"Subscriber",1975,1
262,"2018-12-05 08:18:40.0100","2018-12-05 08:23:02.7170",3203,"Hamilton Park",40.727595966,-74.044247311,3186,"Grove St PATH",40.71958611647166,-74.04311746358871,29441,"Subscriber",1979,1
247,"2018-12-05 08:27:20.8090","2018-12-05 08:31:28.6390",3203,"Hamilton Park",40.727595966,-74.044247311,3186,"Grove St PATH",40.71958611647166,-74.04311746358871,29292,"Subscriber",1985,1
277,"2018-12-05 08:28:23.6090","2018-12-05 08:33:01.3350",3203,"Hamilton Park",40.727595966,-74.044247311,3186,"Grove St PATH",40.71958611647166,-74.04311746358871,29459,"Subscriber",1990,2
400,"2018-12-05 08:30:23.0920","2018-12-05 08:37:03.4240",3203,"Hamilton Park",40.727595966,-74.044247311,3202,"Newport PATH",40.7272235,-74.0337589,29494,"Subscriber",1954,1
271,"2018-12-05 08:36:38.4090","2018-12-05 08:41:09.5920",3203,"Hamilton Park",40.727595966,-74.044247311,3186,"Grove St PATH",40.71958611647166,-74.04311746358871,29664,"Subscriber",1985,2
236,"2018-12-05 08:37:37.4800","2018-12-05 08:41:33.5590",3203,"Hamilton Park",40.727595966,-74.044247311,3186,"Grove St PATH",40.71958611647166,-74.04311746358871,29197,"Subscriber",1978,0
556,"2018-12-05 08:38:25.2270","2018-12-05 08:47:41.8880",3203,"Hamilton Park",40.727595966,-74.044247311,3183,"Exchange Place",40.7162469,-74.0334588,29580,"Subscriber",1977,1
381,"2018-12-05 08:38:28.7090","2018-12-05 08:44:50.1740",3203,"Hamilton Park",40.727595966,-74.044247311,3186,"Grove St PATH",40.71958611647166,-74.04311746358871,29475,"Subscriber",1981,1
273,"2018-12-05 08:40:21.2360","2018-12-05 08:44:54.6390",3203,"Hamilton Park",40.727595966,-74.044247311,3186,"Grove St PATH",40.71958611647166,-74.04311746358871,29530,"Subscriber",1985,1
289,"2018-12-05 08:41:52.4990","2018-12-05 08:46:42.2780",3203,"Hamilton Park",40.727595966,-74.044247311,3186,"Grove St PATH",40.71958611647166,-74.04311746358871,26203,"Subscriber",1988,1
245,"2018-12-05 08:54:07.2110","2018-12-05 08:58:12.5380",3203,"Hamilton Park",40.727595966,-74.044247311,3186,"Grove St PATH",40.71958611647166,-74.04311746358871,29489,"Subscriber",1986,1
274,"2018-12-05 08:56:37.9950","2018-12-05 09:01:12.4030",3203,"Hamilton Park",40.727595966,-74.044247311,3186,"Grove St PATH",40.71958611647166,-74.04311746358871,29458,"Subscriber",1978,1
296,"2018-12-05 08:57:39.9040","2018-12-05 09:02:36.9020",3203,"Hamilton Park",40.727595966,-74.044247311,3186,"Grove St PATH",40.71958611647166,-74.04311746358871,29126,"Subscriber",1991,2
248,"2018-12-05 08:59:33.4630","2018-12-05 09:03:41.6750",3203,"Hamilton Park",40.727595966,-74.044247311,3273,"Manila & 1st",40.721650724879986,-74.04288411140442,29497,"Subscriber",1977,2
187,"2018-12-05 09:05:50.5780","2018-12-05 09:08:58.3310",3203,"Hamilton Park",40.727595966,-74.044247311,3211,"Newark Ave",40.72152515,-74.046304543,26247,"Subscriber",1984,1
281,"2018-12-05 09:28:08.7490","2018-12-05 09:32:50.4670",3203,"Hamilton Park",40.727595966,-74.044247311,3186,"Grove St PATH",40.71958611647166,-74.04311746358871,29612,"Subscriber",1986,1
261,"2018-12-05 09:28:36.5670","2018-12-05 09:32:58.2630",3203,"Hamilton Park",40.727595966,-74.044247311,3186,"Grove St PATH",40.71958611647166,-74.04311746358871,26160,"Subscriber",1986,1
319,"2018-12-05 09:31:03.6460","2018-12-05 09:36:22.8430",3203,"Hamilton Park",40.727595966,-74.044247311,3273,"Manila & 1st",40.721650724879986,-74.04288411140442,29260,"Subscriber",1988,2
186,"2018-12-05 10:11:26.3680","2018-12-05 10:14:32.4570",3203,"Hamilton Park",40.727595966,-74.044247311,3273,"Manila & 1st",40.721650724879986,-74.04288411140442,28164,"Subscriber",1986,1
250,"2018-12-05 10:35:46.0940","2018-12-05 10:39:56.6960",3203,"Hamilton Park",40.727595966,-74.044247311,3186,"Grove St PATH",40.71958611647166,-74.04311746358871,29596,"Subscriber",1969,1
331,"2018-12-05 11:01:04.2880","2018-12-05 11:06:35.8030",3203,"Hamilton Park",40.727595966,-74.044247311,3186,"Grove St PATH",40.71958611647166,-74.04311746358871,26282,"Subscriber",1984,2
236,"2018-12-05 11:17:31.9570","2018-12-05 11:21:28.5090",3203,"Hamilton Park",40.727595966,-74.044247311,3186,"Grove St PATH",40.71958611647166,-74.04311746358871,29301,"Subscriber",1983,1
171,"2018-12-05 11:56:06.0930","2018-12-05 11:58:57.7270",3203,"Hamilton Park",40.727595966,-74.044247311,3211,"Newark Ave",40.72152515,-74.046304543,29576,"Subscriber",1983,1
271,"2018-12-05 12:02:57.5390","2018-12-05 12:07:29.4460",3203,"Hamilton Park",40.727595966,-74.044247311,3186,"Grove St PATH",40.71958611647166,-74.04311746358871,26213,"Subscriber",1971,1
242,"2018-12-05 14:34:28.2850","2018-12-05 14:38:30.6710",3203,"Hamilton Park",40.727595966,-74.044247311,3278,"Monmouth and 6th",40.72568548362901,-74.04879033565521,29623,"Customer",1988,2
250,"2018-12-05 15:23:10.4720","2018-12-05 15:27:21.0660",3203,"Hamilton Park",40.727595966,-74.044247311,3186,"Grove St PATH",40.71958611647166,-74.04311746358871,29521,"Subscriber",1958,2
296,"2018-12-05 15:30:45.2490","2018-12-05 15:35:41.7420",3203,"Hamilton Park",40.727595966,-74.044247311,3185,"City Hall",40.7177325,-74.043845,29288,"Subscriber",1990,1
155,"2018-12-05 17:29:37.7630","2018-12-05 17:32:13.5470",3203,"Hamilton Park",40.727595966,-74.044247311,3272,"Jersey & 3rd",40.72333158646436,-74.04595255851744,29272,"Subscriber",1988,2
289,"2018-12-05 18:13:15.7920","2018-12-05 18:18:05.1760",3203,"Hamilton Park",40.727595966,-74.044247311,3273,"Manila & 1st",40.721650724879986,-74.04288411140442,29513,"Subscriber",1984,1
334,"2018-12-05 18:20:35.6560","2018-12-05 18:26:10.5270",3203,"Hamilton Park",40.727595966,-74.044247311,3185,"City Hall",40.7177325,-74.043845,29662,"Subscriber",1973,2
423,"2018-12-05 18:25:06.3070","2018-12-05 18:32:10.2200",3203,"Hamilton Park",40.727595966,-74.044247311,3185,"City Hall",40.7177325,-74.043845,26294,"Subscriber",1956,2
248,"2018-12-05 18:37:21.5320","2018-12-05 18:41:30.1560",3203,"Hamilton Park",40.727595966,-74.044247311,3211,"Newark Ave",40.72152515,-74.046304543,26204,"Subscriber",1991,1
335,"2018-12-05 18:59:54.4940","2018-12-05 19:05:30.0820",3203,"Hamilton Park",40.727595966,-74.044247311,3209,"Brunswick St",40.7241765,-74.0506564,29243,"Subscriber",1979,2
220,"2018-12-05 19:06:46.6030","2018-12-05 19:10:27.0450",3203,"Hamilton Park",40.727595966,-74.044247311,3186,"Grove St PATH",40.71958611647166,-74.04311746358871,29635,"Subscriber",1985,1
317,"2018-12-05 22:37:27.3470","2018-12-05 22:42:44.4660",3203,"Hamilton Park",40.727595966,-74.044247311,3213,"Van Vorst Park",40.71848892,-74.047726625,29614,"Subscriber",1962,1
391,"2018-12-06 06:04:53.4970","2018-12-06 06:11:25.2070",3203,"Hamilton Park",40.727595966,-74.044247311,3186,"Grove St PATH",40.71958611647166,-74.04311746358871,29604,"Customer",1994,2
235,"2018-12-06 06:35:51.1900","2018-12-06 06:39:46.2640",3203,"Hamilton Park",40.727595966,-74.044247311,3186,"Grove St PATH",40.71958611647166,-74.04311746358871,29245,"Subscriber",1969,1
293,"2018-12-06 06:51:45.1940","2018-12-06 06:56:39.0230",3203,"Hamilton Park",40.727595966,-74.044247311,3273,"Manila & 1st",40.721650724879986,-74.04288411140442,29491,"Subscriber",1992,1
245,"2018-12-06 07:17:43.4400","2018-12-06 07:21:48.6130",3203,"Hamilton Park",40.727595966,-74.044247311,3186,"Grove St PATH",40.71958611647166,-74.04311746358871,26264,"Subscriber",1979,1
317,"2018-12-06 07:20:19.7970","2018-12-06 07:25:37.6870",3203,"Hamilton Park",40.727595966,-74.044247311,3186,"Grove St PATH",40.71958611647166,-74.04311746358871,29210,"Subscriber",1973,1
355,"2018-12-06 07:20:53.5760","2018-12-06 07:26:49.4350",3203,"Hamilton Park",40.727595966,-74.044247311,3186,"Grove St PATH",40.71958611647166,-74.04311746358871,29639,"Subscriber",1982,2
284,"2018-12-06 07:36:08.9220","2018-12-06 07:40:53.7600",3203,"Hamilton Park",40.727595966,-74.044247311,3186,"Grove St PATH",40.71958611647166,-74.04311746358871,26281,"Subscriber",1971,2
203,"2018-12-06 07:48:15.5470","2018-12-06 07:51:38.5530",3203,"Hamilton Park",40.727595966,-74.044247311,3273,"Manila & 1st",40.721650724879986,-74.04288411140442,29441,"Subscriber",1977,1
274,"2018-12-06 07:51:05.1910","2018-12-06 07:55:40.0930",3203,"Hamilton Park",40.727595966,-74.044247311,3186,"Grove St PATH",40.71958611647166,-74.04311746358871,29669,"Subscriber",1979,1
408,"2018-12-06 07:51:17.6180","2018-12-06 07:58:05.7570",3203,"Hamilton Park",40.727595966,-74.044247311,3202,"Newport PATH",40.7272235,-74.0337589,29612,"Subscriber",1993,1
304,"2018-12-06 07:55:18.3480","2018-12-06 08:00:22.7650",3203,"Hamilton Park",40.727595966,-74.044247311,3186,"Grove St PATH",40.71958611647166,-74.04311746358871,26227,"Subscriber",1977,1
242,"2018-12-06 07:56:12.8480","2018-12-06 08:00:15.8100",3203,"Hamilton Park",40.727595966,-74.044247311,3186,"Grove St PATH",40.71958611647166,-74.04311746358871,29281,"Subscriber",1984,1
435,"2018-12-06 07:59:58.0480","2018-12-06 08:07:13.3730",3203,"Hamilton Park",40.727595966,-74.044247311,3202,"Newport PATH",40.7272235,-74.0337589,29472,"Subscriber",1976,2
543,"2018-12-06 08:08:03.5330","2018-12-06 08:17:07.0740",3203,"Hamilton Park",40.727595966,-74.044247311,3202,"Newport PATH",40.7272235,-74.0337589,29489,"Subscriber",1989,1
238,"2018-12-06 08:11:29.1240","2018-12-06 08:15:27.8560",3203,"Hamilton Park",40.727595966,-74.044247311,3273,"Manila & 1st",40.721650724879986,-74.04288411140442,29681,"Subscriber",1976,2
235,"2018-12-06 08:11:33.7850","2018-12-06 08:15:29.6750",3203,"Hamilton Park",40.727595966,-74.044247311,3186,"Grove St PATH",40.71958611647166,-74.04311746358871,26221,"Subscriber",1975,1
289,"2018-12-06 08:20:30.3720","2018-12-06 08:25:19.7810",3203,"Hamilton Park",40.727595966,-74.044247311,3186,"Grove St PATH",40.71958611647166,-74.04311746358871,29272,"Subscriber",1981,1
223,"2018-12-06 08:22:47.3630","2018-12-06 08:26:30.8350",3203,"Hamilton Park",40.727595966,-74.044247311,3186,"Grove St PATH",40.71958611647166,-74.04311746358871,29266,"Subscriber",1990,1
320,"2018-12-06 08:22:57.3480","2018-12-06 08:28:18.2040",3203,"Hamilton Park",40.727595966,-74.044247311,3186,"Grove St PATH",40.71958611647166,-74.04311746358871,29235,"Subscriber",1987,2
234,"2018-12-06 08:24:32.1420","2018-12-06 08:28:26.8730",3203,"Hamilton Park",40.727595966,-74.044247311,3273,"Manila & 1st",40.721650724879986,-74.04288411140442,29509,"Subscriber",1956,1
251,"2018-12-06 08:26:35.9390","2018-12-06 08:30:47.2640",3203,"Hamilton Park",40.727595966,-74.044247311,3186,"Grove St PATH",40.71958611647166,-74.04311746358871,29533,"Subscriber",1979,1
333,"2018-12-06 08:34:31.1400","2018-12-06 08:40:05.0530",3203,"Hamilton Park",40.727595966,-74.044247311,3186,"Grove St PATH",40.71958611647166,-74.04311746358871,26255,"Subscriber",1988,1
259,"2018-12-06 08:34:35.3570","2018-12-06 08:38:54.9290",3203,"Hamilton Park",40.727595966,-74.044247311,3186,"Grove St PATH",40.71958611647166,-74.04311746358871,26171,"Subscriber",1977,2
442,"2018-12-06 08:37:09.3340","2018-12-06 08:44:32.2350",3203,"Hamilton Park",40.727595966,-74.044247311,3186,"Grove St PATH",40.71958611647166,-74.04311746358871,29258,"Subscriber",1980,1
240,"2018-12-06 08:39:28.8390","2018-12-06 08:43:29.7050",3203,"Hamilton Park",40.727595966,-74.044247311,3186,"Grove St PATH",40.71958611647166,-74.04311746358871,26247,"Subscriber",1985,1
328,"2018-12-06 08:40:47.5450","2018-12-06 08:46:15.5600",3203,"Hamilton Park",40.727595966,-74.044247311,3186,"Grove St PATH",40.71958611647166,-74.04311746358871,26158,"Subscriber",1977,1
251,"2018-12-06 08:41:04.4420","2018-12-06 08:45:16.4260",3203,"Hamilton Park",40.727595966,-74.044247311,3186,"Grove St PATH",40.71958611647166,-74.04311746358871,29554,"Subscriber",1985,1
305,"2018-12-06 08:41:52.2090","2018-12-06 08:46:57.6650",3203,"Hamilton Park",40.727595966,-74.044247311,3186,"Grove St PATH",40.71958611647166,-74.04311746358871,26182,"Subscriber",1990,2
270,"2018-12-06 08:43:18.6470","2018-12-06 08:47:48.7680",3203,"Hamilton Park",40.727595966,-74.044247311,3186,"Grove St PATH",40.71958611647166,-74.04311746358871,26191,"Subscriber",1985,1
418,"2018-12-06 08:44:05.7030","2018-12-06 08:51:04.0290",3203,"Hamilton Park",40.727595966,-74.044247311,3639,"Harborside",40.7192517,-74.034234,29301,"Subscriber",1987,1
335,"2018-12-06 08:46:40.0620","2018-12-06 08:52:15.3700",3203,"Hamilton Park",40.727595966,-74.044247311,3275,"Columbus Drive",40.71835519823214,-74.03891444206238,26275,"Subscriber",1966,1
279,"2018-12-06 08:49:20.9220","2018-12-06 08:54:00.4770",3203,"Hamilton Park",40.727595966,-74.044247311,3186,"Grove St PATH",40.71958611647166,-74.04311746358871,29494,"Subscriber",1991,2
809,"2018-12-06 08:55:53.5040","2018-12-06 09:09:23.2290",3203,"Hamilton Park",40.727595966,-74.044247311,3273,"Manila & 1st",40.721650724879986,-74.04288411140442,29629,"Subscriber",1968,1
363,"2018-12-06 08:58:10.0710","2018-12-06 09:04:13.1230",3203,"Hamilton Park",40.727595966,-74.044247311,3186,"Grove St PATH",40.71958611647166,-74.04311746358871,29513,"Subscriber",1970,2
227,"2018-12-06 09:01:02.9310","2018-12-06 09:04:50.4270",3203,"Hamilton Park",40.727595966,-74.044247311,3273,"Manila & 1st",40.721650724879986,-74.04288411140442,29228,"Subscriber",1984,1
275,"2018-12-06 09:03:18.9480","2018-12-06 09:07:54.3610",3203,"Hamilton Park",40.727595966,-74.044247311,3186,"Grove St PATH",40.71958611647166,-74.04311746358871,29261,"Subscriber",1978,1
288,"2018-12-06 09:11:54.6550","2018-12-06 09:16:43.5280",3203,"Hamilton Park",40.727595966,-74.044247311,3186,"Grove St PATH",40.71958611647166,-74.04311746358871,29505,"Subscriber",1985,2
242,"2018-12-06 09:19:17.3700","2018-12-06 09:23:19.6440",3203,"Hamilton Park",40.727595966,-74.044247311,3186,"Grove St PATH",40.71958611647166,-74.04311746358871,29575,"Subscriber",1986,1
266,"2018-12-06 09:26:21.1960","2018-12-06 09:30:47.3800",3203,"Hamilton Park",40.727595966,-74.044247311,3186,"Grove St PATH",40.71958611647166,-74.04311746358871,29460,"Subscriber",1983,1
270,"2018-12-06 09:43:59.1600","2018-12-06 09:48:29.2210",3203,"Hamilton Park",40.727595966,-74.044247311,3186,"Grove St PATH",40.71958611647166,-74.04311746358871,29471,"Subscriber",1985,1
286,"2018-12-06 10:14:48.8010","2018-12-06 10:19:34.9340",3203,"Hamilton Park",40.727595966,-74.044247311,3273,"Manila & 1st",40.721650724879986,-74.04288411140442,29497,"Subscriber",1958,1
471,"2018-12-06 10:34:56.1180","2018-12-06 10:42:47.9540",3203,"Hamilton Park",40.727595966,-74.044247311,3183,"Exchange Place",40.7162469,-74.0334588,29453,"Subscriber",1977,1
243,"2018-12-06 10:46:46.3610","2018-12-06 10:50:49.5000",3203,"Hamilton Park",40.727595966,-74.044247311,3186,"Grove St PATH",40.71958611647166,-74.04311746358871,26210,"Subscriber",1977,1
237,"2018-12-06 10:49:06.6950","2018-12-06 10:53:04.0800",3203,"Hamilton Park",40.727595966,-74.044247311,3186,"Grove St PATH",40.71958611647166,-74.04311746358871,26284,"Subscriber",1960,1
261,"2018-12-06 11:34:45.2470","2018-12-06 11:39:06.2680",3203,"Hamilton Park",40.727595966,-74.044247311,3209,"Brunswick St",40.7241765,-74.0506564,29505,"Subscriber",1979,2
236,"2018-12-06 12:10:13.2460","2018-12-06 12:14:09.2650",3203,"Hamilton Park",40.727595966,-74.044247311,3273,"Manila & 1st",40.721650724879986,-74.04288411140442,26212,"Subscriber",1990,1
536,"2018-12-06 12:41:16.6740","2018-12-06 12:50:12.8700",3203,"Hamilton Park",40.727595966,-74.044247311,3639,"Harborside",40.7192517,-74.034234,26182,"Subscriber",1982,1
994,"2018-12-06 12:45:01.0530","2018-12-06 13:01:35.6990",3203,"Hamilton Park",40.727595966,-74.044247311,3202,"Newport PATH",40.7272235,-74.0337589,29670,"Subscriber",1956,1
455,"2018-12-06 14:12:42.9580","2018-12-06 14:20:18.2750",3203,"Hamilton Park",40.727595966,-74.044247311,3639,"Harborside",40.7192517,-74.034234,29457,"Subscriber",1987,1
1123,"2018-12-06 15:02:46.5080","2018-12-06 15:21:29.6710",3203,"Hamilton Park",40.727595966,-74.044247311,3202,"Newport PATH",40.7272235,-74.0337589,29306,"Subscriber",1974,1
387,"2018-12-06 16:35:26.6050","2018-12-06 16:41:53.7910",3203,"Hamilton Park",40.727595966,-74.044247311,3187,"Warren St",40.7211236,-74.03805095,29586,"Subscriber",1987,1
87,"2018-12-06 16:47:12.8170","2018-12-06 16:48:40.0910",3203,"Hamilton Park",40.727595966,-74.044247311,3270,"Jersey & 6th St",40.72528910781132,-74.04557168483734,29201,"Subscriber",1981,1
317,"2018-12-06 17:02:22.3060","2018-12-06 17:07:39.8370",3203,"Hamilton Park",40.727595966,-74.044247311,3186,"Grove St PATH",40.71958611647166,-74.04311746358871,29597,"Subscriber",1991,2
216,"2018-12-06 17:12:20.3010","2018-12-06 17:15:56.3180",3203,"Hamilton Park",40.727595966,-74.044247311,3273,"Manila & 1st",40.721650724879986,-74.04288411140442,26247,"Subscriber",1973,1
366,"2018-12-06 18:23:44.9330","2018-12-06 18:29:51.8680",3203,"Hamilton Park",40.727595966,-74.044247311,3213,"Van Vorst Park",40.71848892,-74.047726625,29672,"Subscriber",1983,2
312,"2018-12-06 18:29:39.0060","2018-12-06 18:34:51.2630",3203,"Hamilton Park",40.727595966,-74.044247311,3213,"Van Vorst Park",40.71848892,-74.047726625,29296,"Subscriber",1983,1
354,"2018-12-06 18:33:34.3170","2018-12-06 18:39:28.6950",3203,"Hamilton Park",40.727595966,-74.044247311,3185,"City Hall",40.7177325,-74.043845,26260,"Subscriber",1973,2
405,"2018-12-06 18:37:41.1240","2018-12-06 18:44:26.4640",3203,"Hamilton Park",40.727595966,-74.044247311,3186,"Grove St PATH",40.71958611647166,-74.04311746358871,29596,"Subscriber",1984,2
158,"2018-12-06 18:50:18.7610","2018-12-06 18:52:57.5690",3203,"Hamilton Park",40.727595966,-74.044247311,3269,"Brunswick & 6th",40.72601172964625,-74.05038893222809,29231,"Subscriber",1988,1
352,"2018-12-06 19:33:44.4110","2018-12-06 19:39:37.3970",3203,"Hamilton Park",40.727595966,-74.044247311,3275,"Columbus Drive",40.71835519823214,-74.03891444206238,29239,"Subscriber",1974,1
374,"2018-12-06 19:34:56.6500","2018-12-06 19:41:10.8900",3203,"Hamilton Park",40.727595966,-74.044247311,3202,"Newport PATH",40.7272235,-74.0337589,26212,"Subscriber",1984,1
433,"2018-12-06 19:42:17.5850","2018-12-06 19:49:31.2580",3203,"Hamilton Park",40.727595966,-74.044247311,3185,"City Hall",40.7177325,-74.043845,29601,"Customer",1989,2
171,"2018-12-06 19:51:23.8980","2018-12-06 19:54:15.4160",3203,"Hamilton Park",40.727595966,-74.044247311,3211,"Newark Ave",40.72152515,-74.046304543,30843,"Subscriber",1984,1
655,"2018-12-06 21:55:08.1500","2018-12-06 22:06:03.9900",3203,"Hamilton Park",40.727595966,-74.044247311,3203,"Hamilton Park",40.727595966,-74.044247311,26287,"Subscriber",1989,1
317,"2018-12-06 23:08:20.2790","2018-12-06 23:13:38.2520",3203,"Hamilton Park",40.727595966,-74.044247311,3273,"Manila & 1st",40.721650724879986,-74.04288411140442,29198,"Subscriber",1989,1
524,"2018-12-07 06:22:23.5760","2018-12-07 06:31:08.4920",3203,"Hamilton Park",40.727595966,-74.044247311,3184,"Paulus Hook",40.7141454,-74.0335519,29604,"Subscriber",1969,1
309,"2018-12-07 07:12:04.1570","2018-12-07 07:17:14.0320",3203,"Hamilton Park",40.727595966,-74.044247311,3202,"Newport PATH",40.7272235,-74.0337589,29614,"Subscriber",1992,2
272,"2018-12-07 07:32:42.1810","2018-12-07 07:37:14.4460",3203,"Hamilton Park",40.727595966,-74.044247311,3186,"Grove St PATH",40.71958611647166,-74.04311746358871,29214,"Subscriber",1989,1
161,"2018-12-07 07:46:07.3360","2018-12-07 07:48:49.1560",3203,"Hamilton Park",40.727595966,-74.044247311,3273,"Manila & 1st",40.721650724879986,-74.04288411140442,29505,"Subscriber",1977,1
226,"2018-12-07 07:46:09.1090","2018-12-07 07:49:55.7850",3203,"Hamilton Park",40.727595966,-74.044247311,3186,"Grove St PATH",40.71958611647166,-74.04311746358871,26292,"Subscriber",1979,1
273,"2018-12-07 07:48:44.4230","2018-12-07 07:53:18.3080",3203,"Hamilton Park",40.727595966,-74.044247311,3186,"Grove St PATH",40.71958611647166,-74.04311746358871,26287,"Subscriber",1983,1
323,"2018-12-07 07:49:56.1250","2018-12-07 07:55:19.6930",3203,"Hamilton Park",40.727595966,-74.044247311,3186,"Grove St PATH",40.71958611647166,-74.04311746358871,26303,"Subscriber",1973,1
151,"2018-12-07 07:50:17.2450","2018-12-07 07:52:48.8310",3203,"Hamilton Park",40.727595966,-74.044247311,3211,"Newark Ave",40.72152515,-74.046304543,29306,"Subscriber",1980,1
344,"2018-12-07 07:51:50.1510","2018-12-07 07:57:34.7440",3203,"Hamilton Park",40.727595966,-74.044247311,3202,"Newport PATH",40.7272235,-74.0337589,29596,"Subscriber",1994,2
247,"2018-12-07 08:00:13.3700","2018-12-07 08:04:20.5940",3203,"Hamilton Park",40.727595966,-74.044247311,3186,"Grove St PATH",40.71958611647166,-74.04311746358871,29123,"Subscriber",1975,1
367,"2018-12-07 08:01:24.7680","2018-12-07 08:07:32.7010",3203,"Hamilton Park",40.727595966,-74.044247311,3202,"Newport PATH",40.7272235,-74.0337589,29593,"Subscriber",1976,2
260,"2018-12-07 08:02:19.0940","2018-12-07 08:06:39.9150",3203,"Hamilton Park",40.727595966,-74.044247311,3186,"Grove St PATH",40.71958611647166,-74.04311746358871,26204,"Subscriber",1979,1
284,"2018-12-07 08:10:37.1350","2018-12-07 08:15:21.3870",3203,"Hamilton Park",40.727595966,-74.044247311,3186,"Grove St PATH",40.71958611647166,-74.04311746358871,26245,"Subscriber",1985,2
230,"2018-12-07 08:17:55.4450","2018-12-07 08:21:46.0280",3203,"Hamilton Park",40.727595966,-74.044247311,3186,"Grove St PATH",40.71958611647166,-74.04311746358871,26247,"Subscriber",1979,1
228,"2018-12-07 08:22:32.4910","2018-12-07 08:26:20.5010",3203,"Hamilton Park",40.727595966,-74.044247311,3186,"Grove St PATH",40.71958611647166,-74.04311746358871,26281,"Subscriber",1990,1
338,"2018-12-07 08:28:15.1290","2018-12-07 08:33:53.5020",3203,"Hamilton Park",40.727595966,-74.044247311,3186,"Grove St PATH",40.71958611647166,-74.04311746358871,26191,"Subscriber",1981,1
267,"2018-12-07 08:34:28.1650","2018-12-07 08:38:55.8260",3203,"Hamilton Park",40.727595966,-74.044247311,3186,"Grove St PATH",40.71958611647166,-74.04311746358871,26164,"Subscriber",1986,1
257,"2018-12-07 08:36:12.1790","2018-12-07 08:40:29.8740",3203,"Hamilton Park",40.727595966,-74.044247311,3186,"Grove St PATH",40.71958611647166,-74.04311746358871,26210,"Subscriber",1973,1
266,"2018-12-07 08:39:13.5630","2018-12-07 08:43:39.6430",3203,"Hamilton Park",40.727595966,-74.044247311,3273,"Manila & 1st",40.721650724879986,-74.04288411140442,29639,"Subscriber",1977,2
191,"2018-12-07 08:42:12.8130","2018-12-07 08:45:24.2250",3203,"Hamilton Park",40.727595966,-74.044247311,3273,"Manila & 1st",40.721650724879986,-74.04288411140442,29499,"Subscriber",1978,0
374,"2018-12-07 08:43:05.2940","2018-12-07 08:49:19.8790",3203,"Hamilton Park",40.727595966,-74.044247311,3639,"Harborside",40.7192517,-74.034234,29459,"Subscriber",1987,1
223,"2018-12-07 08:43:44.9480","2018-12-07 08:47:28.9450",3203,"Hamilton Park",40.727595966,-74.044247311,3273,"Manila & 1st",40.721650724879986,-74.04288411140442,26227,"Subscriber",1978,2
395,"2018-12-07 08:50:16.2530","2018-12-07 08:56:51.4190",3203,"Hamilton Park",40.727595966,-74.044247311,3185,"City Hall",40.7177325,-74.043845,26248,"Subscriber",1987,2
201,"2018-12-07 08:54:41.2890","2018-12-07 08:58:03.1890",3203,"Hamilton Park",40.727595966,-74.044247311,3273,"Manila & 1st",40.721650724879986,-74.04288411140442,26208,"Subscriber",1977,2
326,"2018-12-07 08:56:06.6960","2018-12-07 09:01:33.6450",3203,"Hamilton Park",40.727595966,-74.044247311,3186,"Grove St PATH",40.71958611647166,-74.04311746358871,29513,"Subscriber",1970,2
744,"2018-12-07 08:56:20.7580","2018-12-07 09:08:45.7290",3203,"Hamilton Park",40.727595966,-74.044247311,3183,"Exchange Place",40.7162469,-74.0334588,29439,"Subscriber",1978,0
247,"2018-12-07 08:57:16.8510","2018-12-07 09:01:24.7720",3203,"Hamilton Park",40.727595966,-74.044247311,3273,"Manila & 1st",40.721650724879986,-74.04288411140442,26202,"Subscriber",1956,1
328,"2018-12-07 08:58:33.2940","2018-12-07 09:04:01.9100",3203,"Hamilton Park",40.727595966,-74.044247311,3185,"City Hall",40.7177325,-74.043845,29120,"Subscriber",1978,1
450,"2018-12-07 08:58:33.9150","2018-12-07 09:06:04.5150",3203,"Hamilton Park",40.727595966,-74.044247311,3273,"Manila & 1st",40.721650724879986,-74.04288411140442,26158,"Subscriber",1976,2
259,"2018-12-07 08:58:48.2510","2018-12-07 09:03:07.8830",3203,"Hamilton Park",40.727595966,-74.044247311,3273,"Manila & 1st",40.721650724879986,-74.04288411140442,26171,"Subscriber",1990,2
224,"2018-12-07 09:01:11.4040","2018-12-07 09:04:56.2210",3203,"Hamilton Park",40.727595966,-74.044247311,3211,"Newark Ave",40.72152515,-74.046304543,26203,"Subscriber",1985,2
196,"2018-12-07 09:04:25.2300","2018-12-07 09:07:41.2520",3203,"Hamilton Park",40.727595966,-74.044247311,3272,"Jersey & 3rd",40.72333158646436,-74.04595255851744,29659,"Subscriber",1968,1
139,"2018-12-07 09:11:20.7770","2018-12-07 09:13:40.1310",3203,"Hamilton Park",40.727595966,-74.044247311,3211,"Newark Ave",40.72152515,-74.046304543,29250,"Subscriber",1984,1
360,"2018-12-07 09:11:43.1930","2018-12-07 09:17:43.3760",3203,"Hamilton Park",40.727595966,-74.044247311,3275,"Columbus Drive",40.71835519823214,-74.03891444206238,26155,"Subscriber",1974,1
227,"2018-12-07 09:11:40.1180","2018-12-07 09:15:27.9060",3203,"Hamilton Park",40.727595966,-74.044247311,3186,"Grove St PATH",40.71958611647166,-74.04311746358871,29681,"Subscriber",1985,1
238,"2018-12-07 09:14:07.0600","2018-12-07 09:18:05.3010",3203,"Hamilton Park",40.727595966,-74.044247311,3273,"Manila & 1st",40.721650724879986,-74.04288411140442,26179,"Subscriber",1991,2
655,"2018-12-07 09:21:38.8870","2018-12-07 09:32:34.7340",3203,"Hamilton Park",40.727595966,-74.044247311,3275,"Columbus Drive",40.71835519823214,-74.03891444206238,29555,"Subscriber",1986,1
334,"2018-12-07 09:24:16.7410","2018-12-07 09:29:51.3790",3203,"Hamilton Park",40.727595966,-74.044247311,3202,"Newport PATH",40.7272235,-74.0337589,26216,"Subscriber",1972,1
324,"2018-12-07 09:27:12.1530","2018-12-07 09:32:36.2320",3203,"Hamilton Park",40.727595966,-74.044247311,3185,"City Hall",40.7177325,-74.043845,29452,"Subscriber",1971,2
240,"2018-12-07 09:38:56.3360","2018-12-07 09:42:57.1160",3203,"Hamilton Park",40.727595966,-74.044247311,3272,"Jersey & 3rd",40.72333158646436,-74.04595255851744,29126,"Subscriber",1970,2
203,"2018-12-07 09:58:38.9650","2018-12-07 10:02:02.4400",3203,"Hamilton Park",40.727595966,-74.044247311,3186,"Grove St PATH",40.71958611647166,-74.04311746358871,29549,"Subscriber",1986,1
357,"2018-12-07 10:21:37.6960","2018-12-07 10:27:35.2500",3203,"Hamilton Park",40.727595966,-74.044247311,3186,"Grove St PATH",40.71958611647166,-74.04311746358871,29540,"Subscriber",1976,2
189,"2018-12-07 10:22:20.4570","2018-12-07 10:25:29.5130",3203,"Hamilton Park",40.727595966,-74.044247311,3272,"Jersey & 3rd",40.72333158646436,-74.04595255851744,29243,"Subscriber",1981,2
565,"2018-12-07 10:51:44.7440","2018-12-07 11:01:10.6250",3203,"Hamilton Park",40.727595966,-74.044247311,3185,"City Hall",40.7177325,-74.043845,29639,"Subscriber",1984,2
246,"2018-12-07 11:16:31.8720","2018-12-07 11:20:38.1780",3203,"Hamilton Park",40.727595966,-74.044247311,3211,"Newark Ave",40.72152515,-74.046304543,29243,"Subscriber",1984,2
404,"2018-12-07 11:17:24.0960","2018-12-07 11:24:08.3960",3203,"Hamilton Park",40.727595966,-74.044247311,3213,"Van Vorst Park",40.71848892,-74.047726625,29645,"Subscriber",1981,2
191,"2018-12-07 11:54:04.0120","2018-12-07 11:57:15.6200",3203,"Hamilton Park",40.727595966,-74.044247311,3211,"Newark Ave",40.72152515,-74.046304543,26243,"Subscriber",1988,2
466,"2018-12-07 12:36:02.0690","2018-12-07 12:43:48.9730",3203,"Hamilton Park",40.727595966,-74.044247311,3639,"Harborside",40.7192517,-74.034234,29126,"Subscriber",1982,1
301,"2018-12-07 13:34:46.9220","2018-12-07 13:39:48.8140",3203,"Hamilton Park",40.727595966,-74.044247311,3186,"Grove St PATH",40.71958611647166,-74.04311746358871,26243,"Subscriber",1987,1
259,"2018-12-07 17:41:45.3590","2018-12-07 17:46:05.1200",3203,"Hamilton Park",40.727595966,-74.044247311,3273,"Manila & 1st",40.721650724879986,-74.04288411140442,26264,"Subscriber",1973,2
360,"2018-12-07 17:47:24.7540","2018-12-07 17:53:25.6700",3203,"Hamilton Park",40.727595966,-74.044247311,3202,"Newport PATH",40.7272235,-74.0337589,29608,"Subscriber",1969,2
219,"2018-12-07 17:55:21.9880","2018-12-07 17:59:01.0260",3203,"Hamilton Park",40.727595966,-74.044247311,3211,"Newark Ave",40.72152515,-74.046304543,29474,"Subscriber",1980,2
319,"2018-12-07 17:55:44.8820","2018-12-07 18:01:04.7670",3203,"Hamilton Park",40.727595966,-74.044247311,3186,"Grove St PATH",40.71958611647166,-74.04311746358871,29484,"Subscriber",1990,2
330,"2018-12-07 18:12:25.5570","2018-12-07 18:17:56.0490",3203,"Hamilton Park",40.727595966,-74.044247311,3186,"Grove St PATH",40.71958611647166,-74.04311746358871,29656,"Subscriber",1988,2
699,"2018-12-07 18:52:20.9900","2018-12-07 19:04:00.6840",3203,"Hamilton Park",40.727595966,-74.044247311,3481,"York St",40.71649,-74.04105,26189,"Subscriber",1988,1
248,"2018-12-07 20:25:08.5250","2018-12-07 20:29:17.0900",3203,"Hamilton Park",40.727595966,-74.044247311,3270,"Jersey & 6th St",40.72528910781132,-74.04557168483734,29304,"Subscriber",1992,1
259,"2018-12-07 20:55:32.9750","2018-12-07 20:59:52.0600",3203,"Hamilton Park",40.727595966,-74.044247311,3186,"Grove St PATH",40.71958611647166,-74.04311746358871,29245,"Subscriber",1990,1
332,"2018-12-07 22:37:25.0640","2018-12-07 22:42:57.0700",3203,"Hamilton Park",40.727595966,-74.044247311,3203,"Hamilton Park",40.727595966,-74.044247311,29458,"Subscriber",1988,1
318,"2018-12-07 22:52:33.6120","2018-12-07 22:57:52.0060",3203,"Hamilton Park",40.727595966,-74.044247311,3185,"City Hall",40.7177325,-74.043845,29453,"Subscriber",1986,1
1515,"2018-12-08 01:43:12.2180","2018-12-08 02:08:28.0390",3203,"Hamilton Park",40.727595966,-74.044247311,3203,"Hamilton Park",40.727595966,-74.044247311,29500,"Subscriber",1992,1
356,"2018-12-08 08:57:00.7400","2018-12-08 09:02:57.1690",3203,"Hamilton Park",40.727595966,-74.044247311,3202,"Newport PATH",40.7272235,-74.0337589,29458,"Subscriber",1979,2
212,"2018-12-08 09:18:30.7640","2018-12-08 09:22:03.7240",3203,"Hamilton Park",40.727595966,-74.044247311,3211,"Newark Ave",40.72152515,-74.046304543,26192,"Subscriber",1980,2
254,"2018-12-08 10:09:59.4830","2018-12-08 10:14:13.7300",3203,"Hamilton Park",40.727595966,-74.044247311,3186,"Grove St PATH",40.71958611647166,-74.04311746358871,29234,"Subscriber",1990,1
321,"2018-12-08 10:48:37.6110","2018-12-08 10:53:59.1400",3203,"Hamilton Park",40.727595966,-74.044247311,3187,"Warren St",40.7211236,-74.03805095,29503,"Subscriber",1972,1
227,"2018-12-08 10:49:30.5110","2018-12-08 10:53:17.6200",3203,"Hamilton Park",40.727595966,-74.044247311,3186,"Grove St PATH",40.71958611647166,-74.04311746358871,29452,"Subscriber",1971,1
491,"2018-12-08 10:51:54.0520","2018-12-08 11:00:05.7600",3203,"Hamilton Park",40.727595966,-74.044247311,3186,"Grove St PATH",40.71958611647166,-74.04311746358871,29608,"Subscriber",1966,2
166,"2018-12-08 10:53:16.7290","2018-12-08 10:56:02.8680",3203,"Hamilton Park",40.727595966,-74.044247311,3211,"Newark Ave",40.72152515,-74.046304543,29307,"Subscriber",1988,2
155,"2018-12-08 10:55:10.8810","2018-12-08 10:57:46.0270",3203,"Hamilton Park",40.727595966,-74.044247311,3272,"Jersey & 3rd",40.72333158646436,-74.04595255851744,29228,"Subscriber",1969,0
368,"2018-12-08 11:03:40.0460","2018-12-08 11:09:48.1560",3203,"Hamilton Park",40.727595966,-74.044247311,3185,"City Hall",40.7177325,-74.043845,29544,"Subscriber",1981,1
375,"2018-12-08 11:35:10.3590","2018-12-08 11:41:26.0470",3203,"Hamilton Park",40.727595966,-74.044247311,3185,"City Hall",40.7177325,-74.043845,29665,"Subscriber",1973,1
160,"2018-12-08 11:55:57.9110","2018-12-08 11:58:38.3460",3203,"Hamilton Park",40.727595966,-74.044247311,3272,"Jersey & 3rd",40.72333158646436,-74.04595255851744,26172,"Subscriber",1982,1
236,"2018-12-08 12:31:35.2000","2018-12-08 12:35:31.6740",3203,"Hamilton Park",40.727595966,-74.044247311,3273,"Manila & 1st",40.721650724879986,-74.04288411140442,29243,"Subscriber",1978,2
388,"2018-12-08 12:37:05.1060","2018-12-08 12:43:33.9110",3203,"Hamilton Park",40.727595966,-74.044247311,3202,"Newport PATH",40.7272235,-74.0337589,26302,"Subscriber",1990,2
918,"2018-12-08 12:47:45.1420","2018-12-08 13:03:04.0020",3203,"Hamilton Park",40.727595966,-74.044247311,3270,"Jersey & 6th St",40.72528910781132,-74.04557168483734,29228,"Subscriber",1981,1
496,"2018-12-08 12:53:30.7170","2018-12-08 13:01:47.6940",3203,"Hamilton Park",40.727595966,-74.044247311,3681,"Grand St",40.71517767732029,-74.03768330812454,26296,"Subscriber",1990,1
373,"2018-12-08 13:55:47.7470","2018-12-08 14:02:00.9640",3203,"Hamilton Park",40.727595966,-74.044247311,3187,"Warren St",40.7211236,-74.03805095,26292,"Subscriber",1991,2
361,"2018-12-08 13:55:48.7230","2018-12-08 14:01:49.9390",3203,"Hamilton Park",40.727595966,-74.044247311,3187,"Warren St",40.7211236,-74.03805095,26202,"Subscriber",1988,1
891,"2018-12-08 13:56:47.8390","2018-12-08 14:11:38.9780",3203,"Hamilton Park",40.727595966,-74.044247311,3192,"Liberty Light Rail",40.7112423,-74.0557013,26158,"Customer",1984,2
842,"2018-12-08 13:57:04.3550","2018-12-08 14:11:06.5670",3203,"Hamilton Park",40.727595966,-74.044247311,3192,"Liberty Light Rail",40.7112423,-74.0557013,26254,"Customer",1976,1
241,"2018-12-08 14:23:46.9100","2018-12-08 14:27:48.4380",3203,"Hamilton Park",40.727595966,-74.044247311,3273,"Manila & 1st",40.721650724879986,-74.04288411140442,29471,"Subscriber",1990,2
225,"2018-12-08 14:23:57.4870","2018-12-08 14:27:43.0090",3203,"Hamilton Park",40.727595966,-74.044247311,3273,"Manila & 1st",40.721650724879986,-74.04288411140442,29670,"Subscriber",1990,1
276,"2018-12-08 15:54:34.7490","2018-12-08 15:59:11.5850",3203,"Hamilton Park",40.727595966,-74.044247311,3186,"Grove St PATH",40.71958611647166,-74.04311746358871,29662,"Subscriber",1973,1
252,"2018-12-08 16:39:53.5420","2018-12-08 16:44:05.5980",3203,"Hamilton Park",40.727595966,-74.044247311,3186,"Grove St PATH",40.71958611647166,-74.04311746358871,29653,"Subscriber",1983,1
411,"2018-12-08 18:37:24.5870","2018-12-08 18:44:16.3720",3203,"Hamilton Park",40.727595966,-74.044247311,3185,"City Hall",40.7177325,-74.043845,26287,"Subscriber",1990,2
148,"2018-12-08 18:45:37.5890","2018-12-08 18:48:05.6390",3203,"Hamilton Park",40.727595966,-74.044247311,3211,"Newark Ave",40.72152515,-74.046304543,29595,"Subscriber",1981,1
338,"2018-12-08 19:53:14.8790","2018-12-08 19:58:52.9790",3203,"Hamilton Park",40.727595966,-74.044247311,3185,"City Hall",40.7177325,-74.043845,26153,"Subscriber",1987,1
316,"2018-12-09 08:27:24.7230","2018-12-09 08:32:41.4250",3203,"Hamilton Park",40.727595966,-74.044247311,3202,"Newport PATH",40.7272235,-74.0337589,29243,"Subscriber",1974,1
399,"2018-12-09 08:37:10.7430","2018-12-09 08:43:50.5340",3203,"Hamilton Park",40.727595966,-74.044247311,3205,"JC Medical Center",40.71653978099194,-74.0496379137039,26157,"Subscriber",1989,1
186,"2018-12-09 08:46:14.4630","2018-12-09 08:49:20.9110",3203,"Hamilton Park",40.727595966,-74.044247311,3211,"Newark Ave",40.72152515,-74.046304543,26293,"Subscriber",1979,2
286,"2018-12-09 09:02:09.7450","2018-12-09 09:06:56.6770",3203,"Hamilton Park",40.727595966,-74.044247311,3273,"Manila & 1st",40.721650724879986,-74.04288411140442,29596,"Subscriber",1992,1
1832,"2018-12-09 10:06:30.1930","2018-12-09 10:37:02.8500",3203,"Hamilton Park",40.727595966,-74.044247311,3203,"Hamilton Park",40.727595966,-74.044247311,29500,"Subscriber",1989,1
162,"2018-12-09 10:35:43.5960","2018-12-09 10:38:26.5510",3203,"Hamilton Park",40.727595966,-74.044247311,3273,"Manila & 1st",40.721650724879986,-74.04288411140442,29653,"Subscriber",1984,1
424,"2018-12-09 11:17:52.8470","2018-12-09 11:24:57.4660",3203,"Hamilton Park",40.727595966,-74.044247311,3202,"Newport PATH",40.7272235,-74.0337589,29656,"Subscriber",1974,1
228,"2018-12-09 11:18:01.9260","2018-12-09 11:21:50.6630",3203,"Hamilton Park",40.727595966,-74.044247311,3186,"Grove St PATH",40.71958611647166,-74.04311746358871,29457,"Subscriber",1960,1
90,"2018-12-09 11:21:05.2920","2018-12-09 11:22:35.3450",3203,"Hamilton Park",40.727595966,-74.044247311,3270,"Jersey & 6th St",40.72528910781132,-74.04557168483734,29288,"Subscriber",1978,1
246,"2018-12-09 11:24:05.3360","2018-12-09 11:28:11.9870",3203,"Hamilton Park",40.727595966,-74.044247311,3273,"Manila & 1st",40.721650724879986,-74.04288411140442,29646,"Subscriber",1982,2
133,"2018-12-09 11:46:18.5060","2018-12-09 11:48:32.4160",3203,"Hamilton Park",40.727595966,-74.044247311,3272,"Jersey & 3rd",40.72333158646436,-74.04595255851744,26206,"Subscriber",1986,1
754,"2018-12-09 12:57:19.4430","2018-12-09 13:09:54.3800",3203,"Hamilton Park",40.727595966,-74.044247311,3681,"Grand St",40.71517767732029,-74.03768330812454,26225,"Subscriber",1957,1
723,"2018-12-09 12:57:50.9110","2018-12-09 13:09:54.3360",3203,"Hamilton Park",40.727595966,-74.044247311,3681,"Grand St",40.71517767732029,-74.03768330812454,29289,"Subscriber",1956,1
269,"2018-12-09 13:00:08.1320","2018-12-09 13:04:37.1410",3203,"Hamilton Park",40.727595966,-74.044247311,3209,"Brunswick St",40.7241765,-74.0506564,29484,"Subscriber",1979,2
214,"2018-12-09 13:15:45.5250","2018-12-09 13:19:19.9460",3203,"Hamilton Park",40.727595966,-74.044247311,3273,"Manila & 1st",40.721650724879986,-74.04288411140442,29500,"Subscriber",1991,2
2018,"2018-12-09 13:44:46.4240","2018-12-09 14:18:25.2910",3203,"Hamilton Park",40.727595966,-74.044247311,3203,"Hamilton Park",40.727595966,-74.044247311,26158,"Subscriber",1988,1
234,"2018-12-09 14:51:17.6340","2018-12-09 14:55:12.2900",3203,"Hamilton Park",40.727595966,-74.044247311,3273,"Manila & 1st",40.721650724879986,-74.04288411140442,29473,"Subscriber",1977,2
392,"2018-12-09 15:13:48.6910","2018-12-09 15:20:21.2630",3203,"Hamilton Park",40.727595966,-74.044247311,3185,"City Hall",40.7177325,-74.043845,26255,"Subscriber",1987,1
377,"2018-12-09 15:24:47.0170","2018-12-09 15:31:04.2290",3203,"Hamilton Park",40.727595966,-74.044247311,3276,"Marin Light Rail",40.71458403535893,-74.04281705617905,26158,"Subscriber",1978,1
269,"2018-12-09 15:49:36.3010","2018-12-09 15:54:06.1460",3203,"Hamilton Park",40.727595966,-74.044247311,3211,"Newark Ave",40.72152515,-74.046304543,26294,"Subscriber",1980,2
197,"2018-12-09 15:57:54.5780","2018-12-09 16:01:11.7610",3203,"Hamilton Park",40.727595966,-74.044247311,3211,"Newark Ave",40.72152515,-74.046304543,29450,"Subscriber",1969,0
236,"2018-12-09 16:35:52.0260","2018-12-09 16:39:48.5150",3203,"Hamilton Park",40.727595966,-74.044247311,3273,"Manila & 1st",40.721650724879986,-74.04288411140442,29483,"Subscriber",1973,1
281,"2018-12-09 16:46:47.5380","2018-12-09 16:51:28.9300",3203,"Hamilton Park",40.727595966,-74.044247311,3203,"Hamilton Park",40.727595966,-74.044247311,29446,"Subscriber",1987,1
124,"2018-12-09 17:18:23.5790","2018-12-09 17:20:27.9900",3203,"Hamilton Park",40.727595966,-74.044247311,3272,"Jersey & 3rd",40.72333158646436,-74.04595255851744,26211,"Subscriber",1985,1
214,"2018-12-09 17:52:52.5930","2018-12-09 17:56:26.8680",3203,"Hamilton Park",40.727595966,-74.044247311,3211,"Newark Ave",40.72152515,-74.046304543,29446,"Subscriber",1990,2
240,"2018-12-09 18:19:32.3930","2018-12-09 18:23:33.3150",3203,"Hamilton Park",40.727595966,-74.044247311,3273,"Manila & 1st",40.721650724879986,-74.04288411140442,26316,"Subscriber",1989,1
284,"2018-12-09 19:19:30.1840","2018-12-09 19:24:14.6770",3203,"Hamilton Park",40.727595966,-74.044247311,3202,"Newport PATH",40.7272235,-74.0337589,29608,"Subscriber",1985,1
243,"2018-12-09 19:51:56.3140","2018-12-09 19:56:00.0300",3203,"Hamilton Park",40.727595966,-74.044247311,3211,"Newark Ave",40.72152515,-74.046304543,29494,"Subscriber",1989,1
720,"2018-12-09 20:03:45.9600","2018-12-09 20:15:46.2250",3203,"Hamilton Park",40.727595966,-74.044247311,3195,"Sip Ave",40.73074262530658,-74.06378388404846,26161,"Subscriber",1966,1
194,"2018-12-09 21:15:42.4350","2018-12-09 21:18:56.9510",3203,"Hamilton Park",40.727595966,-74.044247311,3211,"Newark Ave",40.72152515,-74.046304543,26242,"Subscriber",1988,2
391,"2018-12-09 22:44:15.5510","2018-12-09 22:50:47.2360",3203,"Hamilton Park",40.727595966,-74.044247311,3481,"York St",40.71649,-74.04105,29497,"Subscriber",1992,1
292,"2018-12-10 06:00:21.8750","2018-12-10 06:05:14.2100",3203,"Hamilton Park",40.727595966,-74.044247311,3186,"Grove St PATH",40.71958611647166,-74.04311746358871,29487,"Customer",1994,2
159,"2018-12-10 06:10:46.3100","2018-12-10 06:13:25.9700",3203,"Hamilton Park",40.727595966,-74.044247311,3272,"Jersey & 3rd",40.72333158646436,-74.04595255851744,29604,"Subscriber",1971,2
232,"2018-12-10 06:19:48.7730","2018-12-10 06:23:41.5590",3203,"Hamilton Park",40.727595966,-74.044247311,3186,"Grove St PATH",40.71958611647166,-74.04311746358871,29583,"Subscriber",1969,1
4742,"2018-12-10 06:29:56.9500","2018-12-10 07:48:59.3390",3203,"Hamilton Park",40.727595966,-74.044247311,3186,"Grove St PATH",40.71958611647166,-74.04311746358871,29594,"Subscriber",1989,1
260,"2018-12-10 07:03:06.0180","2018-12-10 07:07:26.2290",3203,"Hamilton Park",40.727595966,-74.044247311,3186,"Grove St PATH",40.71958611647166,-74.04311746358871,29446,"Subscriber",1971,1
322,"2018-12-10 07:36:45.7860","2018-12-10 07:42:08.3370",3203,"Hamilton Park",40.727595966,-74.044247311,3186,"Grove St PATH",40.71958611647166,-74.04311746358871,26187,"Subscriber",1973,1
203,"2018-12-10 07:40:12.6030","2018-12-10 07:43:36.4050",3203,"Hamilton Park",40.727595966,-74.044247311,3186,"Grove St PATH",40.71958611647166,-74.04311746358871,29286,"Subscriber",1979,1
465,"2018-12-10 07:47:50.5570","2018-12-10 07:55:36.0280",3203,"Hamilton Park",40.727595966,-74.044247311,3202,"Newport PATH",40.7272235,-74.0337589,29261,"Subscriber",1994,2
361,"2018-12-10 07:53:34.3560","2018-12-10 07:59:35.5660",3203,"Hamilton Park",40.727595966,-74.044247311,3186,"Grove St PATH",40.71958611647166,-74.04311746358871,26221,"Subscriber",1992,1
678,"2018-12-10 07:58:28.2830","2018-12-10 08:09:47.1000",3203,"Hamilton Park",40.727595966,-74.044247311,3214,"Essex Light Rail",40.7127742,-74.0364857,26274,"Subscriber",1977,1
235,"2018-12-10 08:02:32.3150","2018-12-10 08:06:27.7130",3203,"Hamilton Park",40.727595966,-74.044247311,3186,"Grove St PATH",40.71958611647166,-74.04311746358871,26190,"Subscriber",1975,1
399,"2018-12-10 08:02:33.7500","2018-12-10 08:09:12.8520",3203,"Hamilton Park",40.727595966,-74.044247311,3639,"Harborside",40.7192517,-74.034234,29266,"Subscriber",1966,1
275,"2018-12-10 08:05:46.3940","2018-12-10 08:10:22.3550",3203,"Hamilton Park",40.727595966,-74.044247311,3186,"Grove St PATH",40.71958611647166,-74.04311746358871,26157,"Subscriber",1983,1
249,"2018-12-10 08:10:01.3670","2018-12-10 08:14:11.2640",3203,"Hamilton Park",40.727595966,-74.044247311,3186,"Grove St PATH",40.71958611647166,-74.04311746358871,29225,"Subscriber",1978,1
370,"2018-12-10 08:13:19.3150","2018-12-10 08:19:29.8570",3203,"Hamilton Park",40.727595966,-74.044247311,3202,"Newport PATH",40.7272235,-74.0337589,29545,"Subscriber",1976,2
273,"2018-12-10 08:19:28.6820","2018-12-10 08:24:02.4190",3203,"Hamilton Park",40.727595966,-74.044247311,3186,"Grove St PATH",40.71958611647166,-74.04311746358871,29215,"Subscriber",1988,1
287,"2018-12-10 08:21:53.1130","2018-12-10 08:26:40.3080",3203,"Hamilton Park",40.727595966,-74.044247311,3273,"Manila & 1st",40.721650724879986,-74.04288411140442,26253,"Subscriber",1956,1
274,"2018-12-10 08:24:08.1570","2018-12-10 08:28:42.5110",3203,"Hamilton Park",40.727595966,-74.044247311,3186,"Grove St PATH",40.71958611647166,-74.04311746358871,26242,"Subscriber",1979,1
396,"2018-12-10 08:24:26.7820","2018-12-10 08:31:03.7020",3203,"Hamilton Park",40.727595966,-74.044247311,3186,"Grove St PATH",40.71958611647166,-74.04311746358871,29658,"Subscriber",1980,1
345,"2018-12-10 08:25:15.4070","2018-12-10 08:31:00.8350",3203,"Hamilton Park",40.727595966,-74.044247311,3186,"Grove St PATH",40.71958611647166,-74.04311746358871,26244,"Subscriber",1987,2
274,"2018-12-10 08:27:20.9530","2018-12-10 08:31:55.9400",3203,"Hamilton Park",40.727595966,-74.044247311,3186,"Grove St PATH",40.71958611647166,-74.04311746358871,29573,"Subscriber",1990,2
313,"2018-12-10 08:30:13.6790","2018-12-10 08:35:27.3540",3203,"Hamilton Park",40.727595966,-74.044247311,3186,"Grove St PATH",40.71958611647166,-74.04311746358871,29207,"Subscriber",1980,1
322,"2018-12-10 08:30:19.7610","2018-12-10 08:35:41.9590",3203,"Hamilton Park",40.727595966,-74.044247311,3186,"Grove St PATH",40.71958611647166,-74.04311746358871,29522,"Subscriber",1977,2
727,"2018-12-10 08:31:36.5760","2018-12-10 08:43:44.0290",3203,"Hamilton Park",40.727595966,-74.044247311,3276,"Marin Light Rail",40.71458403535893,-74.04281705617905,26211,"Subscriber",1972,1
239,"2018-12-10 08:31:53.5920","2018-12-10 08:35:52.6720",3203,"Hamilton Park",40.727595966,-74.044247311,3186,"Grove St PATH",40.71958611647166,-74.04311746358871,29641,"Subscriber",1990,1
234,"2018-12-10 08:33:36.3250","2018-12-10 08:37:30.5850",3203,"Hamilton Park",40.727595966,-74.044247311,3186,"Grove St PATH",40.71958611647166,-74.04311746358871,29500,"Subscriber",1991,2
269,"2018-12-10 08:37:17.2250","2018-12-10 08:41:46.3130",3203,"Hamilton Park",40.727595966,-74.044247311,3186,"Grove St PATH",40.71958611647166,-74.04311746358871,29612,"Subscriber",1985,2
301,"2018-12-10 08:39:26.5940","2018-12-10 08:44:28.2240",3203,"Hamilton Park",40.727595966,-74.044247311,3186,"Grove St PATH",40.71958611647166,-74.04311746358871,29214,"Subscriber",1979,1
241,"2018-12-10 08:40:33.9730","2018-12-10 08:44:35.6570",3203,"Hamilton Park",40.727595966,-74.044247311,3186,"Grove St PATH",40.71958611647166,-74.04311746358871,29662,"Subscriber",1978,0
431,"2018-12-10 08:41:04.7690","2018-12-10 08:48:15.8730",3203,"Hamilton Park",40.727595966,-74.044247311,3639,"Harborside",40.7192517,-74.034234,29236,"Subscriber",1987,1
521,"2018-12-10 08:43:53.5370","2018-12-10 08:52:34.5790",3203,"Hamilton Park",40.727595966,-74.044247311,3186,"Grove St PATH",40.71958611647166,-74.04311746358871,29653,"Subscriber",1983,1
277,"2018-12-10 08:46:38.4760","2018-12-10 08:51:15.7810",3203,"Hamilton Park",40.727595966,-74.044247311,3186,"Grove St PATH",40.71958611647166,-74.04311746358871,26247,"Subscriber",1986,1
448,"2018-12-10 08:47:31.5810","2018-12-10 08:55:00.4830",3203,"Hamilton Park",40.727595966,-74.044247311,3639,"Harborside",40.7192517,-74.034234,29498,"Subscriber",1954,1
679,"2018-12-10 08:49:37.9750","2018-12-10 09:00:57.2860",3203,"Hamilton Park",40.727595966,-74.044247311,3276,"Marin Light Rail",40.71458403535893,-74.04281705617905,29477,"Subscriber",1971,2
284,"2018-12-10 08:51:57.4810","2018-12-10 08:56:41.6190",3203,"Hamilton Park",40.727595966,-74.044247311,3186,"Grove St PATH",40.71958611647166,-74.04311746358871,29231,"Subscriber",1972,1
224,"2018-12-10 08:52:32.2050","2018-12-10 08:56:16.8460",3203,"Hamilton Park",40.727595966,-74.044247311,3186,"Grove St PATH",40.71958611647166,-74.04311746358871,26295,"Subscriber",1974,1
201,"2018-12-10 08:53:44.5980","2018-12-10 08:57:06.5220",3203,"Hamilton Park",40.727595966,-74.044247311,3211,"Newark Ave",40.72152515,-74.046304543,26201,"Subscriber",1988,2
273,"2018-12-10 08:55:19.0760","2018-12-10 08:59:52.8430",3203,"Hamilton Park",40.727595966,-74.044247311,3186,"Grove St PATH",40.71958611647166,-74.04311746358871,29296,"Subscriber",1985,1
345,"2018-12-10 08:55:59.3440","2018-12-10 09:01:44.7500",3203,"Hamilton Park",40.727595966,-74.044247311,3186,"Grove St PATH",40.71958611647166,-74.04311746358871,26254,"Subscriber",1970,2
339,"2018-12-10 08:56:12.5580","2018-12-10 09:01:51.8050",3203,"Hamilton Park",40.727595966,-74.044247311,3186,"Grove St PATH",40.71958611647166,-74.04311746358871,29210,"Subscriber",1978,1
246,"2018-12-10 09:00:33.7220","2018-12-10 09:04:40.1720",3203,"Hamilton Park",40.727595966,-74.044247311,3273,"Manila & 1st",40.721650724879986,-74.04288411140442,29491,"Subscriber",1978,2
235,"2018-12-10 09:07:23.6360","2018-12-10 09:11:19.5990",3203,"Hamilton Park",40.727595966,-74.044247311,3186,"Grove St PATH",40.71958611647166,-74.04311746358871,29516,"Subscriber",1978,1
317,"2018-12-10 09:37:10.4320","2018-12-10 09:42:27.4520",3203,"Hamilton Park",40.727595966,-74.044247311,3186,"Grove St PATH",40.71958611647166,-74.04311746358871,29225,"Subscriber",1967,2
224,"2018-12-10 10:10:45.8800","2018-12-10 10:14:30.6850",3203,"Hamilton Park",40.727595966,-74.044247311,3186,"Grove St PATH",40.71958611647166,-74.04311746358871,26262,"Subscriber",1986,1
338,"2018-12-10 10:40:05.3000","2018-12-10 10:45:43.3040",3203,"Hamilton Park",40.727595966,-74.044247311,3186,"Grove St PATH",40.71958611647166,-74.04311746358871,29460,"Subscriber",1984,2
494,"2018-12-10 11:48:30.8590","2018-12-10 11:56:45.0930",3203,"Hamilton Park",40.727595966,-74.044247311,3639,"Harborside",40.7192517,-74.034234,29296,"Subscriber",1982,1
354,"2018-12-10 11:53:10.0260","2018-12-10 11:59:04.1290",3203,"Hamilton Park",40.727595966,-74.044247311,3205,"JC Medical Center",40.71653978099194,-74.0496379137039,29586,"Subscriber",1959,2
150,"2018-12-10 13:15:11.5560","2018-12-10 13:17:41.9450",3203,"Hamilton Park",40.727595966,-74.044247311,3272,"Jersey & 3rd",40.72333158646436,-74.04595255851744,26297,"Subscriber",1986,1
208,"2018-12-10 16:42:48.3910","2018-12-10 16:46:17.3380",3203,"Hamilton Park",40.727595966,-74.044247311,3273,"Manila & 1st",40.721650724879986,-74.04288411140442,29635,"Subscriber",1973,1
311,"2018-12-10 17:46:14.1390","2018-12-10 17:51:25.2630",3203,"Hamilton Park",40.727595966,-74.044247311,3273,"Manila & 1st",40.721650724879986,-74.04288411140442,29516,"Subscriber",1985,1
236,"2018-12-10 19:25:51.0110","2018-12-10 19:29:47.5280",3203,"Hamilton Park",40.727595966,-74.044247311,3211,"Newark Ave",40.72152515,-74.046304543,29674,"Subscriber",1978,0
555,"2018-12-10 19:29:29.8620","2018-12-10 19:38:45.2370",3203,"Hamilton Park",40.727595966,-74.044247311,3681,"Grand St",40.71517767732029,-74.03768330812454,26266,"Customer",1981,2
227,"2018-12-10 20:57:15.1630","2018-12-10 21:01:03.0160",3203,"Hamilton Park",40.727595966,-74.044247311,3186,"Grove St PATH",40.71958611647166,-74.04311746358871,29629,"Subscriber",1990,1
345,"2018-12-10 22:05:41.4200","2018-12-10 22:11:27.1430",3203,"Hamilton Park",40.727595966,-74.044247311,3185,"City Hall",40.7177325,-74.043845,29244,"Subscriber",1994,1
484,"2018-12-10 22:09:33.5630","2018-12-10 22:17:38.2820",3203,"Hamilton Park",40.727595966,-74.044247311,3276,"Marin Light Rail",40.71458403535893,-74.04281705617905,29507,"Subscriber",1991,1
2618,"2018-12-11 02:09:44.7380","2018-12-11 02:53:22.8500",3203,"Hamilton Park",40.727595966,-74.044247311,3203,"Hamilton Park",40.727595966,-74.044247311,29507,"Subscriber",1995,1
1546,"2018-12-11 02:28:29.9570","2018-12-11 02:54:16.5160",3203,"Hamilton Park",40.727595966,-74.044247311,3203,"Hamilton Park",40.727595966,-74.044247311,29606,"Customer",1996,1
223,"2018-12-11 03:02:56.6820","2018-12-11 03:06:40.2140",3203,"Hamilton Park",40.727595966,-74.044247311,3203,"Hamilton Park",40.727595966,-74.044247311,29606,"Subscriber",1995,1
2763,"2018-12-11 03:08:43.7200","2018-12-11 03:54:47.6550",3203,"Hamilton Park",40.727595966,-74.044247311,3183,"Exchange Place",40.7162469,-74.0334588,29507,"Subscriber",1995,1
2643,"2018-12-11 03:10:33.1920","2018-12-11 03:54:36.9390",3203,"Hamilton Park",40.727595966,-74.044247311,3183,"Exchange Place",40.7162469,-74.0334588,29286,"Subscriber",1995,1
265,"2018-12-11 06:03:20.2800","2018-12-11 06:07:46.1470",3203,"Hamilton Park",40.727595966,-74.044247311,3186,"Grove St PATH",40.71958611647166,-74.04311746358871,29278,"Subscriber",1994,2
145,"2018-12-11 06:10:36.6340","2018-12-11 06:13:02.4400",3203,"Hamilton Park",40.727595966,-74.044247311,3272,"Jersey & 3rd",40.72333158646436,-74.04595255851744,29606,"Subscriber",1971,2
278,"2018-12-11 06:19:55.6410","2018-12-11 06:24:34.0830",3203,"Hamilton Park",40.727595966,-74.044247311,3186,"Grove St PATH",40.71958611647166,-74.04311746358871,26299,"Subscriber",1973,2
288,"2018-12-11 06:45:58.7800","2018-12-11 06:50:47.2250",3203,"Hamilton Park",40.727595966,-74.044247311,3186,"Grove St PATH",40.71958611647166,-74.04311746358871,26173,"Subscriber",1978,1
297,"2018-12-11 06:47:50.4470","2018-12-11 06:52:48.0390",3203,"Hamilton Park",40.727595966,-74.044247311,3202,"Newport PATH",40.7272235,-74.0337589,29286,"Subscriber",1993,1
221,"2018-12-11 07:13:28.0170","2018-12-11 07:17:09.2590",3203,"Hamilton Park",40.727595966,-74.044247311,3186,"Grove St PATH",40.71958611647166,-74.04311746358871,29473,"Subscriber",1969,1
878,"2018-12-11 07:15:08.4800","2018-12-11 07:29:47.1640",3203,"Hamilton Park",40.727595966,-74.044247311,3184,"Paulus Hook",40.7141454,-74.0335519,29597,"Subscriber",1977,1
217,"2018-12-11 07:18:49.7230","2018-12-11 07:22:27.0060",3203,"Hamilton Park",40.727595966,-74.044247311,3186,"Grove St PATH",40.71958611647166,-74.04311746358871,29527,"Subscriber",1988,1
350,"2018-12-11 07:40:08.0360","2018-12-11 07:45:58.4750",3203,"Hamilton Park",40.727595966,-74.044247311,3186,"Grove St PATH",40.71958611647166,-74.04311746358871,26295,"Subscriber",1973,1
219,"2018-12-11 07:43:55.4560","2018-12-11 07:47:34.8860",3203,"Hamilton Park",40.727595966,-74.044247311,3186,"Grove St PATH",40.71958611647166,-74.04311746358871,29301,"Subscriber",1979,1
242,"2018-12-11 07:44:13.2740","2018-12-11 07:48:15.8850",3203,"Hamilton Park",40.727595966,-74.044247311,3186,"Grove St PATH",40.71958611647166,-74.04311746358871,26266,"Subscriber",1977,1
228,"2018-12-11 07:51:06.1160","2018-12-11 07:54:54.3070",3203,"Hamilton Park",40.727595966,-74.044247311,3273,"Manila & 1st",40.721650724879986,-74.04288411140442,29507,"Subscriber",1971,1
870,"2018-12-11 07:51:41.3700","2018-12-11 08:06:11.7360",3203,"Hamilton Park",40.727595966,-74.044247311,3184,"Paulus Hook",40.7141454,-74.0335519,26254,"Subscriber",1983,1
376,"2018-12-11 07:52:02.4030","2018-12-11 07:58:18.4320",3203,"Hamilton Park",40.727595966,-74.044247311,3202,"Newport PATH",40.7272235,-74.0337589,29445,"Subscriber",1994,2
370,"2018-12-11 08:03:54.5750","2018-12-11 08:10:05.0650",3203,"Hamilton Park",40.727595966,-74.044247311,3202,"Newport PATH",40.7272235,-74.0337589,26282,"Subscriber",1976,2
512,"2018-12-11 08:08:16.3160","2018-12-11 08:16:48.7710",3203,"Hamilton Park",40.727595966,-74.044247311,3639,"Harborside",40.7192517,-74.034234,17260,"Subscriber",1966,1
241,"2018-12-11 08:10:21.2350","2018-12-11 08:14:22.9320",3203,"Hamilton Park",40.727595966,-74.044247311,3186,"Grove St PATH",40.71958611647166,-74.04311746358871,29292,"Subscriber",1979,1
338,"2018-12-11 08:12:20.4360","2018-12-11 08:17:58.4750",3203,"Hamilton Park",40.727595966,-74.044247311,3186,"Grove St PATH",40.71958611647166,-74.04311746358871,29595,"Subscriber",1992,1
216,"2018-12-11 08:12:31.4120","2018-12-11 08:16:08.1530",3203,"Hamilton Park",40.727595966,-74.044247311,3186,"Grove St PATH",40.71958611647166,-74.04311746358871,29200,"Subscriber",1975,1
274,"2018-12-11 08:19:23.1760","2018-12-11 08:23:57.7830",3203,"Hamilton Park",40.727595966,-74.044247311,3273,"Manila & 1st",40.721650724879986,-74.04288411140442,29577,"Subscriber",1976,2
266,"2018-12-11 08:23:13.2370","2018-12-11 08:27:39.6250",3203,"Hamilton Park",40.727595966,-74.044247311,3186,"Grove St PATH",40.71958611647166,-74.04311746358871,26241,"Subscriber",1979,1
349,"2018-12-11 08:26:40.5920","2018-12-11 08:32:29.8560",3203,"Hamilton Park",40.727595966,-74.044247311,3186,"Grove St PATH",40.71958611647166,-74.04311746358871,29553,"Subscriber",1978,1
286,"2018-12-11 08:29:36.8210","2018-12-11 08:34:23.7740",3203,"Hamilton Park",40.727595966,-74.044247311,3186,"Grove St PATH",40.71958611647166,-74.04311746358871,29671,"Subscriber",1988,1
2742,"2018-12-11 08:30:31.0190","2018-12-11 09:16:13.8990",3203,"Hamilton Park",40.727595966,-74.044247311,3276,"Marin Light Rail",40.71458403535893,-74.04281705617905,26186,"Subscriber",1972,1
272,"2018-12-11 08:30:32.3620","2018-12-11 08:35:05.2610",3203,"Hamilton Park",40.727595966,-74.044247311,3186,"Grove St PATH",40.71958611647166,-74.04311746358871,26172,"Subscriber",1974,1
220,"2018-12-11 08:32:07.1130","2018-12-11 08:35:47.3860",3203,"Hamilton Park",40.727595966,-74.044247311,3273,"Manila & 1st",40.721650724879986,-74.04288411140442,29247,"Subscriber",1956,1
403,"2018-12-11 08:33:34.1020","2018-12-11 08:40:17.9230",3203,"Hamilton Park",40.727595966,-74.044247311,3186,"Grove St PATH",40.71958611647166,-74.04311746358871,26255,"Subscriber",1984,2
494,"2018-12-11 08:35:21.1900","2018-12-11 08:43:35.9200",3203,"Hamilton Park",40.727595966,-74.044247311,3639,"Harborside",40.7192517,-74.034234,29215,"Subscriber",1954,1
422,"2018-12-11 08:35:42.9280","2018-12-11 08:42:45.3830",3203,"Hamilton Park",40.727595966,-74.044247311,3211,"Newark Ave",40.72152515,-74.046304543,29245,"Subscriber",1977,1
294,"2018-12-11 08:38:28.2620","2018-12-11 08:43:22.3900",3203,"Hamilton Park",40.727595966,-74.044247311,3185,"City Hall",40.7177325,-74.043845,26165,"Subscriber",1984,1
324,"2018-12-11 08:40:25.6760","2018-12-11 08:45:50.6710",3203,"Hamilton Park",40.727595966,-74.044247311,3186,"Grove St PATH",40.71958611647166,-74.04311746358871,29231,"Subscriber",1972,1
242,"2018-12-11 08:42:33.3080","2018-12-11 08:46:36.2450",3203,"Hamilton Park",40.727595966,-74.044247311,3186,"Grove St PATH",40.71958611647166,-74.04311746358871,29484,"Subscriber",1990,1
228,"2018-12-11 08:42:49.7770","2018-12-11 08:46:37.9770",3203,"Hamilton Park",40.727595966,-74.044247311,3186,"Grove St PATH",40.71958611647166,-74.04311746358871,29457,"Subscriber",1991,2
249,"2018-12-11 08:45:28.1380","2018-12-11 08:49:37.3940",3203,"Hamilton Park",40.727595966,-74.044247311,3186,"Grove St PATH",40.71958611647166,-74.04311746358871,29676,"Subscriber",1985,1
411,"2018-12-11 08:47:00.2400","2018-12-11 08:53:51.9960",3203,"Hamilton Park",40.727595966,-74.044247311,3639,"Harborside",40.7192517,-74.034234,29680,"Subscriber",1987,1
264,"2018-12-11 08:50:41.2590","2018-12-11 08:55:05.8740",3203,"Hamilton Park",40.727595966,-74.044247311,3186,"Grove St PATH",40.71958611647166,-74.04311746358871,29533,"Subscriber",1984,2
264,"2018-12-11 08:50:45.6800","2018-12-11 08:55:10.5210",3203,"Hamilton Park",40.727595966,-74.044247311,3186,"Grove St PATH",40.71958611647166,-74.04311746358871,29611,"Subscriber",1977,1
277,"2018-12-11 08:53:48.8720","2018-12-11 08:58:26.5430",3203,"Hamilton Park",40.727595966,-74.044247311,3186,"Grove St PATH",40.71958611647166,-74.04311746358871,29207,"Subscriber",1990,2
438,"2018-12-11 08:54:12.9200","2018-12-11 09:01:31.5530",3203,"Hamilton Park",40.727595966,-74.044247311,3186,"Grove St PATH",40.71958611647166,-74.04311746358871,29222,"Subscriber",1980,1
276,"2018-12-11 08:57:13.0720","2018-12-11 09:01:49.8130",3203,"Hamilton Park",40.727595966,-74.044247311,3273,"Manila & 1st",40.721650724879986,-74.04288411140442,29443,"Subscriber",1977,2
499,"2018-12-11 09:01:32.5060","2018-12-11 09:09:51.8260",3203,"Hamilton Park",40.727595966,-74.044247311,3273,"Manila & 1st",40.721650724879986,-74.04288411140442,29489,"Subscriber",1990,2
252,"2018-12-11 09:01:31.9910","2018-12-11 09:05:44.3820",3203,"Hamilton Park",40.727595966,-74.044247311,3186,"Grove St PATH",40.71958611647166,-74.04311746358871,29589,"Subscriber",1978,1
299,"2018-12-11 09:02:09.8530","2018-12-11 09:07:09.0540",3203,"Hamilton Park",40.727595966,-74.044247311,3186,"Grove St PATH",40.71958611647166,-74.04311746358871,26275,"Subscriber",1985,2
761,"2018-12-11 09:07:43.3300","2018-12-11 09:20:24.9180",3203,"Hamilton Park",40.727595966,-74.044247311,3214,"Essex Light Rail",40.7127742,-74.0364857,29262,"Subscriber",1983,1
364,"2018-12-11 09:08:33.0570","2018-12-11 09:14:37.6090",3203,"Hamilton Park",40.727595966,-74.044247311,3186,"Grove St PATH",40.71958611647166,-74.04311746358871,26208,"Subscriber",1968,1
240,"2018-12-11 09:09:48.3610","2018-12-11 09:13:48.7730",3203,"Hamilton Park",40.727595966,-74.044247311,3273,"Manila & 1st",40.721650724879986,-74.04288411140442,29678,"Subscriber",1978,2
253,"2018-12-11 09:13:01.5890","2018-12-11 09:17:15.2750",3203,"Hamilton Park",40.727595966,-74.044247311,3273,"Manila & 1st",40.721650724879986,-74.04288411140442,26302,"Subscriber",1984,1
220,"2018-12-11 09:18:15.9210","2018-12-11 09:21:56.3240",3203,"Hamilton Park",40.727595966,-74.044247311,3273,"Manila & 1st",40.721650724879986,-74.04288411140442,29467,"Subscriber",1986,1
325,"2018-12-11 09:26:26.6020","2018-12-11 09:31:51.6050",3203,"Hamilton Park",40.727595966,-74.044247311,3273,"Manila & 1st",40.721650724879986,-74.04288411140442,29443,"Subscriber",1968,1
233,"2018-12-11 10:06:15.4050","2018-12-11 10:10:08.4160",3203,"Hamilton Park",40.727595966,-74.044247311,3186,"Grove St PATH",40.71958611647166,-74.04311746358871,26316,"Subscriber",1986,1
373,"2018-12-11 10:10:36.8520","2018-12-11 10:16:50.2680",3203,"Hamilton Park",40.727595966,-74.044247311,3186,"Grove St PATH",40.71958611647166,-74.04311746358871,26208,"Subscriber",1967,2
340,"2018-12-11 10:32:32.2920","2018-12-11 10:38:13.0080",3203,"Hamilton Park",40.727595966,-74.044247311,3186,"Grove St PATH",40.71958611647166,-74.04311746358871,29484,"Customer",1981,1
483,"2018-12-11 11:21:22.8440","2018-12-11 11:29:26.0640",3203,"Hamilton Park",40.727595966,-74.044247311,3638,"Washington St",40.7242941,-74.0354826,29655,"Subscriber",1989,1
240,"2018-12-11 11:53:21.6240","2018-12-11 11:57:21.9430",3203,"Hamilton Park",40.727595966,-74.044247311,3211,"Newark Ave",40.72152515,-74.046304543,29544,"Subscriber",1988,2
303,"2018-12-11 12:11:09.0050","2018-12-11 12:16:12.5070",3203,"Hamilton Park",40.727595966,-74.044247311,3211,"Newark Ave",40.72152515,-74.046304543,29475,"Subscriber",1978,0
202,"2018-12-11 12:20:07.0520","2018-12-11 12:23:29.6720",3203,"Hamilton Park",40.727595966,-74.044247311,3211,"Newark Ave",40.72152515,-74.046304543,29260,"Subscriber",1970,2
268,"2018-12-11 12:31:52.8570","2018-12-11 12:36:21.5530",3203,"Hamilton Park",40.727595966,-74.044247311,3273,"Manila & 1st",40.721650724879986,-74.04288411140442,26157,"Subscriber",1989,2
345,"2018-12-11 12:33:47.0110","2018-12-11 12:39:32.1220",3203,"Hamilton Park",40.727595966,-74.044247311,3211,"Newark Ave",40.72152515,-74.046304543,26244,"Subscriber",1985,1
596,"2018-12-11 15:53:05.6470","2018-12-11 16:03:02.0670",3203,"Hamilton Park",40.727595966,-74.044247311,3681,"Grand St",40.71517767732029,-74.03768330812454,29457,"Subscriber",1988,1
427,"2018-12-11 17:36:00.2340","2018-12-11 17:43:07.5810",3203,"Hamilton Park",40.727595966,-74.044247311,3202,"Newport PATH",40.7272235,-74.0337589,26159,"Subscriber",1973,2
160,"2018-12-11 18:13:46.2110","2018-12-11 18:16:26.6390",3203,"Hamilton Park",40.727595966,-74.044247311,3272,"Jersey & 3rd",40.72333158646436,-74.04595255851744,26241,"Subscriber",1988,1
268,"2018-12-11 18:25:14.5360","2018-12-11 18:29:43.4380",3203,"Hamilton Park",40.727595966,-74.044247311,3269,"Brunswick & 6th",40.72601172964625,-74.05038893222809,29292,"Subscriber",1975,1
206,"2018-12-11 19:01:34.2770","2018-12-11 19:05:01.1060",3203,"Hamilton Park",40.727595966,-74.044247311,3186,"Grove St PATH",40.71958611647166,-74.04311746358871,29608,"Subscriber",1985,1
330,"2018-12-11 19:16:31.8690","2018-12-11 19:22:01.8880",3203,"Hamilton Park",40.727595966,-74.044247311,3213,"Van Vorst Park",40.71848892,-74.047726625,26241,"Subscriber",1983,2
271,"2018-12-11 20:11:49.0730","2018-12-11 20:16:20.1450",3203,"Hamilton Park",40.727595966,-74.044247311,3185,"City Hall",40.7177325,-74.043845,29198,"Subscriber",1984,1
306,"2018-12-12 06:02:59.9970","2018-12-12 06:08:06.1180",3203,"Hamilton Park",40.727595966,-74.044247311,3186,"Grove St PATH",40.71958611647166,-74.04311746358871,29496,"Subscriber",1994,2
236,"2018-12-12 06:24:46.1860","2018-12-12 06:28:42.7270",3203,"Hamilton Park",40.727595966,-74.044247311,3638,"Washington St",40.7242941,-74.0354826,29221,"Subscriber",1969,1
456,"2018-12-12 06:33:17.6260","2018-12-12 06:40:54.1610",3203,"Hamilton Park",40.727595966,-74.044247311,3199,"Newport Pkwy",40.7287448,-74.0321082,29572,"Subscriber",1992,2
274,"2018-12-12 06:35:01.6110","2018-12-12 06:39:36.2840",3203,"Hamilton Park",40.727595966,-74.044247311,3186,"Grove St PATH",40.71958611647166,-74.04311746358871,29123,"Subscriber",1978,1
315,"2018-12-12 06:49:58.3150","2018-12-12 06:55:14.0930",3203,"Hamilton Park",40.727595966,-74.044247311,3202,"Newport PATH",40.7272235,-74.0337589,29531,"Subscriber",1993,1
254,"2018-12-12 07:03:24.2860","2018-12-12 07:07:39.1830",3203,"Hamilton Park",40.727595966,-74.044247311,3186,"Grove St PATH",40.71958611647166,-74.04311746358871,29250,"Subscriber",1971,1
266,"2018-12-12 07:09:33.3900","2018-12-12 07:13:59.7400",3203,"Hamilton Park",40.727595966,-74.044247311,3186,"Grove St PATH",40.71958611647166,-74.04311746358871,26248,"Subscriber",1973,1
565,"2018-12-12 07:30:24.8930","2018-12-12 07:39:50.2870",3203,"Hamilton Park",40.727595966,-74.044247311,3184,"Paulus Hook",40.7141454,-74.0335519,29542,"Subscriber",1977,1
252,"2018-12-12 07:40:16.2200","2018-12-12 07:44:28.4290",3203,"Hamilton Park",40.727595966,-74.044247311,3186,"Grove St PATH",40.71958611647166,-74.04311746358871,29471,"Subscriber",1979,1
219,"2018-12-12 07:44:53.6180","2018-12-12 07:48:32.9500",3203,"Hamilton Park",40.727595966,-74.044247311,3186,"Grove St PATH",40.71958611647166,-74.04311746358871,29612,"Subscriber",1977,1
236,"2018-12-12 07:48:01.4520","2018-12-12 07:51:57.5340",3203,"Hamilton Park",40.727595966,-74.044247311,3186,"Grove St PATH",40.71958611647166,-74.04311746358871,29272,"Subscriber",1979,1
389,"2018-12-12 07:50:38.9420","2018-12-12 07:57:08.7200",3203,"Hamilton Park",40.727595966,-74.044247311,3186,"Grove St PATH",40.71958611647166,-74.04311746358871,29674,"Subscriber",1973,1
390,"2018-12-12 07:54:44.5090","2018-12-12 08:01:14.9470",3203,"Hamilton Park",40.727595966,-74.044247311,3202,"Newport PATH",40.7272235,-74.0337589,29657,"Subscriber",1994,2
871,"2018-12-12 07:59:21.6150","2018-12-12 08:13:53.0620",3203,"Hamilton Park",40.727595966,-74.044247311,3202,"Newport PATH",40.7272235,-74.0337589,29434,"Subscriber",1976,2
266,"2018-12-12 08:01:54.7860","2018-12-12 08:06:21.4400",3203,"Hamilton Park",40.727595966,-74.044247311,3186,"Grove St PATH",40.71958611647166,-74.04311746358871,29655,"Subscriber",1983,1
406,"2018-12-12 08:03:24.2090","2018-12-12 08:10:10.8770",3203,"Hamilton Park",40.727595966,-74.044247311,3202,"Newport PATH",40.7272235,-74.0337589,26219,"Subscriber",1987,1
209,"2018-12-12 08:15:38.0430","2018-12-12 08:19:07.6830",3203,"Hamilton Park",40.727595966,-74.044247311,3186,"Grove St PATH",40.71958611647166,-74.04311746358871,29499,"Subscriber",1975,1
243,"2018-12-12 08:19:57.5850","2018-12-12 08:24:00.7640",3203,"Hamilton Park",40.727595966,-74.044247311,3186,"Grove St PATH",40.71958611647166,-74.04311746358871,29300,"Subscriber",1979,1
257,"2018-12-12 08:20:26.9380","2018-12-12 08:24:44.4560",3203,"Hamilton Park",40.727595966,-74.044247311,3186,"Grove St PATH",40.71958611647166,-74.04311746358871,29658,"Subscriber",1984,1
694,"2018-12-12 08:24:04.1040","2018-12-12 08:35:38.1790",3203,"Hamilton Park",40.727595966,-74.044247311,3186,"Grove St PATH",40.71958611647166,-74.04311746358871,29286,"Subscriber",1988,1
599,"2018-12-12 08:25:29.1360","2018-12-12 08:35:28.2510",3203,"Hamilton Park",40.727595966,-74.044247311,3202,"Newport PATH",40.7272235,-74.0337589,29471,"Subscriber",1989,1
226,"2018-12-12 08:32:55.9120","2018-12-12 08:36:42.6350",3203,"Hamilton Park",40.727595966,-74.044247311,3273,"Manila & 1st",40.721650724879986,-74.04288411140442,26225,"Subscriber",1956,1
231,"2018-12-12 08:35:41.2890","2018-12-12 08:39:33.0680",3203,"Hamilton Park",40.727595966,-74.044247311,3186,"Grove St PATH",40.71958611647166,-74.04311746358871,26174,"Subscriber",1978,0
526,"2018-12-12 08:36:34.1700","2018-12-12 08:45:20.7710",3203,"Hamilton Park",40.727595966,-74.044247311,3275,"Columbus Drive",40.71835519823214,-74.03891444206238,29233,"Subscriber",1980,1
503,"2018-12-12 08:36:39.2600","2018-12-12 08:45:02.9810",3203,"Hamilton Park",40.727595966,-74.044247311,3183,"Exchange Place",40.7162469,-74.0334588,29455,"Subscriber",1977,1
276,"2018-12-12 08:38:50.9650","2018-12-12 08:43:27.6230",3203,"Hamilton Park",40.727595966,-74.044247311,3186,"Grove St PATH",40.71958611647166,-74.04311746358871,29606,"Subscriber",1988,1
301,"2018-12-12 08:40:54.1490","2018-12-12 08:45:55.7290",3203,"Hamilton Park",40.727595966,-74.044247311,3186,"Grove St PATH",40.71958611647166,-74.04311746358871,29292,"Subscriber",1985,2
300,"2018-12-12 08:41:12.4890","2018-12-12 08:46:12.7010",3203,"Hamilton Park",40.727595966,-74.044247311,3186,"Grove St PATH",40.71958611647166,-74.04311746358871,29260,"Subscriber",1971,1
273,"2018-12-12 08:42:36.2780","2018-12-12 08:47:10.0790",3203,"Hamilton Park",40.727595966,-74.044247311,3186,"Grove St PATH",40.71958611647166,-74.04311746358871,29475,"Subscriber",1991,2
259,"2018-12-12 08:44:12.5080","2018-12-12 08:48:31.5210",3203,"Hamilton Park",40.727595966,-74.044247311,3273,"Manila & 1st",40.721650724879986,-74.04288411140442,29573,"Subscriber",1977,2
437,"2018-12-12 08:45:01.8400","2018-12-12 08:52:19.7540",3203,"Hamilton Park",40.727595966,-74.044247311,3639,"Harborside",40.7192517,-74.034234,29497,"Subscriber",1954,1
243,"2018-12-12 08:45:32.6950","2018-12-12 08:49:36.5950",3203,"Hamilton Park",40.727595966,-74.044247311,3186,"Grove St PATH",40.71958611647166,-74.04311746358871,26201,"Subscriber",1984,2
256,"2018-12-12 08:47:33.2480","2018-12-12 08:51:50.1700",3203,"Hamilton Park",40.727595966,-74.044247311,3186,"Grove St PATH",40.71958611647166,-74.04311746358871,26302,"Subscriber",1978,1
313,"2018-12-12 08:48:56.7520","2018-12-12 08:54:10.0480",3203,"Hamilton Park",40.727595966,-74.044247311,3273,"Manila & 1st",40.721650724879986,-74.04288411140442,29678,"Subscriber",1968,1
307,"2018-12-12 08:49:02.5630","2018-12-12 08:54:10.4300",3203,"Hamilton Park",40.727595966,-74.044247311,3273,"Manila & 1st",40.721650724879986,-74.04288411140442,26164,"Subscriber",1976,2
301,"2018-12-12 08:49:43.8950","2018-12-12 08:54:45.7540",3203,"Hamilton Park",40.727595966,-74.044247311,3186,"Grove St PATH",40.71958611647166,-74.04311746358871,29200,"Subscriber",1970,2
331,"2018-12-12 08:59:47.9990","2018-12-12 09:05:19.1720",3203,"Hamilton Park",40.727595966,-74.044247311,3186,"Grove St PATH",40.71958611647166,-74.04311746358871,29589,"Subscriber",1987,2
244,"2018-12-12 09:09:05.0770","2018-12-12 09:13:09.9940",3203,"Hamilton Park",40.727595966,-74.044247311,3273,"Manila & 1st",40.721650724879986,-74.04288411140442,29554,"Subscriber",1978,2
217,"2018-12-12 09:16:16.4770","2018-12-12 09:19:53.8820",3203,"Hamilton Park",40.727595966,-74.044247311,3186,"Grove St PATH",40.71958611647166,-74.04311746358871,26208,"Subscriber",1960,1
326,"2018-12-12 09:26:53.4860","2018-12-12 09:32:19.5350",3203,"Hamilton Park",40.727595966,-74.044247311,3186,"Grove St PATH",40.71958611647166,-74.04311746358871,29661,"Subscriber",1990,2
268,"2018-12-12 09:28:26.4830","2018-12-12 09:32:54.7520",3203,"Hamilton Park",40.727595966,-74.044247311,3186,"Grove St PATH",40.71958611647166,-74.04311746358871,26196,"Subscriber",1984,1
276,"2018-12-12 09:34:38.9560","2018-12-12 09:39:15.4090",3203,"Hamilton Park",40.727595966,-74.044247311,3186,"Grove St PATH",40.71958611647166,-74.04311746358871,26174,"Subscriber",1985,1
325,"2018-12-12 09:35:51.5570","2018-12-12 09:41:17.3030",3203,"Hamilton Park",40.727595966,-74.044247311,3638,"Washington St",40.7242941,-74.0354826,29460,"Subscriber",1972,1
267,"2018-12-12 09:50:15.4670","2018-12-12 09:54:42.7650",3203,"Hamilton Park",40.727595966,-74.044247311,3186,"Grove St PATH",40.71958611647166,-74.04311746358871,29596,"Subscriber",1986,1
314,"2018-12-12 10:03:46.7600","2018-12-12 10:09:00.8300",3203,"Hamilton Park",40.727595966,-74.044247311,3186,"Grove St PATH",40.71958611647166,-74.04311746358871,26213,"Subscriber",1967,2
216,"2018-12-12 10:06:25.9590","2018-12-12 10:10:02.0340",3203,"Hamilton Park",40.727595966,-74.044247311,3186,"Grove St PATH",40.71958611647166,-74.04311746358871,29250,"Subscriber",1986,1
413,"2018-12-12 10:10:26.4820","2018-12-12 10:17:19.8530",3203,"Hamilton Park",40.727595966,-74.044247311,3638,"Washington St",40.7242941,-74.0354826,29674,"Subscriber",1987,1
275,"2018-12-12 10:29:31.9160","2018-12-12 10:34:07.2970",3203,"Hamilton Park",40.727595966,-74.044247311,3273,"Manila & 1st",40.721650724879986,-74.04288411140442,29300,"Subscriber",1992,1
248,"2018-12-12 10:37:48.1510","2018-12-12 10:41:57.0240",3203,"Hamilton Park",40.727595966,-74.044247311,3186,"Grove St PATH",40.71958611647166,-74.04311746358871,29225,"Subscriber",1985,1
334,"2018-12-12 10:58:06.5790","2018-12-12 11:03:41.1530",3203,"Hamilton Park",40.727595966,-74.044247311,3186,"Grove St PATH",40.71958611647166,-74.04311746358871,26199,"Subscriber",1984,2
174,"2018-12-12 11:19:33.4000","2018-12-12 11:22:27.6050",3203,"Hamilton Park",40.727595966,-74.044247311,3273,"Manila & 1st",40.721650724879986,-74.04288411140442,26160,"Subscriber",1988,1
518,"2018-12-12 11:48:37.3750","2018-12-12 11:57:15.5210",3203,"Hamilton Park",40.727595966,-74.044247311,3639,"Harborside",40.7192517,-74.034234,29499,"Subscriber",1982,1
323,"2018-12-12 12:54:18.8850","2018-12-12 12:59:42.4480",3203,"Hamilton Park",40.727595966,-74.044247311,3638,"Washington St",40.7242941,-74.0354826,29304,"Subscriber",1977,1
1261,"2018-12-12 14:07:13.8730","2018-12-12 14:28:15.6210",3203,"Hamilton Park",40.727595966,-74.044247311,3639,"Harborside",40.7192517,-74.034234,26284,"Subscriber",1949,1
205,"2018-12-12 16:51:19.2570","2018-12-12 16:54:44.6870",3203,"Hamilton Park",40.727595966,-74.044247311,3211,"Newark Ave",40.72152515,-74.046304543,29278,"Subscriber",1980,2
420,"2018-12-12 17:36:40.8650","2018-12-12 17:43:41.4500",3203,"Hamilton Park",40.727595966,-74.044247311,3185,"City Hall",40.7177325,-74.043845,29237,"Subscriber",1973,2
307,"2018-12-12 17:39:49.1750","2018-12-12 17:44:56.7450",3203,"Hamilton Park",40.727595966,-74.044247311,3186,"Grove St PATH",40.71958611647166,-74.04311746358871,29678,"Subscriber",1990,2
159,"2018-12-12 17:47:03.7720","2018-12-12 17:49:43.2230",3203,"Hamilton Park",40.727595966,-74.044247311,3273,"Manila & 1st",40.721650724879986,-74.04288411140442,29458,"Subscriber",1983,1
303,"2018-12-12 17:47:47.7830","2018-12-12 17:52:51.4660",3203,"Hamilton Park",40.727595966,-74.044247311,3186,"Grove St PATH",40.71958611647166,-74.04311746358871,26211,"Subscriber",1973,1
3359,"2018-12-12 18:23:19.8490","2018-12-12 19:19:19.0530",3203,"Hamilton Park",40.727595966,-74.044247311,3278,"Monmouth and 6th",40.72568548362901,-74.04879033565521,29471,"Subscriber",1981,1
333,"2018-12-12 19:58:07.1700","2018-12-12 20:03:41.1650",3203,"Hamilton Park",40.727595966,-74.044247311,3186,"Grove St PATH",40.71958611647166,-74.04311746358871,29123,"Subscriber",1988,1
148,"2018-12-12 20:21:23.0260","2018-12-12 20:23:51.7660",3203,"Hamilton Park",40.727595966,-74.044247311,3272,"Jersey & 3rd",40.72333158646436,-74.04595255851744,29647,"Subscriber",1981,1
233,"2018-12-12 22:27:19.5890","2018-12-12 22:31:12.9210",3203,"Hamilton Park",40.727595966,-74.044247311,3213,"Van Vorst Park",40.71848892,-74.047726625,29604,"Subscriber",1962,1
409,"2018-12-12 23:09:52.3810","2018-12-12 23:16:41.7290",3203,"Hamilton Park",40.727595966,-74.044247311,3272,"Jersey & 3rd",40.72333158646436,-74.04595255851744,29452,"Customer",1969,0
364,"2018-12-12 23:10:45.8900","2018-12-12 23:16:50.6340",3203,"Hamilton Park",40.727595966,-74.044247311,3272,"Jersey & 3rd",40.72333158646436,-74.04595255851744,29304,"Customer",1969,0
269,"2018-12-12 23:12:19.4120","2018-12-12 23:16:49.0910",3203,"Hamilton Park",40.727595966,-74.044247311,3272,"Jersey & 3rd",40.72333158646436,-74.04595255851744,26157,"Customer",1969,0
244,"2018-12-13 05:06:01.6310","2018-12-13 05:10:06.4090",3203,"Hamilton Park",40.727595966,-74.044247311,3209,"Brunswick St",40.7241765,-74.0506564,29475,"Subscriber",1977,1
225,"2018-12-13 06:01:01.2580","2018-12-13 06:04:46.4770",3203,"Hamilton Park",40.727595966,-74.044247311,3186,"Grove St PATH",40.71958611647166,-74.04311746358871,29629,"Subscriber",1994,2
842,"2018-12-13 06:17:23.1350","2018-12-13 06:31:25.1740",3203,"Hamilton Park",40.727595966,-74.044247311,3184,"Paulus Hook",40.7141454,-74.0335519,26199,"Subscriber",1969,1
259,"2018-12-13 06:43:29.3020","2018-12-13 06:47:49.0120",3203,"Hamilton Park",40.727595966,-74.044247311,3186,"Grove St PATH",40.71958611647166,-74.04311746358871,29243,"Subscriber",1978,1
456,"2018-12-13 07:10:53.9810","2018-12-13 07:18:30.8000",3203,"Hamilton Park",40.727595966,-74.044247311,3202,"Newport PATH",40.7272235,-74.0337589,29225,"Subscriber",1987,1
569,"2018-12-13 07:19:39.0260","2018-12-13 07:29:08.4260",3203,"Hamilton Park",40.727595966,-74.044247311,3184,"Paulus Hook",40.7141454,-74.0335519,26219,"Subscriber",1977,1
398,"2018-12-13 07:20:14.4640","2018-12-13 07:26:52.7240",3203,"Hamilton Park",40.727595966,-74.044247311,3202,"Newport PATH",40.7272235,-74.0337589,29481,"Subscriber",1976,2
228,"2018-12-13 07:31:30.3410","2018-12-13 07:35:19.1130",3203,"Hamilton Park",40.727595966,-74.044247311,3273,"Manila & 1st",40.721650724879986,-74.04288411140442,26297,"Subscriber",1956,1
287,"2018-12-13 07:37:44.1090","2018-12-13 07:42:31.9770",3203,"Hamilton Park",40.727595966,-74.044247311,3186,"Grove St PATH",40.71958611647166,-74.04311746358871,29602,"Subscriber",1985,1
339,"2018-12-13 07:39:09.0710","2018-12-13 07:44:48.1200",3203,"Hamilton Park",40.727595966,-74.044247311,3202,"Newport PATH",40.7272235,-74.0337589,26254,"Subscriber",1984,1
349,"2018-12-13 07:45:32.0310","2018-12-13 07:51:21.1550",3203,"Hamilton Park",40.727595966,-74.044247311,3202,"Newport PATH",40.7272235,-74.0337589,29552,"Subscriber",1994,2
308,"2018-12-13 07:45:54.2740","2018-12-13 07:51:03.0220",3203,"Hamilton Park",40.727595966,-74.044247311,3186,"Grove St PATH",40.71958611647166,-74.04311746358871,26278,"Subscriber",1973,1
274,"2018-12-13 07:47:08.7450","2018-12-13 07:51:43.6080",3203,"Hamilton Park",40.727595966,-74.044247311,3186,"Grove St PATH",40.71958611647166,-74.04311746358871,29307,"Subscriber",1977,1
247,"2018-12-13 07:53:16.6680","2018-12-13 07:57:24.2020",3203,"Hamilton Park",40.727595966,-74.044247311,3186,"Grove St PATH",40.71958611647166,-74.04311746358871,26153,"Subscriber",1975,1
256,"2018-12-13 07:56:39.8590","2018-12-13 08:00:56.4900",3203,"Hamilton Park",40.727595966,-74.044247311,3186,"Grove St PATH",40.71958611647166,-74.04311746358871,29569,"Subscriber",1971,1
261,"2018-12-13 08:11:31.5230","2018-12-13 08:15:52.9540",3203,"Hamilton Park",40.727595966,-74.044247311,3186,"Grove St PATH",40.71958611647166,-74.04311746358871,29626,"Subscriber",1979,1
316,"2018-12-13 08:17:28.7980","2018-12-13 08:22:44.9390",3203,"Hamilton Park",40.727595966,-74.044247311,3185,"City Hall",40.7177325,-74.043845,29294,"Subscriber",1984,1
244,"2018-12-13 08:18:33.7230","2018-12-13 08:22:38.0650",3203,"Hamilton Park",40.727595966,-74.044247311,3186,"Grove St PATH",40.71958611647166,-74.04311746358871,26202,"Subscriber",1983,1
310,"2018-12-13 08:24:05.7660","2018-12-13 08:29:15.9380",3203,"Hamilton Park",40.727595966,-74.044247311,3186,"Grove St PATH",40.71958611647166,-74.04311746358871,29660,"Subscriber",1988,1
258,"2018-12-13 08:27:07.2260","2018-12-13 08:31:25.3440",3203,"Hamilton Park",40.727595966,-74.044247311,3186,"Grove St PATH",40.71958611647166,-74.04311746358871,26316,"Subscriber",1985,1
730,"2018-12-13 08:27:22.4210","2018-12-13 08:39:32.8770",3203,"Hamilton Park",40.727595966,-74.044247311,3220,"5 Corners Library",40.734961020009514,-74.0595030784607,26282,"Subscriber",1986,1
279,"2018-12-13 08:30:49.6270","2018-12-13 08:35:28.9260",3203,"Hamilton Park",40.727595966,-74.044247311,3186,"Grove St PATH",40.71958611647166,-74.04311746358871,29206,"Subscriber",1981,1
450,"2018-12-13 08:31:22.2700","2018-12-13 08:38:52.6140",3203,"Hamilton Park",40.727595966,-74.044247311,3186,"Grove St PATH",40.71958611647166,-74.04311746358871,29540,"Subscriber",1988,1
257,"2018-12-13 08:32:08.2410","2018-12-13 08:36:26.1700",3203,"Hamilton Park",40.727595966,-74.044247311,3186,"Grove St PATH",40.71958611647166,-74.04311746358871,29599,"Subscriber",1983,1
272,"2018-12-13 08:38:10.0860","2018-12-13 08:42:42.7820",3203,"Hamilton Park",40.727595966,-74.044247311,3273,"Manila & 1st",40.721650724879986,-74.04288411140442,26257,"Subscriber",1979,1
248,"2018-12-13 08:38:49.3800","2018-12-13 08:42:57.6990",3203,"Hamilton Park",40.727595966,-74.044247311,3273,"Manila & 1st",40.721650724879986,-74.04288411140442,29499,"Subscriber",1977,2
428,"2018-12-13 08:38:54.3510","2018-12-13 08:46:02.5720",3203,"Hamilton Park",40.727595966,-74.044247311,3183,"Exchange Place",40.7162469,-74.0334588,26303,"Subscriber",1974,1
234,"2018-12-13 08:39:12.8890","2018-12-13 08:43:07.2840",3203,"Hamilton Park",40.727595966,-74.044247311,3273,"Manila & 1st",40.721650724879986,-74.04288411140442,29487,"Subscriber",1980,1
300,"2018-12-13 08:40:45.1490","2018-12-13 08:45:45.9620",3203,"Hamilton Park",40.727595966,-74.044247311,3638,"Washington St",40.7242941,-74.0354826,29512,"Subscriber",1987,1
312,"2018-12-13 08:43:04.2700","2018-12-13 08:48:16.9950",3203,"Hamilton Park",40.727595966,-74.044247311,3186,"Grove St PATH",40.71958611647166,-74.04311746358871,29275,"Subscriber",1985,2
303,"2018-12-13 08:47:43.0500","2018-12-13 08:52:46.1470",3203,"Hamilton Park",40.727595966,-74.044247311,3186,"Grove St PATH",40.71958611647166,-74.04311746358871,26186,"Subscriber",1970,2
350,"2018-12-13 08:52:17.2160","2018-12-13 08:58:08.1160",3203,"Hamilton Park",40.727595966,-74.044247311,3186,"Grove St PATH",40.71958611647166,-74.04311746358871,29535,"Subscriber",1987,2
493,"2018-12-13 08:52:45.5150","2018-12-13 09:00:59.1850",3203,"Hamilton Park",40.727595966,-74.044247311,3639,"Harborside",40.7192517,-74.034234,29240,"Subscriber",1954,1
214,"2018-12-13 08:53:33.0060","2018-12-13 08:57:07.1570",3203,"Hamilton Park",40.727595966,-74.044247311,3273,"Manila & 1st",40.721650724879986,-74.04288411140442,29460,"Subscriber",1986,1
397,"2018-12-13 09:31:05.9590","2018-12-13 09:37:43.8910",3203,"Hamilton Park",40.727595966,-74.044247311,3202,"Newport PATH",40.7272235,-74.0337589,29660,"Subscriber",1972,1
304,"2018-12-13 09:31:19.9360","2018-12-13 09:36:24.0410",3203,"Hamilton Park",40.727595966,-74.044247311,3186,"Grove St PATH",40.71958611647166,-74.04311746358871,26286,"Subscriber",1967,2
185,"2018-12-13 09:43:08.9330","2018-12-13 09:46:14.4000",3203,"Hamilton Park",40.727595966,-74.044247311,3273,"Manila & 1st",40.721650724879986,-74.04288411140442,29261,"Subscriber",1960,1
817,"2018-12-13 09:49:49.1120","2018-12-13 10:03:26.7690",3203,"Hamilton Park",40.727595966,-74.044247311,3199,"Newport Pkwy",40.7287448,-74.0321082,26153,"Subscriber",1966,1
216,"2018-12-13 09:52:43.9720","2018-12-13 09:56:20.3120",3203,"Hamilton Park",40.727595966,-74.044247311,3273,"Manila & 1st",40.721650724879986,-74.04288411140442,29440,"Subscriber",1992,1
242,"2018-12-13 09:57:08.7070","2018-12-13 10:01:11.2680",3203,"Hamilton Park",40.727595966,-74.044247311,3186,"Grove St PATH",40.71958611647166,-74.04311746358871,29263,"Subscriber",1986,1
318,"2018-12-13 10:30:16.1120","2018-12-13 10:35:34.3930",3203,"Hamilton Park",40.727595966,-74.044247311,3186,"Grove St PATH",40.71958611647166,-74.04311746358871,26196,"Subscriber",1977,1
330,"2018-12-13 10:59:02.6100","2018-12-13 11:04:33.1950",3203,"Hamilton Park",40.727595966,-74.044247311,3186,"Grove St PATH",40.71958611647166,-74.04311746358871,29207,"Subscriber",1978,1
163,"2018-12-13 13:15:37.3990","2018-12-13 13:18:21.3310",3203,"Hamilton Park",40.727595966,-74.044247311,3272,"Jersey & 3rd",40.72333158646436,-74.04595255851744,29525,"Subscriber",1986,1
461,"2018-12-13 14:09:57.4760","2018-12-13 14:17:38.7130",3203,"Hamilton Park",40.727595966,-74.044247311,3186,"Grove St PATH",40.71958611647166,-74.04311746358871,29272,"Subscriber",1986,1
297,"2018-12-13 14:32:20.8700","2018-12-13 14:37:17.9390",3203,"Hamilton Park",40.727595966,-74.044247311,3186,"Grove St PATH",40.71958611647166,-74.04311746358871,26211,"Subscriber",1990,1
319,"2018-12-13 14:32:19.5680","2018-12-13 14:37:39.1710",3203,"Hamilton Park",40.727595966,-74.044247311,3186,"Grove St PATH",40.71958611647166,-74.04311746358871,26172,"Subscriber",1990,2
393,"2018-12-13 14:40:50.6080","2018-12-13 14:47:23.8920",3203,"Hamilton Park",40.727595966,-74.044247311,3203,"Hamilton Park",40.727595966,-74.044247311,26284,"Subscriber",1991,2
405,"2018-12-13 15:00:25.1660","2018-12-13 15:07:10.5950",3203,"Hamilton Park",40.727595966,-74.044247311,3275,"Columbus Drive",40.71835519823214,-74.03891444206238,26284,"Subscriber",1964,1
172,"2018-12-13 17:16:20.1880","2018-12-13 17:19:12.7330",3203,"Hamilton Park",40.727595966,-74.044247311,3272,"Jersey & 3rd",40.72333158646436,-74.04595255851744,29604,"Subscriber",1956,1
358,"2018-12-13 17:50:54.3600","2018-12-13 17:56:52.8660",3203,"Hamilton Park",40.727595966,-74.044247311,3185,"City Hall",40.7177325,-74.043845,26187,"Subscriber",1973,2
829,"2018-12-13 17:57:26.8610","2018-12-13 18:11:15.9330",3203,"Hamilton Park",40.727595966,-74.044247311,3269,"Brunswick & 6th",40.72601172964625,-74.05038893222809,29257,"Subscriber",1988,2
236,"2018-12-13 18:45:39.7120","2018-12-13 18:49:36.6910",3203,"Hamilton Park",40.727595966,-74.044247311,3211,"Newark Ave",40.72152515,-74.046304543,29614,"Subscriber",1972,1
176,"2018-12-13 19:32:53.2540","2018-12-13 19:35:49.7850",3203,"Hamilton Park",40.727595966,-74.044247311,3273,"Manila & 1st",40.721650724879986,-74.04288411140442,26196,"Subscriber",1983,1
708,"2018-12-13 19:33:28.1570","2018-12-13 19:45:17.0420",3203,"Hamilton Park",40.727595966,-74.044247311,3195,"Sip Ave",40.73074262530658,-74.06378388404846,29603,"Subscriber",1971,2
425,"2018-12-13 23:21:06.3250","2018-12-13 23:28:12.1330",3203,"Hamilton Park",40.727595966,-74.044247311,3638,"Washington St",40.7242941,-74.0354826,26270,"Customer",1969,0
393,"2018-12-13 23:21:40.4320","2018-12-13 23:28:13.9400",3203,"Hamilton Park",40.727595966,-74.044247311,3638,"Washington St",40.7242941,-74.0354826,29678,"Customer",1969,0
258,"2018-12-14 00:43:30.0220","2018-12-14 00:47:48.8020",3203,"Hamilton Park",40.727595966,-74.044247311,3273,"Manila & 1st",40.721650724879986,-74.04288411140442,26164,"Subscriber",1989,1
475,"2018-12-14 00:54:31.1310","2018-12-14 01:02:26.4600",3203,"Hamilton Park",40.727595966,-74.044247311,3639,"Harborside",40.7192517,-74.034234,29636,"Subscriber",1988,1
307,"2018-12-14 05:36:50.0490","2018-12-14 05:41:57.3200",3203,"Hamilton Park",40.727595966,-74.044247311,3186,"Grove St PATH",40.71958611647166,-74.04311746358871,26270,"Subscriber",1973,2
215,"2018-12-14 05:59:27.3510","2018-12-14 06:03:03.1550",3203,"Hamilton Park",40.727595966,-74.044247311,3209,"Brunswick St",40.7241765,-74.0506564,26280,"Subscriber",1977,1
256,"2018-12-14 06:01:20.3340","2018-12-14 06:05:37.3020",3203,"Hamilton Park",40.727595966,-74.044247311,3186,"Grove St PATH",40.71958611647166,-74.04311746358871,26294,"Subscriber",1994,2
181,"2018-12-14 06:19:26.9420","2018-12-14 06:22:28.3010",3203,"Hamilton Park",40.727595966,-74.044247311,3211,"Newark Ave",40.72152515,-74.046304543,29224,"Subscriber",1992,2
292,"2018-12-14 06:39:07.8340","2018-12-14 06:44:00.6100",3203,"Hamilton Park",40.727595966,-74.044247311,3186,"Grove St PATH",40.71958611647166,-74.04311746358871,26157,"Subscriber",1978,1
191,"2018-12-14 07:00:06.0990","2018-12-14 07:03:17.1780",3203,"Hamilton Park",40.727595966,-74.044247311,3273,"Manila & 1st",40.721650724879986,-74.04288411140442,26193,"Subscriber",1971,1
405,"2018-12-14 07:13:10.9450","2018-12-14 07:19:56.6140",3203,"Hamilton Park",40.727595966,-74.044247311,3202,"Newport PATH",40.7272235,-74.0337589,29492,"Subscriber",1987,1
266,"2018-12-14 07:25:18.2750","2018-12-14 07:29:44.3200",3203,"Hamilton Park",40.727595966,-74.044247311,3186,"Grove St PATH",40.71958611647166,-74.04311746358871,29207,"Subscriber",1969,1
668,"2018-12-14 07:37:09.3380","2018-12-14 07:48:18.0070",3203,"Hamilton Park",40.727595966,-74.044247311,3186,"Grove St PATH",40.71958611647166,-74.04311746358871,29626,"Subscriber",1988,1
290,"2018-12-14 07:39:28.6010","2018-12-14 07:44:18.6530",3203,"Hamilton Park",40.727595966,-74.044247311,3202,"Newport PATH",40.7272235,-74.0337589,29297,"Subscriber",1993,1
526,"2018-12-14 07:42:29.9250","2018-12-14 07:51:16.7490",3203,"Hamilton Park",40.727595966,-74.044247311,3184,"Paulus Hook",40.7141454,-74.0335519,26302,"Subscriber",1966,1
872,"2018-12-14 07:47:17.7480","2018-12-14 08:01:50.4720",3203,"Hamilton Park",40.727595966,-74.044247311,3184,"Paulus Hook",40.7141454,-74.0335519,29247,"Subscriber",1977,1
239,"2018-12-14 07:48:41.5470","2018-12-14 07:52:41.4980",3203,"Hamilton Park",40.727595966,-74.044247311,3186,"Grove St PATH",40.71958611647166,-74.04311746358871,29677,"Subscriber",1977,1
395,"2018-12-14 07:51:16.5150","2018-12-14 07:57:51.9930",3203,"Hamilton Park",40.727595966,-74.044247311,3202,"Newport PATH",40.7272235,-74.0337589,29230,"Subscriber",1994,2
314,"2018-12-14 08:01:21.6480","2018-12-14 08:06:36.0060",3203,"Hamilton Park",40.727595966,-74.044247311,3186,"Grove St PATH",40.71958611647166,-74.04311746358871,26184,"Subscriber",1973,1
206,"2018-12-14 08:02:27.3540","2018-12-14 08:05:53.7690",3203,"Hamilton Park",40.727595966,-74.044247311,3273,"Manila & 1st",40.721650724879986,-74.04288411140442,29554,"Subscriber",1987,1
323,"2018-12-14 08:13:25.1590","2018-12-14 08:18:48.8350",3203,"Hamilton Park",40.727595966,-74.044247311,3186,"Grove St PATH",40.71958611647166,-74.04311746358871,29125,"Subscriber",1979,1
234,"2018-12-14 08:14:47.4310","2018-12-14 08:18:42.3650",3203,"Hamilton Park",40.727595966,-74.044247311,3186,"Grove St PATH",40.71958611647166,-74.04311746358871,29224,"Subscriber",1984,1
248,"2018-12-14 08:14:49.8150","2018-12-14 08:18:58.6460",3203,"Hamilton Park",40.727595966,-74.044247311,3186,"Grove St PATH",40.71958611647166,-74.04311746358871,26197,"Subscriber",1979,1
231,"2018-12-14 08:16:16.6860","2018-12-14 08:20:08.5970",3203,"Hamilton Park",40.727595966,-74.044247311,3273,"Manila & 1st",40.721650724879986,-74.04288411140442,26316,"Subscriber",1976,2
441,"2018-12-14 08:20:08.6940","2018-12-14 08:27:29.7520",3203,"Hamilton Park",40.727595966,-74.044247311,3186,"Grove St PATH",40.71958611647166,-74.04311746358871,26163,"Subscriber",1988,1
277,"2018-12-14 08:20:11.6740","2018-12-14 08:24:49.6320",3203,"Hamilton Park",40.727595966,-74.044247311,3186,"Grove St PATH",40.71958611647166,-74.04311746358871,26279,"Subscriber",1983,1
350,"2018-12-14 08:30:53.9070","2018-12-14 08:36:44.2210",3203,"Hamilton Park",40.727595966,-74.044247311,3202,"Newport PATH",40.7272235,-74.0337589,29525,"Subscriber",1976,2
611,"2018-12-14 08:34:09.9970","2018-12-14 08:44:21.3960",3203,"Hamilton Park",40.727595966,-74.044247311,3639,"Harborside",40.7192517,-74.034234,29231,"Subscriber",1975,2
225,"2018-12-14 08:34:55.6330","2018-12-14 08:38:41.2850",3203,"Hamilton Park",40.727595966,-74.044247311,3273,"Manila & 1st",40.721650724879986,-74.04288411140442,29127,"Subscriber",1978,0
231,"2018-12-14 08:37:50.1470","2018-12-14 08:41:41.8190",3203,"Hamilton Park",40.727595966,-74.044247311,3273,"Manila & 1st",40.721650724879986,-74.04288411140442,26202,"Subscriber",1984,1
564,"2018-12-14 08:39:02.6010","2018-12-14 08:48:26.8570",3203,"Hamilton Park",40.727595966,-74.044247311,3183,"Exchange Place",40.7162469,-74.0334588,29493,"Subscriber",1977,1
182,"2018-12-14 08:39:18.2150","2018-12-14 08:42:20.9490",3203,"Hamilton Park",40.727595966,-74.044247311,3273,"Manila & 1st",40.721650724879986,-74.04288411140442,29619,"Subscriber",1973,1
154,"2018-12-14 08:39:42.4660","2018-12-14 08:42:16.6960",3203,"Hamilton Park",40.727595966,-74.044247311,3211,"Newark Ave",40.72152515,-74.046304543,26278,"Subscriber",1983,1
226,"2018-12-14 08:43:12.3680","2018-12-14 08:46:58.4060",3203,"Hamilton Park",40.727595966,-74.044247311,3186,"Grove St PATH",40.71958611647166,-74.04311746358871,29516,"Subscriber",1990,1
222,"2018-12-14 08:43:52.5870","2018-12-14 08:47:34.7800",3203,"Hamilton Park",40.727595966,-74.044247311,3273,"Manila & 1st",40.721650724879986,-74.04288411140442,26196,"Subscriber",1980,1
220,"2018-12-14 08:44:07.3180","2018-12-14 08:47:47.7170",3203,"Hamilton Park",40.727595966,-74.044247311,3273,"Manila & 1st",40.721650724879986,-74.04288411140442,29450,"Subscriber",1977,2
670,"2018-12-14 08:44:34.8920","2018-12-14 08:55:45.4080",3203,"Hamilton Park",40.727595966,-74.044247311,3186,"Grove St PATH",40.71958611647166,-74.04311746358871,29481,"Subscriber",1979,1
450,"2018-12-14 08:45:56.7700","2018-12-14 08:53:27.1570",3203,"Hamilton Park",40.727595966,-74.044247311,3275,"Columbus Drive",40.71835519823214,-74.03891444206238,26152,"Subscriber",1974,2
481,"2018-12-14 08:49:59.2610","2018-12-14 08:58:00.7520",3203,"Hamilton Park",40.727595966,-74.044247311,3639,"Harborside",40.7192517,-74.034234,29678,"Subscriber",1954,1
289,"2018-12-14 08:50:27.3410","2018-12-14 08:55:16.6180",3203,"Hamilton Park",40.727595966,-74.044247311,3186,"Grove St PATH",40.71958611647166,-74.04311746358871,29469,"Subscriber",1991,2
293,"2018-12-14 08:50:55.2440","2018-12-14 08:55:48.7170",3203,"Hamilton Park",40.727595966,-74.044247311,3273,"Manila & 1st",40.721650724879986,-74.04288411140442,26297,"Subscriber",1992,1
282,"2018-12-14 09:40:39.6580","2018-12-14 09:45:21.9830",3203,"Hamilton Park",40.727595966,-74.044247311,3186,"Grove St PATH",40.71958611647166,-74.04311746358871,29578,"Subscriber",1990,2
253,"2018-12-14 09:58:56.4220","2018-12-14 10:03:09.8600",3203,"Hamilton Park",40.727595966,-74.044247311,3186,"Grove St PATH",40.71958611647166,-74.04311746358871,29221,"Subscriber",1986,1
331,"2018-12-14 10:03:23.6730","2018-12-14 10:08:55.4420",3203,"Hamilton Park",40.727595966,-74.044247311,3186,"Grove St PATH",40.71958611647166,-74.04311746358871,29535,"Subscriber",1967,2
151,"2018-12-14 10:21:15.7950","2018-12-14 10:23:47.3590",3203,"Hamilton Park",40.727595966,-74.044247311,3272,"Jersey & 3rd",40.72333158646436,-74.04595255851744,29517,"Subscriber",1974,1
265,"2018-12-14 10:27:02.9190","2018-12-14 10:31:28.2140",3203,"Hamilton Park",40.727595966,-74.044247311,3186,"Grove St PATH",40.71958611647166,-74.04311746358871,29286,"Subscriber",1983,1
457,"2018-12-14 10:48:01.9360","2018-12-14 10:55:39.0960",3203,"Hamilton Park",40.727595966,-74.044247311,3205,"JC Medical Center",40.71653978099194,-74.0496379137039,26291,"Subscriber",1978,1
344,"2018-12-14 11:41:50.2110","2018-12-14 11:47:34.3240",3203,"Hamilton Park",40.727595966,-74.044247311,3202,"Newport PATH",40.7272235,-74.0337589,29203,"Subscriber",1992,2
264,"2018-12-14 12:04:51.4660","2018-12-14 12:09:16.4230",3203,"Hamilton Park",40.727595966,-74.044247311,3186,"Grove St PATH",40.71958611647166,-74.04311746358871,26197,"Subscriber",1990,1
246,"2018-12-14 12:21:54.6890","2018-12-14 12:26:01.1970",3203,"Hamilton Park",40.727595966,-74.044247311,3211,"Newark Ave",40.72152515,-74.046304543,29479,"Subscriber",1970,2
1966,"2018-12-14 13:03:58.1500","2018-12-14 13:36:44.8340",3203,"Hamilton Park",40.727595966,-74.044247311,3638,"Washington St",40.7242941,-74.0354826,26215,"Subscriber",1966,1
757,"2018-12-14 13:10:36.8310","2018-12-14 13:23:14.6530",3203,"Hamilton Park",40.727595966,-74.044247311,3202,"Newport PATH",40.7272235,-74.0337589,26286,"Subscriber",1977,2
286,"2018-12-14 13:25:39.2540","2018-12-14 13:30:25.8930",3203,"Hamilton Park",40.727595966,-74.044247311,3273,"Manila & 1st",40.721650724879986,-74.04288411140442,29598,"Subscriber",1968,1
1499,"2018-12-14 14:14:25.0810","2018-12-14 14:39:24.2590",3203,"Hamilton Park",40.727595966,-74.044247311,3187,"Warren St",40.7211236,-74.03805095,26199,"Subscriber",1971,1
489,"2018-12-14 14:15:03.7920","2018-12-14 14:23:13.4250",3203,"Hamilton Park",40.727595966,-74.044247311,3213,"Van Vorst Park",40.71848892,-74.047726625,29258,"Subscriber",1966,1
508,"2018-12-14 14:22:59.5850","2018-12-14 14:31:27.9650",3203,"Hamilton Park",40.727595966,-74.044247311,3639,"Harborside",40.7192517,-74.034234,29468,"Subscriber",1982,1
160,"2018-12-14 14:27:06.1830","2018-12-14 14:29:46.8990",3203,"Hamilton Park",40.727595966,-74.044247311,3211,"Newark Ave",40.72152515,-74.046304543,26152,"Subscriber",1956,1
511,"2018-12-14 14:48:52.7460","2018-12-14 14:57:24.4230",3203,"Hamilton Park",40.727595966,-74.044247311,3275,"Columbus Drive",40.71835519823214,-74.03891444206238,29552,"Subscriber",1991,1
286,"2018-12-14 14:55:39.4130","2018-12-14 15:00:25.6800",3203,"Hamilton Park",40.727595966,-74.044247311,3186,"Grove St PATH",40.71958611647166,-74.04311746358871,26193,"Subscriber",1976,1
438,"2018-12-14 15:18:14.6220","2018-12-14 15:25:32.9360",3203,"Hamilton Park",40.727595966,-74.044247311,3186,"Grove St PATH",40.71958611647166,-74.04311746358871,29576,"Subscriber",1971,2
155,"2018-12-14 16:30:54.8230","2018-12-14 16:33:30.2200",3203,"Hamilton Park",40.727595966,-74.044247311,3211,"Newark Ave",40.72152515,-74.046304543,29516,"Subscriber",1972,1
324,"2018-12-14 18:09:01.1680","2018-12-14 18:14:26.0560",3203,"Hamilton Park",40.727595966,-74.044247311,3209,"Brunswick St",40.7241765,-74.0506564,29277,"Subscriber",1989,2
402,"2018-12-14 18:36:32.5820","2018-12-14 18:43:15.4720",3203,"Hamilton Park",40.727595966,-74.044247311,3275,"Columbus Drive",40.71835519823214,-74.03891444206238,29303,"Subscriber",1962,1
487,"2018-12-14 19:29:13.8580","2018-12-14 19:37:20.8680",3203,"Hamilton Park",40.727595966,-74.044247311,3209,"Brunswick St",40.7241765,-74.0506564,26263,"Subscriber",1987,2
250,"2018-12-14 19:36:39.8430","2018-12-14 19:40:50.5620",3203,"Hamilton Park",40.727595966,-74.044247311,3211,"Newark Ave",40.72152515,-74.046304543,29469,"Subscriber",1983,2
385,"2018-12-14 19:45:29.5850","2018-12-14 19:51:55.0040",3203,"Hamilton Park",40.727595966,-74.044247311,3186,"Grove St PATH",40.71958611647166,-74.04311746358871,26280,"Subscriber",1965,1
394,"2018-12-14 20:54:38.0730","2018-12-14 21:01:12.8370",3203,"Hamilton Park",40.727595966,-74.044247311,3185,"City Hall",40.7177325,-74.043845,29239,"Subscriber",1991,1
242,"2018-12-14 21:00:41.1910","2018-12-14 21:04:43.5240",3203,"Hamilton Park",40.727595966,-74.044247311,3186,"Grove St PATH",40.71958611647166,-74.04311746358871,26234,"Subscriber",1990,1
180,"2018-12-15 07:33:12.2880","2018-12-15 07:36:13.2160",3203,"Hamilton Park",40.727595966,-74.044247311,3211,"Newark Ave",40.72152515,-74.046304543,29221,"Subscriber",1982,1
265,"2018-12-15 07:34:14.6240","2018-12-15 07:38:40.3690",3203,"Hamilton Park",40.727595966,-74.044247311,3186,"Grove St PATH",40.71958611647166,-74.04311746358871,26215,"Subscriber",1994,2
269,"2018-12-15 08:05:04.9790","2018-12-15 08:09:34.1650",3203,"Hamilton Park",40.727595966,-74.044247311,3273,"Manila & 1st",40.721650724879986,-74.04288411140442,26233,"Subscriber",1992,1
124,"2018-12-15 09:09:42.5750","2018-12-15 09:11:47.5000",3203,"Hamilton Park",40.727595966,-74.044247311,3272,"Jersey & 3rd",40.72333158646436,-74.04595255851744,29294,"Subscriber",1990,1
139,"2018-12-15 09:55:33.6430","2018-12-15 09:57:53.1320",3203,"Hamilton Park",40.727595966,-74.044247311,3278,"Monmouth and 6th",40.72568548362901,-74.04879033565521,29264,"Subscriber",1969,0
238,"2018-12-15 10:15:54.5570","2018-12-15 10:19:52.9700",3203,"Hamilton Park",40.727595966,-74.044247311,3211,"Newark Ave",40.72152515,-74.046304543,26282,"Subscriber",1983,2
209,"2018-12-15 10:16:17.6980","2018-12-15 10:19:46.8640",3203,"Hamilton Park",40.727595966,-74.044247311,3211,"Newark Ave",40.72152515,-74.046304543,29594,"Customer",1969,0
244,"2018-12-15 10:16:32.6810","2018-12-15 10:20:37.0340",3203,"Hamilton Park",40.727595966,-74.044247311,3211,"Newark Ave",40.72152515,-74.046304543,26201,"Subscriber",1988,1
276,"2018-12-15 10:40:23.7490","2018-12-15 10:44:59.9300",3203,"Hamilton Park",40.727595966,-74.044247311,3186,"Grove St PATH",40.71958611647166,-74.04311746358871,26297,"Subscriber",1971,1
222,"2018-12-15 10:53:59.4090","2018-12-15 10:57:42.1760",3203,"Hamilton Park",40.727595966,-74.044247311,3211,"Newark Ave",40.72152515,-74.046304543,29439,"Subscriber",1980,2
316,"2018-12-15 11:54:33.8610","2018-12-15 11:59:50.8300",3203,"Hamilton Park",40.727595966,-74.044247311,3213,"Van Vorst Park",40.71848892,-74.047726625,29288,"Subscriber",1979,2
506,"2018-12-15 12:05:30.6470","2018-12-15 12:13:57.2540",3203,"Hamilton Park",40.727595966,-74.044247311,3205,"JC Medical Center",40.71653978099194,-74.0496379137039,29480,"Subscriber",1988,1
493,"2018-12-15 12:08:14.0300","2018-12-15 12:16:27.7980",3203,"Hamilton Park",40.727595966,-74.044247311,3185,"City Hall",40.7177325,-74.043845,26283,"Subscriber",1958,1
134,"2018-12-15 12:35:20.3500","2018-12-15 12:37:34.5580",3203,"Hamilton Park",40.727595966,-74.044247311,3272,"Jersey & 3rd",40.72333158646436,-74.04595255851744,29294,"Subscriber",1986,1
265,"2018-12-15 12:47:06.6130","2018-12-15 12:51:32.1900",3203,"Hamilton Park",40.727595966,-74.044247311,3273,"Manila & 1st",40.721650724879986,-74.04288411140442,29537,"Subscriber",1994,1
499,"2018-12-15 12:55:42.1230","2018-12-15 13:04:01.4500",3203,"Hamilton Park",40.727595966,-74.044247311,3186,"Grove St PATH",40.71958611647166,-74.04311746358871,26282,"Subscriber",1956,1
215,"2018-12-15 12:57:34.3970","2018-12-15 13:01:10.3240",3203,"Hamilton Park",40.727595966,-74.044247311,3211,"Newark Ave",40.72152515,-74.046304543,26167,"Subscriber",1977,2
225,"2018-12-15 13:22:34.0840","2018-12-15 13:26:19.7140",3203,"Hamilton Park",40.727595966,-74.044247311,3211,"Newark Ave",40.72152515,-74.046304543,26281,"Subscriber",1973,1
259,"2018-12-15 13:24:13.9460","2018-12-15 13:28:33.6880",3203,"Hamilton Park",40.727595966,-74.044247311,3213,"Van Vorst Park",40.71848892,-74.047726625,29664,"Subscriber",1982,1
172,"2018-12-15 13:49:13.0410","2018-12-15 13:52:05.9400",3203,"Hamilton Park",40.727595966,-74.044247311,3211,"Newark Ave",40.72152515,-74.046304543,29286,"Subscriber",1975,1
397,"2018-12-15 13:52:23.1690","2018-12-15 13:59:00.6610",3203,"Hamilton Park",40.727595966,-74.044247311,3186,"Grove St PATH",40.71958611647166,-74.04311746358871,29204,"Subscriber",1971,2
422,"2018-12-15 13:57:32.1360","2018-12-15 14:04:34.9050",3203,"Hamilton Park",40.727595966,-74.044247311,3681,"Grand St",40.71517767732029,-74.03768330812454,29598,"Subscriber",1990,1
625,"2018-12-15 14:33:07.8620","2018-12-15 14:43:33.5690",3203,"Hamilton Park",40.727595966,-74.044247311,3276,"Marin Light Rail",40.71458403535893,-74.04281705617905,29505,"Subscriber",1970,1
594,"2018-12-15 14:33:59.4910","2018-12-15 14:43:54.0380",3203,"Hamilton Park",40.727595966,-74.044247311,3276,"Marin Light Rail",40.71458403535893,-74.04281705617905,29506,"Subscriber",1970,2
388,"2018-12-15 15:35:49.6300","2018-12-15 15:42:18.2610",3203,"Hamilton Park",40.727595966,-74.044247311,3187,"Warren St",40.7211236,-74.03805095,26248,"Subscriber",1985,2
469,"2018-12-15 15:44:58.4420","2018-12-15 15:52:48.0140",3203,"Hamilton Park",40.727595966,-74.044247311,3205,"JC Medical Center",40.71653978099194,-74.0496379137039,26279,"Subscriber",1970,2
379,"2018-12-15 15:51:56.4270","2018-12-15 15:58:15.6240",3203,"Hamilton Park",40.727595966,-74.044247311,3202,"Newport PATH",40.7272235,-74.0337589,26244,"Subscriber",1971,2
233,"2018-12-15 16:21:55.0220","2018-12-15 16:25:48.2120",3203,"Hamilton Park",40.727595966,-74.044247311,3211,"Newark Ave",40.72152515,-74.046304543,29485,"Subscriber",1985,2
85,"2018-12-15 16:55:35.7940","2018-12-15 16:57:01.5240",3203,"Hamilton Park",40.727595966,-74.044247311,3203,"Hamilton Park",40.727595966,-74.044247311,26170,"Subscriber",1972,1
382,"2018-12-15 16:57:57.8150","2018-12-15 17:04:20.5350",3203,"Hamilton Park",40.727595966,-74.044247311,3483,"Montgomery St",40.71942,-74.05099,29679,"Subscriber",1980,2
479,"2018-12-15 16:59:36.8230","2018-12-15 17:07:36.8010",3203,"Hamilton Park",40.727595966,-74.044247311,3187,"Warren St",40.7211236,-74.03805095,26170,"Subscriber",1972,1
257,"2018-12-15 17:21:57.2000","2018-12-15 17:26:14.9770",3203,"Hamilton Park",40.727595966,-74.044247311,3186,"Grove St PATH",40.71958611647166,-74.04311746358871,29601,"Subscriber",1973,1
211,"2018-12-15 17:37:46.1920","2018-12-15 17:41:17.7900",3203,"Hamilton Park",40.727595966,-74.044247311,3272,"Jersey & 3rd",40.72333158646436,-74.04595255851744,29293,"Subscriber",1989,1
448,"2018-12-15 17:44:27.0890","2018-12-15 17:51:55.9770",3203,"Hamilton Park",40.727595966,-74.044247311,3202,"Newport PATH",40.7272235,-74.0337589,26233,"Subscriber",1989,1
741,"2018-12-15 18:12:55.1880","2018-12-15 18:25:16.3320",3203,"Hamilton Park",40.727595966,-74.044247311,3203,"Hamilton Park",40.727595966,-74.044247311,29296,"Subscriber",1988,1
706,"2018-12-15 18:13:47.3340","2018-12-15 18:25:34.2680",3203,"Hamilton Park",40.727595966,-74.044247311,3203,"Hamilton Park",40.727595966,-74.044247311,29439,"Subscriber",1989,2
180,"2018-12-15 18:27:30.9320","2018-12-15 18:30:31.4280",3203,"Hamilton Park",40.727595966,-74.044247311,3272,"Jersey & 3rd",40.72333158646436,-74.04595255851744,26151,"Subscriber",1990,1
206,"2018-12-15 18:27:46.4810","2018-12-15 18:31:12.9960",3203,"Hamilton Park",40.727595966,-74.044247311,3272,"Jersey & 3rd",40.72333158646436,-74.04595255851744,29219,"Subscriber",1990,2
559,"2018-12-15 18:31:51.3800","2018-12-15 18:41:10.8570",3203,"Hamilton Park",40.727595966,-74.044247311,3276,"Marin Light Rail",40.71458403535893,-74.04281705617905,26211,"Subscriber",1988,2
549,"2018-12-15 18:32:05.5480","2018-12-15 18:41:14.7230",3203,"Hamilton Park",40.727595966,-74.044247311,3276,"Marin Light Rail",40.71458403535893,-74.04281705617905,26172,"Subscriber",1992,1
236,"2018-12-15 18:43:03.4490","2018-12-15 18:46:59.8440",3203,"Hamilton Park",40.727595966,-74.044247311,3269,"Brunswick & 6th",40.72601172964625,-74.05038893222809,29283,"Subscriber",1986,2
884,"2018-12-15 20:01:14.0810","2018-12-15 20:15:58.1060",3203,"Hamilton Park",40.727595966,-74.044247311,3203,"Hamilton Park",40.727595966,-74.044247311,26186,"Subscriber",1988,1
953,"2018-12-15 20:02:00.8250","2018-12-15 20:17:54.3350",3203,"Hamilton Park",40.727595966,-74.044247311,3203,"Hamilton Park",40.727595966,-74.044247311,29301,"Subscriber",1989,2
306,"2018-12-15 20:24:39.9780","2018-12-15 20:29:46.0890",3203,"Hamilton Park",40.727595966,-74.044247311,3185,"City Hall",40.7177325,-74.043845,26206,"Subscriber",1969,0
353,"2018-12-15 21:49:18.3310","2018-12-15 21:55:11.9220",3203,"Hamilton Park",40.727595966,-74.044247311,3186,"Grove St PATH",40.71958611647166,-74.04311746358871,29233,"Subscriber",1984,2
280,"2018-12-15 23:41:53.7090","2018-12-15 23:46:33.9240",3203,"Hamilton Park",40.727595966,-74.044247311,3272,"Jersey & 3rd",40.72333158646436,-74.04595255851744,26300,"Subscriber",1981,1
820,"2018-12-16 07:23:00.4620","2018-12-16 07:36:40.7020",3203,"Hamilton Park",40.727595966,-74.044247311,3203,"Hamilton Park",40.727595966,-74.044247311,29296,"Subscriber",1992,1
271,"2018-12-16 07:28:43.0740","2018-12-16 07:33:14.6750",3203,"Hamilton Park",40.727595966,-74.044247311,3186,"Grove St PATH",40.71958611647166,-74.04311746358871,29439,"Subscriber",1994,2
459,"2018-12-16 09:41:50.1110","2018-12-16 09:49:29.8720",3203,"Hamilton Park",40.727595966,-74.044247311,3681,"Grand St",40.71517767732029,-74.03768330812454,29481,"Subscriber",1979,1
190,"2018-12-16 10:24:20.1970","2018-12-16 10:27:30.4160",3203,"Hamilton Park",40.727595966,-74.044247311,3273,"Manila & 1st",40.721650724879986,-74.04288411140442,29504,"Subscriber",1966,1
216,"2018-12-16 17:00:19.2650","2018-12-16 17:03:55.9450",3203,"Hamilton Park",40.727595966,-74.044247311,3186,"Grove St PATH",40.71958611647166,-74.04311746358871,26244,"Subscriber",1986,1
312,"2018-12-16 18:55:11.3920","2018-12-16 19:00:24.0920",3203,"Hamilton Park",40.727595966,-74.044247311,3186,"Grove St PATH",40.71958611647166,-74.04311746358871,29121,"Subscriber",1987,1
521,"2018-12-16 20:48:34.9750","2018-12-16 20:57:16.2640",3203,"Hamilton Park",40.727595966,-74.044247311,3192,"Liberty Light Rail",40.7112423,-74.0557013,26244,"Subscriber",1974,1
204,"2018-12-17 04:42:44.3090","2018-12-17 04:46:08.8330",3203,"Hamilton Park",40.727595966,-74.044247311,3186,"Grove St PATH",40.71958611647166,-74.04311746358871,26186,"Subscriber",1994,2
185,"2018-12-17 06:10:00.0930","2018-12-17 06:13:05.4200",3203,"Hamilton Park",40.727595966,-74.044247311,3272,"Jersey & 3rd",40.72333158646436,-74.04595255851744,26293,"Subscriber",1971,2
352,"2018-12-17 06:37:00.6070","2018-12-17 06:42:52.8300",3203,"Hamilton Park",40.727595966,-74.044247311,3202,"Newport PATH",40.7272235,-74.0337589,29296,"Subscriber",1976,2
286,"2018-12-17 06:50:55.2250","2018-12-17 06:55:42.2010",3203,"Hamilton Park",40.727595966,-74.044247311,3186,"Grove St PATH",40.71958611647166,-74.04311746358871,29198,"Subscriber",1978,1
457,"2018-12-17 07:39:11.4890","2018-12-17 07:46:49.0240",3203,"Hamilton Park",40.727595966,-74.044247311,3199,"Newport Pkwy",40.7287448,-74.0321082,26257,"Subscriber",1992,2
263,"2018-12-17 07:41:44.0610","2018-12-17 07:46:07.6470",3203,"Hamilton Park",40.727595966,-74.044247311,3186,"Grove St PATH",40.71958611647166,-74.04311746358871,29537,"Subscriber",1973,1
515,"2018-12-17 07:54:31.9030","2018-12-17 08:03:07.4210",3203,"Hamilton Park",40.727595966,-74.044247311,3202,"Newport PATH",40.7272235,-74.0337589,29264,"Subscriber",1994,2
470,"2018-12-17 07:59:39.5560","2018-12-17 08:07:30.1480",3203,"Hamilton Park",40.727595966,-74.044247311,3639,"Harborside",40.7192517,-74.034234,29458,"Subscriber",1966,1
243,"2018-12-17 07:59:58.3420","2018-12-17 08:04:02.0970",3203,"Hamilton Park",40.727595966,-74.044247311,3186,"Grove St PATH",40.71958611647166,-74.04311746358871,26297,"Subscriber",1979,1
233,"2018-12-17 08:09:01.4220","2018-12-17 08:12:54.4960",3203,"Hamilton Park",40.727595966,-74.044247311,3186,"Grove St PATH",40.71958611647166,-74.04311746358871,29516,"Subscriber",1975,1
358,"2018-12-17 08:18:53.4110","2018-12-17 08:24:51.7000",3203,"Hamilton Park",40.727595966,-74.044247311,3202,"Newport PATH",40.7272235,-74.0337589,26151,"Subscriber",1989,1
325,"2018-12-17 08:19:05.9200","2018-12-17 08:24:30.9500",3203,"Hamilton Park",40.727595966,-74.044247311,3186,"Grove St PATH",40.71958611647166,-74.04311746358871,29601,"Subscriber",1988,1
261,"2018-12-17 08:21:06.0820","2018-12-17 08:25:27.8320",3203,"Hamilton Park",40.727595966,-74.044247311,3186,"Grove St PATH",40.71958611647166,-74.04311746358871,29285,"Subscriber",1984,1
225,"2018-12-17 08:23:04.5220","2018-12-17 08:26:50.2510",3203,"Hamilton Park",40.727595966,-74.044247311,3186,"Grove St PATH",40.71958611647166,-74.04311746358871,26158,"Subscriber",1990,1
250,"2018-12-17 08:30:11.9290","2018-12-17 08:34:22.8070",3203,"Hamilton Park",40.727595966,-74.044247311,3186,"Grove St PATH",40.71958611647166,-74.04311746358871,26163,"Subscriber",1979,1
261,"2018-12-17 08:31:56.7940","2018-12-17 08:36:18.6950",3203,"Hamilton Park",40.727595966,-74.044247311,3186,"Grove St PATH",40.71958611647166,-74.04311746358871,29198,"Subscriber",1979,1
262,"2018-12-17 08:34:39.9490","2018-12-17 08:39:02.6370",3203,"Hamilton Park",40.727595966,-74.044247311,3209,"Brunswick St",40.7241765,-74.0506564,29301,"Subscriber",1969,0
324,"2018-12-17 08:37:08.4790","2018-12-17 08:42:33.0700",3203,"Hamilton Park",40.727595966,-74.044247311,3186,"Grove St PATH",40.71958611647166,-74.04311746358871,29121,"Subscriber",1980,1
323,"2018-12-17 08:37:09.7840","2018-12-17 08:42:32.9970",3203,"Hamilton Park",40.727595966,-74.044247311,3186,"Grove St PATH",40.71958611647166,-74.04311746358871,26157,"Subscriber",1977,2
266,"2018-12-17 08:37:48.2770","2018-12-17 08:42:14.8610",3203,"Hamilton Park",40.727595966,-74.044247311,3186,"Grove St PATH",40.71958611647166,-74.04311746358871,29452,"Subscriber",1974,1
492,"2018-12-17 08:38:01.3840","2018-12-17 08:46:13.5620",3203,"Hamilton Park",40.727595966,-74.044247311,3183,"Exchange Place",40.7162469,-74.0334588,29254,"Subscriber",1976,1
247,"2018-12-17 08:38:52.6890","2018-12-17 08:43:00.6750",3203,"Hamilton Park",40.727595966,-74.044247311,3273,"Manila & 1st",40.721650724879986,-74.04288411140442,29506,"Subscriber",1977,2
177,"2018-12-17 08:39:25.1120","2018-12-17 08:42:22.5890",3203,"Hamilton Park",40.727595966,-74.044247311,3273,"Manila & 1st",40.721650724879986,-74.04288411140442,26208,"Subscriber",1991,2
282,"2018-12-17 08:40:50.5810","2018-12-17 08:45:32.8150",3203,"Hamilton Park",40.727595966,-74.044247311,3186,"Grove St PATH",40.71958611647166,-74.04311746358871,29293,"Subscriber",1983,1
411,"2018-12-17 08:51:17.6390","2018-12-17 08:58:08.7970",3203,"Hamilton Park",40.727595966,-74.044247311,3185,"City Hall",40.7177325,-74.043845,29524,"Subscriber",1987,2
360,"2018-12-17 08:52:10.1810","2018-12-17 08:58:10.1940",3203,"Hamilton Park",40.727595966,-74.044247311,3186,"Grove St PATH",40.71958611647166,-74.04311746358871,29212,"Subscriber",1974,2
257,"2018-12-17 09:03:48.0750","2018-12-17 09:08:05.8700",3203,"Hamilton Park",40.727595966,-74.044247311,3186,"Grove St PATH",40.71958611647166,-74.04311746358871,29665,"Subscriber",1978,1
234,"2018-12-17 09:06:58.1820","2018-12-17 09:10:52.7880",3203,"Hamilton Park",40.727595966,-74.044247311,3273,"Manila & 1st",40.721650724879986,-74.04288411140442,29442,"Subscriber",1984,1
281,"2018-12-17 09:08:34.6600","2018-12-17 09:13:16.3390",3203,"Hamilton Park",40.727595966,-74.044247311,3186,"Grove St PATH",40.71958611647166,-74.04311746358871,29594,"Subscriber",1988,1
276,"2018-12-17 09:14:22.5770","2018-12-17 09:18:59.2470",3203,"Hamilton Park",40.727595966,-74.044247311,3273,"Manila & 1st",40.721650724879986,-74.04288411140442,29473,"Subscriber",1990,2
441,"2018-12-17 09:15:20.5010","2018-12-17 09:22:41.5690",3203,"Hamilton Park",40.727595966,-74.044247311,3639,"Harborside",40.7192517,-74.034234,26295,"Subscriber",1987,1
235,"2018-12-17 09:17:28.3640","2018-12-17 09:21:23.7680",3203,"Hamilton Park",40.727595966,-74.044247311,3273,"Manila & 1st",40.721650724879986,-74.04288411140442,29542,"Subscriber",1978,2
297,"2018-12-17 09:20:54.0050","2018-12-17 09:25:51.8120",3203,"Hamilton Park",40.727595966,-74.044247311,3186,"Grove St PATH",40.71958611647166,-74.04311746358871,26186,"Subscriber",1970,2
202,"2018-12-17 09:32:07.8630","2018-12-17 09:35:30.3030",3203,"Hamilton Park",40.727595966,-74.044247311,3273,"Manila & 1st",40.721650724879986,-74.04288411140442,29281,"Subscriber",1968,1
431,"2018-12-17 10:23:16.6910","2018-12-17 10:30:27.8950",3203,"Hamilton Park",40.727595966,-74.044247311,3186,"Grove St PATH",40.71958611647166,-74.04311746358871,26200,"Subscriber",1958,1
342,"2018-12-17 10:41:14.4120","2018-12-17 10:46:57.1550",3203,"Hamilton Park",40.727595966,-74.044247311,3186,"Grove St PATH",40.71958611647166,-74.04311746358871,29283,"Subscriber",1975,2
479,"2018-12-17 11:04:40.0830","2018-12-17 11:12:39.9820",3203,"Hamilton Park",40.727595966,-74.044247311,3205,"JC Medical Center",40.71653978099194,-74.0496379137039,26293,"Subscriber",1978,1
385,"2018-12-17 11:12:17.8380","2018-12-17 11:18:43.3360",3203,"Hamilton Park",40.727595966,-74.044247311,3186,"Grove St PATH",40.71958611647166,-74.04311746358871,29676,"Subscriber",1984,2
319,"2018-12-17 11:23:17.5070","2018-12-17 11:28:36.7250",3203,"Hamilton Park",40.727595966,-74.044247311,3186,"Grove St PATH",40.71958611647166,-74.04311746358871,29646,"Subscriber",1986,1
342,"2018-12-17 11:25:26.2500","2018-12-17 11:31:08.5970",3203,"Hamilton Park",40.727595966,-74.044247311,3275,"Columbus Drive",40.71835519823214,-74.03891444206238,29473,"Subscriber",1990,1
389,"2018-12-17 11:52:44.8500","2018-12-17 11:59:14.5450",3203,"Hamilton Park",40.727595966,-74.044247311,3209,"Brunswick St",40.7241765,-74.0506564,29231,"Subscriber",1979,2
511,"2018-12-17 12:03:45.8930","2018-12-17 12:12:17.7000",3203,"Hamilton Park",40.727595966,-74.044247311,3639,"Harborside",40.7192517,-74.034234,29276,"Subscriber",1982,1
1100,"2018-12-17 12:09:31.6850","2018-12-17 12:27:52.2150",3203,"Hamilton Park",40.727595966,-74.044247311,3195,"Sip Ave",40.73074262530658,-74.06378388404846,29268,"Subscriber",1986,1
222,"2018-12-17 12:14:16.4750","2018-12-17 12:17:58.8780",3203,"Hamilton Park",40.727595966,-74.044247311,3186,"Grove St PATH",40.71958611647166,-74.04311746358871,29481,"Subscriber",1986,1
508,"2018-12-17 12:43:58.3740","2018-12-17 12:52:26.8630",3203,"Hamilton Park",40.727595966,-74.044247311,3186,"Grove St PATH",40.71958611647166,-74.04311746358871,29199,"Customer",1981,1
216,"2018-12-17 14:26:58.9220","2018-12-17 14:30:35.5300",3203,"Hamilton Park",40.727595966,-74.044247311,3186,"Grove St PATH",40.71958611647166,-74.04311746358871,29303,"Subscriber",1985,1
136,"2018-12-17 14:27:13.0280","2018-12-17 14:29:29.1830",3203,"Hamilton Park",40.727595966,-74.044247311,3211,"Newark Ave",40.72152515,-74.046304543,26311,"Subscriber",1976,1
281,"2018-12-17 16:47:05.9560","2018-12-17 16:51:47.8800",3203,"Hamilton Park",40.727595966,-74.044247311,3186,"Grove St PATH",40.71958611647166,-74.04311746358871,29595,"Subscriber",1973,1
154,"2018-12-17 16:53:05.8140","2018-12-17 16:55:39.8390",3203,"Hamilton Park",40.727595966,-74.044247311,3272,"Jersey & 3rd",40.72333158646436,-74.04595255851744,29457,"Subscriber",1988,1
153,"2018-12-17 17:25:33.5110","2018-12-17 17:28:06.5490",3203,"Hamilton Park",40.727595966,-74.044247311,3211,"Newark Ave",40.72152515,-74.046304543,29663,"Subscriber",1988,2
303,"2018-12-17 18:19:44.4750","2018-12-17 18:24:48.2620",3203,"Hamilton Park",40.727595966,-74.044247311,3186,"Grove St PATH",40.71958611647166,-74.04311746358871,29618,"Subscriber",1984,2
120,"2018-12-17 21:28:51.2580","2018-12-17 21:30:51.4450",3203,"Hamilton Park",40.727595966,-74.044247311,3272,"Jersey & 3rd",40.72333158646436,-74.04595255851744,29577,"Subscriber",1994,1
213,"2018-12-17 22:14:25.2660","2018-12-17 22:17:58.9310",3203,"Hamilton Park",40.727595966,-74.044247311,3209,"Brunswick St",40.7241765,-74.0506564,26283,"Subscriber",1981,1
241,"2018-12-18 06:02:36.2980","2018-12-18 06:06:38.0340",3203,"Hamilton Park",40.727595966,-74.044247311,3186,"Grove St PATH",40.71958611647166,-74.04311746358871,26318,"Subscriber",1994,2
378,"2018-12-18 06:45:16.3410","2018-12-18 06:51:35.1180",3203,"Hamilton Park",40.727595966,-74.044247311,3202,"Newport PATH",40.7272235,-74.0337589,26282,"Subscriber",1993,1
229,"2018-12-18 06:48:28.6700","2018-12-18 06:52:17.9770",3203,"Hamilton Park",40.727595966,-74.044247311,3186,"Grove St PATH",40.71958611647166,-74.04311746358871,29286,"Subscriber",1973,1
247,"2018-12-18 06:53:16.9350","2018-12-18 06:57:24.7630",3203,"Hamilton Park",40.727595966,-74.044247311,3186,"Grove St PATH",40.71958611647166,-74.04311746358871,29288,"Subscriber",1978,1
195,"2018-12-18 07:12:10.0530","2018-12-18 07:15:25.4070",3203,"Hamilton Park",40.727595966,-74.044247311,3186,"Grove St PATH",40.71958611647166,-74.04311746358871,29245,"Subscriber",1973,1
235,"2018-12-18 07:41:55.6610","2018-12-18 07:45:50.7800",3203,"Hamilton Park",40.727595966,-74.044247311,3186,"Grove St PATH",40.71958611647166,-74.04311746358871,29554,"Subscriber",1984,1
281,"2018-12-18 07:50:00.8790","2018-12-18 07:54:41.9970",3203,"Hamilton Park",40.727595966,-74.044247311,3186,"Grove St PATH",40.71958611647166,-74.04311746358871,29484,"Subscriber",1990,2
531,"2018-12-18 07:50:48.6160","2018-12-18 07:59:39.9770",3203,"Hamilton Park",40.727595966,-74.044247311,3202,"Newport PATH",40.7272235,-74.0337589,29124,"Subscriber",1994,2
166,"2018-12-18 07:52:00.9990","2018-12-18 07:54:47.8680",3203,"Hamilton Park",40.727595966,-74.044247311,3211,"Newark Ave",40.72152515,-74.046304543,26278,"Subscriber",1981,1
272,"2018-12-18 07:53:06.0860","2018-12-18 07:57:38.6070",3203,"Hamilton Park",40.727595966,-74.044247311,3186,"Grove St PATH",40.71958611647166,-74.04311746358871,26172,"Subscriber",1979,1
471,"2018-12-18 07:59:44.0430","2018-12-18 08:07:35.3750",3203,"Hamilton Park",40.727595966,-74.044247311,3639,"Harborside",40.7192517,-74.034234,29487,"Subscriber",1966,1
358,"2018-12-18 08:06:41.4640","2018-12-18 08:12:39.7350",3203,"Hamilton Park",40.727595966,-74.044247311,3202,"Newport PATH",40.7272235,-74.0337589,29306,"Subscriber",1976,2
252,"2018-12-18 08:09:42.8070","2018-12-18 08:13:55.7550",3203,"Hamilton Park",40.727595966,-74.044247311,3186,"Grove St PATH",40.71958611647166,-74.04311746358871,29662,"Subscriber",1975,1
322,"2018-12-18 08:13:15.9360","2018-12-18 08:18:38.0250",3203,"Hamilton Park",40.727595966,-74.044247311,3186,"Grove St PATH",40.71958611647166,-74.04311746358871,26192,"Subscriber",1987,2
251,"2018-12-18 08:13:54.3460","2018-12-18 08:18:05.5080",3203,"Hamilton Park",40.727595966,-74.044247311,3186,"Grove St PATH",40.71958611647166,-74.04311746358871,29257,"Subscriber",1979,1
187,"2018-12-18 08:17:59.7810","2018-12-18 08:21:07.5740",3203,"Hamilton Park",40.727595966,-74.044247311,3273,"Manila & 1st",40.721650724879986,-74.04288411140442,26264,"Subscriber",1984,1
270,"2018-12-18 08:22:10.8250","2018-12-18 08:26:41.3330",3203,"Hamilton Park",40.727595966,-74.044247311,3186,"Grove St PATH",40.71958611647166,-74.04311746358871,26182,"Subscriber",1986,1
302,"2018-12-18 08:26:54.3950","2018-12-18 08:31:57.1490",3203,"Hamilton Park",40.727595966,-74.044247311,3186,"Grove St PATH",40.71958611647166,-74.04311746358871,29493,"Subscriber",1988,1
242,"2018-12-18 08:31:49.9210","2018-12-18 08:35:52.7260",3203,"Hamilton Park",40.727595966,-74.044247311,3186,"Grove St PATH",40.71958611647166,-74.04311746358871,26311,"Subscriber",1979,1
276,"2018-12-18 08:37:42.1100","2018-12-18 08:42:18.8300",3203,"Hamilton Park",40.727595966,-74.044247311,3186,"Grove St PATH",40.71958611647166,-74.04311746358871,29443,"Subscriber",1977,2
255,"2018-12-18 08:38:04.4490","2018-12-18 08:42:20.2900",3203,"Hamilton Park",40.727595966,-74.044247311,3186,"Grove St PATH",40.71958611647166,-74.04311746358871,29225,"Subscriber",1980,1
363,"2018-12-18 08:39:56.5350","2018-12-18 08:45:59.7670",3203,"Hamilton Park",40.727595966,-74.044247311,3199,"Newport Pkwy",40.7287448,-74.0321082,29199,"Subscriber",1977,1
274,"2018-12-18 08:52:58.4580","2018-12-18 08:57:33.3350",3203,"Hamilton Park",40.727595966,-74.044247311,3186,"Grove St PATH",40.71958611647166,-74.04311746358871,29675,"Subscriber",1991,2
226,"2018-12-18 08:56:11.3930","2018-12-18 08:59:57.5270",3203,"Hamilton Park",40.727595966,-74.044247311,3186,"Grove St PATH",40.71958611647166,-74.04311746358871,29308,"Subscriber",1983,1
269,"2018-12-18 08:59:19.7980","2018-12-18 09:03:49.6870",3203,"Hamilton Park",40.727595966,-74.044247311,3186,"Grove St PATH",40.71958611647166,-74.04311746358871,26221,"Subscriber",1985,1
189,"2018-12-18 08:59:40.7110","2018-12-18 09:02:50.0150",3203,"Hamilton Park",40.727595966,-74.044247311,3186,"Grove St PATH",40.71958611647166,-74.04311746358871,26307,"Subscriber",1990,1
459,"2018-12-18 09:01:19.6670","2018-12-18 09:08:58.8960",3203,"Hamilton Park",40.727595966,-74.044247311,3639,"Harborside",40.7192517,-74.034234,29458,"Subscriber",1987,1
275,"2018-12-18 09:03:10.6290","2018-12-18 09:07:45.7410",3203,"Hamilton Park",40.727595966,-74.044247311,3186,"Grove St PATH",40.71958611647166,-74.04311746358871,29477,"Subscriber",1984,1
286,"2018-12-18 09:06:07.2850","2018-12-18 09:10:54.2100",3203,"Hamilton Park",40.727595966,-74.044247311,3186,"Grove St PATH",40.71958611647166,-74.04311746358871,29275,"Subscriber",1990,2
249,"2018-12-18 09:07:45.3240","2018-12-18 09:11:54.4520",3203,"Hamilton Park",40.727595966,-74.044247311,3186,"Grove St PATH",40.71958611647166,-74.04311746358871,29506,"Subscriber",1978,1
337,"2018-12-18 09:22:57.3640","2018-12-18 09:28:34.8150",3203,"Hamilton Park",40.727595966,-74.044247311,3273,"Manila & 1st",40.721650724879986,-74.04288411140442,26171,"Subscriber",1986,1
491,"2018-12-18 09:24:43.2750","2018-12-18 09:32:55.2410",3203,"Hamilton Park",40.727595966,-74.044247311,3186,"Grove St PATH",40.71958611647166,-74.04311746358871,29440,"Subscriber",1984,2
343,"2018-12-18 09:26:15.5760","2018-12-18 09:31:58.5880",3203,"Hamilton Park",40.727595966,-74.044247311,3205,"JC Medical Center",40.71653978099194,-74.0496379137039,29284,"Subscriber",1978,1
209,"2018-12-18 09:58:20.8140","2018-12-18 10:01:50.6530",3203,"Hamilton Park",40.727595966,-74.044247311,3186,"Grove St PATH",40.71958611647166,-74.04311746358871,29231,"Subscriber",1985,1
371,"2018-12-18 10:17:38.2930","2018-12-18 10:23:49.4100",3203,"Hamilton Park",40.727595966,-74.044247311,3186,"Grove St PATH",40.71958611647166,-74.04311746358871,29445,"Subscriber",1964,1
204,"2018-12-18 10:19:25.1680","2018-12-18 10:22:49.7320",3203,"Hamilton Park",40.727595966,-74.044247311,3186,"Grove St PATH",40.71958611647166,-74.04311746358871,26186,"Subscriber",1986,1
327,"2018-12-18 11:19:47.1740","2018-12-18 11:25:14.8490",3203,"Hamilton Park",40.727595966,-74.044247311,3186,"Grove St PATH",40.71958611647166,-74.04311746358871,29485,"Subscriber",1984,2
185,"2018-12-18 11:50:57.2070","2018-12-18 11:54:02.9600",3203,"Hamilton Park",40.727595966,-74.044247311,3211,"Newark Ave",40.72152515,-74.046304543,29260,"Subscriber",1988,2
251,"2018-12-18 12:17:10.3960","2018-12-18 12:21:22.1280",3203,"Hamilton Park",40.727595966,-74.044247311,3186,"Grove St PATH",40.71958611647166,-74.04311746358871,26213,"Subscriber",1985,1
283,"2018-12-18 12:34:58.2540","2018-12-18 12:39:42.0670",3203,"Hamilton Park",40.727595966,-74.044247311,3273,"Manila & 1st",40.721650724879986,-74.04288411140442,29261,"Subscriber",1989,2
1143,"2018-12-18 13:45:31.8040","2018-12-18 14:04:34.8460",3203,"Hamilton Park",40.727595966,-74.044247311,3278,"Monmouth and 6th",40.72568548362901,-74.04879033565521,29260,"Subscriber",1981,1
389,"2018-12-18 18:32:59.6580","2018-12-18 18:39:28.7750",3203,"Hamilton Park",40.727595966,-74.044247311,3211,"Newark Ave",40.72152515,-74.046304543,29288,"Subscriber",1991,2
349,"2018-12-18 18:33:26.1740","2018-12-18 18:39:15.9980",3203,"Hamilton Park",40.727595966,-74.044247311,3186,"Grove St PATH",40.71958611647166,-74.04311746358871,29210,"Subscriber",1987,1
216,"2018-12-18 18:42:54.5880","2018-12-18 18:46:31.4110",3203,"Hamilton Park",40.727595966,-74.044247311,3273,"Manila & 1st",40.721650724879986,-74.04288411140442,29457,"Subscriber",1973,2
396,"2018-12-18 18:59:26.9310","2018-12-18 19:06:03.3820",3203,"Hamilton Park",40.727595966,-74.044247311,3483,"Montgomery St",40.71942,-74.05099,29240,"Subscriber",1954,1
236,"2018-12-19 05:32:31.6630","2018-12-19 05:36:27.6780",3203,"Hamilton Park",40.727595966,-74.044247311,3186,"Grove St PATH",40.71958611647166,-74.04311746358871,26202,"Subscriber",1994,2
146,"2018-12-19 06:16:33.0410","2018-12-19 06:18:59.2590",3203,"Hamilton Park",40.727595966,-74.044247311,3272,"Jersey & 3rd",40.72333158646436,-74.04595255851744,29305,"Subscriber",1971,2
284,"2018-12-19 06:23:54.8420","2018-12-19 06:28:39.4530",3203,"Hamilton Park",40.727595966,-74.044247311,3186,"Grove St PATH",40.71958611647166,-74.04311746358871,29239,"Subscriber",1973,2
258,"2018-12-19 07:08:41.2300","2018-12-19 07:12:59.6570",3203,"Hamilton Park",40.727595966,-74.044247311,3186,"Grove St PATH",40.71958611647166,-74.04311746358871,29662,"Subscriber",1990,1
269,"2018-12-19 07:10:22.9660","2018-12-19 07:14:52.9370",3203,"Hamilton Park",40.727595966,-74.044247311,3202,"Newport PATH",40.7272235,-74.0337589,26241,"Subscriber",1993,1
260,"2018-12-19 07:11:31.8930","2018-12-19 07:15:52.8230",3203,"Hamilton Park",40.727595966,-74.044247311,3186,"Grove St PATH",40.71958611647166,-74.04311746358871,29589,"Subscriber",1978,1
661,"2018-12-19 07:13:35.5260","2018-12-19 07:24:37.3590",3203,"Hamilton Park",40.727595966,-74.044247311,3186,"Grove St PATH",40.71958611647166,-74.04311746358871,29500,"Subscriber",1988,1
450,"2018-12-19 07:13:38.4450","2018-12-19 07:21:08.7810",3203,"Hamilton Park",40.727595966,-74.044247311,3202,"Newport PATH",40.7272235,-74.0337589,26201,"Subscriber",1987,1
297,"2018-12-19 07:36:39.3320","2018-12-19 07:41:36.6500",3203,"Hamilton Park",40.727595966,-74.044247311,3186,"Grove St PATH",40.71958611647166,-74.04311746358871,29254,"Subscriber",1971,2
415,"2018-12-19 07:37:53.5410","2018-12-19 07:44:48.9250",3203,"Hamilton Park",40.727595966,-74.044247311,3183,"Exchange Place",40.7162469,-74.0334588,29257,"Subscriber",1966,1
424,"2018-12-19 07:40:58.2820","2018-12-19 07:48:03.1890",3203,"Hamilton Park",40.727595966,-74.044247311,3639,"Harborside",40.7192517,-74.034234,29527,"Subscriber",1975,2
309,"2018-12-19 07:42:04.2510","2018-12-19 07:47:13.6230",3203,"Hamilton Park",40.727595966,-74.044247311,3186,"Grove St PATH",40.71958611647166,-74.04311746358871,26172,"Subscriber",1973,1
267,"2018-12-19 07:42:54.2870","2018-12-19 07:47:21.8540",3203,"Hamilton Park",40.727595966,-74.044247311,3186,"Grove St PATH",40.71958611647166,-74.04311746358871,26264,"Subscriber",1967,1
383,"2018-12-19 07:49:38.8230","2018-12-19 07:56:02.0560",3203,"Hamilton Park",40.727595966,-74.044247311,3202,"Newport PATH",40.7272235,-74.0337589,29526,"Subscriber",1994,2
478,"2018-12-19 07:51:49.1660","2018-12-19 07:59:47.7500",3203,"Hamilton Park",40.727595966,-74.044247311,3199,"Newport Pkwy",40.7287448,-74.0321082,29457,"Subscriber",1992,2
430,"2018-12-19 07:57:55.2420","2018-12-19 08:05:05.7650",3203,"Hamilton Park",40.727595966,-74.044247311,3202,"Newport PATH",40.7272235,-74.0337589,29512,"Subscriber",1976,2
244,"2018-12-19 08:14:17.3220","2018-12-19 08:18:22.2180",3203,"Hamilton Park",40.727595966,-74.044247311,3186,"Grove St PATH",40.71958611647166,-74.04311746358871,29241,"Subscriber",1979,1
283,"2018-12-19 08:16:49.5590","2018-12-19 08:21:33.2520",3203,"Hamilton Park",40.727595966,-74.044247311,3186,"Grove St PATH",40.71958611647166,-74.04311746358871,26276,"Subscriber",1984,1
222,"2018-12-19 08:19:51.4260","2018-12-19 08:23:34.0860",3203,"Hamilton Park",40.727595966,-74.044247311,3186,"Grove St PATH",40.71958611647166,-74.04311746358871,26288,"Subscriber",1983,1
221,"2018-12-19 08:29:07.6240","2018-12-19 08:32:48.9960",3203,"Hamilton Park",40.727595966,-74.044247311,3186,"Grove St PATH",40.71958611647166,-74.04311746358871,29598,"Subscriber",1979,1
155,"2018-12-19 08:37:13.0240","2018-12-19 08:39:48.0270",3203,"Hamilton Park",40.727595966,-74.044247311,3272,"Jersey & 3rd",40.72333158646436,-74.04595255851744,29297,"Subscriber",1974,1
376,"2018-12-19 08:39:09.5430","2018-12-19 08:45:25.8400",3203,"Hamilton Park",40.727595966,-74.044247311,3186,"Grove St PATH",40.71958611647166,-74.04311746358871,29479,"Subscriber",1981,1
277,"2018-12-19 08:40:55.5400","2018-12-19 08:45:33.0420",3203,"Hamilton Park",40.727595966,-74.044247311,3186,"Grove St PATH",40.71958611647166,-74.04311746358871,29582,"Subscriber",1985,1
193,"2018-12-19 08:41:05.9420","2018-12-19 08:44:19.2500",3203,"Hamilton Park",40.727595966,-74.044247311,3186,"Grove St PATH",40.71958611647166,-74.04311746358871,29537,"Subscriber",1990,1
296,"2018-12-19 08:43:29.4990","2018-12-19 08:48:26.0640",3203,"Hamilton Park",40.727595966,-74.044247311,3186,"Grove St PATH",40.71958611647166,-74.04311746358871,26300,"Subscriber",1977,2
276,"2018-12-19 08:43:35.9750","2018-12-19 08:48:12.3560",3203,"Hamilton Park",40.727595966,-74.044247311,3186,"Grove St PATH",40.71958611647166,-74.04311746358871,29645,"Subscriber",1980,1
247,"2018-12-19 08:44:03.0910","2018-12-19 08:48:10.3660",3203,"Hamilton Park",40.727595966,-74.044247311,3186,"Grove St PATH",40.71958611647166,-74.04311746358871,29541,"Subscriber",1986,1
333,"2018-12-19 08:44:44.3330","2018-12-19 08:50:17.9430",3203,"Hamilton Park",40.727595966,-74.044247311,3186,"Grove St PATH",40.71958611647166,-74.04311746358871,29468,"Subscriber",1988,1
288,"2018-12-19 08:49:57.4640","2018-12-19 08:54:45.5850",3203,"Hamilton Park",40.727595966,-74.044247311,3186,"Grove St PATH",40.71958611647166,-74.04311746358871,29639,"Subscriber",1978,1
252,"2018-12-19 08:52:35.7540","2018-12-19 08:56:48.2070",3203,"Hamilton Park",40.727595966,-74.044247311,3273,"Manila & 1st",40.721650724879986,-74.04288411140442,29306,"Subscriber",1973,1
294,"2018-12-19 08:55:00.4330","2018-12-19 08:59:55.1220",3203,"Hamilton Park",40.727595966,-74.044247311,3186,"Grove St PATH",40.71958611647166,-74.04311746358871,29675,"Subscriber",1990,2
169,"2018-12-19 08:56:12.1500","2018-12-19 08:59:01.8860",3203,"Hamilton Park",40.727595966,-74.044247311,3269,"Brunswick & 6th",40.72601172964625,-74.05038893222809,29520,"Subscriber",1972,1
261,"2018-12-19 08:56:23.7440","2018-12-19 09:00:44.9020",3203,"Hamilton Park",40.727595966,-74.044247311,3186,"Grove St PATH",40.71958611647166,-74.04311746358871,26311,"Subscriber",1991,2
309,"2018-12-19 08:56:24.8110","2018-12-19 09:01:34.2060",3203,"Hamilton Park",40.727595966,-74.044247311,3186,"Grove St PATH",40.71958611647166,-74.04311746358871,29681,"Subscriber",1984,1
415,"2018-12-19 09:06:11.7760","2018-12-19 09:13:07.3220",3203,"Hamilton Park",40.727595966,-74.044247311,3202,"Newport PATH",40.7272235,-74.0337589,29221,"Subscriber",1972,1
346,"2018-12-19 09:14:40.8440","2018-12-19 09:20:27.6970",3203,"Hamilton Park",40.727595966,-74.044247311,3186,"Grove St PATH",40.71958611647166,-74.04311746358871,29439,"Subscriber",1984,2
424,"2018-12-19 09:15:13.0170","2018-12-19 09:22:17.6520",3203,"Hamilton Park",40.727595966,-74.044247311,3639,"Harborside",40.7192517,-74.034234,29246,"Subscriber",1987,1
507,"2018-12-19 09:28:46.5270","2018-12-19 09:37:13.6410",3203,"Hamilton Park",40.727595966,-74.044247311,3639,"Harborside",40.7192517,-74.034234,29671,"Subscriber",1987,1
480,"2018-12-19 09:31:04.3830","2018-12-19 09:39:04.8990",3203,"Hamilton Park",40.727595966,-74.044247311,3205,"JC Medical Center",40.71653978099194,-74.0496379137039,26213,"Subscriber",1978,1
324,"2018-12-19 09:41:47.9820","2018-12-19 09:47:12.5560",3203,"Hamilton Park",40.727595966,-74.044247311,3202,"Newport PATH",40.7272235,-74.0337589,26282,"Subscriber",1983,1
173,"2018-12-19 09:51:58.4260","2018-12-19 09:54:52.0700",3203,"Hamilton Park",40.727595966,-74.044247311,3211,"Newark Ave",40.72152515,-74.046304543,26192,"Subscriber",1988,2
288,"2018-12-19 09:57:47.1390","2018-12-19 10:02:35.2530",3203,"Hamilton Park",40.727595966,-74.044247311,3186,"Grove St PATH",40.71958611647166,-74.04311746358871,29541,"Subscriber",1967,2
226,"2018-12-19 10:14:13.8490","2018-12-19 10:18:00.8010",3203,"Hamilton Park",40.727595966,-74.044247311,3186,"Grove St PATH",40.71958611647166,-74.04311746358871,29537,"Subscriber",1986,1
230,"2018-12-19 11:31:22.2220","2018-12-19 11:35:13.1230",3203,"Hamilton Park",40.727595966,-74.044247311,3186,"Grove St PATH",40.71958611647166,-74.04311746358871,26213,"Subscriber",1985,1
625,"2018-12-19 11:43:29.1930","2018-12-19 11:53:54.6440",3203,"Hamilton Park",40.727595966,-74.044247311,3203,"Hamilton Park",40.727595966,-74.044247311,29479,"Customer",1978,1
291,"2018-12-19 12:54:13.6080","2018-12-19 12:59:04.7810",3203,"Hamilton Park",40.727595966,-74.044247311,3186,"Grove St PATH",40.71958611647166,-74.04311746358871,29278,"Subscriber",1990,2
1006,"2018-12-19 15:31:08.6190","2018-12-19 15:47:55.1680",3203,"Hamilton Park",40.727595966,-74.044247311,3185,"City Hall",40.7177325,-74.043845,29516,"Subscriber",1994,2
268,"2018-12-19 16:04:32.9980","2018-12-19 16:09:01.5400",3203,"Hamilton Park",40.727595966,-74.044247311,3186,"Grove St PATH",40.71958611647166,-74.04311746358871,26268,"Subscriber",1972,1
292,"2018-12-19 17:25:05.8800","2018-12-19 17:29:58.3580",3203,"Hamilton Park",40.727595966,-74.044247311,3186,"Grove St PATH",40.71958611647166,-74.04311746358871,29469,"Subscriber",1988,2
280,"2018-12-19 17:33:14.7550","2018-12-19 17:37:55.5290",3203,"Hamilton Park",40.727595966,-74.044247311,3186,"Grove St PATH",40.71958611647166,-74.04311746358871,26171,"Subscriber",1969,1
481,"2018-12-19 17:52:30.8040","2018-12-19 18:00:32.1600",3203,"Hamilton Park",40.727595966,-74.044247311,3202,"Newport PATH",40.7272235,-74.0337589,29506,"Subscriber",1973,2
184,"2018-12-19 18:42:35.7040","2018-12-19 18:45:39.7540",3203,"Hamilton Park",40.727595966,-74.044247311,3211,"Newark Ave",40.72152515,-74.046304543,29544,"Subscriber",1982,1
251,"2018-12-19 19:54:43.3830","2018-12-19 19:58:55.0120",3203,"Hamilton Park",40.727595966,-74.044247311,3273,"Manila & 1st",40.721650724879986,-74.04288411140442,29612,"Subscriber",1989,1
318,"2018-12-19 21:38:48.2890","2018-12-19 21:44:06.7560",3203,"Hamilton Park",40.727595966,-74.044247311,3185,"City Hall",40.7177325,-74.043845,29275,"Subscriber",1989,1
749,"2018-12-19 22:20:43.6750","2018-12-19 22:33:12.9500",3203,"Hamilton Park",40.727595966,-74.044247311,3212,"Christ Hospital",40.734785818,-74.050443636,26221,"Subscriber",1988,1
240,"2018-12-19 22:36:05.3620","2018-12-19 22:40:05.9150",3203,"Hamilton Park",40.727595966,-74.044247311,3213,"Van Vorst Park",40.71848892,-74.047726625,33744,"Subscriber",1962,1
388,"2018-12-20 05:14:57.1230","2018-12-20 05:21:25.2360",3203,"Hamilton Park",40.727595966,-74.044247311,3202,"Newport PATH",40.7272235,-74.0337589,29589,"Subscriber",1983,1
211,"2018-12-20 05:33:24.1950","2018-12-20 05:36:55.6210",3203,"Hamilton Park",40.727595966,-74.044247311,3186,"Grove St PATH",40.71958611647166,-74.04311746358871,29457,"Subscriber",1994,2
489,"2018-12-20 05:53:45.4310","2018-12-20 06:01:54.7240",3203,"Hamilton Park",40.727595966,-74.044247311,3639,"Harborside",40.7192517,-74.034234,29582,"Customer",1964,1
143,"2018-12-20 06:10:43.5050","2018-12-20 06:13:06.6420",3203,"Hamilton Park",40.727595966,-74.044247311,3272,"Jersey & 3rd",40.72333158646436,-74.04595255851744,26287,"Subscriber",1971,2
333,"2018-12-20 06:19:56.8840","2018-12-20 06:25:30.4520",3203,"Hamilton Park",40.727595966,-74.044247311,3202,"Newport PATH",40.7272235,-74.0337589,29602,"Subscriber",1970,1
266,"2018-12-20 07:00:29.1910","2018-12-20 07:04:56.1160",3203,"Hamilton Park",40.727595966,-74.044247311,3186,"Grove St PATH",40.71958611647166,-74.04311746358871,26283,"Subscriber",1978,1
395,"2018-12-20 07:11:39.8870","2018-12-20 07:18:15.5560",3203,"Hamilton Park",40.727595966,-74.044247311,3202,"Newport PATH",40.7272235,-74.0337589,26208,"Subscriber",1987,1
279,"2018-12-20 07:13:24.2520","2018-12-20 07:18:04.0660",3203,"Hamilton Park",40.727595966,-74.044247311,3202,"Newport PATH",40.7272235,-74.0337589,26311,"Subscriber",1993,1
385,"2018-12-20 07:15:36.9990","2018-12-20 07:22:02.0370",3203,"Hamilton Park",40.727595966,-74.044247311,3202,"Newport PATH",40.7272235,-74.0337589,29498,"Subscriber",1976,2
311,"2018-12-20 07:16:28.2200","2018-12-20 07:21:39.4090",3203,"Hamilton Park",40.727595966,-74.044247311,3202,"Newport PATH",40.7272235,-74.0337589,29245,"Subscriber",1984,1
306,"2018-12-20 07:27:41.3900","2018-12-20 07:32:48.0320",3203,"Hamilton Park",40.727595966,-74.044247311,3186,"Grove St PATH",40.71958611647166,-74.04311746358871,29662,"Subscriber",1982,2
330,"2018-12-20 07:46:44.7120","2018-12-20 07:52:15.4970",3203,"Hamilton Park",40.727595966,-74.044247311,3186,"Grove St PATH",40.71958611647166,-74.04311746358871,29479,"Subscriber",1973,1
269,"2018-12-20 08:04:39.3290","2018-12-20 08:09:08.9200",3203,"Hamilton Park",40.727595966,-74.044247311,3186,"Grove St PATH",40.71958611647166,-74.04311746358871,29276,"Subscriber",1988,1
259,"2018-12-20 08:11:23.3290","2018-12-20 08:15:42.5540",3203,"Hamilton Park",40.727595966,-74.044247311,3186,"Grove St PATH",40.71958611647166,-74.04311746358871,29234,"Subscriber",1988,1
461,"2018-12-20 08:23:03.6960","2018-12-20 08:30:45.5750",3203,"Hamilton Park",40.727595966,-74.044247311,3184,"Paulus Hook",40.7141454,-74.0335519,26264,"Subscriber",1992,1
329,"2018-12-20 08:29:19.7530","2018-12-20 08:34:49.4600",3203,"Hamilton Park",40.727595966,-74.044247311,3186,"Grove St PATH",40.71958611647166,-74.04311746358871,29467,"Subscriber",1981,1
287,"2018-12-20 08:29:28.0970","2018-12-20 08:34:15.7240",3203,"Hamilton Park",40.727595966,-74.044247311,3186,"Grove St PATH",40.71958611647166,-74.04311746358871,26262,"Subscriber",1990,2
471,"2018-12-20 08:30:49.8000","2018-12-20 08:38:40.8330",3203,"Hamilton Park",40.727595966,-74.044247311,3202,"Newport PATH",40.7272235,-74.0337589,29513,"Subscriber",1989,1
235,"2018-12-20 08:32:48.9660","2018-12-20 08:36:44.8420",3203,"Hamilton Park",40.727595966,-74.044247311,3273,"Manila & 1st",40.721650724879986,-74.04288411140442,29619,"Subscriber",1981,2
486,"2018-12-20 08:36:55.4510","2018-12-20 08:45:02.1230",3203,"Hamilton Park",40.727595966,-74.044247311,3639,"Harborside",40.7192517,-74.034234,29552,"Subscriber",1987,1
220,"2018-12-20 08:37:38.0090","2018-12-20 08:41:18.0210",3203,"Hamilton Park",40.727595966,-74.044247311,3273,"Manila & 1st",40.721650724879986,-74.04288411140442,29499,"Subscriber",1977,2
197,"2018-12-20 08:37:55.5750","2018-12-20 08:41:13.1260",3203,"Hamilton Park",40.727595966,-74.044247311,3273,"Manila & 1st",40.721650724879986,-74.04288411140442,29281,"Subscriber",1980,1
669,"2018-12-20 08:38:02.1220","2018-12-20 08:49:11.1550",3203,"Hamilton Park",40.727595966,-74.044247311,3184,"Paulus Hook",40.7141454,-74.0335519,29672,"Subscriber",1977,1
271,"2018-12-20 08:41:05.1090","2018-12-20 08:45:37.0080",3203,"Hamilton Park",40.727595966,-74.044247311,3186,"Grove St PATH",40.71958611647166,-74.04311746358871,29671,"Subscriber",1979,1
228,"2018-12-20 08:42:48.6440","2018-12-20 08:46:36.9460",3203,"Hamilton Park",40.727595966,-74.044247311,3186,"Grove St PATH",40.71958611647166,-74.04311746358871,26175,"Subscriber",1985,1
287,"2018-12-20 08:47:41.7910","2018-12-20 08:52:29.3440",3203,"Hamilton Park",40.727595966,-74.044247311,3186,"Grove St PATH",40.71958611647166,-74.04311746358871,26295,"Subscriber",1991,2
761,"2018-12-20 08:49:11.9060","2018-12-20 09:01:53.2160",3203,"Hamilton Park",40.727595966,-74.044247311,3205,"JC Medical Center",40.71653978099194,-74.0496379137039,29286,"Subscriber",1978,1
205,"2018-12-20 08:54:53.1630","2018-12-20 08:58:18.3530",3203,"Hamilton Park",40.727595966,-74.044247311,3638,"Washington St",40.7242941,-74.0354826,29259,"Subscriber",1985,1
251,"2018-12-20 08:55:38.4070","2018-12-20 08:59:50.2500",3203,"Hamilton Park",40.727595966,-74.044247311,3186,"Grove St PATH",40.71958611647166,-74.04311746358871,26216,"Subscriber",1984,2
253,"2018-12-20 08:58:30.7490","2018-12-20 09:02:44.5110",3203,"Hamilton Park",40.727595966,-74.044247311,3186,"Grove St PATH",40.71958611647166,-74.04311746358871,29484,"Subscriber",1985,1
384,"2018-12-20 08:59:57.2370","2018-12-20 09:06:21.9280",3203,"Hamilton Park",40.727595966,-74.044247311,3186,"Grove St PATH",40.71958611647166,-74.04311746358871,26225,"Subscriber",1996,2
284,"2018-12-20 09:00:28.2410","2018-12-20 09:05:13.1710",3203,"Hamilton Park",40.727595966,-74.044247311,3186,"Grove St PATH",40.71958611647166,-74.04311746358871,29490,"Subscriber",1984,1
278,"2018-12-20 09:01:29.5240","2018-12-20 09:06:07.9850",3203,"Hamilton Park",40.727595966,-74.044247311,3186,"Grove St PATH",40.71958611647166,-74.04311746358871,29225,"Subscriber",1978,1
450,"2018-12-20 09:01:40.8870","2018-12-20 09:09:11.5080",3203,"Hamilton Park",40.727595966,-74.044247311,3639,"Harborside",40.7192517,-74.034234,29681,"Subscriber",1975,2
224,"2018-12-20 09:07:21.0310","2018-12-20 09:11:05.0990",3203,"Hamilton Park",40.727595966,-74.044247311,3186,"Grove St PATH",40.71958611647166,-74.04311746358871,29246,"Subscriber",1990,1
366,"2018-12-20 09:08:55.9280","2018-12-20 09:15:02.4480",3203,"Hamilton Park",40.727595966,-74.044247311,3186,"Grove St PATH",40.71958611647166,-74.04311746358871,26164,"Subscriber",1988,2
222,"2018-12-20 09:16:46.6970","2018-12-20 09:20:28.9590",3203,"Hamilton Park",40.727595966,-74.044247311,3273,"Manila & 1st",40.721650724879986,-74.04288411140442,29508,"Subscriber",1978,2
247,"2018-12-20 09:21:24.1160","2018-12-20 09:25:31.3690",3203,"Hamilton Park",40.727595966,-74.044247311,3186,"Grove St PATH",40.71958611647166,-74.04311746358871,26155,"Subscriber",1975,1
234,"2018-12-20 09:30:22.6110","2018-12-20 09:34:17.4490",3203,"Hamilton Park",40.727595966,-74.044247311,3273,"Manila & 1st",40.721650724879986,-74.04288411140442,26160,"Subscriber",1968,1
483,"2018-12-20 09:33:12.1500","2018-12-20 09:41:15.4340",3203,"Hamilton Park",40.727595966,-74.044247311,3639,"Harborside",40.7192517,-74.034234,29306,"Subscriber",1987,1
484,"2018-12-20 09:43:59.3130","2018-12-20 09:52:04.1610",3203,"Hamilton Park",40.727595966,-74.044247311,3639,"Harborside",40.7192517,-74.034234,29492,"Subscriber",1987,1
275,"2018-12-20 09:52:38.4520","2018-12-20 09:57:13.8440",3203,"Hamilton Park",40.727595966,-74.044247311,3186,"Grove St PATH",40.71958611647166,-74.04311746358871,29293,"Subscriber",1986,1
269,"2018-12-20 10:09:04.6570","2018-12-20 10:13:33.8990",3203,"Hamilton Park",40.727595966,-74.044247311,3186,"Grove St PATH",40.71958611647166,-74.04311746358871,29437,"Subscriber",1967,1
371,"2018-12-20 11:14:07.8270","2018-12-20 11:20:19.7780",3203,"Hamilton Park",40.727595966,-74.044247311,3186,"Grove St PATH",40.71958611647166,-74.04311746358871,26161,"Subscriber",1984,2
325,"2018-12-20 14:15:32.7460","2018-12-20 14:20:58.3670",3203,"Hamilton Park",40.727595966,-74.044247311,3202,"Newport PATH",40.7272235,-74.0337589,29236,"Subscriber",1974,1
230,"2018-12-20 14:16:07.4840","2018-12-20 14:19:58.3660",3203,"Hamilton Park",40.727595966,-74.044247311,3211,"Newark Ave",40.72152515,-74.046304543,29652,"Subscriber",1991,2
187,"2018-12-20 14:25:54.9140","2018-12-20 14:29:02.5760",3203,"Hamilton Park",40.727595966,-74.044247311,3211,"Newark Ave",40.72152515,-74.046304543,29439,"Subscriber",1990,2
104,"2018-12-20 16:05:18.8360","2018-12-20 16:07:03.3710",3203,"Hamilton Park",40.727595966,-74.044247311,3270,"Jersey & 6th St",40.72528910781132,-74.04557168483734,26213,"Subscriber",1978,1
100,"2018-12-20 16:10:17.3810","2018-12-20 16:11:57.9110",3203,"Hamilton Park",40.727595966,-74.044247311,3270,"Jersey & 6th St",40.72528910781132,-74.04557168483734,26279,"Subscriber",1978,1
242,"2018-12-21 05:33:44.3630","2018-12-21 05:37:46.7520",3203,"Hamilton Park",40.727595966,-74.044247311,3186,"Grove St PATH",40.71958611647166,-74.04311746358871,29468,"Subscriber",1994,2
286,"2018-12-21 07:38:55.4410","2018-12-21 07:43:42.3260",3203,"Hamilton Park",40.727595966,-74.044247311,3186,"Grove St PATH",40.71958611647166,-74.04311746358871,29485,"Subscriber",1973,1
267,"2018-12-21 08:20:37.8630","2018-12-21 08:25:05.2390",3203,"Hamilton Park",40.727595966,-74.044247311,3186,"Grove St PATH",40.71958611647166,-74.04311746358871,29616,"Subscriber",1984,1
319,"2018-12-21 08:37:58.1400","2018-12-21 08:43:17.7280",3203,"Hamilton Park",40.727595966,-74.044247311,3186,"Grove St PATH",40.71958611647166,-74.04311746358871,26291,"Subscriber",1974,2
807,"2018-12-21 08:39:37.7060","2018-12-21 08:53:04.8940",3203,"Hamilton Park",40.727595966,-74.044247311,3183,"Exchange Place",40.7162469,-74.0334588,26203,"Subscriber",1977,1
469,"2018-12-21 08:49:01.6030","2018-12-21 08:56:51.4260",3203,"Hamilton Park",40.727595966,-74.044247311,3639,"Harborside",40.7192517,-74.034234,29499,"Subscriber",1987,1
279,"2018-12-21 08:53:37.1220","2018-12-21 08:58:16.6640",3203,"Hamilton Park",40.727595966,-74.044247311,3483,"Montgomery St",40.71942,-74.05099,26225,"Subscriber",1987,1
252,"2018-12-21 09:10:54.6100","2018-12-21 09:15:07.0880",3203,"Hamilton Park",40.727595966,-74.044247311,3186,"Grove St PATH",40.71958611647166,-74.04311746358871,29225,"Subscriber",1986,1
156,"2018-12-21 09:48:49.1980","2018-12-21 09:51:25.9330",3203,"Hamilton Park",40.727595966,-74.044247311,3211,"Newark Ave",40.72152515,-74.046304543,29199,"Subscriber",1988,2
263,"2018-12-21 10:03:56.9810","2018-12-21 10:08:20.9170",3203,"Hamilton Park",40.727595966,-74.044247311,3186,"Grove St PATH",40.71958611647166,-74.04311746358871,29272,"Subscriber",1986,1
505,"2018-12-21 10:05:54.9660","2018-12-21 10:14:20.6180",3203,"Hamilton Park",40.727595966,-74.044247311,3186,"Grove St PATH",40.71958611647166,-74.04311746358871,29582,"Subscriber",1979,1
263,"2018-12-21 14:06:12.1620","2018-12-21 14:10:35.9320",3203,"Hamilton Park",40.727595966,-74.044247311,3186,"Grove St PATH",40.71958611647166,-74.04311746358871,29288,"Customer",1981,1
267,"2018-12-21 15:58:25.8070","2018-12-21 16:02:53.2500",3203,"Hamilton Park",40.727595966,-74.044247311,3187,"Warren St",40.7211236,-74.03805095,29612,"Subscriber",1990,1
307,"2018-12-21 16:23:49.6960","2018-12-21 16:28:57.1480",3203,"Hamilton Park",40.727595966,-74.044247311,3209,"Brunswick St",40.7241765,-74.0506564,29496,"Subscriber",1983,1
310,"2018-12-21 17:05:06.9760","2018-12-21 17:10:17.8510",3203,"Hamilton Park",40.727595966,-74.044247311,3186,"Grove St PATH",40.71958611647166,-74.04311746358871,29612,"Subscriber",1990,1
314,"2018-12-21 17:05:07.2620","2018-12-21 17:10:21.9010",3203,"Hamilton Park",40.727595966,-74.044247311,3186,"Grove St PATH",40.71958611647166,-74.04311746358871,29582,"Subscriber",1990,2
511,"2018-12-21 17:35:42.3860","2018-12-21 17:44:13.6260",3203,"Hamilton Park",40.727595966,-74.044247311,3202,"Newport PATH",40.7272235,-74.0337589,29288,"Subscriber",1973,2
262,"2018-12-21 17:59:30.6180","2018-12-21 18:03:53.3570",3203,"Hamilton Park",40.727595966,-74.044247311,3273,"Manila & 1st",40.721650724879986,-74.04288411140442,29639,"Subscriber",1973,1
434,"2018-12-21 18:38:14.9150","2018-12-21 18:45:28.9990",3203,"Hamilton Park",40.727595966,-74.044247311,3187,"Warren St",40.7211236,-74.03805095,29544,"Subscriber",1994,2
177,"2018-12-21 19:02:23.8160","2018-12-21 19:05:21.6320",3203,"Hamilton Park",40.727595966,-74.044247311,3211,"Newark Ave",40.72152515,-74.046304543,29239,"Subscriber",1992,2
288,"2018-12-21 19:22:50.8940","2018-12-21 19:27:39.1280",3203,"Hamilton Park",40.727595966,-74.044247311,3211,"Newark Ave",40.72152515,-74.046304543,26300,"Subscriber",1985,2
275,"2018-12-21 20:06:10.3770","2018-12-21 20:10:45.4740",3203,"Hamilton Park",40.727595966,-74.044247311,3186,"Grove St PATH",40.71958611647166,-74.04311746358871,26206,"Subscriber",1991,2
262,"2018-12-21 20:07:26.7110","2018-12-21 20:11:49.5730",3203,"Hamilton Park",40.727595966,-74.044247311,3638,"Washington St",40.7242941,-74.0354826,29293,"Subscriber",1992,1
188,"2018-12-21 20:39:55.7410","2018-12-21 20:43:03.8120",3203,"Hamilton Park",40.727595966,-74.044247311,3211,"Newark Ave",40.72152515,-74.046304543,29670,"Subscriber",1986,1
198,"2018-12-21 23:24:12.4130","2018-12-21 23:27:30.5050",3203,"Hamilton Park",40.727595966,-74.044247311,3211,"Newark Ave",40.72152515,-74.046304543,29308,"Subscriber",1988,2
201,"2018-12-22 07:50:43.4790","2018-12-22 07:54:05.4090",3203,"Hamilton Park",40.727595966,-74.044247311,3273,"Manila & 1st",40.721650724879986,-74.04288411140442,26264,"Subscriber",1989,1
217,"2018-12-22 10:25:28.5840","2018-12-22 10:29:06.0600",3203,"Hamilton Park",40.727595966,-74.044247311,3186,"Grove St PATH",40.71958611647166,-74.04311746358871,29247,"Subscriber",1973,1
703,"2018-12-22 10:45:10.1400","2018-12-22 10:56:53.6930",3203,"Hamilton Park",40.727595966,-74.044247311,3183,"Exchange Place",40.7162469,-74.0334588,29662,"Subscriber",1986,1
218,"2018-12-22 10:45:42.3580","2018-12-22 10:49:20.3660",3203,"Hamilton Park",40.727595966,-74.044247311,3211,"Newark Ave",40.72152515,-74.046304543,29234,"Subscriber",1980,2
347,"2018-12-22 10:47:54.6470","2018-12-22 10:53:42.6230",3203,"Hamilton Park",40.727595966,-74.044247311,3187,"Warren St",40.7211236,-74.03805095,26187,"Subscriber",1972,1
323,"2018-12-22 11:25:31.9830","2018-12-22 11:30:55.9750",3203,"Hamilton Park",40.727595966,-74.044247311,3275,"Columbus Drive",40.71835519823214,-74.03891444206238,29290,"Subscriber",1984,1
406,"2018-12-22 11:36:39.2370","2018-12-22 11:43:25.4340",3203,"Hamilton Park",40.727595966,-74.044247311,3213,"Van Vorst Park",40.71848892,-74.047726625,29536,"Subscriber",1986,1
146,"2018-12-22 15:03:23.4200","2018-12-22 15:05:49.5670",3203,"Hamilton Park",40.727595966,-74.044247311,3272,"Jersey & 3rd",40.72333158646436,-74.04595255851744,29236,"Subscriber",1969,0
300,"2018-12-22 15:24:40.9110","2018-12-22 15:29:41.7910",3203,"Hamilton Park",40.727595966,-74.044247311,3186,"Grove St PATH",40.71958611647166,-74.04311746358871,29308,"Subscriber",1972,2
269,"2018-12-22 15:26:27.7030","2018-12-22 15:30:56.8720",3203,"Hamilton Park",40.727595966,-74.044247311,3186,"Grove St PATH",40.71958611647166,-74.04311746358871,29290,"Subscriber",1985,2
390,"2018-12-22 16:28:56.0710","2018-12-22 16:35:26.8500",3203,"Hamilton Park",40.727595966,-74.044247311,3202,"Newport PATH",40.7272235,-74.0337589,26279,"Subscriber",1978,2
327,"2018-12-22 16:59:18.5850","2018-12-22 17:04:46.4780",3203,"Hamilton Park",40.727595966,-74.044247311,3202,"Newport PATH",40.7272235,-74.0337589,29535,"Subscriber",1971,2
165,"2018-12-22 18:52:25.4380","2018-12-22 18:55:11.0150",3203,"Hamilton Park",40.727595966,-74.044247311,3211,"Newark Ave",40.72152515,-74.046304543,29513,"Subscriber",1983,1
470,"2018-12-22 19:14:57.8420","2018-12-22 19:22:48.7620",3203,"Hamilton Park",40.727595966,-74.044247311,3279,"Dixon Mills",40.721630142638354,-74.04996782541275,29288,"Subscriber",1985,2
183,"2018-12-22 20:02:35.1350","2018-12-22 20:05:38.6830",3203,"Hamilton Park",40.727595966,-74.044247311,3273,"Manila & 1st",40.721650724879986,-74.04288411140442,29612,"Subscriber",1992,1
147,"2018-12-22 21:39:27.1260","2018-12-22 21:41:54.1740",3203,"Hamilton Park",40.727595966,-74.044247311,3272,"Jersey & 3rd",40.72333158646436,-74.04595255851744,26268,"Subscriber",1982,1
227,"2018-12-23 04:16:34.0460","2018-12-23 04:20:21.2460",3203,"Hamilton Park",40.727595966,-74.044247311,3273,"Manila & 1st",40.721650724879986,-74.04288411140442,29508,"Subscriber",1989,1
213,"2018-12-23 08:27:48.9660","2018-12-23 08:31:22.4120",3203,"Hamilton Park",40.727595966,-74.044247311,3211,"Newark Ave",40.72152515,-74.046304543,26261,"Subscriber",1982,1
424,"2018-12-23 08:45:41.8580","2018-12-23 08:52:46.2220",3203,"Hamilton Park",40.727595966,-74.044247311,3186,"Grove St PATH",40.71958611647166,-74.04311746358871,29554,"Subscriber",1985,2
149,"2018-12-23 09:58:05.7120","2018-12-23 10:00:34.9100",3203,"Hamilton Park",40.727595966,-74.044247311,3211,"Newark Ave",40.72152515,-74.046304543,26166,"Subscriber",1983,1
283,"2018-12-23 10:38:09.8380","2018-12-23 10:42:53.4610",3203,"Hamilton Park",40.727595966,-74.044247311,3273,"Manila & 1st",40.721650724879986,-74.04288411140442,26302,"Subscriber",1978,1
353,"2018-12-23 10:54:27.4070","2018-12-23 11:00:21.1540",3203,"Hamilton Park",40.727595966,-74.044247311,3275,"Columbus Drive",40.71835519823214,-74.03891444206238,26184,"Subscriber",1984,1
253,"2018-12-23 12:20:28.5310","2018-12-23 12:24:42.4970",3203,"Hamilton Park",40.727595966,-74.044247311,3209,"Brunswick St",40.7241765,-74.0506564,29275,"Subscriber",1979,2
559,"2018-12-23 12:21:06.6480","2018-12-23 12:30:26.1150",3203,"Hamilton Park",40.727595966,-74.044247311,3202,"Newport PATH",40.7272235,-74.0337589,29500,"Customer",1986,1
277,"2018-12-23 13:01:50.7970","2018-12-23 13:06:28.3010",3203,"Hamilton Park",40.727595966,-74.044247311,3185,"City Hall",40.7177325,-74.043845,26212,"Subscriber",1986,1
1047,"2018-12-23 13:06:24.1950","2018-12-23 13:23:51.8940",3203,"Hamilton Park",40.727595966,-74.044247311,3184,"Paulus Hook",40.7141454,-74.0335519,29308,"Subscriber",1983,1
948,"2018-12-23 13:07:47.0280","2018-12-23 13:23:35.3860",3203,"Hamilton Park",40.727595966,-74.044247311,3184,"Paulus Hook",40.7141454,-74.0335519,29455,"Subscriber",1985,2
287,"2018-12-23 13:08:06.2640","2018-12-23 13:12:54.1680",3203,"Hamilton Park",40.727595966,-74.044247311,3186,"Grove St PATH",40.71958611647166,-74.04311746358871,29491,"Subscriber",1978,2
263,"2018-12-23 13:12:11.6180","2018-12-23 13:16:35.2540",3203,"Hamilton Park",40.727595966,-74.044247311,3186,"Grove St PATH",40.71958611647166,-74.04311746358871,29652,"Subscriber",1985,2
686,"2018-12-23 14:34:42.7960","2018-12-23 14:46:09.1500",3203,"Hamilton Park",40.727595966,-74.044247311,3186,"Grove St PATH",40.71958611647166,-74.04311746358871,29608,"Subscriber",1973,1
671,"2018-12-23 14:35:27.4840","2018-12-23 14:46:38.8970",3203,"Hamilton Park",40.727595966,-74.044247311,3186,"Grove St PATH",40.71958611647166,-74.04311746358871,29502,"Subscriber",1976,2
428,"2018-12-23 14:38:48.1230","2018-12-23 14:45:56.6110",3203,"Hamilton Park",40.727595966,-74.044247311,3202,"Newport PATH",40.7272235,-74.0337589,29607,"Subscriber",1971,2
188,"2018-12-23 14:39:46.8200","2018-12-23 14:42:55.7320",3203,"Hamilton Park",40.727595966,-74.044247311,3273,"Manila & 1st",40.721650724879986,-74.04288411140442,29662,"Subscriber",1986,1
558,"2018-12-23 15:59:29.0560","2018-12-23 16:08:47.5180",3203,"Hamilton Park",40.727595966,-74.044247311,3205,"JC Medical Center",40.71653978099194,-74.0496379137039,26279,"Subscriber",1985,2
314,"2018-12-23 16:07:04.1240","2018-12-23 16:12:18.1470",3203,"Hamilton Park",40.727595966,-74.044247311,3185,"City Hall",40.7177325,-74.043845,29254,"Subscriber",1992,2
315,"2018-12-23 16:10:39.5520","2018-12-23 16:15:54.8810",3203,"Hamilton Park",40.727595966,-74.044247311,3209,"Brunswick St",40.7241765,-74.0506564,26223,"Subscriber",1964,1
769,"2018-12-23 17:05:57.0550","2018-12-23 17:18:46.7720",3203,"Hamilton Park",40.727595966,-74.044247311,3211,"Newark Ave",40.72152515,-74.046304543,29502,"Subscriber",1983,1
317,"2018-12-23 17:13:23.7530","2018-12-23 17:18:41.0970",3203,"Hamilton Park",40.727595966,-74.044247311,3186,"Grove St PATH",40.71958611647166,-74.04311746358871,29283,"Subscriber",1985,2
2664,"2018-12-23 17:23:34.1140","2018-12-23 18:07:58.4620",3203,"Hamilton Park",40.727595966,-74.044247311,3203,"Hamilton Park",40.727595966,-74.044247311,26242,"Customer",1969,0
202,"2018-12-23 21:09:17.9100","2018-12-23 21:12:39.9350",3203,"Hamilton Park",40.727595966,-74.044247311,3211,"Newark Ave",40.72152515,-74.046304543,26242,"Subscriber",1978,1
354,"2018-12-24 07:24:12.2710","2018-12-24 07:30:06.8090",3203,"Hamilton Park",40.727595966,-74.044247311,3186,"Grove St PATH",40.71958611647166,-74.04311746358871,26279,"Subscriber",1985,2
546,"2018-12-24 07:26:04.5860","2018-12-24 07:35:11.1080",3203,"Hamilton Park",40.727595966,-74.044247311,3184,"Paulus Hook",40.7141454,-74.0335519,29612,"Subscriber",1969,1
338,"2018-12-24 08:21:01.4540","2018-12-24 08:26:39.7120",3203,"Hamilton Park",40.727595966,-74.044247311,3202,"Newport PATH",40.7272235,-74.0337589,26212,"Subscriber",1976,2
293,"2018-12-24 08:33:14.8940","2018-12-24 08:38:08.8750",3203,"Hamilton Park",40.727595966,-74.044247311,3186,"Grove St PATH",40.71958611647166,-74.04311746358871,29608,"Subscriber",1978,1
451,"2018-12-24 08:55:00.7420","2018-12-24 09:02:32.6320",3203,"Hamilton Park",40.727595966,-74.044247311,3639,"Harborside",40.7192517,-74.034234,29297,"Subscriber",1954,1
369,"2018-12-24 09:17:56.7580","2018-12-24 09:24:06.1010",3203,"Hamilton Park",40.727595966,-74.044247311,3187,"Warren St",40.7211236,-74.03805095,29214,"Subscriber",1969,0
311,"2018-12-24 10:21:50.2640","2018-12-24 10:27:01.6540",3203,"Hamilton Park",40.727595966,-74.044247311,3209,"Brunswick St",40.7241765,-74.0506564,26184,"Subscriber",1984,1
538,"2018-12-24 12:04:57.6690","2018-12-24 12:13:56.1170",3203,"Hamilton Park",40.727595966,-74.044247311,3275,"Columbus Drive",40.71835519823214,-74.03891444206238,26267,"Subscriber",1986,1
438,"2018-12-24 12:20:27.3890","2018-12-24 12:27:45.7700",3203,"Hamilton Park",40.727595966,-74.044247311,3483,"Montgomery St",40.71942,-74.05099,26175,"Subscriber",1995,1
206,"2018-12-24 12:20:39.5810","2018-12-24 12:24:05.7190",3203,"Hamilton Park",40.727595966,-74.044247311,3186,"Grove St PATH",40.71958611647166,-74.04311746358871,26300,"Subscriber",1973,1
1070,"2018-12-24 13:26:32.0570","2018-12-24 13:44:22.6930",3203,"Hamilton Park",40.727595966,-74.044247311,3198,"Heights Elevator",40.748715945380226,-74.04044330120087,29272,"Subscriber",1997,2
602,"2018-12-24 16:02:50.8630","2018-12-24 16:12:52.9680",3203,"Hamilton Park",40.727595966,-74.044247311,3183,"Exchange Place",40.7162469,-74.0334588,29275,"Subscriber",1982,1
154,"2018-12-24 16:35:52.1400","2018-12-24 16:38:27.0050",3203,"Hamilton Park",40.727595966,-74.044247311,3272,"Jersey & 3rd",40.72333158646436,-74.04595255851744,26309,"Subscriber",1985,1
407,"2018-12-24 17:44:54.2730","2018-12-24 17:51:41.8500",3203,"Hamilton Park",40.727595966,-74.044247311,3213,"Van Vorst Park",40.71848892,-74.047726625,26258,"Subscriber",1985,2
638,"2018-12-25 00:41:49.5150","2018-12-25 00:52:28.2990",3203,"Hamilton Park",40.727595966,-74.044247311,3198,"Heights Elevator",40.748715945380226,-74.04044330120087,29517,"Subscriber",1978,1
368,"2018-12-25 08:40:08.1370","2018-12-25 08:46:16.9990",3203,"Hamilton Park",40.727595966,-74.044247311,3186,"Grove St PATH",40.71958611647166,-74.04311746358871,26258,"Subscriber",1985,2
207,"2018-12-25 11:50:28.7920","2018-12-25 11:53:56.2890",3203,"Hamilton Park",40.727595966,-74.044247311,3186,"Grove St PATH",40.71958611647166,-74.04311746358871,29662,"Subscriber",1988,1
209,"2018-12-25 14:45:21.3920","2018-12-25 14:48:50.9430",3203,"Hamilton Park",40.727595966,-74.044247311,3186,"Grove St PATH",40.71958611647166,-74.04311746358871,26243,"Subscriber",1984,1
121,"2018-12-25 15:52:49.5370","2018-12-25 15:54:50.6670",3203,"Hamilton Park",40.727595966,-74.044247311,3272,"Jersey & 3rd",40.72333158646436,-74.04595255851744,29453,"Subscriber",1985,1
564,"2018-12-25 15:54:59.9550","2018-12-25 16:04:24.3750",3203,"Hamilton Park",40.727595966,-74.044247311,3483,"Montgomery St",40.71942,-74.05099,29241,"Subscriber",1988,1
979,"2018-12-25 16:14:58.7230","2018-12-25 16:31:18.6200",3203,"Hamilton Park",40.727595966,-74.044247311,3203,"Hamilton Park",40.727595966,-74.044247311,29439,"Subscriber",1976,2
1023,"2018-12-25 16:15:21.2800","2018-12-25 16:32:24.8630",3203,"Hamilton Park",40.727595966,-74.044247311,3203,"Hamilton Park",40.727595966,-74.044247311,29521,"Subscriber",1973,1
432,"2018-12-25 16:19:43.4420","2018-12-25 16:26:56.2180",3203,"Hamilton Park",40.727595966,-74.044247311,3213,"Van Vorst Park",40.71848892,-74.047726625,26309,"Subscriber",1985,2
282,"2018-12-25 19:50:30.3110","2018-12-25 19:55:12.5430",3203,"Hamilton Park",40.727595966,-74.044247311,3186,"Grove St PATH",40.71958611647166,-74.04311746358871,26233,"Subscriber",1975,1
328,"2018-12-25 22:32:28.8200","2018-12-25 22:37:57.2620",3203,"Hamilton Park",40.727595966,-74.044247311,3202,"Newport PATH",40.7272235,-74.0337589,29607,"Subscriber",1993,0
630,"2018-12-26 07:02:41.6280","2018-12-26 07:13:11.9800",3203,"Hamilton Park",40.727595966,-74.044247311,3184,"Paulus Hook",40.7141454,-74.0335519,29217,"Subscriber",1969,1
40197,"2018-12-26 07:46:36.4700","2018-12-26 18:56:34.0080",3203,"Hamilton Park",40.727595966,-74.044247311,3186,"Grove St PATH",40.71958611647166,-74.04311746358871,26278,"Subscriber",1977,1
408,"2018-12-26 08:17:31.2130","2018-12-26 08:24:19.8630",3203,"Hamilton Park",40.727595966,-74.044247311,3639,"Harborside",40.7192517,-74.034234,26264,"Subscriber",1975,2
384,"2018-12-26 08:39:13.8970","2018-12-26 08:45:38.7620",3203,"Hamilton Park",40.727595966,-74.044247311,3639,"Harborside",40.7192517,-74.034234,29521,"Subscriber",1954,1
273,"2018-12-26 08:44:46.7780","2018-12-26 08:49:20.7640",3203,"Hamilton Park",40.727595966,-74.044247311,3186,"Grove St PATH",40.71958611647166,-74.04311746358871,26216,"Subscriber",1977,1
266,"2018-12-26 08:58:26.8470","2018-12-26 09:02:53.2150",3203,"Hamilton Park",40.727595966,-74.044247311,3186,"Grove St PATH",40.71958611647166,-74.04311746358871,29463,"Subscriber",1985,2
148,"2018-12-26 09:11:35.7020","2018-12-26 09:14:04.4210",3203,"Hamilton Park",40.727595966,-74.044247311,3278,"Monmouth and 6th",40.72568548362901,-74.04879033565521,29612,"Subscriber",1969,0
227,"2018-12-26 09:18:08.1320","2018-12-26 09:21:55.9550",3203,"Hamilton Park",40.727595966,-74.044247311,3186,"Grove St PATH",40.71958611647166,-74.04311746358871,29575,"Subscriber",1983,1
359,"2018-12-26 09:20:58.3690","2018-12-26 09:26:58.1490",3203,"Hamilton Park",40.727595966,-74.044247311,3639,"Harborside",40.7192517,-74.034234,29640,"Subscriber",1987,1
227,"2018-12-26 09:23:38.6340","2018-12-26 09:27:26.6330",3203,"Hamilton Park",40.727595966,-74.044247311,3273,"Manila & 1st",40.721650724879986,-74.04288411140442,29658,"Subscriber",1978,2
518,"2018-12-26 09:26:05.7010","2018-12-26 09:34:43.8730",3203,"Hamilton Park",40.727595966,-74.044247311,3639,"Harborside",40.7192517,-74.034234,29228,"Subscriber",1966,1
260,"2018-12-26 09:33:41.4640","2018-12-26 09:38:01.5180",3203,"Hamilton Park",40.727595966,-74.044247311,3273,"Manila & 1st",40.721650724879986,-74.04288411140442,29481,"Subscriber",1968,1
292,"2018-12-26 09:53:14.7560","2018-12-26 09:58:06.9360",3203,"Hamilton Park",40.727595966,-74.044247311,3186,"Grove St PATH",40.71958611647166,-74.04311746358871,29465,"Subscriber",1956,2
248,"2018-12-26 10:36:37.1120","2018-12-26 10:40:45.1530",3203,"Hamilton Park",40.727595966,-74.044247311,3186,"Grove St PATH",40.71958611647166,-74.04311746358871,29642,"Subscriber",1985,1
363,"2018-12-26 10:36:44.9370","2018-12-26 10:42:48.3500",3203,"Hamilton Park",40.727595966,-74.044247311,3275,"Columbus Drive",40.71835519823214,-74.03891444206238,29589,"Subscriber",1984,1
226,"2018-12-26 10:48:09.3150","2018-12-26 10:51:56.3010",3203,"Hamilton Park",40.727595966,-74.044247311,3186,"Grove St PATH",40.71958611647166,-74.04311746358871,29506,"Subscriber",1986,1
1026,"2018-12-26 10:49:29.2330","2018-12-26 11:06:35.5140",3203,"Hamilton Park",40.727595966,-74.044247311,3638,"Washington St",40.7242941,-74.0354826,29277,"Subscriber",1987,1
390,"2018-12-26 11:10:30.7520","2018-12-26 11:17:00.7570",3203,"Hamilton Park",40.727595966,-74.044247311,3483,"Montgomery St",40.71942,-74.05099,29276,"Subscriber",1995,1
324,"2018-12-26 11:11:51.4180","2018-12-26 11:17:16.0340",3203,"Hamilton Park",40.727595966,-74.044247311,3209,"Brunswick St",40.7241765,-74.0506564,29445,"Subscriber",1979,2
301,"2018-12-26 13:30:34.9720","2018-12-26 13:35:36.1780",3203,"Hamilton Park",40.727595966,-74.044247311,3213,"Van Vorst Park",40.71848892,-74.047726625,29465,"Subscriber",1986,1
228,"2018-12-26 13:30:45.6690","2018-12-26 13:34:34.3920",3203,"Hamilton Park",40.727595966,-74.044247311,3186,"Grove St PATH",40.71958611647166,-74.04311746358871,26259,"Subscriber",1985,1
130,"2018-12-26 13:41:06.6420","2018-12-26 13:43:16.9990",3203,"Hamilton Park",40.727595966,-74.044247311,3272,"Jersey & 3rd",40.72333158646436,-74.04595255851744,29453,"Subscriber",1975,1
544,"2018-12-26 14:02:44.1100","2018-12-26 14:11:48.9270",3203,"Hamilton Park",40.727595966,-74.044247311,3483,"Montgomery St",40.71942,-74.05099,29569,"Subscriber",1979,1
278,"2018-12-26 16:41:19.4610","2018-12-26 16:45:57.7020",3203,"Hamilton Park",40.727595966,-74.044247311,3186,"Grove St PATH",40.71958611647166,-74.04311746358871,29443,"Subscriber",1990,1
293,"2018-12-26 17:25:45.0210","2018-12-26 17:30:38.9620",3203,"Hamilton Park",40.727595966,-74.044247311,3273,"Manila & 1st",40.721650724879986,-74.04288411140442,29550,"Subscriber",1990,1
124,"2018-12-26 17:42:58.5800","2018-12-26 17:45:03.3530",3203,"Hamilton Park",40.727595966,-74.044247311,3272,"Jersey & 3rd",40.72333158646436,-74.04595255851744,29284,"Subscriber",1983,1
158,"2018-12-26 17:56:05.3570","2018-12-26 17:58:44.3280",3203,"Hamilton Park",40.727595966,-74.044247311,3272,"Jersey & 3rd",40.72333158646436,-74.04595255851744,29476,"Subscriber",1988,1
276,"2018-12-26 18:49:14.7200","2018-12-26 18:53:51.0430",3203,"Hamilton Park",40.727595966,-74.044247311,3186,"Grove St PATH",40.71958611647166,-74.04311746358871,29284,"Subscriber",1969,1
600,"2018-12-26 19:33:04.2130","2018-12-26 19:43:04.4830",3203,"Hamilton Park",40.727595966,-74.044247311,3276,"Marin Light Rail",40.71458403535893,-74.04281705617905,29652,"Subscriber",1985,2
288,"2018-12-26 19:41:05.7670","2018-12-26 19:45:54.5870",3203,"Hamilton Park",40.727595966,-74.044247311,3203,"Hamilton Park",40.727595966,-74.044247311,29502,"Subscriber",1987,1
357,"2018-12-26 19:51:00.4090","2018-12-26 19:56:58.2040",3203,"Hamilton Park",40.727595966,-74.044247311,3273,"Manila & 1st",40.721650724879986,-74.04288411140442,26296,"Subscriber",1984,2
134,"2018-12-26 19:59:29.7770","2018-12-26 20:01:44.6070",3203,"Hamilton Park",40.727595966,-74.044247311,3272,"Jersey & 3rd",40.72333158646436,-74.04595255851744,29502,"Subscriber",1979,2
572,"2018-12-26 21:09:44.5420","2018-12-26 21:19:16.9150",3203,"Hamilton Park",40.727595966,-74.044247311,3192,"Liberty Light Rail",40.7112423,-74.0557013,29437,"Subscriber",1974,1
196,"2018-12-26 21:45:52.6920","2018-12-26 21:49:08.6950",3203,"Hamilton Park",40.727595966,-74.044247311,3211,"Newark Ave",40.72152515,-74.046304543,26197,"Subscriber",1986,1
255,"2018-12-26 22:35:52.5010","2018-12-26 22:40:07.8660",3203,"Hamilton Park",40.727595966,-74.044247311,3213,"Van Vorst Park",40.71848892,-74.047726625,29453,"Subscriber",1962,1
218,"2018-12-27 06:45:12.2450","2018-12-27 06:48:50.8020",3203,"Hamilton Park",40.727595966,-74.044247311,3186,"Grove St PATH",40.71958611647166,-74.04311746358871,29265,"Subscriber",1983,1
309,"2018-12-27 07:02:32.2580","2018-12-27 07:07:41.6690",3203,"Hamilton Park",40.727595966,-74.044247311,3202,"Newport PATH",40.7272235,-74.0337589,26261,"Subscriber",1993,1
538,"2018-12-27 07:11:12.9100","2018-12-27 07:20:11.6570",3203,"Hamilton Park",40.727595966,-74.044247311,3184,"Paulus Hook",40.7141454,-74.0335519,29201,"Subscriber",1969,1
222,"2018-12-27 07:48:09.5650","2018-12-27 07:51:51.7020",3203,"Hamilton Park",40.727595966,-74.044247311,3186,"Grove St PATH",40.71958611647166,-74.04311746358871,26287,"Subscriber",1977,1
387,"2018-12-27 07:50:29.0020","2018-12-27 07:56:56.6110",3203,"Hamilton Park",40.727595966,-74.044247311,3202,"Newport PATH",40.7272235,-74.0337589,29502,"Subscriber",1994,2
383,"2018-12-27 07:57:33.0960","2018-12-27 08:03:56.2000",3203,"Hamilton Park",40.727595966,-74.044247311,3639,"Harborside",40.7192517,-74.034234,29457,"Subscriber",1966,1
282,"2018-12-27 08:27:03.6300","2018-12-27 08:31:46.0450",3203,"Hamilton Park",40.727595966,-74.044247311,3186,"Grove St PATH",40.71958611647166,-74.04311746358871,29228,"Subscriber",1982,1
685,"2018-12-27 08:27:35.3400","2018-12-27 08:39:00.3540",3203,"Hamilton Park",40.727595966,-74.044247311,3186,"Grove St PATH",40.71958611647166,-74.04311746358871,29608,"Subscriber",1985,1
545,"2018-12-27 08:34:54.9990","2018-12-27 08:44:00.4230",3203,"Hamilton Park",40.727595966,-74.044247311,3639,"Harborside",40.7192517,-74.034234,29612,"Subscriber",1954,1
220,"2018-12-27 08:40:36.5540","2018-12-27 08:44:16.9100",3203,"Hamilton Park",40.727595966,-74.044247311,3186,"Grove St PATH",40.71958611647166,-74.04311746358871,26271,"Subscriber",1991,2
258,"2018-12-27 08:52:21.9430","2018-12-27 08:56:40.7930",3203,"Hamilton Park",40.727595966,-74.044247311,3186,"Grove St PATH",40.71958611647166,-74.04311746358871,29677,"Subscriber",1977,1
495,"2018-12-27 09:15:33.9700","2018-12-27 09:23:48.9700",3203,"Hamilton Park",40.727595966,-74.044247311,3205,"JC Medical Center",40.71653978099194,-74.0496379137039,29284,"Subscriber",1978,1
221,"2018-12-27 09:22:15.6480","2018-12-27 09:25:57.0980",3203,"Hamilton Park",40.727595966,-74.044247311,3273,"Manila & 1st",40.721650724879986,-74.04288411140442,26260,"Subscriber",1968,1
227,"2018-12-27 09:39:36.5720","2018-12-27 09:43:24.1760",3203,"Hamilton Park",40.727595966,-74.044247311,3186,"Grove St PATH",40.71958611647166,-74.04311746358871,29293,"Subscriber",1985,1
406,"2018-12-27 09:41:29.3800","2018-12-27 09:48:16.2600",3203,"Hamilton Park",40.727595966,-74.044247311,3639,"Harborside",40.7192517,-74.034234,26206,"Subscriber",1987,1
455,"2018-12-27 09:45:25.6630","2018-12-27 09:53:01.1940",3203,"Hamilton Park",40.727595966,-74.044247311,3639,"Harborside",40.7192517,-74.034234,29236,"Subscriber",1987,1
216,"2018-12-27 11:29:52.3100","2018-12-27 11:33:29.2010",3203,"Hamilton Park",40.727595966,-74.044247311,3273,"Manila & 1st",40.721650724879986,-74.04288411140442,26203,"Subscriber",1990,1
564,"2018-12-27 11:37:51.5800","2018-12-27 11:47:16.1420",3203,"Hamilton Park",40.727595966,-74.044247311,3209,"Brunswick St",40.7241765,-74.0506564,29516,"Subscriber",1982,1
202,"2018-12-27 12:24:17.3650","2018-12-27 12:27:39.4790",3203,"Hamilton Park",40.727595966,-74.044247311,3211,"Newark Ave",40.72152515,-74.046304543,29533,"Subscriber",1970,2
304,"2018-12-27 12:39:35.4600","2018-12-27 12:44:40.1010",3203,"Hamilton Park",40.727595966,-74.044247311,3273,"Manila & 1st",40.721650724879986,-74.04288411140442,26192,"Subscriber",1977,2
267,"2018-12-27 14:05:32.4060","2018-12-27 14:10:00.2030",3203,"Hamilton Park",40.727595966,-74.044247311,3273,"Manila & 1st",40.721650724879986,-74.04288411140442,29593,"Subscriber",1968,1
247,"2018-12-27 14:45:44.7230","2018-12-27 14:49:52.5340",3203,"Hamilton Park",40.727595966,-74.044247311,3270,"Jersey & 6th St",40.72528910781132,-74.04557168483734,29607,"Subscriber",1981,1
295,"2018-12-27 14:57:21.7830","2018-12-27 15:02:17.2300",3203,"Hamilton Park",40.727595966,-74.044247311,3186,"Grove St PATH",40.71958611647166,-74.04311746358871,29455,"Subscriber",1971,1
269,"2018-12-27 15:52:01.3790","2018-12-27 15:56:30.5670",3203,"Hamilton Park",40.727595966,-74.044247311,3273,"Manila & 1st",40.721650724879986,-74.04288411140442,29516,"Subscriber",1973,1
633,"2018-12-27 16:36:27.5580","2018-12-27 16:47:00.6800",3203,"Hamilton Park",40.727595966,-74.044247311,3639,"Harborside",40.7192517,-74.034234,26272,"Subscriber",1984,1
510,"2018-12-27 17:37:17.2600","2018-12-27 17:45:47.7720",3203,"Hamilton Park",40.727595966,-74.044247311,3183,"Exchange Place",40.7162469,-74.0334588,26261,"Subscriber",1982,1
334,"2018-12-27 18:35:46.3780","2018-12-27 18:41:20.4320",3203,"Hamilton Park",40.727595966,-74.044247311,3209,"Brunswick St",40.7241765,-74.0506564,26272,"Subscriber",1979,2
460,"2018-12-28 08:12:08.0420","2018-12-28 08:19:48.8100",3203,"Hamilton Park",40.727595966,-74.044247311,3639,"Harborside",40.7192517,-74.034234,26220,"Subscriber",1966,1
241,"2018-12-28 09:34:15.2410","2018-12-28 09:38:17.1010",3203,"Hamilton Park",40.727595966,-74.044247311,3186,"Grove St PATH",40.71958611647166,-74.04311746358871,26251,"Subscriber",1983,1
447,"2018-12-28 12:16:25.7850","2018-12-28 12:23:53.6990",3203,"Hamilton Park",40.727595966,-74.044247311,3483,"Montgomery St",40.71942,-74.05099,29503,"Subscriber",1988,1
433,"2018-12-28 17:56:57.8840","2018-12-28 18:04:11.7710",3203,"Hamilton Park",40.727595966,-74.044247311,3202,"Newport PATH",40.7272235,-74.0337589,29542,"Subscriber",1973,2
392,"2018-12-28 18:18:40.0710","2018-12-28 18:25:12.5470",3203,"Hamilton Park",40.727595966,-74.044247311,3202,"Newport PATH",40.7272235,-74.0337589,26278,"Subscriber",1991,1
265,"2018-12-28 18:29:47.7020","2018-12-28 18:34:13.0620",3203,"Hamilton Park",40.727595966,-74.044247311,3186,"Grove St PATH",40.71958611647166,-74.04311746358871,26291,"Subscriber",1990,1
301,"2018-12-28 21:00:59.5520","2018-12-28 21:06:01.3680",3203,"Hamilton Park",40.727595966,-74.044247311,3186,"Grove St PATH",40.71958611647166,-74.04311746358871,26160,"Subscriber",1990,1
221,"2018-12-28 21:22:49.4950","2018-12-28 21:26:31.0570",3203,"Hamilton Park",40.727595966,-74.044247311,3211,"Newark Ave",40.72152515,-74.046304543,26202,"Subscriber",1984,2
222,"2018-12-29 07:19:54.2720","2018-12-29 07:23:36.6650",3203,"Hamilton Park",40.727595966,-74.044247311,3186,"Grove St PATH",40.71958611647166,-74.04311746358871,29289,"Subscriber",1984,1
187,"2018-12-29 09:25:23.7910","2018-12-29 09:28:31.3850",3203,"Hamilton Park",40.727595966,-74.044247311,3211,"Newark Ave",40.72152515,-74.046304543,29547,"Subscriber",1979,2
190,"2018-12-29 09:51:24.3170","2018-12-29 09:54:35.0540",3203,"Hamilton Park",40.727595966,-74.044247311,3278,"Monmouth and 6th",40.72568548362901,-74.04879033565521,29234,"Subscriber",1969,0
296,"2018-12-29 10:46:16.8120","2018-12-29 10:51:13.3460",3203,"Hamilton Park",40.727595966,-74.044247311,3187,"Warren St",40.7211236,-74.03805095,26188,"Subscriber",1972,1
180,"2018-12-29 11:04:55.9870","2018-12-29 11:07:56.4540",3203,"Hamilton Park",40.727595966,-74.044247311,3211,"Newark Ave",40.72152515,-74.046304543,29608,"Subscriber",1982,1
212,"2018-12-29 11:18:58.1910","2018-12-29 11:22:30.9510",3203,"Hamilton Park",40.727595966,-74.044247311,3273,"Manila & 1st",40.721650724879986,-74.04288411140442,29231,"Subscriber",1990,1
196,"2018-12-29 12:57:11.8310","2018-12-29 13:00:28.1200",3203,"Hamilton Park",40.727595966,-74.044247311,3272,"Jersey & 3rd",40.72333158646436,-74.04595255851744,29503,"Subscriber",1990,1
278,"2018-12-29 13:09:32.2630","2018-12-29 13:14:11.2280",3203,"Hamilton Park",40.727595966,-74.044247311,3186,"Grove St PATH",40.71958611647166,-74.04311746358871,29234,"Subscriber",1994,1
3958,"2018-12-29 14:15:37.9200","2018-12-29 15:21:36.1700",3203,"Hamilton Park",40.727595966,-74.044247311,3213,"Van Vorst Park",40.71848892,-74.047726625,26197,"Customer",1969,0
3932,"2018-12-29 14:16:03.5250","2018-12-29 15:21:35.6130",3203,"Hamilton Park",40.727595966,-74.044247311,3213,"Van Vorst Park",40.71848892,-74.047726625,26204,"Subscriber",1993,2
297,"2018-12-29 14:32:22.2160","2018-12-29 14:37:20.1030",3203,"Hamilton Park",40.727595966,-74.044247311,3209,"Brunswick St",40.7241765,-74.0506564,29495,"Subscriber",1986,1
283,"2018-12-29 14:32:42.7700","2018-12-29 14:37:26.5260",3203,"Hamilton Park",40.727595966,-74.044247311,3209,"Brunswick St",40.7241765,-74.0506564,29502,"Subscriber",1987,2
645,"2018-12-29 15:35:39.7780","2018-12-29 15:46:25.5070",3203,"Hamilton Park",40.727595966,-74.044247311,3184,"Paulus Hook",40.7141454,-74.0335519,29217,"Subscriber",1970,1
200,"2018-12-29 15:39:06.2910","2018-12-29 15:42:26.6400",3203,"Hamilton Park",40.727595966,-74.044247311,3203,"Hamilton Park",40.727595966,-74.044247311,29498,"Subscriber",1985,1
218,"2018-12-29 15:39:33.6790","2018-12-29 15:43:12.4570",3203,"Hamilton Park",40.727595966,-74.044247311,3273,"Manila & 1st",40.721650724879986,-74.04288411140442,29225,"Subscriber",1983,1
279,"2018-12-29 16:04:38.8360","2018-12-29 16:09:18.7690",3203,"Hamilton Park",40.727595966,-74.044247311,3186,"Grove St PATH",40.71958611647166,-74.04311746358871,26223,"Subscriber",1973,1
106,"2018-12-29 16:16:21.9540","2018-12-29 16:18:08.0330",3203,"Hamilton Park",40.727595966,-74.044247311,3270,"Jersey & 6th St",40.72528910781132,-74.04557168483734,29573,"Subscriber",1961,2
742,"2018-12-29 16:40:26.4100","2018-12-29 16:52:48.9650",3203,"Hamilton Park",40.727595966,-74.044247311,3187,"Warren St",40.7211236,-74.03805095,29289,"Subscriber",1971,1
157,"2018-12-29 16:57:57.3460","2018-12-29 17:00:34.4330",3203,"Hamilton Park",40.727595966,-74.044247311,3272,"Jersey & 3rd",40.72333158646436,-74.04595255851744,29498,"Subscriber",1980,1
88,"2018-12-29 19:07:42.3070","2018-12-29 19:09:10.3560",3203,"Hamilton Park",40.727595966,-74.044247311,3270,"Jersey & 6th St",40.72528910781132,-74.04557168483734,29609,"Subscriber",1987,1
75,"2018-12-29 19:12:44.0520","2018-12-29 19:13:59.5000",3203,"Hamilton Park",40.727595966,-74.044247311,3270,"Jersey & 6th St",40.72528910781132,-74.04557168483734,26166,"Subscriber",1987,1
431,"2018-12-30 09:30:01.7810","2018-12-30 09:37:13.2280",3203,"Hamilton Park",40.727595966,-74.044247311,3681,"Grand St",40.71517767732029,-74.03768330812454,29533,"Subscriber",1979,1
227,"2018-12-30 10:26:45.2330","2018-12-30 10:30:33.1380",3203,"Hamilton Park",40.727595966,-74.044247311,3186,"Grove St PATH",40.71958611647166,-74.04311746358871,29217,"Subscriber",1973,1
237,"2018-12-30 10:30:15.7100","2018-12-30 10:34:13.0080",3203,"Hamilton Park",40.727595966,-74.044247311,3186,"Grove St PATH",40.71958611647166,-74.04311746358871,26193,"Subscriber",1990,1
157,"2018-12-30 10:37:07.7720","2018-12-30 10:39:45.3280",3203,"Hamilton Park",40.727595966,-74.044247311,3272,"Jersey & 3rd",40.72333158646436,-74.04595255851744,26206,"Subscriber",1988,1
242,"2018-12-30 11:32:00.4570","2018-12-30 11:36:02.7340",3203,"Hamilton Park",40.727595966,-74.044247311,3273,"Manila & 1st",40.721650724879986,-74.04288411140442,29500,"Subscriber",1969,0
236,"2018-12-30 12:06:54.4970","2018-12-30 12:10:50.9720",3203,"Hamilton Park",40.727595966,-74.044247311,3186,"Grove St PATH",40.71958611647166,-74.04311746358871,29573,"Subscriber",1985,1
300,"2018-12-30 12:18:05.1040","2018-12-30 12:23:05.6180",3203,"Hamilton Park",40.727595966,-74.044247311,3209,"Brunswick St",40.7241765,-74.0506564,26163,"Subscriber",1979,2
282,"2018-12-30 13:10:20.8200","2018-12-30 13:15:03.2760",3203,"Hamilton Park",40.727595966,-74.044247311,3273,"Manila & 1st",40.721650724879986,-74.04288411140442,29457,"Subscriber",1989,2
304,"2018-12-30 13:10:07.4890","2018-12-30 13:15:11.9860",3203,"Hamilton Park",40.727595966,-74.044247311,3273,"Manila & 1st",40.721650724879986,-74.04288411140442,29207,"Subscriber",1987,1
529,"2018-12-30 14:49:43.0050","2018-12-30 14:58:32.3780",3203,"Hamilton Park",40.727595966,-74.044247311,3203,"Hamilton Park",40.727595966,-74.044247311,29635,"Subscriber",1966,1
311,"2018-12-30 15:27:46.0410","2018-12-30 15:32:57.5050",3203,"Hamilton Park",40.727595966,-74.044247311,3186,"Grove St PATH",40.71958611647166,-74.04311746358871,29635,"Subscriber",1968,1
833,"2018-12-30 15:59:16.8340","2018-12-30 16:13:10.4400",3203,"Hamilton Park",40.727595966,-74.044247311,3270,"Jersey & 6th St",40.72528910781132,-74.04557168483734,29259,"Subscriber",1959,1
255,"2018-12-30 16:36:13.5310","2018-12-30 16:40:29.3660",3203,"Hamilton Park",40.727595966,-74.044247311,3186,"Grove St PATH",40.71958611647166,-74.04311746358871,29472,"Customer",1981,1
357,"2018-12-30 20:21:37.5670","2018-12-30 20:27:35.0100",3203,"Hamilton Park",40.727595966,-74.044247311,3483,"Montgomery St",40.71942,-74.05099,29209,"Subscriber",1989,1
543,"2018-12-30 20:31:57.7970","2018-12-30 20:41:01.1430",3203,"Hamilton Park",40.727595966,-74.044247311,3183,"Exchange Place",40.7162469,-74.0334588,26221,"Subscriber",1991,1
211,"2018-12-31 00:00:20.0950","2018-12-31 00:03:51.1510",3203,"Hamilton Park",40.727595966,-74.044247311,3211,"Newark Ave",40.72152515,-74.046304543,26271,"Subscriber",1982,1
299,"2018-12-31 02:53:01.5310","2018-12-31 02:58:01.2490",3203,"Hamilton Park",40.727595966,-74.044247311,3209,"Brunswick St",40.7241765,-74.0506564,26192,"Subscriber",1984,1
227,"2018-12-31 06:35:24.5700","2018-12-31 06:39:11.6340",3203,"Hamilton Park",40.727595966,-74.044247311,3186,"Grove St PATH",40.71958611647166,-74.04311746358871,26163,"Subscriber",1983,1
359,"2018-12-31 07:46:05.3480","2018-12-31 07:52:05.1420",3203,"Hamilton Park",40.727595966,-74.044247311,3202,"Newport PATH",40.7272235,-74.0337589,26271,"Subscriber",1975,2
333,"2018-12-31 07:57:29.7370","2018-12-31 08:03:03.4550",3203,"Hamilton Park",40.727595966,-74.044247311,3273,"Manila & 1st",40.721650724879986,-74.04288411140442,29439,"Subscriber",1984,1
299,"2018-12-31 07:59:26.6130","2018-12-31 08:04:26.1040",3203,"Hamilton Park",40.727595966,-74.044247311,3186,"Grove St PATH",40.71958611647166,-74.04311746358871,29597,"Subscriber",1977,1
387,"2018-12-31 08:04:33.4060","2018-12-31 08:11:00.9140",3203,"Hamilton Park",40.727595966,-74.044247311,3639,"Harborside",40.7192517,-74.034234,26268,"Subscriber",1966,1
413,"2018-12-31 08:19:49.5210","2018-12-31 08:26:43.1470",3203,"Hamilton Park",40.727595966,-74.044247311,3639,"Harborside",40.7192517,-74.034234,29290,"Subscriber",1954,1
536309,"2018-12-31 10:38:32.2800","2019-01-06 15:37:01.4480",3203,"Hamilton Park",40.727595966,-74.044247311,3211,"Newark Ave",40.72152515,-74.046304543,29474,"Subscriber",1983,2
435,"2018-12-31 10:55:13.2590","2018-12-31 11:02:28.7780",3203,"Hamilton Park",40.727595966,-74.044247311,3186,"Grove St PATH",40.71958611647166,-74.04311746358871,29551,"Subscriber",1984,2
1841,"2018-12-31 12:39:18.9050","2018-12-31 13:10:00.3450",3203,"Hamilton Park",40.727595966,-74.044247311,3199,"Newport Pkwy",40.7287448,-74.0321082,26167,"Customer",2002,2
1666,"2018-12-31 12:42:12.7270","2018-12-31 13:09:58.9100",3203,"Hamilton Park",40.727595966,-74.044247311,3199,"Newport Pkwy",40.7287448,-74.0321082,26263,"Customer",1967,1
219,"2018-12-31 12:47:23.2580","2018-12-31 12:51:03.1520",3203,"Hamilton Park",40.727595966,-74.044247311,3211,"Newark Ave",40.72152515,-74.046304543,29593,"Subscriber",1989,1
236,"2018-12-31 12:47:24.0500","2018-12-31 12:51:20.8080",3203,"Hamilton Park",40.727595966,-74.044247311,3211,"Newark Ave",40.72152515,-74.046304543,29204,"Subscriber",1988,2
350,"2018-12-31 13:15:58.7440","2018-12-31 13:21:49.3680",3203,"Hamilton Park",40.727595966,-74.044247311,3186,"Grove St PATH",40.71958611647166,-74.04311746358871,29502,"Subscriber",1969,0
415,"2018-12-31 13:37:04.2230","2018-12-31 13:43:59.7680",3203,"Hamilton Park",40.727595966,-74.044247311,3187,"Warren St",40.7211236,-74.03805095,29542,"Subscriber",1987,1
186,"2018-12-31 13:47:38.5150","2018-12-31 13:50:45.0030",3203,"Hamilton Park",40.727595966,-74.044247311,3211,"Newark Ave",40.72152515,-74.046304543,26200,"Subscriber",1979,2
597,"2018-12-31 15:33:13.1760","2018-12-31 15:43:10.1940",3203,"Hamilton Park",40.727595966,-74.044247311,3187,"Warren St",40.7211236,-74.03805095,26266,"Subscriber",1971,1
297,"2018-12-31 16:03:58.7180","2018-12-31 16:08:56.1270",3203,"Hamilton Park",40.727595966,-74.044247311,3202,"Newport PATH",40.7272235,-74.0337589,26268,"Subscriber",1969,1
233,"2018-12-31 19:13:17.0330","2018-12-31 19:17:10.2230",3203,"Hamilton Park",40.727595966,-74.044247311,3209,"Brunswick St",40.7241765,-74.0506564,26225,"Subscriber",1984,1
3245,"2018-12-01 11:18:32.4180","2018-12-01 12:12:37.7150",3205,"JC Medical Center",40.71653978099194,-74.0496379137039,3205,"JC Medical Center",40.71653978099194,-74.0496379137039,26309,"Subscriber",1987,1
3250,"2018-12-01 11:18:41.5620","2018-12-01 12:12:52.4350",3205,"JC Medical Center",40.71653978099194,-74.0496379137039,3205,"JC Medical Center",40.71653978099194,-74.0496379137039,29680,"Customer",1969,0
3257,"2018-12-01 11:18:41.8710","2018-12-01 12:12:59.1540",3205,"JC Medical Center",40.71653978099194,-74.0496379137039,3205,"JC Medical Center",40.71653978099194,-74.0496379137039,29589,"Customer",1969,0
283,"2018-12-01 12:02:14.8730","2018-12-01 12:06:58.3240",3205,"JC Medical Center",40.71653978099194,-74.0496379137039,3270,"Jersey & 6th St",40.72528910781132,-74.04557168483734,26233,"Customer",1981,1
862,"2018-12-01 12:15:04.6360","2018-12-01 12:29:27.2020",3205,"JC Medical Center",40.71653978099194,-74.0496379137039,3203,"Hamilton Park",40.727595966,-74.044247311,29589,"Subscriber",1987,1
273,"2018-12-01 15:25:24.8760","2018-12-01 15:29:58.7920",3205,"JC Medical Center",40.71653978099194,-74.0496379137039,3185,"City Hall",40.7177325,-74.043845,30843,"Subscriber",1984,1
320,"2018-12-01 15:43:00.2360","2018-12-01 15:48:20.9580",3205,"JC Medical Center",40.71653978099194,-74.0496379137039,3279,"Dixon Mills",40.721630142638354,-74.04996782541275,29605,"Subscriber",1988,2
201,"2018-12-02 07:27:09.4480","2018-12-02 07:30:31.0510",3205,"JC Medical Center",40.71653978099194,-74.0496379137039,3186,"Grove St PATH",40.71958611647166,-74.04311746358871,29484,"Subscriber",1990,1
217,"2018-12-02 10:18:27.8640","2018-12-02 10:22:05.5370",3205,"JC Medical Center",40.71653978099194,-74.0496379137039,3186,"Grove St PATH",40.71958611647166,-74.04311746358871,29292,"Subscriber",1969,0
712,"2018-12-02 13:35:29.0940","2018-12-02 13:47:21.6100",3205,"JC Medical Center",40.71653978099194,-74.0496379137039,3202,"Newport PATH",40.7272235,-74.0337589,29455,"Subscriber",1992,1
246,"2018-12-02 14:49:45.7780","2018-12-02 14:53:52.5890",3205,"JC Medical Center",40.71653978099194,-74.0496379137039,3186,"Grove St PATH",40.71958611647166,-74.04311746358871,29530,"Subscriber",1976,2
261,"2018-12-03 00:03:44.9650","2018-12-03 00:08:06.4550",3205,"JC Medical Center",40.71653978099194,-74.0496379137039,3270,"Jersey & 6th St",40.72528910781132,-74.04557168483734,29123,"Customer",1983,1
246,"2018-12-03 05:33:47.9310","2018-12-03 05:37:54.1790",3205,"JC Medical Center",40.71653978099194,-74.0496379137039,3186,"Grove St PATH",40.71958611647166,-74.04311746358871,26160,"Subscriber",1984,1
458,"2018-12-03 06:37:40.5320","2018-12-03 06:45:19.3870",3205,"JC Medical Center",40.71653978099194,-74.0496379137039,3639,"Harborside",40.7192517,-74.034234,29292,"Subscriber",1976,1
290,"2018-12-03 06:59:03.9530","2018-12-03 07:03:53.9810",3205,"JC Medical Center",40.71653978099194,-74.0496379137039,3186,"Grove St PATH",40.71958611647166,-74.04311746358871,29300,"Subscriber",1991,2
215,"2018-12-03 07:31:45.5000","2018-12-03 07:35:20.7310",3205,"JC Medical Center",40.71653978099194,-74.0496379137039,3186,"Grove St PATH",40.71958611647166,-74.04311746358871,29588,"Subscriber",1989,1
153,"2018-12-03 07:46:28.0170","2018-12-03 07:49:01.4590",3205,"JC Medical Center",40.71653978099194,-74.0496379137039,3185,"City Hall",40.7177325,-74.043845,26273,"Subscriber",1992,1
426,"2018-12-03 07:47:18.7960","2018-12-03 07:54:25.1380",3205,"JC Medical Center",40.71653978099194,-74.0496379137039,3184,"Paulus Hook",40.7141454,-74.0335519,26287,"Subscriber",1988,1
250,"2018-12-03 07:47:15.5880","2018-12-03 07:51:25.7420",3205,"JC Medical Center",40.71653978099194,-74.0496379137039,3186,"Grove St PATH",40.71958611647166,-74.04311746358871,29580,"Subscriber",1989,1
301,"2018-12-03 07:53:46.7110","2018-12-03 07:58:47.7480",3205,"JC Medical Center",40.71653978099194,-74.0496379137039,3186,"Grove St PATH",40.71958611647166,-74.04311746358871,26295,"Subscriber",1975,1
273,"2018-12-03 07:59:07.6880","2018-12-03 08:03:41.2240",3205,"JC Medical Center",40.71653978099194,-74.0496379137039,3186,"Grove St PATH",40.71958611647166,-74.04311746358871,29304,"Subscriber",1989,1
285,"2018-12-03 08:02:22.9880","2018-12-03 08:07:08.6890",3205,"JC Medical Center",40.71653978099194,-74.0496379137039,3186,"Grove St PATH",40.71958611647166,-74.04311746358871,29611,"Subscriber",1992,1
250,"2018-12-03 08:06:40.9800","2018-12-03 08:10:51.1650",3205,"JC Medical Center",40.71653978099194,-74.0496379137039,3681,"Grand St",40.71517767732029,-74.03768330812454,26309,"Subscriber",1977,1
222,"2018-12-03 08:24:34.9100","2018-12-03 08:28:16.9860",3205,"JC Medical Center",40.71653978099194,-74.0496379137039,3186,"Grove St PATH",40.71958611647166,-74.04311746358871,29493,"Subscriber",1990,2
398,"2018-12-03 08:31:11.8090","2018-12-03 08:37:50.4400",3205,"JC Medical Center",40.71653978099194,-74.0496379137039,3275,"Columbus Drive",40.71835519823214,-74.03891444206238,29459,"Subscriber",1991,1
166,"2018-12-03 08:39:14.3950","2018-12-03 08:42:00.8390",3205,"JC Medical Center",40.71653978099194,-74.0496379137039,3185,"City Hall",40.7177325,-74.043845,29680,"Subscriber",1984,1
200,"2018-12-03 08:50:34.1060","2018-12-03 08:53:54.6230",3205,"JC Medical Center",40.71653978099194,-74.0496379137039,3186,"Grove St PATH",40.71958611647166,-74.04311746358871,26220,"Subscriber",1969,0
211,"2018-12-03 09:42:43.0540","2018-12-03 09:46:14.8050",3205,"JC Medical Center",40.71653978099194,-74.0496379137039,3186,"Grove St PATH",40.71958611647166,-74.04311746358871,29266,"Subscriber",1976,2
412,"2018-12-03 09:59:33.5550","2018-12-03 10:06:25.8190",3205,"JC Medical Center",40.71653978099194,-74.0496379137039,3269,"Brunswick & 6th",40.72601172964625,-74.05038893222809,26172,"Subscriber",1980,2
183,"2018-12-03 14:57:17.5260","2018-12-03 15:00:21.0270",3205,"JC Medical Center",40.71653978099194,-74.0496379137039,3186,"Grove St PATH",40.71958611647166,-74.04311746358871,29198,"Subscriber",1976,2
2916,"2018-12-03 15:36:55.5120","2018-12-03 16:25:32.4290",3205,"JC Medical Center",40.71653978099194,-74.0496379137039,3205,"JC Medical Center",40.71653978099194,-74.0496379137039,29614,"Customer",1988,1
202,"2018-12-03 15:37:23.7160","2018-12-03 15:40:46.3030",3205,"JC Medical Center",40.71653978099194,-74.0496379137039,3211,"Newark Ave",40.72152515,-74.046304543,29266,"Subscriber",1956,1
272,"2018-12-04 06:30:32.2200","2018-12-04 06:35:04.9500",3205,"JC Medical Center",40.71653978099194,-74.0496379137039,3184,"Paulus Hook",40.7141454,-74.0335519,29532,"Subscriber",1976,1
422,"2018-12-04 07:36:46.1050","2018-12-04 07:43:48.1660",3205,"JC Medical Center",40.71653978099194,-74.0496379137039,3186,"Grove St PATH",40.71958611647166,-74.04311746358871,29499,"Subscriber",1989,1
333,"2018-12-04 07:44:57.5000","2018-12-04 07:50:31.3800",3205,"JC Medical Center",40.71653978099194,-74.0496379137039,3186,"Grove St PATH",40.71958611647166,-74.04311746358871,29206,"Subscriber",1984,1
320,"2018-12-04 07:45:09.2700","2018-12-04 07:50:29.9270",3205,"JC Medical Center",40.71653978099194,-74.0496379137039,3186,"Grove St PATH",40.71958611647166,-74.04311746358871,29212,"Subscriber",1991,2
212,"2018-12-04 07:50:28.2500","2018-12-04 07:54:00.9950",3205,"JC Medical Center",40.71653978099194,-74.0496379137039,3185,"City Hall",40.7177325,-74.043845,29451,"Subscriber",1992,1
279,"2018-12-04 07:50:39.5880","2018-12-04 07:55:18.7350",3205,"JC Medical Center",40.71653978099194,-74.0496379137039,3186,"Grove St PATH",40.71958611647166,-74.04311746358871,29252,"Subscriber",1975,1
238,"2018-12-04 07:55:09.8710","2018-12-04 07:59:08.0140",3205,"JC Medical Center",40.71653978099194,-74.0496379137039,3186,"Grove St PATH",40.71958611647166,-74.04311746358871,29521,"Subscriber",1989,1
199,"2018-12-04 08:02:40.5300","2018-12-04 08:05:59.6560",3205,"JC Medical Center",40.71653978099194,-74.0496379137039,3186,"Grove St PATH",40.71958611647166,-74.04311746358871,29245,"Subscriber",1992,1
272,"2018-12-04 08:15:47.5620","2018-12-04 08:20:19.5880",3205,"JC Medical Center",40.71653978099194,-74.0496379137039,3184,"Paulus Hook",40.7141454,-74.0335519,15947,"Subscriber",1977,1
234,"2018-12-04 08:23:11.8980","2018-12-04 08:27:06.4340",3205,"JC Medical Center",40.71653978099194,-74.0496379137039,3186,"Grove St PATH",40.71958611647166,-74.04311746358871,29614,"Subscriber",1983,1
1895,"2018-12-04 09:49:10.0520","2018-12-04 10:20:45.1970",3205,"JC Medical Center",40.71653978099194,-74.0496379137039,3205,"JC Medical Center",40.71653978099194,-74.0496379137039,26193,"Customer",1977,1
208,"2018-12-04 13:59:24.9230","2018-12-04 14:02:53.2800",3205,"JC Medical Center",40.71653978099194,-74.0496379137039,3186,"Grove St PATH",40.71958611647166,-74.04311746358871,29608,"Subscriber",1976,2
591,"2018-12-04 15:21:39.3120","2018-12-04 15:31:30.5840",3205,"JC Medical Center",40.71653978099194,-74.0496379137039,3213,"Van Vorst Park",40.71848892,-74.047726625,29482,"Subscriber",1956,1
2115,"2018-12-04 16:07:15.2280","2018-12-04 16:42:30.9880",3205,"JC Medical Center",40.71653978099194,-74.0496379137039,3192,"Liberty Light Rail",40.7112423,-74.0557013,26193,"Subscriber",1971,2
265,"2018-12-04 19:47:32.1420","2018-12-04 19:51:57.6260",3205,"JC Medical Center",40.71653978099194,-74.0496379137039,3192,"Liberty Light Rail",40.7112423,-74.0557013,26274,"Subscriber",1985,1
250,"2018-12-04 19:54:33.7500","2018-12-04 19:58:43.8930",3205,"JC Medical Center",40.71653978099194,-74.0496379137039,3186,"Grove St PATH",40.71958611647166,-74.04311746358871,26206,"Subscriber",1970,1
222,"2018-12-04 20:03:51.1050","2018-12-04 20:07:33.5020",3205,"JC Medical Center",40.71653978099194,-74.0496379137039,3185,"City Hall",40.7177325,-74.043845,26275,"Subscriber",1992,1
317,"2018-12-05 07:33:36.7560","2018-12-05 07:38:53.8480",3205,"JC Medical Center",40.71653978099194,-74.0496379137039,3186,"Grove St PATH",40.71958611647166,-74.04311746358871,29533,"Subscriber",1989,1
319,"2018-12-05 07:41:44.1710","2018-12-05 07:47:04.0590",3205,"JC Medical Center",40.71653978099194,-74.0496379137039,3186,"Grove St PATH",40.71958611647166,-74.04311746358871,29285,"Subscriber",1991,2
312,"2018-12-05 07:41:50.5380","2018-12-05 07:47:03.0200",3205,"JC Medical Center",40.71653978099194,-74.0496379137039,3186,"Grove St PATH",40.71958611647166,-74.04311746358871,29460,"Subscriber",1984,1
374,"2018-12-05 07:51:41.7770","2018-12-05 07:57:56.1300",3205,"JC Medical Center",40.71653978099194,-74.0496379137039,3184,"Paulus Hook",40.7141454,-74.0335519,29508,"Subscriber",1988,1
241,"2018-12-05 07:53:19.9880","2018-12-05 07:57:21.1660",3205,"JC Medical Center",40.71653978099194,-74.0496379137039,3186,"Grove St PATH",40.71958611647166,-74.04311746358871,26179,"Subscriber",1989,1
215,"2018-12-05 07:54:04.0980","2018-12-05 07:57:39.9150",3205,"JC Medical Center",40.71653978099194,-74.0496379137039,3186,"Grove St PATH",40.71958611647166,-74.04311746358871,26158,"Subscriber",1992,1
209,"2018-12-05 07:54:04.2480","2018-12-05 07:57:33.4970",3205,"JC Medical Center",40.71653978099194,-74.0496379137039,3186,"Grove St PATH",40.71958611647166,-74.04311746358871,26294,"Subscriber",1983,1
158,"2018-12-05 07:54:28.4730","2018-12-05 07:57:06.7490",3205,"JC Medical Center",40.71653978099194,-74.0496379137039,3185,"City Hall",40.7177325,-74.043845,26251,"Subscriber",1992,1
297,"2018-12-05 08:00:17.3170","2018-12-05 08:05:14.6230",3205,"JC Medical Center",40.71653978099194,-74.0496379137039,3186,"Grove St PATH",40.71958611647166,-74.04311746358871,29259,"Subscriber",1975,1
220,"2018-12-05 08:48:12.8840","2018-12-05 08:51:53.0870",3205,"JC Medical Center",40.71653978099194,-74.0496379137039,3186,"Grove St PATH",40.71958611647166,-74.04311746358871,26260,"Subscriber",1969,0
239,"2018-12-05 15:36:29.7760","2018-12-05 15:40:29.7150",3205,"JC Medical Center",40.71653978099194,-74.0496379137039,3272,"Jersey & 3rd",40.72333158646436,-74.04595255851744,29271,"Subscriber",1956,1
195,"2018-12-05 16:05:08.5100","2018-12-05 16:08:24.2680",3205,"JC Medical Center",40.71653978099194,-74.0496379137039,3186,"Grove St PATH",40.71958611647166,-74.04311746358871,29669,"Subscriber",1976,2
412,"2018-12-05 16:33:32.9940","2018-12-05 16:40:25.8090",3205,"JC Medical Center",40.71653978099194,-74.0496379137039,3267,"Morris Canal",40.7124188237569,-74.03852552175522,26274,"Subscriber",1980,2
259,"2018-12-06 05:42:28.2080","2018-12-06 05:46:47.3770",3205,"JC Medical Center",40.71653978099194,-74.0496379137039,3186,"Grove St PATH",40.71958611647166,-74.04311746358871,29306,"Subscriber",1984,1
425,"2018-12-06 07:25:36.2530","2018-12-06 07:32:42.2440",3205,"JC Medical Center",40.71653978099194,-74.0496379137039,3184,"Paulus Hook",40.7141454,-74.0335519,29225,"Subscriber",1988,1
237,"2018-12-06 07:32:35.0550","2018-12-06 07:36:32.6520",3205,"JC Medical Center",40.71653978099194,-74.0496379137039,3186,"Grove St PATH",40.71958611647166,-74.04311746358871,29608,"Subscriber",1992,1
319,"2018-12-06 07:33:57.6270","2018-12-06 07:39:17.0090",3205,"JC Medical Center",40.71653978099194,-74.0496379137039,3186,"Grove St PATH",40.71958611647166,-74.04311746358871,26253,"Subscriber",1989,1
253,"2018-12-06 07:49:33.4450","2018-12-06 07:53:46.7950",3205,"JC Medical Center",40.71653978099194,-74.0496379137039,3186,"Grove St PATH",40.71958611647166,-74.04311746358871,26193,"Subscriber",1991,2
302,"2018-12-06 07:55:24.7400","2018-12-06 08:00:26.8600",3205,"JC Medical Center",40.71653978099194,-74.0496379137039,3186,"Grove St PATH",40.71958611647166,-74.04311746358871,29127,"Subscriber",1975,1
271,"2018-12-06 07:57:18.1410","2018-12-06 08:01:49.3530",3205,"JC Medical Center",40.71653978099194,-74.0496379137039,3186,"Grove St PATH",40.71958611647166,-74.04311746358871,29275,"Subscriber",1989,1
231,"2018-12-06 08:05:06.4760","2018-12-06 08:08:57.4810",3205,"JC Medical Center",40.71653978099194,-74.0496379137039,3186,"Grove St PATH",40.71958611647166,-74.04311746358871,29271,"Subscriber",1983,1
195,"2018-12-06 08:07:13.9470","2018-12-06 08:10:29.3680",3205,"JC Medical Center",40.71653978099194,-74.0496379137039,3185,"City Hall",40.7177325,-74.043845,26179,"Subscriber",1992,1
307,"2018-12-06 08:42:20.2450","2018-12-06 08:47:27.8870",3205,"JC Medical Center",40.71653978099194,-74.0496379137039,3184,"Paulus Hook",40.7141454,-74.0335519,29596,"Subscriber",1977,1
249,"2018-12-06 08:47:46.3470","2018-12-06 08:51:55.6520",3205,"JC Medical Center",40.71653978099194,-74.0496379137039,3186,"Grove St PATH",40.71958611647166,-74.04311746358871,26303,"Subscriber",1969,0
171,"2018-12-06 09:06:45.0130","2018-12-06 09:09:36.6950",3205,"JC Medical Center",40.71653978099194,-74.0496379137039,3185,"City Hall",40.7177325,-74.043845,29201,"Subscriber",1984,1
187,"2018-12-06 11:41:28.6340","2018-12-06 11:44:36.4450",3205,"JC Medical Center",40.71653978099194,-74.0496379137039,3185,"City Hall",40.7177325,-74.043845,29507,"Subscriber",1972,1
183,"2018-12-06 13:22:33.8790","2018-12-06 13:25:37.0540",3205,"JC Medical Center",40.71653978099194,-74.0496379137039,3185,"City Hall",40.7177325,-74.043845,29544,"Subscriber",1983,1
259,"2018-12-06 14:55:44.0320","2018-12-06 15:00:03.0950",3205,"JC Medical Center",40.71653978099194,-74.0496379137039,3186,"Grove St PATH",40.71958611647166,-74.04311746358871,26257,"Subscriber",1988,1
559,"2018-12-06 19:51:56.5020","2018-12-06 20:01:15.6920",3205,"JC Medical Center",40.71653978099194,-74.0496379137039,3187,"Warren St",40.7211236,-74.03805095,29292,"Subscriber",1990,1
282,"2018-12-07 07:13:48.4440","2018-12-07 07:18:30.8880",3205,"JC Medical Center",40.71653978099194,-74.0496379137039,3186,"Grove St PATH",40.71958611647166,-74.04311746358871,29237,"Subscriber",1984,1
268,"2018-12-07 07:50:58.9800","2018-12-07 07:55:27.8260",3205,"JC Medical Center",40.71653978099194,-74.0496379137039,3186,"Grove St PATH",40.71958611647166,-74.04311746358871,29261,"Subscriber",1992,1
240,"2018-12-07 07:52:58.5270","2018-12-07 07:56:59.0010",3205,"JC Medical Center",40.71653978099194,-74.0496379137039,3186,"Grove St PATH",40.71958611647166,-74.04311746358871,29268,"Subscriber",1991,2
242,"2018-12-07 07:57:48.6190","2018-12-07 08:01:51.2030",3205,"JC Medical Center",40.71653978099194,-74.0496379137039,3186,"Grove St PATH",40.71958611647166,-74.04311746358871,29201,"Subscriber",1989,1
313,"2018-12-07 08:00:11.3720","2018-12-07 08:05:25.1800",3205,"JC Medical Center",40.71653978099194,-74.0496379137039,3186,"Grove St PATH",40.71958611647166,-74.04311746358871,26251,"Subscriber",1975,1
218,"2018-12-07 08:24:33.4240","2018-12-07 08:28:12.3480",3205,"JC Medical Center",40.71653978099194,-74.0496379137039,3185,"City Hall",40.7177325,-74.043845,29608,"Subscriber",1984,1
240,"2018-12-07 08:31:10.3260","2018-12-07 08:35:10.7140",3205,"JC Medical Center",40.71653978099194,-74.0496379137039,3186,"Grove St PATH",40.71958611647166,-74.04311746358871,29301,"Subscriber",1983,1
206,"2018-12-07 08:44:43.2070","2018-12-07 08:48:10.1040",3205,"JC Medical Center",40.71653978099194,-74.0496379137039,3186,"Grove St PATH",40.71958611647166,-74.04311746358871,29467,"Subscriber",1969,0
984,"2018-12-07 11:53:45.9650","2018-12-07 12:10:10.5440",3205,"JC Medical Center",40.71653978099194,-74.0496379137039,3184,"Paulus Hook",40.7141454,-74.0335519,29670,"Customer",1965,1
917,"2018-12-07 11:55:03.0470","2018-12-07 12:10:20.2680",3205,"JC Medical Center",40.71653978099194,-74.0496379137039,3184,"Paulus Hook",40.7141454,-74.0335519,29487,"Customer",1979,2
1360,"2018-12-07 12:07:29.8630","2018-12-07 12:30:10.1000",3205,"JC Medical Center",40.71653978099194,-74.0496379137039,3639,"Harborside",40.7192517,-74.034234,29667,"Subscriber",1972,1
893,"2018-12-07 12:52:54.4120","2018-12-07 13:07:47.8520",3205,"JC Medical Center",40.71653978099194,-74.0496379137039,3268,"Lafayette Park",40.71346382669195,-74.06285852193832,26294,"Subscriber",1966,1
223,"2018-12-07 18:09:34.3070","2018-12-07 18:13:17.3970",3205,"JC Medical Center",40.71653978099194,-74.0496379137039,3186,"Grove St PATH",40.71958611647166,-74.04311746358871,29296,"Subscriber",1976,2
538,"2018-12-08 10:32:11.5950","2018-12-08 10:41:09.7100",3205,"JC Medical Center",40.71653978099194,-74.0496379137039,3275,"Columbus Drive",40.71835519823214,-74.03891444206238,29298,"Subscriber",1975,1
248,"2018-12-08 11:33:47.4480","2018-12-08 11:37:56.0340",3205,"JC Medical Center",40.71653978099194,-74.0496379137039,3276,"Marin Light Rail",40.71458403535893,-74.04281705617905,26284,"Subscriber",1967,1
245,"2018-12-08 11:59:54.3230","2018-12-08 12:03:59.7410",3205,"JC Medical Center",40.71653978099194,-74.0496379137039,3185,"City Hall",40.7177325,-74.043845,29583,"Subscriber",1992,1
240,"2018-12-08 14:51:02.5800","2018-12-08 14:55:03.1390",3205,"JC Medical Center",40.71653978099194,-74.0496379137039,3481,"York St",40.71649,-74.04105,29612,"Subscriber",1975,1
482,"2018-12-08 18:54:19.0930","2018-12-08 19:02:21.4560",3205,"JC Medical Center",40.71653978099194,-74.0496379137039,3192,"Liberty Light Rail",40.7112423,-74.0557013,29460,"Subscriber",1992,2
168,"2018-12-09 04:39:56.2640","2018-12-09 04:42:44.8690",3205,"JC Medical Center",40.71653978099194,-74.0496379137039,3211,"Newark Ave",40.72152515,-74.046304543,29540,"Subscriber",1964,1
214,"2018-12-09 08:52:06.0150","2018-12-09 08:55:40.9740",3205,"JC Medical Center",40.71653978099194,-74.0496379137039,3186,"Grove St PATH",40.71958611647166,-74.04311746358871,29534,"Subscriber",1969,0
207,"2018-12-09 10:11:14.6390","2018-12-09 10:14:41.8850",3205,"JC Medical Center",40.71653978099194,-74.0496379137039,3276,"Marin Light Rail",40.71458403535893,-74.04281705617905,29608,"Subscriber",1979,1
166,"2018-12-09 12:48:39.9590","2018-12-09 12:51:26.2140",3205,"JC Medical Center",40.71653978099194,-74.0496379137039,3211,"Newark Ave",40.72152515,-74.046304543,26157,"Subscriber",1975,1
323,"2018-12-09 15:21:50.4770","2018-12-09 15:27:14.4090",3205,"JC Medical Center",40.71653978099194,-74.0496379137039,3186,"Grove St PATH",40.71958611647166,-74.04311746358871,29489,"Subscriber",1988,2
390,"2018-12-10 07:25:48.0970","2018-12-10 07:32:19.0150",3205,"JC Medical Center",40.71653978099194,-74.0496379137039,3184,"Paulus Hook",40.7141454,-74.0335519,29475,"Subscriber",1988,1
273,"2018-12-10 07:30:10.3770","2018-12-10 07:34:43.8210",3205,"JC Medical Center",40.71653978099194,-74.0496379137039,3186,"Grove St PATH",40.71958611647166,-74.04311746358871,29549,"Subscriber",1989,1
257,"2018-12-10 07:50:53.9770","2018-12-10 07:55:11.2360",3205,"JC Medical Center",40.71653978099194,-74.0496379137039,3186,"Grove St PATH",40.71958611647166,-74.04311746358871,29227,"Subscriber",1984,1
202,"2018-12-10 07:57:23.1930","2018-12-10 08:00:46.1610",3205,"JC Medical Center",40.71653978099194,-74.0496379137039,3186,"Grove St PATH",40.71958611647166,-74.04311746358871,26197,"Subscriber",1989,1
263,"2018-12-10 08:13:12.4560","2018-12-10 08:17:35.5970",3205,"JC Medical Center",40.71653978099194,-74.0496379137039,3186,"Grove St PATH",40.71958611647166,-74.04311746358871,26187,"Subscriber",1992,1
151,"2018-12-10 08:40:13.4880","2018-12-10 08:42:45.4510",3205,"JC Medical Center",40.71653978099194,-74.0496379137039,3185,"City Hall",40.7177325,-74.043845,29507,"Subscriber",1984,1
176,"2018-12-10 08:41:28.4240","2018-12-10 08:44:24.7310",3205,"JC Medical Center",40.71653978099194,-74.0496379137039,3186,"Grove St PATH",40.71958611647166,-74.04311746358871,29479,"Subscriber",1969,0
283,"2018-12-10 13:21:55.9060","2018-12-10 13:26:39.8570",3205,"JC Medical Center",40.71653978099194,-74.0496379137039,3211,"Newark Ave",40.72152515,-74.046304543,29586,"Subscriber",1959,2
232,"2018-12-10 13:36:30.8830","2018-12-10 13:40:23.7020",3205,"JC Medical Center",40.71653978099194,-74.0496379137039,3186,"Grove St PATH",40.71958611647166,-74.04311746358871,29639,"Subscriber",1991,2
930,"2018-12-10 14:01:52.2810","2018-12-10 14:17:22.3890",3205,"JC Medical Center",40.71653978099194,-74.0496379137039,3268,"Lafayette Park",40.71346382669195,-74.06285852193832,29440,"Customer",1969,0
230,"2018-12-10 14:15:23.4280","2018-12-10 14:19:13.4950",3205,"JC Medical Center",40.71653978099194,-74.0496379137039,3186,"Grove St PATH",40.71958611647166,-74.04311746358871,29640,"Subscriber",1976,2
194,"2018-12-10 15:29:42.7580","2018-12-10 15:32:56.9990",3205,"JC Medical Center",40.71653978099194,-74.0496379137039,3211,"Newark Ave",40.72152515,-74.046304543,26164,"Subscriber",1956,1
266,"2018-12-10 15:37:53.3820","2018-12-10 15:42:19.4350",3205,"JC Medical Center",40.71653978099194,-74.0496379137039,3192,"Liberty Light Rail",40.7112423,-74.0557013,26210,"Subscriber",1981,2
401,"2018-12-10 17:15:40.2900","2018-12-10 17:22:22.2660",3205,"JC Medical Center",40.71653978099194,-74.0496379137039,3203,"Hamilton Park",40.727595966,-74.044247311,29611,"Subscriber",1978,1
309,"2018-12-11 07:32:34.9560","2018-12-11 07:37:44.5590",3205,"JC Medical Center",40.71653978099194,-74.0496379137039,3186,"Grove St PATH",40.71958611647166,-74.04311746358871,29645,"Subscriber",1989,1
407,"2018-12-11 07:40:57.3270","2018-12-11 07:47:45.3230",3205,"JC Medical Center",40.71653978099194,-74.0496379137039,3184,"Paulus Hook",40.7141454,-74.0335519,29225,"Subscriber",1988,1
262,"2018-12-11 07:44:31.7460","2018-12-11 07:48:54.2280",3205,"JC Medical Center",40.71653978099194,-74.0496379137039,3186,"Grove St PATH",40.71958611647166,-74.04311746358871,29284,"Subscriber",1992,1
242,"2018-12-11 07:55:26.2700","2018-12-11 07:59:29.1040",3205,"JC Medical Center",40.71653978099194,-74.0496379137039,3186,"Grove St PATH",40.71958611647166,-74.04311746358871,26157,"Subscriber",1989,1
225,"2018-12-11 08:03:25.8270","2018-12-11 08:07:10.9400",3205,"JC Medical Center",40.71653978099194,-74.0496379137039,3185,"City Hall",40.7177325,-74.043845,29201,"Subscriber",1975,1
203,"2018-12-11 08:29:17.2600","2018-12-11 08:32:40.4940",3205,"JC Medical Center",40.71653978099194,-74.0496379137039,3185,"City Hall",40.7177325,-74.043845,29551,"Subscriber",1984,1
222,"2018-12-11 08:39:59.4880","2018-12-11 08:43:42.1200",3205,"JC Medical Center",40.71653978099194,-74.0496379137039,3186,"Grove St PATH",40.71958611647166,-74.04311746358871,26316,"Subscriber",1969,0
533,"2018-12-11 10:30:44.0840","2018-12-11 10:39:37.7880",3205,"JC Medical Center",40.71653978099194,-74.0496379137039,3638,"Washington St",40.7242941,-74.0354826,29284,"Subscriber",1967,2
194,"2018-12-11 14:04:35.0450","2018-12-11 14:07:49.6990",3205,"JC Medical Center",40.71653978099194,-74.0496379137039,3186,"Grove St PATH",40.71958611647166,-74.04311746358871,26202,"Subscriber",1976,2
597,"2018-12-11 14:12:34.1860","2018-12-11 14:22:31.9570",3205,"JC Medical Center",40.71653978099194,-74.0496379137039,3225,"Baldwin at Montgomery",40.7236589,-74.0641943,26152,"Customer",1967,1
2176,"2018-12-11 15:28:49.3970","2018-12-11 16:05:05.9150",3205,"JC Medical Center",40.71653978099194,-74.0496379137039,3205,"JC Medical Center",40.71653978099194,-74.0496379137039,26199,"Customer",1988,1
221,"2018-12-11 15:32:29.3730","2018-12-11 15:36:10.9740",3205,"JC Medical Center",40.71653978099194,-74.0496379137039,3211,"Newark Ave",40.72152515,-74.046304543,26173,"Subscriber",1956,1
330,"2018-12-12 07:25:48.4160","2018-12-12 07:31:19.0480",3205,"JC Medical Center",40.71653978099194,-74.0496379137039,3186,"Grove St PATH",40.71958611647166,-74.04311746358871,29214,"Subscriber",1989,1
199,"2018-12-12 07:40:31.9590","2018-12-12 07:43:51.6810",3205,"JC Medical Center",40.71653978099194,-74.0496379137039,3186,"Grove St PATH",40.71958611647166,-74.04311746358871,26160,"Subscriber",1992,1
319,"2018-12-12 07:42:59.9420","2018-12-12 07:48:19.8330",3205,"JC Medical Center",40.71653978099194,-74.0496379137039,3184,"Paulus Hook",40.7141454,-74.0335519,26184,"Subscriber",1988,1
242,"2018-12-12 07:57:53.0120","2018-12-12 08:01:55.8430",3205,"JC Medical Center",40.71653978099194,-74.0496379137039,3186,"Grove St PATH",40.71958611647166,-74.04311746358871,26275,"Subscriber",1989,1
245,"2018-12-12 08:00:26.9030","2018-12-12 08:04:32.7400",3205,"JC Medical Center",40.71653978099194,-74.0496379137039,3186,"Grove St PATH",40.71958611647166,-74.04311746358871,26199,"Subscriber",1975,1
203,"2018-12-12 08:12:50.4630","2018-12-12 08:16:14.4250",3205,"JC Medical Center",40.71653978099194,-74.0496379137039,3186,"Grove St PATH",40.71958611647166,-74.04311746358871,29272,"Subscriber",1969,0
255,"2018-12-12 08:29:25.2730","2018-12-12 08:33:40.8900",3205,"JC Medical Center",40.71653978099194,-74.0496379137039,3186,"Grove St PATH",40.71958611647166,-74.04311746358871,29507,"Subscriber",1983,1
1065,"2018-12-12 08:29:57.4310","2018-12-12 08:47:42.9790",3205,"JC Medical Center",40.71653978099194,-74.0496379137039,3638,"Washington St",40.7242941,-74.0354826,29245,"Subscriber",1981,2
188,"2018-12-12 08:38:33.6820","2018-12-12 08:41:41.9420",3205,"JC Medical Center",40.71653978099194,-74.0496379137039,3185,"City Hall",40.7177325,-74.043845,26165,"Subscriber",1984,1
288,"2018-12-12 08:47:14.5580","2018-12-12 08:52:03.5320",3205,"JC Medical Center",40.71653978099194,-74.0496379137039,3186,"Grove St PATH",40.71958611647166,-74.04311746358871,26303,"Subscriber",1991,2
74,"2018-12-12 13:31:49.7790","2018-12-12 13:33:04.5570",3205,"JC Medical Center",40.71653978099194,-74.0496379137039,3213,"Van Vorst Park",40.71848892,-74.047726625,26257,"Subscriber",1987,1
69,"2018-12-12 13:36:24.6530","2018-12-12 13:37:34.4000",3205,"JC Medical Center",40.71653978099194,-74.0496379137039,3213,"Van Vorst Park",40.71848892,-74.047726625,29652,"Subscriber",1987,1
195,"2018-12-12 13:41:02.6440","2018-12-12 13:44:18.6140",3205,"JC Medical Center",40.71653978099194,-74.0496379137039,3483,"Montgomery St",40.71942,-74.05099,29492,"Subscriber",1987,1
229,"2018-12-12 21:45:59.7890","2018-12-12 21:49:49.3950",3205,"JC Medical Center",40.71653978099194,-74.0496379137039,3186,"Grove St PATH",40.71958611647166,-74.04311746358871,29657,"Subscriber",1976,2
333,"2018-12-12 23:08:13.8430","2018-12-12 23:13:47.4840",3205,"JC Medical Center",40.71653978099194,-74.0496379137039,3268,"Lafayette Park",40.71346382669195,-74.06285852193832,26311,"Customer",1969,0
299,"2018-12-13 07:36:54.0920","2018-12-13 07:41:53.9320",3205,"JC Medical Center",40.71653978099194,-74.0496379137039,3186,"Grove St PATH",40.71958611647166,-74.04311746358871,29507,"Subscriber",1991,2
408,"2018-12-13 07:43:58.0910","2018-12-13 07:50:46.2660",3205,"JC Medical Center",40.71653978099194,-74.0496379137039,3184,"Paulus Hook",40.7141454,-74.0335519,29551,"Subscriber",1988,1
226,"2018-12-13 07:45:11.1240","2018-12-13 07:48:57.9950",3205,"JC Medical Center",40.71653978099194,-74.0496379137039,3186,"Grove St PATH",40.71958611647166,-74.04311746358871,29611,"Subscriber",1992,1
206,"2018-12-13 07:53:54.4400","2018-12-13 07:57:21.0110",3205,"JC Medical Center",40.71653978099194,-74.0496379137039,3186,"Grove St PATH",40.71958611647166,-74.04311746358871,26271,"Subscriber",1989,1
417,"2018-12-13 08:08:04.5920","2018-12-13 08:15:02.3830",3205,"JC Medical Center",40.71653978099194,-74.0496379137039,3278,"Monmouth and 6th",40.72568548362901,-74.04879033565521,29676,"Subscriber",1980,1
255,"2018-12-13 08:11:15.6220","2018-12-13 08:15:30.6290",3205,"JC Medical Center",40.71653978099194,-74.0496379137039,3186,"Grove St PATH",40.71958611647166,-74.04311746358871,29533,"Subscriber",1975,1
215,"2018-12-13 08:33:52.4910","2018-12-13 08:37:27.7130",3205,"JC Medical Center",40.71653978099194,-74.0496379137039,3186,"Grove St PATH",40.71958611647166,-74.04311746358871,29572,"Subscriber",1969,0
230,"2018-12-13 08:38:40.7160","2018-12-13 08:42:30.7370",3205,"JC Medical Center",40.71653978099194,-74.0496379137039,3186,"Grove St PATH",40.71958611647166,-74.04311746358871,26248,"Subscriber",1983,1
170,"2018-12-13 08:46:56.4420","2018-12-13 08:49:47.0260",3205,"JC Medical Center",40.71653978099194,-74.0496379137039,3185,"City Hall",40.7177325,-74.043845,29502,"Subscriber",1984,1
388,"2018-12-13 14:09:17.5280","2018-12-13 14:15:45.6410",3205,"JC Medical Center",40.71653978099194,-74.0496379137039,3214,"Essex Light Rail",40.7127742,-74.0364857,29443,"Subscriber",1985,1
220,"2018-12-13 14:42:27.5040","2018-12-13 14:46:08.3850",3205,"JC Medical Center",40.71653978099194,-74.0496379137039,3186,"Grove St PATH",40.71958611647166,-74.04311746358871,29204,"Subscriber",1976,2
287,"2018-12-13 16:48:39.2530","2018-12-13 16:53:27.0850",3205,"JC Medical Center",40.71653978099194,-74.0496379137039,3211,"Newark Ave",40.72152515,-74.046304543,29516,"Subscriber",1956,1
376,"2018-12-13 17:18:59.3610","2018-12-13 17:25:16.0130",3205,"JC Medical Center",40.71653978099194,-74.0496379137039,3211,"Newark Ave",40.72152515,-74.046304543,26275,"Subscriber",1959,2
368,"2018-12-14 02:06:23.6480","2018-12-14 02:12:31.9570",3205,"JC Medical Center",40.71653978099194,-74.0496379137039,3268,"Lafayette Park",40.71346382669195,-74.06285852193832,26260,"Customer",1991,1
280,"2018-12-14 06:59:19.6270","2018-12-14 07:04:00.2710",3205,"JC Medical Center",40.71653978099194,-74.0496379137039,3186,"Grove St PATH",40.71958611647166,-74.04311746358871,29494,"Subscriber",1976,1
404,"2018-12-14 07:45:49.6750","2018-12-14 07:52:33.9370",3205,"JC Medical Center",40.71653978099194,-74.0496379137039,3184,"Paulus Hook",40.7141454,-74.0335519,29512,"Subscriber",1988,1
224,"2018-12-14 07:50:15.5700","2018-12-14 07:54:00.3010",3205,"JC Medical Center",40.71653978099194,-74.0496379137039,3186,"Grove St PATH",40.71958611647166,-74.04311746358871,29583,"Subscriber",1989,1
296,"2018-12-14 07:53:56.3300","2018-12-14 07:58:53.0290",3205,"JC Medical Center",40.71653978099194,-74.0496379137039,3186,"Grove St PATH",40.71958611647166,-74.04311746358871,29661,"Subscriber",1991,2
328,"2018-12-14 08:10:13.2420","2018-12-14 08:15:41.4640",3205,"JC Medical Center",40.71653978099194,-74.0496379137039,3186,"Grove St PATH",40.71958611647166,-74.04311746358871,29535,"Subscriber",1975,1
219,"2018-12-14 08:30:53.8680","2018-12-14 08:34:33.1300",3205,"JC Medical Center",40.71653978099194,-74.0496379137039,3185,"City Hall",40.7177325,-74.043845,26173,"Subscriber",1984,1
4149,"2018-12-14 10:42:20.3410","2018-12-14 11:51:30.2470",3205,"JC Medical Center",40.71653978099194,-74.0496379137039,3205,"JC Medical Center",40.71653978099194,-74.0496379137039,26280,"Customer",1988,1
374,"2018-12-14 11:53:55.6360","2018-12-14 12:00:10.1690",3205,"JC Medical Center",40.71653978099194,-74.0496379137039,3187,"Warren St",40.7211236,-74.03805095,29258,"Subscriber",1988,1
497,"2018-12-14 15:49:33.2830","2018-12-14 15:57:51.1160",3205,"JC Medical Center",40.71653978099194,-74.0496379137039,3203,"Hamilton Park",40.727595966,-74.044247311,26280,"Subscriber",1978,1
342,"2018-12-14 16:27:09.7800","2018-12-14 16:32:52.2000",3205,"JC Medical Center",40.71653978099194,-74.0496379137039,3270,"Jersey & 6th St",40.72528910781132,-74.04557168483734,26291,"Subscriber",1977,1
236,"2018-12-14 18:18:26.5870","2018-12-14 18:22:23.2680",3205,"JC Medical Center",40.71653978099194,-74.0496379137039,3186,"Grove St PATH",40.71958611647166,-74.04311746358871,26266,"Subscriber",1976,2
382,"2018-12-14 18:25:52.1470","2018-12-14 18:32:14.6300",3205,"JC Medical Center",40.71653978099194,-74.0496379137039,3192,"Liberty Light Rail",40.7112423,-74.0557013,29655,"Subscriber",1987,1
350,"2018-12-14 20:14:49.4560","2018-12-14 20:20:39.7220",3205,"JC Medical Center",40.71653978099194,-74.0496379137039,3270,"Jersey & 6th St",40.72528910781132,-74.04557168483734,29507,"Subscriber",1978,1
173,"2018-12-15 09:23:22.9840","2018-12-15 09:26:16.2870",3205,"JC Medical Center",40.71653978099194,-74.0496379137039,3211,"Newark Ave",40.72152515,-74.046304543,26158,"Subscriber",1991,2
717,"2018-12-15 10:01:52.9430","2018-12-15 10:13:50.9040",3205,"JC Medical Center",40.71653978099194,-74.0496379137039,3213,"Van Vorst Park",40.71848892,-74.047726625,26244,"Subscriber",1968,1
233,"2018-12-15 11:51:41.4200","2018-12-15 11:55:35.1730",3205,"JC Medical Center",40.71653978099194,-74.0496379137039,3186,"Grove St PATH",40.71958611647166,-74.04311746358871,29220,"Subscriber",1992,1
419,"2018-12-15 14:18:23.7060","2018-12-15 14:25:23.3580",3205,"JC Medical Center",40.71653978099194,-74.0496379137039,3186,"Grove St PATH",40.71958611647166,-74.04311746358871,26158,"Subscriber",1991,2
2480,"2018-12-15 15:31:46.3530","2018-12-15 16:13:06.8370",3205,"JC Medical Center",40.71653978099194,-74.0496379137039,3681,"Grand St",40.71517767732029,-74.03768330812454,29231,"Subscriber",1990,2
316,"2018-12-15 15:36:39.3610","2018-12-15 15:41:55.4640",3205,"JC Medical Center",40.71653978099194,-74.0496379137039,3203,"Hamilton Park",40.727595966,-74.044247311,26170,"Subscriber",1976,1
737,"2018-12-15 16:41:59.9000","2018-12-15 16:54:17.8290",3205,"JC Medical Center",40.71653978099194,-74.0496379137039,3202,"Newport PATH",40.7272235,-74.0337589,29480,"Subscriber",1988,2
278,"2018-12-15 19:27:56.1540","2018-12-15 19:32:34.2400",3205,"JC Medical Center",40.71653978099194,-74.0496379137039,3211,"Newark Ave",40.72152515,-74.046304543,29655,"Subscriber",1995,2
270,"2018-12-15 19:27:58.7370","2018-12-15 19:32:29.6220",3205,"JC Medical Center",40.71653978099194,-74.0496379137039,3211,"Newark Ave",40.72152515,-74.046304543,29231,"Subscriber",1990,1
700,"2018-12-15 19:36:16.5570","2018-12-15 19:47:57.4710",3205,"JC Medical Center",40.71653978099194,-74.0496379137039,3679,"Bergen Ave",40.722103786686034,-74.07145500183105,29220,"Subscriber",1985,1
541,"2018-12-15 22:51:53.3230","2018-12-15 23:00:54.9470",3205,"JC Medical Center",40.71653978099194,-74.0496379137039,3203,"Hamilton Park",40.727595966,-74.044247311,26300,"Subscriber",1970,2
202,"2018-12-16 08:52:56.7830","2018-12-16 08:56:19.1120",3205,"JC Medical Center",40.71653978099194,-74.0496379137039,3186,"Grove St PATH",40.71958611647166,-74.04311746358871,26158,"Subscriber",1969,0
211,"2018-12-16 12:16:50.7690","2018-12-16 12:20:21.7740",3205,"JC Medical Center",40.71653978099194,-74.0496379137039,3272,"Jersey & 3rd",40.72333158646436,-74.04595255851744,29212,"Subscriber",1982,1
171,"2018-12-16 12:39:00.9630","2018-12-16 12:41:52.1050",3205,"JC Medical Center",40.71653978099194,-74.0496379137039,3276,"Marin Light Rail",40.71458403535893,-74.04281705617905,29530,"Subscriber",1994,1
313,"2018-12-17 07:13:34.3210","2018-12-17 07:18:47.7640",3205,"JC Medical Center",40.71653978099194,-74.0496379137039,3186,"Grove St PATH",40.71958611647166,-74.04311746358871,29209,"Subscriber",1991,2
310,"2018-12-17 07:13:40.1640","2018-12-17 07:18:50.5360",3205,"JC Medical Center",40.71653978099194,-74.0496379137039,3186,"Grove St PATH",40.71958611647166,-74.04311746358871,26279,"Subscriber",1984,1
369,"2018-12-17 07:40:18.0900","2018-12-17 07:46:27.0950",3205,"JC Medical Center",40.71653978099194,-74.0496379137039,3184,"Paulus Hook",40.7141454,-74.0335519,29207,"Subscriber",1988,1
195,"2018-12-17 07:42:26.5670","2018-12-17 07:45:41.6940",3205,"JC Medical Center",40.71653978099194,-74.0496379137039,3186,"Grove St PATH",40.71958611647166,-74.04311746358871,26167,"Subscriber",1992,1
264,"2018-12-17 08:04:23.7490","2018-12-17 08:08:48.0270",3205,"JC Medical Center",40.71653978099194,-74.0496379137039,3186,"Grove St PATH",40.71958611647166,-74.04311746358871,26292,"Subscriber",1989,1
177,"2018-12-17 10:56:28.1980","2018-12-17 10:59:25.5250",3205,"JC Medical Center",40.71653978099194,-74.0496379137039,3681,"Grand St",40.71517767732029,-74.03768330812454,29286,"Subscriber",1990,1
229,"2018-12-17 11:29:20.7590","2018-12-17 11:33:10.5840",3205,"JC Medical Center",40.71653978099194,-74.0496379137039,3276,"Marin Light Rail",40.71458403535893,-74.04281705617905,26283,"Subscriber",1994,1
5986,"2018-12-17 12:20:44.1030","2018-12-17 14:00:30.8510",3205,"JC Medical Center",40.71653978099194,-74.0496379137039,3276,"Marin Light Rail",40.71458403535893,-74.04281705617905,29553,"Customer",1969,0
5926,"2018-12-17 12:21:47.6980","2018-12-17 14:00:34.1230",3205,"JC Medical Center",40.71653978099194,-74.0496379137039,3276,"Marin Light Rail",40.71458403535893,-74.04281705617905,26293,"Customer",1969,0
5851,"2018-12-17 12:23:08.2140","2018-12-17 14:00:39.2890",3205,"JC Medical Center",40.71653978099194,-74.0496379137039,3276,"Marin Light Rail",40.71458403535893,-74.04281705617905,26257,"Customer",1969,0
2229,"2018-12-17 12:30:33.1420","2018-12-17 13:07:42.2290",3205,"JC Medical Center",40.71653978099194,-74.0496379137039,3205,"JC Medical Center",40.71653978099194,-74.0496379137039,29608,"Subscriber",1978,2
228,"2018-12-17 15:43:40.7250","2018-12-17 15:47:28.7390",3205,"JC Medical Center",40.71653978099194,-74.0496379137039,3186,"Grove St PATH",40.71958611647166,-74.04311746358871,29548,"Subscriber",1976,2
1005,"2018-12-17 17:06:14.5760","2018-12-17 17:23:00.4120",3205,"JC Medical Center",40.71653978099194,-74.0496379137039,3275,"Columbus Drive",40.71835519823214,-74.03891444206238,29492,"Subscriber",1988,2
286,"2018-12-17 17:40:01.1050","2018-12-17 17:44:47.4770",3205,"JC Medical Center",40.71653978099194,-74.0496379137039,3186,"Grove St PATH",40.71958611647166,-74.04311746358871,29608,"Subscriber",1978,1
390,"2018-12-18 07:36:01.3840","2018-12-18 07:42:32.0630",3205,"JC Medical Center",40.71653978099194,-74.0496379137039,3184,"Paulus Hook",40.7141454,-74.0335519,26244,"Subscriber",1988,1
279,"2018-12-18 07:48:49.2310","2018-12-18 07:53:28.8590",3205,"JC Medical Center",40.71653978099194,-74.0496379137039,3186,"Grove St PATH",40.71958611647166,-74.04311746358871,29663,"Subscriber",1991,2
278,"2018-12-18 07:48:49.7050","2018-12-18 07:53:28.1990",3205,"JC Medical Center",40.71653978099194,-74.0496379137039,3186,"Grove St PATH",40.71958611647166,-74.04311746358871,29665,"Subscriber",1984,1
252,"2018-12-18 07:49:50.4200","2018-12-18 07:54:02.9230",3205,"JC Medical Center",40.71653978099194,-74.0496379137039,3211,"Newark Ave",40.72152515,-74.046304543,29616,"Subscriber",1986,1
228,"2018-12-18 07:56:36.0500","2018-12-18 08:00:24.4640",3205,"JC Medical Center",40.71653978099194,-74.0496379137039,3186,"Grove St PATH",40.71958611647166,-74.04311746358871,29207,"Subscriber",1989,1
194,"2018-12-18 08:19:34.6480","2018-12-18 08:22:49.5830",3205,"JC Medical Center",40.71653978099194,-74.0496379137039,3186,"Grove St PATH",40.71958611647166,-74.04311746358871,29607,"Subscriber",1983,1
191,"2018-12-18 15:35:55.9310","2018-12-18 15:39:06.9980",3205,"JC Medical Center",40.71653978099194,-74.0496379137039,3211,"Newark Ave",40.72152515,-74.046304543,26311,"Subscriber",1956,1
304,"2018-12-18 16:05:41.1980","2018-12-18 16:10:45.6400",3205,"JC Medical Center",40.71653978099194,-74.0496379137039,3209,"Brunswick St",40.7241765,-74.0506564,29284,"Subscriber",1980,1
418,"2018-12-18 16:51:49.8910","2018-12-18 16:58:48.6480",3205,"JC Medical Center",40.71653978099194,-74.0496379137039,3187,"Warren St",40.7211236,-74.03805095,29293,"Subscriber",1988,2
333,"2018-12-18 18:32:05.3210","2018-12-18 18:37:39.0120",3205,"JC Medical Center",40.71653978099194,-74.0496379137039,3192,"Liberty Light Rail",40.7112423,-74.0557013,26173,"Subscriber",1987,1
215,"2018-12-18 19:51:25.3890","2018-12-18 19:55:00.8450",3205,"JC Medical Center",40.71653978099194,-74.0496379137039,3185,"City Hall",40.7177325,-74.043845,29554,"Subscriber",1964,1
147,"2018-12-19 07:26:40.9780","2018-12-19 07:29:08.3470",3205,"JC Medical Center",40.71653978099194,-74.0496379137039,3185,"City Hall",40.7177325,-74.043845,29583,"Subscriber",1990,2
252,"2018-12-19 07:29:13.7840","2018-12-19 07:33:26.7360",3205,"JC Medical Center",40.71653978099194,-74.0496379137039,3186,"Grove St PATH",40.71958611647166,-74.04311746358871,29506,"Subscriber",1992,1
411,"2018-12-19 07:43:44.4830","2018-12-19 07:50:35.7450",3205,"JC Medical Center",40.71653978099194,-74.0496379137039,3184,"Paulus Hook",40.7141454,-74.0335519,29296,"Subscriber",1988,1
243,"2018-12-19 07:46:15.7140","2018-12-19 07:50:19.4260",3205,"JC Medical Center",40.71653978099194,-74.0496379137039,3186,"Grove St PATH",40.71958611647166,-74.04311746358871,26196,"Subscriber",1984,1
222,"2018-12-19 07:46:32.9910","2018-12-19 07:50:15.3820",3205,"JC Medical Center",40.71653978099194,-74.0496379137039,3186,"Grove St PATH",40.71958611647166,-74.04311746358871,29607,"Subscriber",1991,2
184,"2018-12-19 07:58:15.0490","2018-12-19 08:01:19.9170",3205,"JC Medical Center",40.71653978099194,-74.0496379137039,3185,"City Hall",40.7177325,-74.043845,29523,"Subscriber",1992,1
237,"2018-12-19 08:00:09.1020","2018-12-19 08:04:07.0470",3205,"JC Medical Center",40.71653978099194,-74.0496379137039,3186,"Grove St PATH",40.71958611647166,-74.04311746358871,29490,"Subscriber",1989,1
647,"2018-12-19 10:13:05.0980","2018-12-19 10:23:52.6310",3205,"JC Medical Center",40.71653978099194,-74.0496379137039,3203,"Hamilton Park",40.727595966,-74.044247311,26213,"Subscriber",1978,1
197,"2018-12-19 12:39:40.4200","2018-12-19 12:42:57.7760",3205,"JC Medical Center",40.71653978099194,-74.0496379137039,3211,"Newark Ave",40.72152515,-74.046304543,29452,"Subscriber",1956,1
504,"2018-12-19 12:54:36.1210","2018-12-19 13:03:00.2040",3205,"JC Medical Center",40.71653978099194,-74.0496379137039,3184,"Paulus Hook",40.7141454,-74.0335519,29503,"Subscriber",1980,2
131,"2018-12-19 13:09:14.9930","2018-12-19 13:11:26.2880",3205,"JC Medical Center",40.71653978099194,-74.0496379137039,3483,"Montgomery St",40.71942,-74.05099,29199,"Subscriber",1987,1
555,"2018-12-19 15:43:38.4670","2018-12-19 15:52:54.1870",3205,"JC Medical Center",40.71653978099194,-74.0496379137039,3268,"Lafayette Park",40.71346382669195,-74.06285852193832,29578,"Subscriber",1977,2
199,"2018-12-19 15:46:18.6680","2018-12-19 15:49:38.1000",3205,"JC Medical Center",40.71653978099194,-74.0496379137039,3211,"Newark Ave",40.72152515,-74.046304543,29495,"Subscriber",1956,1
477,"2018-12-19 17:35:30.8890","2018-12-19 17:43:28.8510",3205,"JC Medical Center",40.71653978099194,-74.0496379137039,3187,"Warren St",40.7211236,-74.03805095,29542,"Subscriber",1969,1
195,"2018-12-19 18:41:04.8480","2018-12-19 18:44:20.4230",3205,"JC Medical Center",40.71653978099194,-74.0496379137039,3186,"Grove St PATH",40.71958611647166,-74.04311746358871,29534,"Subscriber",1976,2
209,"2018-12-19 19:01:48.2260","2018-12-19 19:05:18.1080",3205,"JC Medical Center",40.71653978099194,-74.0496379137039,3681,"Grand St",40.71517767732029,-74.03768330812454,29493,"Subscriber",1990,1
623,"2018-12-19 20:31:43.9620","2018-12-19 20:42:07.3570",3205,"JC Medical Center",40.71653978099194,-74.0496379137039,3679,"Bergen Ave",40.722103786686034,-74.07145500183105,29459,"Subscriber",1985,1
271,"2018-12-20 07:00:59.3490","2018-12-20 07:05:30.4960",3205,"JC Medical Center",40.71653978099194,-74.0496379137039,3186,"Grove St PATH",40.71958611647166,-74.04311746358871,29452,"Subscriber",1984,1
328,"2018-12-20 07:39:53.2720","2018-12-20 07:45:21.9310",3205,"JC Medical Center",40.71653978099194,-74.0496379137039,3184,"Paulus Hook",40.7141454,-74.0335519,29525,"Subscriber",1988,1
219,"2018-12-20 07:47:12.1620","2018-12-20 07:50:51.3120",3205,"JC Medical Center",40.71653978099194,-74.0496379137039,3186,"Grove St PATH",40.71958611647166,-74.04311746358871,26203,"Subscriber",1992,1
333,"2018-12-20 07:48:08.0780","2018-12-20 07:53:41.6040",3205,"JC Medical Center",40.71653978099194,-74.0496379137039,3186,"Grove St PATH",40.71958611647166,-74.04311746358871,29283,"Subscriber",1991,2
193,"2018-12-20 07:54:21.7150","2018-12-20 07:57:35.3550",3205,"JC Medical Center",40.71653978099194,-74.0496379137039,3186,"Grove St PATH",40.71958611647166,-74.04311746358871,29487,"Subscriber",1989,1
221,"2018-12-20 08:08:36.3660","2018-12-20 08:12:18.3410",3205,"JC Medical Center",40.71653978099194,-74.0496379137039,3185,"City Hall",40.7177325,-74.043845,29212,"Subscriber",1984,1
232,"2018-12-20 16:08:00.9660","2018-12-20 16:11:53.0600",3205,"JC Medical Center",40.71653978099194,-74.0496379137039,3211,"Newark Ave",40.72152515,-74.046304543,29301,"Subscriber",1956,1
239,"2018-12-20 18:06:11.1690","2018-12-20 18:10:11.1360",3205,"JC Medical Center",40.71653978099194,-74.0496379137039,3186,"Grove St PATH",40.71958611647166,-74.04311746358871,29542,"Subscriber",1976,2
532,"2018-12-20 19:39:25.5050","2018-12-20 19:48:18.3530",3205,"JC Medical Center",40.71653978099194,-74.0496379137039,3639,"Harborside",40.7192517,-74.034234,29536,"Subscriber",1990,1
200,"2018-12-21 14:24:17.3310","2018-12-21 14:27:37.9430",3205,"JC Medical Center",40.71653978099194,-74.0496379137039,3186,"Grove St PATH",40.71958611647166,-74.04311746358871,26264,"Subscriber",1976,2
270,"2018-12-21 15:09:01.9990","2018-12-21 15:13:32.8590",3205,"JC Medical Center",40.71653978099194,-74.0496379137039,3272,"Jersey & 3rd",40.72333158646436,-74.04595255851744,29241,"Subscriber",1977,1
232,"2018-12-21 15:40:33.1080","2018-12-21 15:44:25.3130",3205,"JC Medical Center",40.71653978099194,-74.0496379137039,3211,"Newark Ave",40.72152515,-74.046304543,26284,"Subscriber",1956,1
211,"2018-12-21 21:29:43.6220","2018-12-21 21:33:14.6960",3205,"JC Medical Center",40.71653978099194,-74.0496379137039,3186,"Grove St PATH",40.71958611647166,-74.04311746358871,29496,"Subscriber",1976,2
293,"2018-12-22 13:49:47.5470","2018-12-22 13:54:40.7800",3205,"JC Medical Center",40.71653978099194,-74.0496379137039,3186,"Grove St PATH",40.71958611647166,-74.04311746358871,29272,"Subscriber",1992,1
263,"2018-12-22 14:12:43.0910","2018-12-22 14:17:06.9040",3205,"JC Medical Center",40.71653978099194,-74.0496379137039,3273,"Manila & 1st",40.721650724879986,-74.04288411140442,29286,"Subscriber",1975,1
155694,"2018-12-22 14:54:08.2190","2018-12-24 10:09:02.8490",3205,"JC Medical Center",40.71653978099194,-74.0496379137039,3279,"Dixon Mills",40.721630142638354,-74.04996782541275,29476,"Subscriber",1968,2
246,"2018-12-22 18:51:23.3910","2018-12-22 18:55:29.8950",3205,"JC Medical Center",40.71653978099194,-74.0496379137039,3185,"City Hall",40.7177325,-74.043845,29674,"Subscriber",1964,1
173,"2018-12-22 19:06:05.5870","2018-12-22 19:08:59.0390",3205,"JC Medical Center",40.71653978099194,-74.0496379137039,3186,"Grove St PATH",40.71958611647166,-74.04311746358871,26242,"Subscriber",1976,2
343,"2018-12-22 20:47:46.6190","2018-12-22 20:53:30.3630",3205,"JC Medical Center",40.71653978099194,-74.0496379137039,3279,"Dixon Mills",40.721630142638354,-74.04996782541275,26287,"Subscriber",1992,1
182,"2018-12-23 08:55:25.1110","2018-12-23 08:58:28.1010",3205,"JC Medical Center",40.71653978099194,-74.0496379137039,3186,"Grove St PATH",40.71958611647166,-74.04311746358871,26254,"Subscriber",1969,0
161,"2018-12-23 11:23:02.4820","2018-12-23 11:25:43.6210",3205,"JC Medical Center",40.71653978099194,-74.0496379137039,3186,"Grove St PATH",40.71958611647166,-74.04311746358871,29492,"Subscriber",1976,2
541,"2018-12-23 12:29:37.6600","2018-12-23 12:38:38.7860",3205,"JC Medical Center",40.71653978099194,-74.0496379137039,3211,"Newark Ave",40.72152515,-74.046304543,29608,"Subscriber",1975,1
587,"2018-12-23 13:36:02.5610","2018-12-23 13:45:50.3960",3205,"JC Medical Center",40.71653978099194,-74.0496379137039,3639,"Harborside",40.7192517,-74.034234,29450,"Subscriber",1985,2
148,"2018-12-23 13:41:20.5750","2018-12-23 13:43:48.9360",3205,"JC Medical Center",40.71653978099194,-74.0496379137039,3205,"JC Medical Center",40.71653978099194,-74.0496379137039,29209,"Subscriber",1993,1
1777,"2018-12-23 13:44:07.9840","2018-12-23 14:13:45.4490",3205,"JC Medical Center",40.71653978099194,-74.0496379137039,3205,"JC Medical Center",40.71653978099194,-74.0496379137039,29553,"Subscriber",1993,1
107,"2018-12-23 16:01:44.3700","2018-12-23 16:03:31.8150",3205,"JC Medical Center",40.71653978099194,-74.0496379137039,3213,"Van Vorst Park",40.71848892,-74.047726625,29553,"Subscriber",1975,1
998,"2018-12-23 17:13:39.6700","2018-12-23 17:30:18.1060",3205,"JC Medical Center",40.71653978099194,-74.0496379137039,3276,"Marin Light Rail",40.71458403535893,-74.04281705617905,29598,"Subscriber",1994,0
223,"2018-12-23 19:02:19.4970","2018-12-23 19:06:02.6750",3205,"JC Medical Center",40.71653978099194,-74.0496379137039,3185,"City Hall",40.7177325,-74.043845,26286,"Subscriber",1964,1
432,"2018-12-23 19:05:53.0740","2018-12-23 19:13:05.7360",3205,"JC Medical Center",40.71653978099194,-74.0496379137039,3268,"Lafayette Park",40.71346382669195,-74.06285852193832,29443,"Subscriber",1987,1
342,"2018-12-24 00:06:29.8700","2018-12-24 00:12:11.9910",3205,"JC Medical Center",40.71653978099194,-74.0496379137039,3203,"Hamilton Park",40.727595966,-74.044247311,26309,"Customer",1983,1
427,"2018-12-24 06:55:12.1940","2018-12-24 07:02:19.6360",3205,"JC Medical Center",40.71653978099194,-74.0496379137039,3203,"Hamilton Park",40.727595966,-74.044247311,26279,"Subscriber",1985,2
259,"2018-12-24 08:01:10.7200","2018-12-24 08:05:30.3590",3205,"JC Medical Center",40.71653978099194,-74.0496379137039,3186,"Grove St PATH",40.71958611647166,-74.04311746358871,29292,"Subscriber",1992,1
276,"2018-12-24 13:34:25.4340","2018-12-24 13:39:02.3260",3205,"JC Medical Center",40.71653978099194,-74.0496379137039,3211,"Newark Ave",40.72152515,-74.046304543,29492,"Subscriber",1964,1
258,"2018-12-24 15:29:45.6940","2018-12-24 15:34:03.9750",3205,"JC Medical Center",40.71653978099194,-74.0496379137039,3186,"Grove St PATH",40.71958611647166,-74.04311746358871,26261,"Subscriber",1956,1
81,"2018-12-25 11:24:22.6270","2018-12-25 11:25:43.9850",3205,"JC Medical Center",40.71653978099194,-74.0496379137039,3213,"Van Vorst Park",40.71848892,-74.047726625,29254,"Subscriber",1962,1
484,"2018-12-25 16:50:27.7290","2018-12-25 16:58:32.3600",3205,"JC Medical Center",40.71653978099194,-74.0496379137039,3187,"Warren St",40.7211236,-74.03805095,29254,"Subscriber",1973,2
193,"2018-12-25 19:09:05.1570","2018-12-25 19:12:18.3210",3205,"JC Medical Center",40.71653978099194,-74.0496379137039,3185,"City Hall",40.7177325,-74.043845,26261,"Subscriber",1964,1
627,"2018-12-26 08:57:08.0790","2018-12-26 09:07:35.2890",3205,"JC Medical Center",40.71653978099194,-74.0496379137039,3202,"Newport PATH",40.7272235,-74.0337589,29230,"Subscriber",1958,1
303,"2018-12-26 15:05:17.9590","2018-12-26 15:10:21.4960",3205,"JC Medical Center",40.71653978099194,-74.0496379137039,3186,"Grove St PATH",40.71958611647166,-74.04311746358871,29554,"Subscriber",1956,1
447,"2018-12-26 19:00:19.9840","2018-12-26 19:07:47.1140",3205,"JC Medical Center",40.71653978099194,-74.0496379137039,3203,"Hamilton Park",40.727595966,-74.044247311,29677,"Subscriber",1976,2
293,"2018-12-26 19:02:44.8890","2018-12-26 19:07:38.3500",3205,"JC Medical Center",40.71653978099194,-74.0496379137039,3185,"City Hall",40.7177325,-74.043845,26266,"Subscriber",1964,1
386,"2018-12-27 07:55:56.7320","2018-12-27 08:02:23.2100",3205,"JC Medical Center",40.71653978099194,-74.0496379137039,3184,"Paulus Hook",40.7141454,-74.0335519,29485,"Subscriber",1988,1
241,"2018-12-27 08:06:21.9870","2018-12-27 08:10:23.4510",3205,"JC Medical Center",40.71653978099194,-74.0496379137039,3186,"Grove St PATH",40.71958611647166,-74.04311746358871,26204,"Subscriber",1992,1
227,"2018-12-27 10:19:24.4330","2018-12-27 10:23:12.1730",3205,"JC Medical Center",40.71653978099194,-74.0496379137039,3186,"Grove St PATH",40.71958611647166,-74.04311746358871,29122,"Subscriber",1966,1
683,"2018-12-27 10:51:46.6690","2018-12-27 11:03:10.5740",3205,"JC Medical Center",40.71653978099194,-74.0496379137039,3186,"Grove St PATH",40.71958611647166,-74.04311746358871,29284,"Subscriber",1997,1
220,"2018-12-27 11:37:16.2500","2018-12-27 11:40:56.7120",3205,"JC Medical Center",40.71653978099194,-74.0496379137039,3186,"Grove St PATH",40.71958611647166,-74.04311746358871,29522,"Subscriber",1956,1
162,"2018-12-27 12:33:22.5910","2018-12-27 12:36:05.0260",3205,"JC Medical Center",40.71653978099194,-74.0496379137039,3185,"City Hall",40.7177325,-74.043845,29517,"Subscriber",1984,1
315,"2018-12-27 14:17:05.2310","2018-12-27 14:22:20.4940",3205,"JC Medical Center",40.71653978099194,-74.0496379137039,3186,"Grove St PATH",40.71958611647166,-74.04311746358871,26291,"Subscriber",1984,1
550,"2018-12-27 14:21:39.4060","2018-12-27 14:30:50.0340",3205,"JC Medical Center",40.71653978099194,-74.0496379137039,3225,"Baldwin at Montgomery",40.7236589,-74.0641943,29533,"Customer",1967,1
122,"2018-12-27 14:44:09.6190","2018-12-27 14:46:12.3720",3205,"JC Medical Center",40.71653978099194,-74.0496379137039,3213,"Van Vorst Park",40.71848892,-74.047726625,29529,"Subscriber",1978,1
271,"2018-12-27 16:05:44.5660","2018-12-27 16:10:16.4920",3205,"JC Medical Center",40.71653978099194,-74.0496379137039,3186,"Grove St PATH",40.71958611647166,-74.04311746358871,29495,"Subscriber",1991,2
352,"2018-12-27 16:30:57.2710","2018-12-27 16:36:49.5740",3205,"JC Medical Center",40.71653978099194,-74.0496379137039,3192,"Liberty Light Rail",40.7112423,-74.0557013,26220,"Subscriber",1992,1
283,"2018-12-27 17:02:22.8710","2018-12-27 17:07:06.6520",3205,"JC Medical Center",40.71653978099194,-74.0496379137039,3186,"Grove St PATH",40.71958611647166,-74.04311746358871,29609,"Subscriber",1990,2
328,"2018-12-27 17:53:48.4740","2018-12-27 17:59:17.3180",3205,"JC Medical Center",40.71653978099194,-74.0496379137039,3211,"Newark Ave",40.72152515,-74.046304543,29273,"Subscriber",1978,1
5161,"2018-12-28 15:01:05.7590","2018-12-28 16:27:07.5060",3205,"JC Medical Center",40.71653978099194,-74.0496379137039,3205,"JC Medical Center",40.71653978099194,-74.0496379137039,29517,"Customer",1986,2
5141,"2018-12-28 15:01:29.2890","2018-12-28 16:27:11.0950",3205,"JC Medical Center",40.71653978099194,-74.0496379137039,3205,"JC Medical Center",40.71653978099194,-74.0496379137039,26255,"Customer",1986,1
5144,"2018-12-28 15:02:17.9780","2018-12-28 16:28:01.9870",3205,"JC Medical Center",40.71653978099194,-74.0496379137039,3205,"JC Medical Center",40.71653978099194,-74.0496379137039,29472,"Customer",1990,2
4973,"2018-12-28 15:04:40.3640","2018-12-28 16:27:34.1620",3205,"JC Medical Center",40.71653978099194,-74.0496379137039,3205,"JC Medical Center",40.71653978099194,-74.0496379137039,26164,"Customer",1989,1
3606,"2018-12-29 08:26:18.6800","2018-12-29 09:26:25.5410",3205,"JC Medical Center",40.71653978099194,-74.0496379137039,3279,"Dixon Mills",40.721630142638354,-74.04996782541275,29517,"Customer",1969,0
337,"2018-12-29 08:29:27.8360","2018-12-29 08:35:05.7130",3205,"JC Medical Center",40.71653978099194,-74.0496379137039,3186,"Grove St PATH",40.71958611647166,-74.04311746358871,26255,"Subscriber",1997,1
2926,"2018-12-29 08:48:39.3000","2018-12-29 09:37:26.1000",3205,"JC Medical Center",40.71653978099194,-74.0496379137039,3205,"JC Medical Center",40.71653978099194,-74.0496379137039,29597,"Customer",1989,1
794,"2018-12-29 12:39:29.3800","2018-12-29 12:52:43.4150",3205,"JC Medical Center",40.71653978099194,-74.0496379137039,3209,"Brunswick St",40.7241765,-74.0506564,29597,"Customer",1992,1
2344,"2018-12-29 12:40:48.4200","2018-12-29 13:19:52.5210",3205,"JC Medical Center",40.71653978099194,-74.0496379137039,3199,"Newport Pkwy",40.7287448,-74.0321082,26164,"Subscriber",1993,1
751,"2018-12-29 12:42:09.1110","2018-12-29 12:54:40.1150",3205,"JC Medical Center",40.71653978099194,-74.0496379137039,3209,"Brunswick St",40.7241765,-74.0506564,29472,"Customer",1992,2
71,"2018-12-29 13:17:16.5970","2018-12-29 13:18:27.9010",3205,"JC Medical Center",40.71653978099194,-74.0496379137039,3213,"Van Vorst Park",40.71848892,-74.047726625,29215,"Subscriber",1987,1
5774,"2018-12-29 13:24:23.6040","2018-12-29 15:00:38.1790",3205,"JC Medical Center",40.71653978099194,-74.0496379137039,3205,"JC Medical Center",40.71653978099194,-74.0496379137039,29549,"Customer",1993,2
5777,"2018-12-29 13:24:35.4690","2018-12-29 15:00:52.6130",3205,"JC Medical Center",40.71653978099194,-74.0496379137039,3205,"JC Medical Center",40.71653978099194,-74.0496379137039,29481,"Customer",1992,1
662,"2018-12-29 14:54:15.4020","2018-12-29 15:05:18.2060",3205,"JC Medical Center",40.71653978099194,-74.0496379137039,3186,"Grove St PATH",40.71958611647166,-74.04311746358871,26233,"Customer",1969,0
659,"2018-12-29 14:54:36.4810","2018-12-29 15:05:35.9590",3205,"JC Medical Center",40.71653978099194,-74.0496379137039,3186,"Grove St PATH",40.71958611647166,-74.04311746358871,29230,"Customer",1969,0
224,"2018-12-29 18:37:12.4270","2018-12-29 18:40:57.1610",3205,"JC Medical Center",40.71653978099194,-74.0496379137039,3211,"Newark Ave",40.72152515,-74.046304543,29481,"Subscriber",1975,1
273,"2018-12-30 02:44:40.0000","2018-12-30 02:49:13.6720",3205,"JC Medical Center",40.71653978099194,-74.0496379137039,3211,"Newark Ave",40.72152515,-74.046304543,26291,"Subscriber",1964,1
2321,"2018-12-30 13:06:23.7770","2018-12-30 13:45:04.9230",3205,"JC Medical Center",40.71653978099194,-74.0496379137039,3192,"Liberty Light Rail",40.7112423,-74.0557013,26230,"Subscriber",1994,1
618,"2018-12-30 14:50:15.0780","2018-12-30 15:00:33.6070",3205,"JC Medical Center",40.71653978099194,-74.0496379137039,3638,"Washington St",40.7242941,-74.0354826,29491,"Subscriber",1981,1
371,"2018-12-31 07:45:06.5250","2018-12-31 07:51:17.7840",3205,"JC Medical Center",40.71653978099194,-74.0496379137039,3184,"Paulus Hook",40.7141454,-74.0335519,26261,"Subscriber",1988,1
212,"2018-12-31 08:10:24.4250","2018-12-31 08:13:57.2080",3205,"JC Medical Center",40.71653978099194,-74.0496379137039,3186,"Grove St PATH",40.71958611647166,-74.04311746358871,29549,"Subscriber",1989,1
329,"2018-12-31 08:50:08.2540","2018-12-31 08:55:37.8940",3205,"JC Medical Center",40.71653978099194,-74.0496379137039,3186,"Grove St PATH",40.71958611647166,-74.04311746358871,29492,"Subscriber",1984,1
329,"2018-12-31 08:50:00.4350","2018-12-31 08:55:30.1720",3205,"JC Medical Center",40.71653978099194,-74.0496379137039,3186,"Grove St PATH",40.71958611647166,-74.04311746358871,29453,"Subscriber",1991,2
370,"2018-12-31 10:23:54.1040","2018-12-31 10:30:04.8540",3205,"JC Medical Center",40.71653978099194,-74.0496379137039,3214,"Essex Light Rail",40.7127742,-74.0364857,26174,"Subscriber",1981,1
446,"2018-12-31 10:40:58.1830","2018-12-31 10:48:25.0620",3205,"JC Medical Center",40.71653978099194,-74.0496379137039,3183,"Exchange Place",40.7162469,-74.0334588,29213,"Subscriber",1985,1
217,"2018-12-31 19:10:19.3720","2018-12-31 19:13:56.8400",3205,"JC Medical Center",40.71653978099194,-74.0496379137039,3186,"Grove St PATH",40.71958611647166,-74.04311746358871,26200,"Subscriber",1976,2
356,"2018-12-01 01:13:20.9270","2018-12-01 01:19:17.2890",3206,"Hilltop",40.7311689,-74.0575736,3212,"Christ Hospital",40.734785818,-74.050443636,29576,"Subscriber",1994,2
729,"2018-12-01 09:05:01.8370","2018-12-01 09:17:11.0280",3206,"Hilltop",40.7311689,-74.0575736,3198,"Heights Elevator",40.748715945380226,-74.04044330120087,29548,"Subscriber",1982,1
890,"2018-12-01 10:16:38.7310","2018-12-01 10:31:29.3140",3206,"Hilltop",40.7311689,-74.0575736,3186,"Grove St PATH",40.71958611647166,-74.04311746358871,29491,"Subscriber",1984,1
804,"2018-12-01 11:57:25.2350","2018-12-01 12:10:49.7940",3206,"Hilltop",40.7311689,-74.0575736,3483,"Montgomery St",40.71942,-74.05099,29217,"Subscriber",1976,2
781,"2018-12-01 11:57:35.3090","2018-12-01 12:10:36.4310",3206,"Hilltop",40.7311689,-74.0575736,3483,"Montgomery St",40.71942,-74.05099,26236,"Subscriber",1988,1
790,"2018-12-01 13:09:47.9150","2018-12-01 13:22:58.8900",3206,"Hilltop",40.7311689,-74.0575736,3213,"Van Vorst Park",40.71848892,-74.047726625,29207,"Subscriber",1983,1
471,"2018-12-01 13:28:00.5360","2018-12-01 13:35:51.8670",3206,"Hilltop",40.7311689,-74.0575736,3483,"Montgomery St",40.71942,-74.05099,29675,"Subscriber",1994,1
1126,"2018-12-01 15:42:05.5810","2018-12-01 16:00:52.3100",3206,"Hilltop",40.7311689,-74.0575736,3203,"Hamilton Park",40.727595966,-74.044247311,29586,"Customer",1994,1
180,"2018-12-02 10:59:53.1610","2018-12-02 11:02:53.2680",3206,"Hilltop",40.7311689,-74.0575736,3640,"Journal Square",40.73367,-74.0625,29257,"Subscriber",1981,1
244,"2018-12-02 11:33:22.8110","2018-12-02 11:37:27.3020",3206,"Hilltop",40.7311689,-74.0575736,3640,"Journal Square",40.73367,-74.0625,26203,"Subscriber",1969,0
528,"2018-12-02 13:28:45.7590","2018-12-02 13:37:34.4350",3206,"Hilltop",40.7311689,-74.0575736,3209,"Brunswick St",40.7241765,-74.0506564,29217,"Subscriber",1988,2
1061,"2018-12-03 08:06:05.0670","2018-12-03 08:23:47.0450",3206,"Hilltop",40.7311689,-74.0575736,3198,"Heights Elevator",40.748715945380226,-74.04044330120087,26157,"Subscriber",1983,1
244,"2018-12-03 12:31:07.6320","2018-12-03 12:35:12.6160",3206,"Hilltop",40.7311689,-74.0575736,3278,"Monmouth and 6th",40.72568548362901,-74.04879033565521,29245,"Subscriber",1977,1
362,"2018-12-03 13:39:13.1760","2018-12-03 13:45:15.2740",3206,"Hilltop",40.7311689,-74.0575736,3270,"Jersey & 6th St",40.72528910781132,-74.04557168483734,26202,"Subscriber",1991,2
269,"2018-12-03 15:39:53.4910","2018-12-03 15:44:23.2080",3206,"Hilltop",40.7311689,-74.0575736,3278,"Monmouth and 6th",40.72568548362901,-74.04879033565521,29245,"Subscriber",1977,1
591,"2018-12-03 16:30:05.4330","2018-12-03 16:39:56.8640",3206,"Hilltop",40.7311689,-74.0575736,3280,"Astor Place",40.71928220070702,-74.07126188278198,29476,"Subscriber",1976,1
346,"2018-12-03 17:43:01.4920","2018-12-03 17:48:47.5190",3206,"Hilltop",40.7311689,-74.0575736,3212,"Christ Hospital",40.734785818,-74.050443636,29460,"Subscriber",1994,2
240,"2018-12-03 20:03:07.5830","2018-12-03 20:07:07.7270",3206,"Hilltop",40.7311689,-74.0575736,3225,"Baldwin at Montgomery",40.7236589,-74.0641943,26268,"Subscriber",1993,1
509,"2018-12-03 20:36:47.8130","2018-12-03 20:45:17.6270",3206,"Hilltop",40.7311689,-74.0575736,3275,"Columbus Drive",40.71835519823214,-74.03891444206238,26294,"Subscriber",1962,1
247,"2018-12-03 21:56:37.2790","2018-12-03 22:00:44.9230",3206,"Hilltop",40.7311689,-74.0575736,3225,"Baldwin at Montgomery",40.7236589,-74.0641943,29668,"Subscriber",1986,1
203,"2018-12-04 00:13:47.9600","2018-12-04 00:17:11.6640",3206,"Hilltop",40.7311689,-74.0575736,3225,"Baldwin at Montgomery",40.7236589,-74.0641943,29660,"Subscriber",1986,2
1009,"2018-12-04 07:55:35.5220","2018-12-04 08:12:25.3200",3206,"Hilltop",40.7311689,-74.0575736,3198,"Heights Elevator",40.748715945380226,-74.04044330120087,29282,"Subscriber",1983,1
1817,"2018-12-04 09:49:43.4420","2018-12-04 10:20:00.6360",3206,"Hilltop",40.7311689,-74.0575736,3199,"Newport Pkwy",40.7287448,-74.0321082,26318,"Subscriber",1976,2
688,"2018-12-04 15:15:35.0670","2018-12-04 15:27:04.0200",3206,"Hilltop",40.7311689,-74.0575736,3183,"Exchange Place",40.7162469,-74.0334588,29491,"Subscriber",1986,1
382,"2018-12-05 18:42:34.6490","2018-12-05 18:48:57.4990",3206,"Hilltop",40.7311689,-74.0575736,3203,"Hamilton Park",40.727595966,-74.044247311,29261,"Subscriber",1976,2
224,"2018-12-05 20:37:32.8050","2018-12-05 20:41:17.4590",3206,"Hilltop",40.7311689,-74.0575736,3225,"Baldwin at Montgomery",40.7236589,-74.0641943,29227,"Subscriber",1986,1
443,"2018-12-05 22:18:55.6380","2018-12-05 22:26:19.4050",3206,"Hilltop",40.7311689,-74.0575736,3679,"Bergen Ave",40.722103786686034,-74.07145500183105,29676,"Subscriber",1985,2
335,"2018-12-05 22:18:56.8880","2018-12-05 22:24:32.6260",3206,"Hilltop",40.7311689,-74.0575736,3207,"Oakland Ave",40.7376037,-74.0524783,29282,"Subscriber",1993,2
320,"2018-12-06 00:16:38.1650","2018-12-06 00:21:58.2730",3206,"Hilltop",40.7311689,-74.0575736,3207,"Oakland Ave",40.7376037,-74.0524783,29647,"Subscriber",1976,2
509,"2018-12-06 00:31:30.9540","2018-12-06 00:40:00.2950",3206,"Hilltop",40.7311689,-74.0575736,3210,"Pershing Field",40.742677141,-74.051788633,29299,"Subscriber",1995,2
737,"2018-12-06 02:16:08.2830","2018-12-06 02:28:25.7510",3206,"Hilltop",40.7311689,-74.0575736,3281,"Leonard Gordon Park",40.74590996631558,-74.0572714805603,29547,"Subscriber",1989,1
913,"2018-12-06 08:24:49.3870","2018-12-06 08:40:03.2250",3206,"Hilltop",40.7311689,-74.0575736,3198,"Heights Elevator",40.748715945380226,-74.04044330120087,29209,"Subscriber",1983,1
162,"2018-12-06 08:35:09.2330","2018-12-06 08:37:51.6460",3206,"Hilltop",40.7311689,-74.0575736,3195,"Sip Ave",40.73074262530658,-74.06378388404846,26212,"Subscriber",1973,1
1114,"2018-12-06 08:59:01.7170","2018-12-06 09:17:35.7690",3206,"Hilltop",40.7311689,-74.0575736,3640,"Journal Square",40.73367,-74.0625,29207,"Subscriber",1984,1
664,"2018-12-06 09:01:28.9390","2018-12-06 09:12:33.3310",3206,"Hilltop",40.7311689,-74.0575736,3214,"Essex Light Rail",40.7127742,-74.0364857,26262,"Subscriber",1992,2
341,"2018-12-06 14:02:56.9810","2018-12-06 14:08:38.8280",3206,"Hilltop",40.7311689,-74.0575736,3225,"Baldwin at Montgomery",40.7236589,-74.0641943,29252,"Subscriber",1988,2
564,"2018-12-06 19:23:13.9890","2018-12-06 19:32:38.5830",3206,"Hilltop",40.7311689,-74.0575736,3211,"Newark Ave",40.72152515,-74.046304543,29227,"Subscriber",1990,1
454,"2018-12-06 19:25:08.6670","2018-12-06 19:32:43.4900",3206,"Hilltop",40.7311689,-74.0575736,3211,"Newark Ave",40.72152515,-74.046304543,29641,"Subscriber",1990,1
508,"2018-12-06 22:06:14.4600","2018-12-06 22:14:43.2120",3206,"Hilltop",40.7311689,-74.0575736,3275,"Columbus Drive",40.71835519823214,-74.03891444206238,29440,"Subscriber",1990,1
3094,"2018-12-07 03:26:35.5590","2018-12-07 04:18:09.6580",3206,"Hilltop",40.7311689,-74.0575736,3225,"Baldwin at Montgomery",40.7236589,-74.0641943,26174,"Customer",1969,0
534,"2018-12-07 09:20:50.6660","2018-12-07 09:29:45.4670",3206,"Hilltop",40.7311689,-74.0575736,3202,"Newport PATH",40.7272235,-74.0337589,29606,"Subscriber",1988,1
437,"2018-12-07 09:24:26.3870","2018-12-07 09:31:44.1070",3206,"Hilltop",40.7311689,-74.0575736,3183,"Exchange Place",40.7162469,-74.0334588,29653,"Subscriber",1980,1
647,"2018-12-07 09:24:51.3610","2018-12-07 09:35:38.5490",3206,"Hilltop",40.7311689,-74.0575736,3202,"Newport PATH",40.7272235,-74.0337589,26254,"Subscriber",1990,1
609,"2018-12-07 09:25:14.8700","2018-12-07 09:35:24.8250",3206,"Hilltop",40.7311689,-74.0575736,3202,"Newport PATH",40.7272235,-74.0337589,29544,"Subscriber",1990,1
420,"2018-12-07 11:26:18.9820","2018-12-07 11:33:19.5020",3206,"Hilltop",40.7311689,-74.0575736,3211,"Newark Ave",40.72152515,-74.046304543,29516,"Subscriber",1983,1
317,"2018-12-07 14:00:28.9230","2018-12-07 14:05:46.1140",3206,"Hilltop",40.7311689,-74.0575736,3195,"Sip Ave",40.73074262530658,-74.06378388404846,26283,"Subscriber",1998,1
403,"2018-12-07 20:59:51.4110","2018-12-07 21:06:34.6110",3206,"Hilltop",40.7311689,-74.0575736,3212,"Christ Hospital",40.734785818,-74.050443636,26182,"Subscriber",1994,2
524,"2018-12-08 11:56:54.9460","2018-12-08 12:05:39.2960",3206,"Hilltop",40.7311689,-74.0575736,3186,"Grove St PATH",40.71958611647166,-74.04311746358871,26267,"Subscriber",1973,1
280,"2018-12-08 13:39:54.2600","2018-12-08 13:44:34.7620",3206,"Hilltop",40.7311689,-74.0575736,3269,"Brunswick & 6th",40.72601172964625,-74.05038893222809,29260,"Subscriber",1986,1
425,"2018-12-09 08:20:33.5250","2018-12-09 08:27:38.8250",3206,"Hilltop",40.7311689,-74.0575736,3186,"Grove St PATH",40.71958611647166,-74.04311746358871,26209,"Subscriber",1983,1
208,"2018-12-09 11:22:21.6340","2018-12-09 11:25:50.6310",3206,"Hilltop",40.7311689,-74.0575736,3640,"Journal Square",40.73367,-74.0625,26223,"Subscriber",1969,0
372,"2018-12-09 11:34:24.4400","2018-12-09 11:40:37.2810",3206,"Hilltop",40.7311689,-74.0575736,3203,"Hamilton Park",40.727595966,-74.044247311,29498,"Subscriber",1977,2
409,"2018-12-09 18:41:01.5450","2018-12-09 18:47:51.1390",3206,"Hilltop",40.7311689,-74.0575736,3201,"Dey St",40.737711,-74.066921,26280,"Subscriber",1983,1
586,"2018-12-09 18:45:49.4440","2018-12-09 18:55:36.4290",3206,"Hilltop",40.7311689,-74.0575736,3210,"Pershing Field",40.742677141,-74.051788633,29528,"Subscriber",1990,1
584,"2018-12-09 19:55:07.4100","2018-12-09 20:04:51.8770",3206,"Hilltop",40.7311689,-74.0575736,3202,"Newport PATH",40.7272235,-74.0337589,26186,"Subscriber",1990,1
831,"2018-12-09 19:59:56.0410","2018-12-09 20:13:47.6910",3206,"Hilltop",40.7311689,-74.0575736,3187,"Warren St",40.7211236,-74.03805095,29542,"Subscriber",1990,2
217,"2018-12-09 23:11:00.5530","2018-12-09 23:14:38.2890",3206,"Hilltop",40.7311689,-74.0575736,3640,"Journal Square",40.73367,-74.0625,29544,"Subscriber",1973,1
321,"2018-12-10 00:25:29.4410","2018-12-10 00:30:51.1150",3206,"Hilltop",40.7311689,-74.0575736,3212,"Christ Hospital",40.734785818,-74.050443636,26236,"Subscriber",1994,2
1087,"2018-12-10 08:20:59.3500","2018-12-10 08:39:06.9520",3206,"Hilltop",40.7311689,-74.0575736,3198,"Heights Elevator",40.748715945380226,-74.04044330120087,29552,"Subscriber",1983,1
399,"2018-12-10 10:35:17.0650","2018-12-10 10:41:56.3070",3206,"Hilltop",40.7311689,-74.0575736,3186,"Grove St PATH",40.71958611647166,-74.04311746358871,29307,"Subscriber",1992,1
467,"2018-12-10 23:11:41.0510","2018-12-10 23:19:28.8340",3206,"Hilltop",40.7311689,-74.0575736,3210,"Pershing Field",40.742677141,-74.051788633,26224,"Subscriber",1968,1
466,"2018-12-11 02:10:00.1560","2018-12-11 02:17:46.2710",3206,"Hilltop",40.7311689,-74.0575736,3210,"Pershing Field",40.742677141,-74.051788633,29569,"Subscriber",1995,2
747,"2018-12-11 10:37:09.9500","2018-12-11 10:49:37.8320",3206,"Hilltop",40.7311689,-74.0575736,3638,"Washington St",40.7242941,-74.0354826,29241,"Subscriber",1990,1
751,"2018-12-11 10:37:13.9090","2018-12-11 10:49:45.3840",3206,"Hilltop",40.7311689,-74.0575736,3638,"Washington St",40.7242941,-74.0354826,29208,"Subscriber",1990,1
618,"2018-12-11 10:40:31.5550","2018-12-11 10:50:50.3910",3206,"Hilltop",40.7311689,-74.0575736,3639,"Harborside",40.7192517,-74.034234,26284,"Subscriber",1987,1
543,"2018-12-11 13:07:13.7670","2018-12-11 13:16:17.3710",3206,"Hilltop",40.7311689,-74.0575736,3639,"Harborside",40.7192517,-74.034234,26280,"Subscriber",1953,1
405,"2018-12-11 18:46:30.6090","2018-12-11 18:53:16.1800",3206,"Hilltop",40.7311689,-74.0575736,3201,"Dey St",40.737711,-74.066921,26279,"Subscriber",1990,1
383,"2018-12-12 01:35:50.1460","2018-12-12 01:42:13.3580",3206,"Hilltop",40.7311689,-74.0575736,3212,"Christ Hospital",40.734785818,-74.050443636,29469,"Subscriber",1994,2
1263,"2018-12-12 07:56:33.9940","2018-12-12 08:17:37.5360",3206,"Hilltop",40.7311689,-74.0575736,3202,"Newport PATH",40.7272235,-74.0337589,26236,"Subscriber",1983,1
716,"2018-12-12 09:32:20.1110","2018-12-12 09:44:16.8080",3206,"Hilltop",40.7311689,-74.0575736,3639,"Harborside",40.7192517,-74.034234,29469,"Subscriber",1987,1
1077,"2018-12-12 11:04:07.7030","2018-12-12 11:22:05.0380",3206,"Hilltop",40.7311689,-74.0575736,3203,"Hamilton Park",40.727595966,-74.044247311,26170,"Subscriber",1969,0
568,"2018-12-12 11:15:22.9960","2018-12-12 11:24:51.3160",3206,"Hilltop",40.7311689,-74.0575736,3638,"Washington St",40.7242941,-74.0354826,29493,"Subscriber",1990,1
564,"2018-12-12 11:15:36.5190","2018-12-12 11:25:01.0460",3206,"Hilltop",40.7311689,-74.0575736,3638,"Washington St",40.7242941,-74.0354826,26152,"Subscriber",1990,1
335,"2018-12-12 14:08:08.4160","2018-12-12 14:13:43.8480",3206,"Hilltop",40.7311689,-74.0575736,3225,"Baldwin at Montgomery",40.7236589,-74.0641943,29550,"Subscriber",1988,2
326,"2018-12-12 16:59:01.4550","2018-12-12 17:04:28.3620",3206,"Hilltop",40.7311689,-74.0575736,3212,"Christ Hospital",40.734785818,-74.050443636,29292,"Subscriber",1994,2
1127,"2018-12-13 08:15:07.5030","2018-12-13 08:33:55.1230",3206,"Hilltop",40.7311689,-74.0575736,3202,"Newport PATH",40.7272235,-74.0337589,29598,"Subscriber",1983,1
715,"2018-12-13 09:44:00.1740","2018-12-13 09:55:55.3170",3206,"Hilltop",40.7311689,-74.0575736,3639,"Harborside",40.7192517,-74.034234,26261,"Subscriber",1987,1
169,"2018-12-13 14:04:20.3710","2018-12-13 14:07:09.7800",3206,"Hilltop",40.7311689,-74.0575736,3195,"Sip Ave",40.73074262530658,-74.06378388404846,29575,"Subscriber",1983,1
348,"2018-12-13 21:10:08.7150","2018-12-13 21:15:57.0680",3206,"Hilltop",40.7311689,-74.0575736,3207,"Oakland Ave",40.7376037,-74.0524783,29491,"Subscriber",1988,1
318,"2018-12-13 21:11:26.5400","2018-12-13 21:16:44.6790",3206,"Hilltop",40.7311689,-74.0575736,3212,"Christ Hospital",40.734785818,-74.050443636,29292,"Subscriber",1991,2
667,"2018-12-13 21:26:22.5300","2018-12-13 21:37:29.8660",3206,"Hilltop",40.7311689,-74.0575736,3281,"Leonard Gordon Park",40.74590996631558,-74.0572714805603,26213,"Subscriber",1990,1
622,"2018-12-14 09:11:29.2540","2018-12-14 09:21:51.9250",3206,"Hilltop",40.7311689,-74.0575736,3202,"Newport PATH",40.7272235,-74.0337589,26182,"Subscriber",1988,1
487,"2018-12-14 09:26:13.5310","2018-12-14 09:34:20.8950",3206,"Hilltop",40.7311689,-74.0575736,3183,"Exchange Place",40.7162469,-74.0334588,29636,"Subscriber",1980,1
548,"2018-12-14 10:13:12.9550","2018-12-14 10:22:21.7370",3206,"Hilltop",40.7311689,-74.0575736,3639,"Harborside",40.7192517,-74.034234,29277,"Subscriber",1987,1
352,"2018-12-14 12:48:22.1520","2018-12-14 12:54:14.3250",3206,"Hilltop",40.7311689,-74.0575736,3212,"Christ Hospital",40.734785818,-74.050443636,29292,"Subscriber",1986,1
202,"2018-12-14 13:25:17.9370","2018-12-14 13:28:40.0200",3206,"Hilltop",40.7311689,-74.0575736,3195,"Sip Ave",40.73074262530658,-74.06378388404846,29461,"Subscriber",1983,1
444,"2018-12-14 15:23:00.0640","2018-12-14 15:30:24.6270",3206,"Hilltop",40.7311689,-74.0575736,3194,"McGinley Square",40.7253399253558,-74.06762212514877,26306,"Subscriber",2000,1
338,"2018-12-15 09:11:56.4780","2018-12-15 09:17:34.5510",3206,"Hilltop",40.7311689,-74.0575736,3212,"Christ Hospital",40.734785818,-74.050443636,29472,"Subscriber",1994,2
586,"2018-12-15 10:01:06.7040","2018-12-15 10:10:53.1540",3206,"Hilltop",40.7311689,-74.0575736,3275,"Columbus Drive",40.71835519823214,-74.03891444206238,29550,"Subscriber",1990,1
2364,"2018-12-15 21:28:41.8030","2018-12-15 22:08:06.2470",3206,"Hilltop",40.7311689,-74.0575736,3206,"Hilltop",40.7311689,-74.0575736,26304,"Subscriber",1984,1
227,"2018-12-16 12:08:06.3760","2018-12-16 12:11:54.2790",3206,"Hilltop",40.7311689,-74.0575736,3640,"Journal Square",40.73367,-74.0625,29677,"Subscriber",1969,0
977,"2018-12-17 08:14:11.3450","2018-12-17 08:30:28.4650",3206,"Hilltop",40.7311689,-74.0575736,3202,"Newport PATH",40.7272235,-74.0337589,29607,"Subscriber",1983,1
313,"2018-12-17 10:30:27.9450","2018-12-17 10:35:41.2000",3206,"Hilltop",40.7311689,-74.0575736,3225,"Baldwin at Montgomery",40.7236589,-74.0641943,29243,"Subscriber",1988,2
465,"2018-12-17 13:53:11.9610","2018-12-17 14:00:57.0930",3206,"Hilltop",40.7311689,-74.0575736,3270,"Jersey & 6th St",40.72528910781132,-74.04557168483734,26279,"Subscriber",1991,2
210,"2018-12-17 17:20:15.9280","2018-12-17 17:23:46.8560",3206,"Hilltop",40.7311689,-74.0575736,3207,"Oakland Ave",40.7376037,-74.0524783,29273,"Subscriber",1985,1
516,"2018-12-17 19:38:38.4960","2018-12-17 19:47:15.1120",3206,"Hilltop",40.7311689,-74.0575736,3187,"Warren St",40.7211236,-74.03805095,26182,"Subscriber",1988,2
321,"2018-12-17 22:38:30.0760","2018-12-17 22:43:51.3250",3206,"Hilltop",40.7311689,-74.0575736,3225,"Baldwin at Montgomery",40.7236589,-74.0641943,29551,"Subscriber",1986,1
506,"2018-12-18 00:15:21.4580","2018-12-18 00:23:47.9310",3206,"Hilltop",40.7311689,-74.0575736,3210,"Pershing Field",40.742677141,-74.051788633,29465,"Subscriber",1995,2
361,"2018-12-18 00:48:42.5890","2018-12-18 00:54:43.9190",3206,"Hilltop",40.7311689,-74.0575736,3212,"Christ Hospital",40.734785818,-74.050443636,26251,"Subscriber",1986,2
535,"2018-12-18 08:57:37.5030","2018-12-18 09:06:33.0150",3206,"Hilltop",40.7311689,-74.0575736,3186,"Grove St PATH",40.71958611647166,-74.04311746358871,33744,"Subscriber",1981,1
645,"2018-12-18 12:28:07.0040","2018-12-18 12:38:52.5840",3206,"Hilltop",40.7311689,-74.0575736,3203,"Hamilton Park",40.727595966,-74.044247311,29681,"Subscriber",1988,1
815,"2018-12-19 10:48:28.7990","2018-12-19 11:02:04.3920",3206,"Hilltop",40.7311689,-74.0575736,3639,"Harborside",40.7192517,-74.034234,29252,"Subscriber",1979,1
597,"2018-12-19 19:42:57.6830","2018-12-19 19:52:55.5840",3206,"Hilltop",40.7311689,-74.0575736,3187,"Warren St",40.7211236,-74.03805095,29519,"Subscriber",1988,2
399,"2018-12-20 02:15:00.9080","2018-12-20 02:21:40.6610",3206,"Hilltop",40.7311689,-74.0575736,3186,"Grove St PATH",40.71958611647166,-74.04311746358871,29295,"Subscriber",1989,1
932,"2018-12-20 08:06:34.9240","2018-12-20 08:22:07.0350",3206,"Hilltop",40.7311689,-74.0575736,3202,"Newport PATH",40.7272235,-74.0337589,26304,"Subscriber",1983,1
419,"2018-12-20 09:15:39.5600","2018-12-20 09:22:38.7750",3206,"Hilltop",40.7311689,-74.0575736,3211,"Newark Ave",40.72152515,-74.046304543,29292,"Subscriber",1959,2
588,"2018-12-20 12:06:59.8030","2018-12-20 12:16:48.7140",3206,"Hilltop",40.7311689,-74.0575736,3211,"Newark Ave",40.72152515,-74.046304543,29301,"Subscriber",1964,1
2322,"2018-12-21 19:06:25.7290","2018-12-21 19:45:08.3600",3206,"Hilltop",40.7311689,-74.0575736,3195,"Sip Ave",40.73074262530658,-74.06378388404846,29298,"Subscriber",1983,1
1423,"2018-12-21 20:54:25.9300","2018-12-21 21:18:09.6430",3206,"Hilltop",40.7311689,-74.0575736,3206,"Hilltop",40.7311689,-74.0575736,29282,"Subscriber",1983,1
302,"2018-12-21 20:57:07.1370","2018-12-21 21:02:09.4590",3206,"Hilltop",40.7311689,-74.0575736,3212,"Christ Hospital",40.734785818,-74.050443636,29538,"Subscriber",1991,2
308,"2018-12-21 22:26:55.0650","2018-12-21 22:32:03.6980",3206,"Hilltop",40.7311689,-74.0575736,3212,"Christ Hospital",40.734785818,-74.050443636,29629,"Subscriber",1989,2
482,"2018-12-22 09:14:31.2260","2018-12-22 09:22:34.0140",3206,"Hilltop",40.7311689,-74.0575736,3211,"Newark Ave",40.72152515,-74.046304543,29282,"Customer",1992,2
582,"2018-12-22 09:14:30.9300","2018-12-22 09:24:12.9820",3206,"Hilltop",40.7311689,-74.0575736,3211,"Newark Ave",40.72152515,-74.046304543,29540,"Customer",1991,2
166,"2018-12-22 19:37:00.7360","2018-12-22 19:39:47.5850",3206,"Hilltop",40.7311689,-74.0575736,3195,"Sip Ave",40.73074262530658,-74.06378388404846,29531,"Subscriber",1983,1
318,"2018-12-22 21:31:32.8470","2018-12-22 21:36:51.3300",3206,"Hilltop",40.7311689,-74.0575736,3212,"Christ Hospital",40.734785818,-74.050443636,29667,"Subscriber",1990,1
345,"2018-12-22 22:21:53.9590","2018-12-22 22:27:39.1940",3206,"Hilltop",40.7311689,-74.0575736,3212,"Christ Hospital",40.734785818,-74.050443636,29201,"Subscriber",1989,2
239,"2018-12-23 11:20:11.4940","2018-12-23 11:24:10.7440",3206,"Hilltop",40.7311689,-74.0575736,3640,"Journal Square",40.73367,-74.0625,26297,"Subscriber",1969,0
229,"2018-12-23 16:48:07.6600","2018-12-23 16:51:57.1800",3206,"Hilltop",40.7311689,-74.0575736,3640,"Journal Square",40.73367,-74.0625,29550,"Subscriber",1981,1
316,"2018-12-23 22:31:45.1260","2018-12-23 22:37:01.6150",3206,"Hilltop",40.7311689,-74.0575736,3212,"Christ Hospital",40.734785818,-74.050443636,26288,"Subscriber",1989,2
435,"2018-12-24 10:14:26.9010","2018-12-24 10:21:42.3830",3206,"Hilltop",40.7311689,-74.0575736,3196,"Riverview Park",40.7443187,-74.0439909,29463,"Subscriber",1990,1
364,"2018-12-24 11:20:06.2090","2018-12-24 11:26:11.1190",3206,"Hilltop",40.7311689,-74.0575736,3203,"Hamilton Park",40.727595966,-74.044247311,29465,"Subscriber",1971,2
220,"2018-12-24 14:40:27.3480","2018-12-24 14:44:07.6560",3206,"Hilltop",40.7311689,-74.0575736,3209,"Brunswick St",40.7241765,-74.0506564,26166,"Subscriber",1989,1
456,"2018-12-24 19:34:18.9020","2018-12-24 19:41:55.4620",3206,"Hilltop",40.7311689,-74.0575736,3203,"Hamilton Park",40.727595966,-74.044247311,29463,"Subscriber",1969,0
439,"2018-12-24 19:34:34.1600","2018-12-24 19:41:53.4640",3206,"Hilltop",40.7311689,-74.0575736,3203,"Hamilton Park",40.727595966,-74.044247311,29521,"Subscriber",1988,1
368,"2018-12-24 22:23:18.5280","2018-12-24 22:29:26.5700",3206,"Hilltop",40.7311689,-74.0575736,3212,"Christ Hospital",40.734785818,-74.050443636,29576,"Subscriber",1989,2
193,"2018-12-25 14:52:32.5570","2018-12-25 14:55:45.7740",3206,"Hilltop",40.7311689,-74.0575736,3640,"Journal Square",40.73367,-74.0625,29655,"Subscriber",1969,0
1367,"2018-12-25 17:26:48.9190","2018-12-25 17:49:36.6050",3206,"Hilltop",40.7311689,-74.0575736,3210,"Pershing Field",40.742677141,-74.051788633,29592,"Subscriber",1987,1
393,"2018-12-25 17:43:14.1270","2018-12-25 17:49:47.5090",3206,"Hilltop",40.7311689,-74.0575736,3210,"Pershing Field",40.742677141,-74.051788633,26173,"Subscriber",1991,2
349,"2018-12-25 22:23:17.6960","2018-12-25 22:29:06.9440",3206,"Hilltop",40.7311689,-74.0575736,3212,"Christ Hospital",40.734785818,-74.050443636,29504,"Subscriber",1989,2
948,"2018-12-26 12:03:58.0790","2018-12-26 12:19:46.3970",3206,"Hilltop",40.7311689,-74.0575736,3640,"Journal Square",40.73367,-74.0625,29261,"Subscriber",1969,0
629,"2018-12-26 12:43:26.3360","2018-12-26 12:53:56.2680",3206,"Hilltop",40.7311689,-74.0575736,3199,"Newport Pkwy",40.7287448,-74.0321082,29505,"Subscriber",1992,1
308,"2018-12-26 17:14:43.0180","2018-12-26 17:19:51.5200",3206,"Hilltop",40.7311689,-74.0575736,3212,"Christ Hospital",40.734785818,-74.050443636,29667,"Customer",1981,1
580,"2018-12-26 20:09:47.2220","2018-12-26 20:19:27.8350",3206,"Hilltop",40.7311689,-74.0575736,3639,"Harborside",40.7192517,-74.034234,29556,"Subscriber",1985,2
2474,"2018-12-27 16:32:05.7340","2018-12-27 17:13:19.9000",3206,"Hilltop",40.7311689,-74.0575736,3195,"Sip Ave",40.73074262530658,-74.06378388404846,29230,"Subscriber",1988,1
587,"2018-12-27 19:44:36.1130","2018-12-27 19:54:23.7980",3206,"Hilltop",40.7311689,-74.0575736,3187,"Warren St",40.7211236,-74.03805095,29659,"Subscriber",1988,2
347,"2018-12-27 22:14:52.2040","2018-12-27 22:20:39.6960",3206,"Hilltop",40.7311689,-74.0575736,3225,"Baldwin at Montgomery",40.7236589,-74.0641943,29581,"Subscriber",1986,1
485,"2018-12-29 13:17:32.1940","2018-12-29 13:25:37.3040",3206,"Hilltop",40.7311689,-74.0575736,3273,"Manila & 1st",40.721650724879986,-74.04288411140442,26165,"Subscriber",1986,1
355,"2018-12-29 13:46:50.7160","2018-12-29 13:52:46.6120",3206,"Hilltop",40.7311689,-74.0575736,3194,"McGinley Square",40.7253399253558,-74.06762212514877,29492,"Subscriber",1957,2
400,"2018-12-29 19:18:54.6740","2018-12-29 19:25:35.3440",3206,"Hilltop",40.7311689,-74.0575736,3210,"Pershing Field",40.742677141,-74.051788633,29268,"Subscriber",1991,2
478,"2018-12-30 12:21:39.0270","2018-12-30 12:29:37.9340",3206,"Hilltop",40.7311689,-74.0575736,3186,"Grove St PATH",40.71958611647166,-74.04311746358871,29492,"Subscriber",1990,1
480,"2018-12-31 01:25:51.7760","2018-12-31 01:33:52.4680",3206,"Hilltop",40.7311689,-74.0575736,3210,"Pershing Field",40.742677141,-74.051788633,29536,"Subscriber",1995,2
398,"2018-12-01 08:14:55.9990","2018-12-01 08:21:34.0770",3207,"Oakland Ave",40.7376037,-74.0524783,3198,"Heights Elevator",40.748715945380226,-74.04044330120087,29308,"Subscriber",1989,2
503,"2018-12-01 10:40:43.6770","2018-12-01 10:49:07.6640",3207,"Oakland Ave",40.7376037,-74.0524783,3279,"Dixon Mills",40.721630142638354,-74.04996782541275,26241,"Subscriber",1988,1
292,"2018-12-01 11:17:31.3090","2018-12-01 11:22:23.6000",3207,"Oakland Ave",40.7376037,-74.0524783,3195,"Sip Ave",40.73074262530658,-74.06378388404846,26193,"Subscriber",1985,1
386,"2018-12-01 12:50:26.3410","2018-12-01 12:56:52.8600",3207,"Oakland Ave",40.7376037,-74.0524783,3195,"Sip Ave",40.73074262530658,-74.06378388404846,29492,"Subscriber",1954,1
679,"2018-12-01 13:26:23.5870","2018-12-01 13:37:42.7710",3207,"Oakland Ave",40.7376037,-74.0524783,3186,"Grove St PATH",40.71958611647166,-74.04311746358871,26219,"Subscriber",1985,1
865,"2018-12-01 15:28:30.9990","2018-12-01 15:42:56.1100",3207,"Oakland Ave",40.7376037,-74.0524783,3183,"Exchange Place",40.7162469,-74.0334588,29485,"Subscriber",1993,1
695,"2018-12-01 17:21:01.9660","2018-12-01 17:32:37.5200",3207,"Oakland Ave",40.7376037,-74.0524783,3186,"Grove St PATH",40.71958611647166,-74.04311746358871,29584,"Subscriber",1988,1
661,"2018-12-02 11:37:54.9970","2018-12-02 11:48:56.8000",3207,"Oakland Ave",40.7376037,-74.0524783,3199,"Newport Pkwy",40.7287448,-74.0321082,29573,"Subscriber",1991,1
527,"2018-12-02 14:12:13.4720","2018-12-02 14:21:00.7210",3207,"Oakland Ave",40.7376037,-74.0524783,3211,"Newark Ave",40.72152515,-74.046304543,29657,"Subscriber",1988,1
599,"2018-12-03 06:43:06.4210","2018-12-03 06:53:05.8880",3207,"Oakland Ave",40.7376037,-74.0524783,3640,"Journal Square",40.73367,-74.0625,29126,"Subscriber",1987,1
918,"2018-12-03 07:31:14.8300","2018-12-03 07:46:33.2790",3207,"Oakland Ave",40.7376037,-74.0524783,3202,"Newport PATH",40.7272235,-74.0337589,26193,"Subscriber",1988,1
326,"2018-12-03 07:34:56.6090","2018-12-03 07:40:22.8200",3207,"Oakland Ave",40.7376037,-74.0524783,3640,"Journal Square",40.73367,-74.0625,29669,"Subscriber",1994,1
793,"2018-12-03 07:48:14.0390","2018-12-03 08:01:27.6340",3207,"Oakland Ave",40.7376037,-74.0524783,3202,"Newport PATH",40.7272235,-74.0337589,26216,"Subscriber",1993,1
278,"2018-12-03 07:50:14.1000","2018-12-03 07:54:52.7540",3207,"Oakland Ave",40.7376037,-74.0524783,3640,"Journal Square",40.73367,-74.0625,29473,"Subscriber",1986,1
319,"2018-12-03 08:21:27.5070","2018-12-03 08:26:47.0880",3207,"Oakland Ave",40.7376037,-74.0524783,3640,"Journal Square",40.73367,-74.0625,29281,"Subscriber",1994,1
352,"2018-12-03 08:25:07.5760","2018-12-03 08:31:00.1930",3207,"Oakland Ave",40.7376037,-74.0524783,3195,"Sip Ave",40.73074262530658,-74.06378388404846,29262,"Subscriber",1981,1
318,"2018-12-03 08:26:32.1760","2018-12-03 08:31:50.2310",3207,"Oakland Ave",40.7376037,-74.0524783,3640,"Journal Square",40.73367,-74.0625,29227,"Subscriber",1985,1
567,"2018-12-03 08:43:15.0820","2018-12-03 08:52:42.6080",3207,"Oakland Ave",40.7376037,-74.0524783,3640,"Journal Square",40.73367,-74.0625,29205,"Subscriber",1991,2
589,"2018-12-03 08:43:51.8650","2018-12-03 08:53:41.6420",3207,"Oakland Ave",40.7376037,-74.0524783,3209,"Brunswick St",40.7241765,-74.0506564,29470,"Subscriber",1980,1
313,"2018-12-03 08:44:37.3220","2018-12-03 08:49:50.8060",3207,"Oakland Ave",40.7376037,-74.0524783,3640,"Journal Square",40.73367,-74.0625,29594,"Subscriber",1980,1
293,"2018-12-03 08:53:54.4000","2018-12-03 08:58:48.2750",3207,"Oakland Ave",40.7376037,-74.0524783,3195,"Sip Ave",40.73074262530658,-74.06378388404846,26198,"Subscriber",1981,1
321,"2018-12-03 08:55:28.6480","2018-12-03 09:00:50.4490",3207,"Oakland Ave",40.7376037,-74.0524783,3640,"Journal Square",40.73367,-74.0625,29476,"Subscriber",1983,1
590,"2018-12-03 16:02:03.1360","2018-12-03 16:11:53.3570",3207,"Oakland Ave",40.7376037,-74.0524783,3209,"Brunswick St",40.7241765,-74.0506564,29205,"Subscriber",1987,1
727,"2018-12-03 16:25:53.0120","2018-12-03 16:38:00.6490",3207,"Oakland Ave",40.7376037,-74.0524783,3185,"City Hall",40.7177325,-74.043845,29212,"Subscriber",1982,2
444,"2018-12-03 18:58:56.7440","2018-12-03 19:06:20.7990",3207,"Oakland Ave",40.7376037,-74.0524783,3279,"Dixon Mills",40.721630142638354,-74.04996782541275,29257,"Subscriber",1988,1
546,"2018-12-03 19:07:26.5580","2018-12-03 19:16:33.1950",3207,"Oakland Ave",40.7376037,-74.0524783,3220,"5 Corners Library",40.734961020009514,-74.0595030784607,29281,"Subscriber",1979,1
1155,"2018-12-04 05:05:58.6430","2018-12-04 05:25:14.5190",3207,"Oakland Ave",40.7376037,-74.0524783,3185,"City Hall",40.7177325,-74.043845,29281,"Subscriber",1984,2
472,"2018-12-04 06:37:38.8760","2018-12-04 06:45:31.0540",3207,"Oakland Ave",40.7376037,-74.0524783,3640,"Journal Square",40.73367,-74.0625,26199,"Subscriber",1987,1
261,"2018-12-04 07:21:29.0200","2018-12-04 07:25:50.5840",3207,"Oakland Ave",40.7376037,-74.0524783,3640,"Journal Square",40.73367,-74.0625,26171,"Subscriber",1985,1
393,"2018-12-04 07:24:25.2670","2018-12-04 07:30:58.6490",3207,"Oakland Ave",40.7376037,-74.0524783,3640,"Journal Square",40.73367,-74.0625,29473,"Subscriber",1994,1
319,"2018-12-04 08:00:36.7580","2018-12-04 08:05:55.8110",3207,"Oakland Ave",40.7376037,-74.0524783,3640,"Journal Square",40.73367,-74.0625,29290,"Subscriber",1986,1
918,"2018-12-04 08:04:57.0460","2018-12-04 08:20:15.4360",3207,"Oakland Ave",40.7376037,-74.0524783,3202,"Newport PATH",40.7272235,-74.0337589,26160,"Subscriber",1988,1
351,"2018-12-04 08:29:52.9600","2018-12-04 08:35:44.5050",3207,"Oakland Ave",40.7376037,-74.0524783,3640,"Journal Square",40.73367,-74.0625,26268,"Subscriber",1994,1
405,"2018-12-04 08:33:49.2970","2018-12-04 08:40:34.3150",3207,"Oakland Ave",40.7376037,-74.0524783,3195,"Sip Ave",40.73074262530658,-74.06378388404846,29205,"Subscriber",1981,1
484,"2018-12-04 18:59:46.9550","2018-12-04 19:07:51.3510",3207,"Oakland Ave",40.7376037,-74.0524783,3196,"Riverview Park",40.7443187,-74.0439909,29535,"Subscriber",1987,1
906,"2018-12-05 05:07:14.4520","2018-12-05 05:22:20.8950",3207,"Oakland Ave",40.7376037,-74.0524783,3276,"Marin Light Rail",40.71458403535893,-74.04281705617905,29611,"Subscriber",1984,2
304,"2018-12-05 07:48:00.4620","2018-12-05 07:53:05.2150",3207,"Oakland Ave",40.7376037,-74.0524783,3640,"Journal Square",40.73367,-74.0625,29619,"Subscriber",1994,1
707,"2018-12-05 07:57:21.2220","2018-12-05 08:09:08.7880",3207,"Oakland Ave",40.7376037,-74.0524783,3202,"Newport PATH",40.7272235,-74.0337589,26174,"Subscriber",1993,1
280,"2018-12-05 08:13:46.0900","2018-12-05 08:18:27.0240",3207,"Oakland Ave",40.7376037,-74.0524783,3640,"Journal Square",40.73367,-74.0625,29473,"Subscriber",1986,1
966,"2018-12-05 08:17:17.2290","2018-12-05 08:33:23.5960",3207,"Oakland Ave",40.7376037,-74.0524783,3202,"Newport PATH",40.7272235,-74.0337589,29658,"Subscriber",1988,1
247,"2018-12-05 08:20:30.1880","2018-12-05 08:24:37.7700",3207,"Oakland Ave",40.7376037,-74.0524783,3640,"Journal Square",40.73367,-74.0625,26159,"Subscriber",1985,1
406,"2018-12-05 08:22:05.8770","2018-12-05 08:28:52.6790",3207,"Oakland Ave",40.7376037,-74.0524783,3640,"Journal Square",40.73367,-74.0625,26262,"Subscriber",1991,2
272,"2018-12-05 08:31:50.0080","2018-12-05 08:36:22.6610",3207,"Oakland Ave",40.7376037,-74.0524783,3640,"Journal Square",40.73367,-74.0625,29642,"Subscriber",1994,1
428,"2018-12-05 08:31:49.6150","2018-12-05 08:38:58.0590",3207,"Oakland Ave",40.7376037,-74.0524783,3640,"Journal Square",40.73367,-74.0625,26248,"Subscriber",1994,1
289,"2018-12-05 08:38:51.0850","2018-12-05 08:43:40.2410",3207,"Oakland Ave",40.7376037,-74.0524783,3195,"Sip Ave",40.73074262530658,-74.06378388404846,29222,"Subscriber",1981,1
313,"2018-12-05 08:46:09.6140","2018-12-05 08:51:23.3520",3207,"Oakland Ave",40.7376037,-74.0524783,3640,"Journal Square",40.73367,-74.0625,29252,"Subscriber",1980,1
1089,"2018-12-05 08:47:10.6310","2018-12-05 09:05:19.9870",3207,"Oakland Ave",40.7376037,-74.0524783,3202,"Newport PATH",40.7272235,-74.0337589,29505,"Subscriber",1980,1
876,"2018-12-05 08:56:55.3240","2018-12-05 09:11:32.1960",3207,"Oakland Ave",40.7376037,-74.0524783,3185,"City Hall",40.7177325,-74.043845,29510,"Subscriber",1982,2
269,"2018-12-05 09:07:16.6930","2018-12-05 09:11:46.4330",3207,"Oakland Ave",40.7376037,-74.0524783,3640,"Journal Square",40.73367,-74.0625,29442,"Subscriber",1983,1
247,"2018-12-05 10:15:52.7180","2018-12-05 10:20:00.4020",3207,"Oakland Ave",40.7376037,-74.0524783,3206,"Hilltop",40.7311689,-74.0575736,29647,"Subscriber",1976,2
251,"2018-12-05 11:40:44.9580","2018-12-05 11:44:56.4710",3207,"Oakland Ave",40.7376037,-74.0524783,3220,"5 Corners Library",40.734961020009514,-74.0595030784607,26268,"Subscriber",1991,1
920,"2018-12-05 11:49:18.3140","2018-12-05 12:04:38.8640",3207,"Oakland Ave",40.7376037,-74.0524783,3209,"Brunswick St",40.7241765,-74.0506564,29470,"Subscriber",1988,1
352,"2018-12-05 12:43:36.2710","2018-12-05 12:49:29.1520",3207,"Oakland Ave",40.7376037,-74.0524783,3195,"Sip Ave",40.73074262530658,-74.06378388404846,29528,"Subscriber",1988,1
343,"2018-12-05 15:44:17.8010","2018-12-05 15:50:01.2110",3207,"Oakland Ave",40.7376037,-74.0524783,3640,"Journal Square",40.73367,-74.0625,26184,"Subscriber",1985,1
575,"2018-12-05 16:12:37.0390","2018-12-05 16:22:12.1620",3207,"Oakland Ave",40.7376037,-74.0524783,3209,"Brunswick St",40.7241765,-74.0506564,26224,"Subscriber",1987,1
196,"2018-12-05 18:07:50.2070","2018-12-05 18:11:06.8920",3207,"Oakland Ave",40.7376037,-74.0524783,3210,"Pershing Field",40.742677141,-74.051788633,29619,"Subscriber",1985,1
892,"2018-12-05 18:47:47.2150","2018-12-05 19:02:40.1990",3207,"Oakland Ave",40.7376037,-74.0524783,3185,"City Hall",40.7177325,-74.043845,29268,"Subscriber",1987,1
246,"2018-12-06 05:52:51.3280","2018-12-06 05:56:58.1750",3207,"Oakland Ave",40.7376037,-74.0524783,3195,"Sip Ave",40.73074262530658,-74.06378388404846,29643,"Subscriber",1963,2
425,"2018-12-06 06:36:19.4120","2018-12-06 06:43:25.3620",3207,"Oakland Ave",40.7376037,-74.0524783,3640,"Journal Square",40.73367,-74.0625,29502,"Subscriber",1987,1
384,"2018-12-06 07:00:01.1120","2018-12-06 07:06:25.3660",3207,"Oakland Ave",40.7376037,-74.0524783,3201,"Dey St",40.737711,-74.066921,29521,"Subscriber",1981,1
290,"2018-12-06 07:12:49.1600","2018-12-06 07:17:40.1310",3207,"Oakland Ave",40.7376037,-74.0524783,3640,"Journal Square",40.73367,-74.0625,29276,"Subscriber",1986,1
978,"2018-12-06 07:39:30.6370","2018-12-06 07:55:48.7470",3207,"Oakland Ave",40.7376037,-74.0524783,3202,"Newport PATH",40.7272235,-74.0337589,26196,"Subscriber",1988,1
301,"2018-12-06 07:46:00.1420","2018-12-06 07:51:01.6530",3207,"Oakland Ave",40.7376037,-74.0524783,3195,"Sip Ave",40.73074262530658,-74.06378388404846,29473,"Subscriber",1988,1
254,"2018-12-06 08:07:32.3840","2018-12-06 08:11:47.3210",3207,"Oakland Ave",40.7376037,-74.0524783,3640,"Journal Square",40.73367,-74.0625,26192,"Subscriber",1985,1
742,"2018-12-06 08:10:29.9810","2018-12-06 08:22:52.5270",3207,"Oakland Ave",40.7376037,-74.0524783,3202,"Newport PATH",40.7272235,-74.0337589,29530,"Subscriber",1993,1
290,"2018-12-06 08:38:19.4300","2018-12-06 08:43:10.4150",3207,"Oakland Ave",40.7376037,-74.0524783,3640,"Journal Square",40.73367,-74.0625,29251,"Subscriber",1980,1
364,"2018-12-06 08:38:43.4790","2018-12-06 08:44:47.6370",3207,"Oakland Ave",40.7376037,-74.0524783,3195,"Sip Ave",40.73074262530658,-74.06378388404846,26167,"Subscriber",1981,1
1097,"2018-12-06 08:45:48.6190","2018-12-06 09:04:06.1420",3207,"Oakland Ave",40.7376037,-74.0524783,3202,"Newport PATH",40.7272235,-74.0337589,26224,"Subscriber",1980,1
766,"2018-12-06 08:49:03.2160","2018-12-06 09:01:50.0780",3207,"Oakland Ave",40.7376037,-74.0524783,3186,"Grove St PATH",40.71958611647166,-74.04311746358871,26248,"Subscriber",1982,2
490,"2018-12-06 08:54:58.9730","2018-12-06 09:03:09.3500",3207,"Oakland Ave",40.7376037,-74.0524783,3640,"Journal Square",40.73367,-74.0625,29552,"Subscriber",1991,2
239,"2018-12-06 09:18:01.2080","2018-12-06 09:22:00.8180",3207,"Oakland Ave",40.7376037,-74.0524783,3640,"Journal Square",40.73367,-74.0625,26316,"Subscriber",1983,1
328,"2018-12-06 10:11:34.3120","2018-12-06 10:17:03.0450",3207,"Oakland Ave",40.7376037,-74.0524783,3640,"Journal Square",40.73367,-74.0625,29623,"Subscriber",1985,1
278,"2018-12-06 10:38:32.0020","2018-12-06 10:43:10.5200",3207,"Oakland Ave",40.7376037,-74.0524783,3640,"Journal Square",40.73367,-74.0625,26266,"Subscriber",1987,1
675,"2018-12-06 12:17:00.4630","2018-12-06 12:28:16.4280",3207,"Oakland Ave",40.7376037,-74.0524783,3272,"Jersey & 3rd",40.72333158646436,-74.04595255851744,29647,"Subscriber",1991,1
294,"2018-12-06 14:21:16.1210","2018-12-06 14:26:10.7950",3207,"Oakland Ave",40.7376037,-74.0524783,3206,"Hilltop",40.7311689,-74.0575736,26170,"Subscriber",1976,2
1051,"2018-12-06 19:24:44.3040","2018-12-06 19:42:15.9950",3207,"Oakland Ave",40.7376037,-74.0524783,3276,"Marin Light Rail",40.71458403535893,-74.04281705617905,29254,"Subscriber",1984,2
229,"2018-12-07 06:27:08.8700","2018-12-07 06:30:58.0340",3207,"Oakland Ave",40.7376037,-74.0524783,3640,"Journal Square",40.73367,-74.0625,29652,"Subscriber",1986,1
413,"2018-12-07 06:41:13.0180","2018-12-07 06:48:06.8060",3207,"Oakland Ave",40.7376037,-74.0524783,3640,"Journal Square",40.73367,-74.0625,26304,"Subscriber",1987,1
282,"2018-12-07 06:47:00.8170","2018-12-07 06:51:42.8700",3207,"Oakland Ave",40.7376037,-74.0524783,3640,"Journal Square",40.73367,-74.0625,26316,"Subscriber",1994,1
276,"2018-12-07 07:09:55.3090","2018-12-07 07:14:31.3330",3207,"Oakland Ave",40.7376037,-74.0524783,3640,"Journal Square",40.73367,-74.0625,29473,"Subscriber",1988,1
340,"2018-12-07 07:29:22.5870","2018-12-07 07:35:03.0340",3207,"Oakland Ave",40.7376037,-74.0524783,3640,"Journal Square",40.73367,-74.0625,26167,"Subscriber",1987,2
295,"2018-12-07 08:26:04.0610","2018-12-07 08:30:59.6470",3207,"Oakland Ave",40.7376037,-74.0524783,3640,"Journal Square",40.73367,-74.0625,29251,"Subscriber",1980,1
323,"2018-12-07 08:26:22.2660","2018-12-07 08:31:45.8560",3207,"Oakland Ave",40.7376037,-74.0524783,3640,"Journal Square",40.73367,-74.0625,29623,"Subscriber",1994,1
690,"2018-12-07 08:31:38.4740","2018-12-07 08:43:08.9960",3207,"Oakland Ave",40.7376037,-74.0524783,3195,"Sip Ave",40.73074262530658,-74.06378388404846,29548,"Subscriber",1994,1
673,"2018-12-07 08:31:50.3690","2018-12-07 08:43:03.6120",3207,"Oakland Ave",40.7376037,-74.0524783,3195,"Sip Ave",40.73074262530658,-74.06378388404846,29222,"Customer",1969,0
1056,"2018-12-07 08:46:32.9510","2018-12-07 09:04:09.7780",3207,"Oakland Ave",40.7376037,-74.0524783,3202,"Newport PATH",40.7272235,-74.0337589,29255,"Subscriber",1980,1
590,"2018-12-07 08:50:32.4350","2018-12-07 09:00:23.0750",3207,"Oakland Ave",40.7376037,-74.0524783,3202,"Newport PATH",40.7272235,-74.0337589,26278,"Subscriber",1993,1
838,"2018-12-07 09:55:47.6770","2018-12-07 10:09:45.7080",3207,"Oakland Ave",40.7376037,-74.0524783,3640,"Journal Square",40.73367,-74.0625,29239,"Subscriber",1985,1
464,"2018-12-07 10:19:45.4870","2018-12-07 10:27:29.6120",3207,"Oakland Ave",40.7376037,-74.0524783,3201,"Dey St",40.737711,-74.066921,26201,"Subscriber",1981,1
743,"2018-12-08 06:18:10.2850","2018-12-08 06:30:33.3030",3207,"Oakland Ave",40.7376037,-74.0524783,3211,"Newark Ave",40.72152515,-74.046304543,29276,"Subscriber",1984,2
462,"2018-12-08 08:14:06.2900","2018-12-08 08:21:49.0460",3207,"Oakland Ave",40.7376037,-74.0524783,3640,"Journal Square",40.73367,-74.0625,26316,"Subscriber",1994,1
433,"2018-12-08 08:14:44.1250","2018-12-08 08:21:57.9180",3207,"Oakland Ave",40.7376037,-74.0524783,3640,"Journal Square",40.73367,-74.0625,29623,"Customer",1969,0
773,"2018-12-08 09:15:05.8110","2018-12-08 09:27:59.5200",3207,"Oakland Ave",40.7376037,-74.0524783,3185,"City Hall",40.7177325,-74.043845,26205,"Subscriber",1982,2
277,"2018-12-08 10:01:52.8680","2018-12-08 10:06:30.7610",3207,"Oakland Ave",40.7376037,-74.0524783,3640,"Journal Square",40.73367,-74.0625,29599,"Subscriber",1971,1
546,"2018-12-08 10:28:06.9250","2018-12-08 10:37:13.5990",3207,"Oakland Ave",40.7376037,-74.0524783,3279,"Dixon Mills",40.721630142638354,-74.04996782541275,26190,"Subscriber",1988,1
308,"2018-12-08 11:54:58.2870","2018-12-08 12:00:06.8320",3207,"Oakland Ave",40.7376037,-74.0524783,3640,"Journal Square",40.73367,-74.0625,29269,"Subscriber",1987,1
391,"2018-12-08 13:13:42.6370","2018-12-08 13:20:14.5910",3207,"Oakland Ave",40.7376037,-74.0524783,3195,"Sip Ave",40.73074262530658,-74.06378388404846,29239,"Subscriber",1954,1
486,"2018-12-08 20:37:29.1570","2018-12-08 20:45:35.7910",3207,"Oakland Ave",40.7376037,-74.0524783,3211,"Newark Ave",40.72152515,-74.046304543,29297,"Subscriber",1988,1
312,"2018-12-09 09:08:55.5110","2018-12-09 09:14:07.7310",3207,"Oakland Ave",40.7376037,-74.0524783,3201,"Dey St",40.737711,-74.066921,29207,"Subscriber",1981,1
901,"2018-12-09 14:18:22.4740","2018-12-09 14:33:23.7000",3207,"Oakland Ave",40.7376037,-74.0524783,3185,"City Hall",40.7177325,-74.043845,29643,"Subscriber",1984,1
314,"2018-12-09 15:01:25.0220","2018-12-09 15:06:39.7160",3207,"Oakland Ave",40.7376037,-74.0524783,3195,"Sip Ave",40.73074262530658,-74.06378388404846,29307,"Subscriber",1985,1
1959,"2018-12-09 15:13:08.0370","2018-12-09 15:45:47.7470",3207,"Oakland Ave",40.7376037,-74.0524783,3207,"Oakland Ave",40.7376037,-74.0524783,29499,"Subscriber",1991,1
181,"2018-12-09 16:53:53.2180","2018-12-09 16:56:54.7240",3207,"Oakland Ave",40.7376037,-74.0524783,3210,"Pershing Field",40.742677141,-74.051788633,26174,"Subscriber",1988,1
330,"2018-12-09 17:23:05.2370","2018-12-09 17:28:35.7540",3207,"Oakland Ave",40.7376037,-74.0524783,3640,"Journal Square",40.73367,-74.0625,29290,"Subscriber",1987,1
322,"2018-12-09 17:59:05.8520","2018-12-09 18:04:28.2920",3207,"Oakland Ave",40.7376037,-74.0524783,3195,"Sip Ave",40.73074262530658,-74.06378388404846,29538,"Subscriber",1976,2
1422,"2018-12-09 18:06:49.6670","2018-12-09 18:30:32.4740",3207,"Oakland Ave",40.7376037,-74.0524783,3210,"Pershing Field",40.742677141,-74.051788633,29520,"Subscriber",1979,1
1018,"2018-12-09 22:16:25.1990","2018-12-09 22:33:23.7090",3207,"Oakland Ave",40.7376037,-74.0524783,3267,"Morris Canal",40.7124188237569,-74.03852552175522,29457,"Subscriber",1960,1
318,"2018-12-10 06:01:27.9480","2018-12-10 06:06:46.0540",3207,"Oakland Ave",40.7376037,-74.0524783,3195,"Sip Ave",40.73074262530658,-74.06378388404846,29499,"Subscriber",1958,1
517,"2018-12-10 06:52:01.3670","2018-12-10 07:00:39.2470",3207,"Oakland Ave",40.7376037,-74.0524783,3640,"Journal Square",40.73367,-74.0625,29282,"Subscriber",1987,1
302,"2018-12-10 07:11:11.7280","2018-12-10 07:16:13.8510",3207,"Oakland Ave",40.7376037,-74.0524783,3640,"Journal Square",40.73367,-74.0625,29541,"Subscriber",1987,2
946,"2018-12-10 07:56:44.4500","2018-12-10 08:12:30.5090",3207,"Oakland Ave",40.7376037,-74.0524783,3202,"Newport PATH",40.7272235,-74.0337589,29459,"Subscriber",1988,1
265,"2018-12-10 08:06:31.3770","2018-12-10 08:10:56.8040",3207,"Oakland Ave",40.7376037,-74.0524783,3640,"Journal Square",40.73367,-74.0625,29297,"Subscriber",1986,1
416,"2018-12-10 08:22:42.7600","2018-12-10 08:29:39.0540",3207,"Oakland Ave",40.7376037,-74.0524783,3195,"Sip Ave",40.73074262530658,-74.06378388404846,29234,"Subscriber",1980,1
419,"2018-12-10 08:34:07.9570","2018-12-10 08:41:07.4210",3207,"Oakland Ave",40.7376037,-74.0524783,3195,"Sip Ave",40.73074262530658,-74.06378388404846,29575,"Subscriber",1985,1
319,"2018-12-10 08:42:53.6240","2018-12-10 08:48:13.0700",3207,"Oakland Ave",40.7376037,-74.0524783,3195,"Sip Ave",40.73074262530658,-74.06378388404846,29283,"Subscriber",1981,1
1034,"2018-12-10 08:48:08.4790","2018-12-10 09:05:23.3480",3207,"Oakland Ave",40.7376037,-74.0524783,3202,"Newport PATH",40.7272235,-74.0337589,29526,"Subscriber",1980,1
670,"2018-12-10 08:52:19.4310","2018-12-10 09:03:29.6570",3207,"Oakland Ave",40.7376037,-74.0524783,3206,"Hilltop",40.7311689,-74.0575736,29241,"Subscriber",1989,1
370,"2018-12-10 08:52:42.5920","2018-12-10 08:58:53.3210",3207,"Oakland Ave",40.7376037,-74.0524783,3220,"5 Corners Library",40.734961020009514,-74.0595030784607,29673,"Subscriber",1983,1
1026,"2018-12-10 09:54:17.7990","2018-12-10 10:11:24.3790",3207,"Oakland Ave",40.7376037,-74.0524783,3195,"Sip Ave",40.73074262530658,-74.06378388404846,29519,"Subscriber",1985,1
302,"2018-12-10 14:39:09.1230","2018-12-10 14:44:11.7760",3207,"Oakland Ave",40.7376037,-74.0524783,3195,"Sip Ave",40.73074262530658,-74.06378388404846,26171,"Subscriber",1976,2
220,"2018-12-10 18:07:23.7690","2018-12-10 18:11:04.3000",3207,"Oakland Ave",40.7376037,-74.0524783,3210,"Pershing Field",40.742677141,-74.051788633,29646,"Subscriber",1984,1
517,"2018-12-10 19:08:48.3290","2018-12-10 19:17:26.1950",3207,"Oakland Ave",40.7376037,-74.0524783,3279,"Dixon Mills",40.721630142638354,-74.04996782541275,29482,"Subscriber",1988,1
424,"2018-12-10 19:32:22.2450","2018-12-10 19:39:26.9790",3207,"Oakland Ave",40.7376037,-74.0524783,3195,"Sip Ave",40.73074262530658,-74.06378388404846,29260,"Subscriber",1994,1
415,"2018-12-10 19:32:35.8830","2018-12-10 19:39:31.4130",3207,"Oakland Ave",40.7376037,-74.0524783,3195,"Sip Ave",40.73074262530658,-74.06378388404846,26296,"Subscriber",1994,1
237,"2018-12-11 05:58:08.2610","2018-12-11 06:02:05.8400",3207,"Oakland Ave",40.7376037,-74.0524783,3195,"Sip Ave",40.73074262530658,-74.06378388404846,29668,"Subscriber",1963,2
367,"2018-12-11 06:37:53.6220","2018-12-11 06:44:01.2120",3207,"Oakland Ave",40.7376037,-74.0524783,3640,"Journal Square",40.73367,-74.0625,29570,"Subscriber",1987,1
297,"2018-12-11 07:18:33.1880","2018-12-11 07:23:30.9210",3207,"Oakland Ave",40.7376037,-74.0524783,3640,"Journal Square",40.73367,-74.0625,29673,"Subscriber",1994,1
283,"2018-12-11 07:22:44.9980","2018-12-11 07:27:28.6580",3207,"Oakland Ave",40.7376037,-74.0524783,3640,"Journal Square",40.73367,-74.0625,29258,"Subscriber",1987,2
279,"2018-12-11 07:49:55.6740","2018-12-11 07:54:35.5390",3207,"Oakland Ave",40.7376037,-74.0524783,3640,"Journal Square",40.73367,-74.0625,29538,"Subscriber",1986,1
997,"2018-12-11 08:01:03.6160","2018-12-11 08:17:41.1890",3207,"Oakland Ave",40.7376037,-74.0524783,3202,"Newport PATH",40.7272235,-74.0337589,29204,"Subscriber",1988,1
276,"2018-12-11 08:22:21.2000","2018-12-11 08:26:57.5160",3207,"Oakland Ave",40.7376037,-74.0524783,3640,"Journal Square",40.73367,-74.0625,29459,"Subscriber",1980,1
301,"2018-12-11 08:24:45.0070","2018-12-11 08:29:46.6260",3207,"Oakland Ave",40.7376037,-74.0524783,3640,"Journal Square",40.73367,-74.0625,29297,"Subscriber",1985,1
327,"2018-12-11 08:31:56.1500","2018-12-11 08:37:23.8150",3207,"Oakland Ave",40.7376037,-74.0524783,3640,"Journal Square",40.73367,-74.0625,29303,"Subscriber",1994,1
1045,"2018-12-11 08:47:09.8280","2018-12-11 09:04:35.4900",3207,"Oakland Ave",40.7376037,-74.0524783,3202,"Newport PATH",40.7272235,-74.0337589,26307,"Subscriber",1980,1
942,"2018-12-11 08:53:18.3500","2018-12-11 09:09:01.2280",3207,"Oakland Ave",40.7376037,-74.0524783,3185,"City Hall",40.7177325,-74.043845,26276,"Subscriber",1982,2
204,"2018-12-11 09:14:43.1530","2018-12-11 09:18:07.5050",3207,"Oakland Ave",40.7376037,-74.0524783,3220,"5 Corners Library",40.734961020009514,-74.0595030784607,29492,"Subscriber",1983,1
382,"2018-12-11 09:28:26.6530","2018-12-11 09:34:48.8170",3207,"Oakland Ave",40.7376037,-74.0524783,3201,"Dey St",40.737711,-74.066921,26209,"Subscriber",1981,1
699,"2018-12-11 12:08:43.6750","2018-12-11 12:20:23.6480",3207,"Oakland Ave",40.7376037,-74.0524783,3199,"Newport Pkwy",40.7287448,-74.0321082,29290,"Subscriber",1991,1
1754,"2018-12-11 13:23:12.4490","2018-12-11 13:52:27.1490",3207,"Oakland Ave",40.7376037,-74.0524783,3207,"Oakland Ave",40.7376037,-74.0524783,29527,"Customer",1988,1
226,"2018-12-12 05:52:19.0890","2018-12-12 05:56:05.6670",3207,"Oakland Ave",40.7376037,-74.0524783,3195,"Sip Ave",40.73074262530658,-74.06378388404846,29605,"Subscriber",1963,2
351,"2018-12-12 06:45:09.7690","2018-12-12 06:51:01.6090",3207,"Oakland Ave",40.7376037,-74.0524783,3640,"Journal Square",40.73367,-74.0625,26223,"Subscriber",1987,1
254,"2018-12-12 07:19:12.5950","2018-12-12 07:23:26.8500",3207,"Oakland Ave",40.7376037,-74.0524783,3640,"Journal Square",40.73367,-74.0625,29598,"Subscriber",1985,1
278,"2018-12-12 07:34:00.0200","2018-12-12 07:38:38.1980",3207,"Oakland Ave",40.7376037,-74.0524783,3640,"Journal Square",40.73367,-74.0625,29465,"Subscriber",1988,1
283,"2018-12-12 07:54:07.0200","2018-12-12 07:58:50.4840",3207,"Oakland Ave",40.7376037,-74.0524783,3640,"Journal Square",40.73367,-74.0625,29538,"Subscriber",1986,1
304,"2018-12-12 08:18:40.4840","2018-12-12 08:23:45.0170",3207,"Oakland Ave",40.7376037,-74.0524783,3640,"Journal Square",40.73367,-74.0625,26216,"Subscriber",1980,1
655,"2018-12-12 08:20:00.2590","2018-12-12 08:30:55.2990",3207,"Oakland Ave",40.7376037,-74.0524783,3202,"Newport PATH",40.7272235,-74.0337589,29208,"Subscriber",1993,1
1122,"2018-12-12 08:20:06.4930","2018-12-12 08:38:49.3440",3207,"Oakland Ave",40.7376037,-74.0524783,3199,"Newport Pkwy",40.7287448,-74.0321082,26175,"Subscriber",1988,1
893,"2018-12-12 08:44:33.5270","2018-12-12 08:59:26.6240",3207,"Oakland Ave",40.7376037,-74.0524783,3185,"City Hall",40.7177325,-74.043845,29534,"Subscriber",1982,2
1227,"2018-12-12 08:47:58.7470","2018-12-12 09:08:26.2740",3207,"Oakland Ave",40.7376037,-74.0524783,3202,"Newport PATH",40.7272235,-74.0337589,29123,"Subscriber",1980,1
255,"2018-12-12 09:20:50.8450","2018-12-12 09:25:06.0400",3207,"Oakland Ave",40.7376037,-74.0524783,3640,"Journal Square",40.73367,-74.0625,29586,"Subscriber",1983,1
320,"2018-12-12 10:23:14.0240","2018-12-12 10:28:34.5350",3207,"Oakland Ave",40.7376037,-74.0524783,3640,"Journal Square",40.73367,-74.0625,29667,"Subscriber",1976,2
471,"2018-12-12 10:34:00.8890","2018-12-12 10:41:52.0190",3207,"Oakland Ave",40.7376037,-74.0524783,3640,"Journal Square",40.73367,-74.0625,29266,"Subscriber",1985,1
304,"2018-12-12 10:51:01.1120","2018-12-12 10:56:05.3270",3207,"Oakland Ave",40.7376037,-74.0524783,3640,"Journal Square",40.73367,-74.0625,29546,"Subscriber",1976,2
594,"2018-12-12 16:11:42.0810","2018-12-12 16:21:36.4630",3207,"Oakland Ave",40.7376037,-74.0524783,3209,"Brunswick St",40.7241765,-74.0506564,29496,"Subscriber",1987,1
459,"2018-12-13 06:40:53.8580","2018-12-13 06:48:33.3540",3207,"Oakland Ave",40.7376037,-74.0524783,3640,"Journal Square",40.73367,-74.0625,26210,"Subscriber",1987,1
227,"2018-12-13 06:52:06.8680","2018-12-13 06:55:54.5150",3207,"Oakland Ave",40.7376037,-74.0524783,3640,"Journal Square",40.73367,-74.0625,29477,"Subscriber",1985,1
317,"2018-12-13 06:54:22.9420","2018-12-13 06:59:40.7990",3207,"Oakland Ave",40.7376037,-74.0524783,3201,"Dey St",40.737711,-74.066921,29208,"Subscriber",1981,1
802,"2018-12-13 07:34:26.7200","2018-12-13 07:47:49.7160",3207,"Oakland Ave",40.7376037,-74.0524783,3202,"Newport PATH",40.7272235,-74.0337589,26284,"Subscriber",1993,1
985,"2018-12-13 08:18:07.3990","2018-12-13 08:34:32.4410",3207,"Oakland Ave",40.7376037,-74.0524783,3202,"Newport PATH",40.7272235,-74.0337589,29257,"Subscriber",1988,1
298,"2018-12-13 08:29:58.6650","2018-12-13 08:34:57.6480",3207,"Oakland Ave",40.7376037,-74.0524783,3640,"Journal Square",40.73367,-74.0625,29259,"Subscriber",1980,1
756,"2018-12-13 08:48:32.6720","2018-12-13 09:01:08.7090",3207,"Oakland Ave",40.7376037,-74.0524783,3185,"City Hall",40.7177325,-74.043845,26179,"Subscriber",1982,2
1524,"2018-12-13 08:52:03.2390","2018-12-13 09:17:27.5000",3207,"Oakland Ave",40.7376037,-74.0524783,3638,"Washington St",40.7242941,-74.0354826,29465,"Subscriber",1980,1
251,"2018-12-13 08:58:59.1720","2018-12-13 09:03:10.9810",3207,"Oakland Ave",40.7376037,-74.0524783,3640,"Journal Square",40.73367,-74.0625,29673,"Subscriber",1983,1
260,"2018-12-13 10:20:05.2300","2018-12-13 10:24:25.5370",3207,"Oakland Ave",40.7376037,-74.0524783,3640,"Journal Square",40.73367,-74.0625,29523,"Subscriber",1986,1
971,"2018-12-13 10:27:08.4320","2018-12-13 10:43:19.6930",3207,"Oakland Ave",40.7376037,-74.0524783,3214,"Essex Light Rail",40.7127742,-74.0364857,29443,"Subscriber",1979,2
316,"2018-12-13 10:27:18.8670","2018-12-13 10:32:35.2570",3207,"Oakland Ave",40.7376037,-74.0524783,3640,"Journal Square",40.73367,-74.0625,29297,"Subscriber",1985,1
292,"2018-12-13 11:51:42.1850","2018-12-13 11:56:34.5580",3207,"Oakland Ave",40.7376037,-74.0524783,3195,"Sip Ave",40.73074262530658,-74.06378388404846,29635,"Subscriber",1976,2
282,"2018-12-13 18:31:13.4410","2018-12-13 18:35:55.5610",3207,"Oakland Ave",40.7376037,-74.0524783,3220,"5 Corners Library",40.734961020009514,-74.0595030784607,29527,"Subscriber",1991,1
469,"2018-12-14 06:44:07.9210","2018-12-14 06:51:57.9110",3207,"Oakland Ave",40.7376037,-74.0524783,3640,"Journal Square",40.73367,-74.0625,29644,"Subscriber",1987,1
330,"2018-12-14 07:15:23.8210","2018-12-14 07:20:53.9620",3207,"Oakland Ave",40.7376037,-74.0524783,3640,"Journal Square",40.73367,-74.0625,33744,"Subscriber",1994,1
273,"2018-12-14 07:21:18.0260","2018-12-14 07:25:51.4260",3207,"Oakland Ave",40.7376037,-74.0524783,3640,"Journal Square",40.73367,-74.0625,29605,"Subscriber",1987,2
369,"2018-12-14 07:24:08.5340","2018-12-14 07:30:18.0090",3207,"Oakland Ave",40.7376037,-74.0524783,3195,"Sip Ave",40.73074262530658,-74.06378388404846,29551,"Subscriber",1988,1
286,"2018-12-14 07:36:50.0370","2018-12-14 07:41:36.7130",3207,"Oakland Ave",40.7376037,-74.0524783,3640,"Journal Square",40.73367,-74.0625,29668,"Subscriber",1980,1
295,"2018-12-14 07:55:10.9230","2018-12-14 08:00:06.9180",3207,"Oakland Ave",40.7376037,-74.0524783,3640,"Journal Square",40.73367,-74.0625,29290,"Subscriber",1986,1
324,"2018-12-14 08:37:48.5430","2018-12-14 08:43:13.4260",3207,"Oakland Ave",40.7376037,-74.0524783,3640,"Journal Square",40.73367,-74.0625,29467,"Subscriber",1985,1
301,"2018-12-14 08:41:02.1190","2018-12-14 08:46:03.7980",3207,"Oakland Ave",40.7376037,-74.0524783,3640,"Journal Square",40.73367,-74.0625,29273,"Subscriber",1977,1
1196,"2018-12-14 08:41:50.5600","2018-12-14 09:01:47.1460",3207,"Oakland Ave",40.7376037,-74.0524783,3202,"Newport PATH",40.7272235,-74.0337589,26157,"Subscriber",1980,1
745,"2018-12-14 08:47:38.0860","2018-12-14 09:00:03.2620",3207,"Oakland Ave",40.7376037,-74.0524783,3185,"City Hall",40.7177325,-74.043845,29236,"Subscriber",1982,2
680,"2018-12-14 09:04:42.7980","2018-12-14 09:16:02.9410",3207,"Oakland Ave",40.7376037,-74.0524783,3202,"Newport PATH",40.7272235,-74.0337589,29303,"Subscriber",1993,1
171,"2018-12-14 09:54:01.1680","2018-12-14 09:56:52.5450",3207,"Oakland Ave",40.7376037,-74.0524783,3212,"Christ Hospital",40.734785818,-74.050443636,29667,"Subscriber",1994,1
301,"2018-12-14 09:58:03.6450","2018-12-14 10:03:05.4770",3207,"Oakland Ave",40.7376037,-74.0524783,3640,"Journal Square",40.73367,-74.0625,29457,"Subscriber",1983,1
522,"2018-12-14 11:03:23.7560","2018-12-14 11:12:06.2740",3207,"Oakland Ave",40.7376037,-74.0524783,3195,"Sip Ave",40.73074262530658,-74.06378388404846,26208,"Subscriber",1988,1
295,"2018-12-14 11:13:39.9410","2018-12-14 11:18:35.7880",3207,"Oakland Ave",40.7376037,-74.0524783,3640,"Journal Square",40.73367,-74.0625,29569,"Subscriber",1984,1
611,"2018-12-14 12:03:44.1250","2018-12-14 12:13:56.0890",3207,"Oakland Ave",40.7376037,-74.0524783,3213,"Van Vorst Park",40.71848892,-74.047726625,26292,"Subscriber",1988,1
224,"2018-12-14 13:58:36.7520","2018-12-14 14:02:21.5500",3207,"Oakland Ave",40.7376037,-74.0524783,3210,"Pershing Field",40.742677141,-74.051788633,29213,"Subscriber",1994,1
759,"2018-12-15 09:37:28.1660","2018-12-15 09:50:07.2450",3207,"Oakland Ave",40.7376037,-74.0524783,3198,"Heights Elevator",40.748715945380226,-74.04044330120087,26202,"Subscriber",1988,1
696,"2018-12-15 10:45:32.6680","2018-12-15 10:57:09.4430",3207,"Oakland Ave",40.7376037,-74.0524783,3185,"City Hall",40.7177325,-74.043845,29491,"Subscriber",1984,2
437,"2018-12-15 13:24:36.0650","2018-12-15 13:31:53.3610",3207,"Oakland Ave",40.7376037,-74.0524783,3195,"Sip Ave",40.73074262530658,-74.06378388404846,29588,"Subscriber",1954,1
280,"2018-12-15 18:11:27.5350","2018-12-15 18:16:08.1450",3207,"Oakland Ave",40.7376037,-74.0524783,3195,"Sip Ave",40.73074262530658,-74.06378388404846,29257,"Subscriber",1976,2
323,"2018-12-15 20:59:29.8950","2018-12-15 21:04:53.2140",3207,"Oakland Ave",40.7376037,-74.0524783,3640,"Journal Square",40.73367,-74.0625,29259,"Subscriber",1984,1
253,"2018-12-16 12:13:17.6640","2018-12-16 12:17:30.6690",3207,"Oakland Ave",40.7376037,-74.0524783,3195,"Sip Ave",40.73074262530658,-74.06378388404846,29300,"Subscriber",1976,2
401,"2018-12-17 06:52:23.8350","2018-12-17 06:59:05.4420",3207,"Oakland Ave",40.7376037,-74.0524783,3201,"Dey St",40.737711,-74.066921,29668,"Subscriber",1981,1
300,"2018-12-17 07:17:22.4490","2018-12-17 07:22:22.7610",3207,"Oakland Ave",40.7376037,-74.0524783,3640,"Journal Square",40.73367,-74.0625,29213,"Subscriber",1987,2
1417,"2018-12-17 08:01:19.5740","2018-12-17 08:24:57.2060",3207,"Oakland Ave",40.7376037,-74.0524783,3186,"Grove St PATH",40.71958611647166,-74.04311746358871,29441,"Customer",1969,0
711,"2018-12-17 08:04:44.6460","2018-12-17 08:16:35.6670",3207,"Oakland Ave",40.7376037,-74.0524783,3273,"Manila & 1st",40.721650724879986,-74.04288411140442,29496,"Subscriber",1988,1
302,"2018-12-17 08:18:25.0520","2018-12-17 08:23:27.2070",3207,"Oakland Ave",40.7376037,-74.0524783,3640,"Journal Square",40.73367,-74.0625,29644,"Subscriber",1980,1
315,"2018-12-17 08:23:13.9610","2018-12-17 08:28:29.0010",3207,"Oakland Ave",40.7376037,-74.0524783,3640,"Journal Square",40.73367,-74.0625,33744,"Subscriber",1994,1
773,"2018-12-17 08:54:12.6730","2018-12-17 09:07:05.8080",3207,"Oakland Ave",40.7376037,-74.0524783,3202,"Newport PATH",40.7272235,-74.0337589,26224,"Subscriber",1993,1
1222,"2018-12-17 08:55:45.3880","2018-12-17 09:16:07.7870",3207,"Oakland Ave",40.7376037,-74.0524783,3202,"Newport PATH",40.7272235,-74.0337589,26191,"Subscriber",1980,1
468,"2018-12-17 08:58:37.2790","2018-12-17 09:06:25.5790",3207,"Oakland Ave",40.7376037,-74.0524783,3640,"Journal Square",40.73367,-74.0625,29214,"Subscriber",1983,1
280,"2018-12-17 09:12:07.2260","2018-12-17 09:16:47.9410",3207,"Oakland Ave",40.7376037,-74.0524783,3640,"Journal Square",40.73367,-74.0625,29471,"Subscriber",1983,1
355,"2018-12-17 10:04:25.2230","2018-12-17 10:10:21.0820",3207,"Oakland Ave",40.7376037,-74.0524783,3640,"Journal Square",40.73367,-74.0625,26212,"Subscriber",1985,1
372,"2018-12-17 16:01:24.4350","2018-12-17 16:07:36.6240",3207,"Oakland Ave",40.7376037,-74.0524783,3195,"Sip Ave",40.73074262530658,-74.06378388404846,29490,"Subscriber",1976,2
226,"2018-12-17 16:23:47.2050","2018-12-17 16:27:33.7790",3207,"Oakland Ave",40.7376037,-74.0524783,3206,"Hilltop",40.7311689,-74.0575736,29273,"Subscriber",1985,1
248,"2018-12-17 17:07:43.4570","2018-12-17 17:11:51.9100",3207,"Oakland Ave",40.7376037,-74.0524783,3640,"Journal Square",40.73367,-74.0625,26212,"Subscriber",1994,1
266,"2018-12-17 17:26:21.2200","2018-12-17 17:30:47.5190",3207,"Oakland Ave",40.7376037,-74.0524783,3210,"Pershing Field",40.742677141,-74.051788633,29273,"Subscriber",1984,1
347,"2018-12-18 07:04:13.6570","2018-12-18 07:10:00.6800",3207,"Oakland Ave",40.7376037,-74.0524783,3640,"Journal Square",40.73367,-74.0625,29674,"Subscriber",1994,1
968,"2018-12-18 07:17:31.8870","2018-12-18 07:33:40.4750",3207,"Oakland Ave",40.7376037,-74.0524783,3202,"Newport PATH",40.7272235,-74.0337589,26294,"Subscriber",1988,1
374,"2018-12-18 07:23:49.1900","2018-12-18 07:30:04.0690",3207,"Oakland Ave",40.7376037,-74.0524783,3201,"Dey St",40.737711,-74.066921,29628,"Subscriber",1981,1
286,"2018-12-18 08:12:25.9160","2018-12-18 08:17:12.8750",3207,"Oakland Ave",40.7376037,-74.0524783,3640,"Journal Square",40.73367,-74.0625,29602,"Subscriber",1980,1
1081,"2018-12-18 08:46:44.6300","2018-12-18 09:04:45.8420",3207,"Oakland Ave",40.7376037,-74.0524783,3202,"Newport PATH",40.7272235,-74.0337589,29546,"Subscriber",1980,1
672,"2018-12-18 08:50:47.6800","2018-12-18 09:01:59.9330",3207,"Oakland Ave",40.7376037,-74.0524783,3202,"Newport PATH",40.7272235,-74.0337589,29208,"Subscriber",1993,1
278,"2018-12-18 09:00:07.6510","2018-12-18 09:04:46.4490",3207,"Oakland Ave",40.7376037,-74.0524783,3640,"Journal Square",40.73367,-74.0625,26220,"Subscriber",1983,1
282,"2018-12-18 09:05:48.9480","2018-12-18 09:10:30.9730",3207,"Oakland Ave",40.7376037,-74.0524783,3640,"Journal Square",40.73367,-74.0625,29516,"Subscriber",1994,1
316,"2018-12-18 09:59:58.4750","2018-12-18 10:05:15.2360",3207,"Oakland Ave",40.7376037,-74.0524783,3640,"Journal Square",40.73367,-74.0625,29595,"Subscriber",1985,1
307,"2018-12-18 11:01:31.4510","2018-12-18 11:06:38.6760",3207,"Oakland Ave",40.7376037,-74.0524783,3210,"Pershing Field",40.742677141,-74.051788633,29276,"Subscriber",1991,1
609,"2018-12-18 12:16:03.1300","2018-12-18 12:26:12.9080",3207,"Oakland Ave",40.7376037,-74.0524783,3199,"Newport Pkwy",40.7287448,-74.0321082,29587,"Subscriber",1991,1
417,"2018-12-18 15:02:17.8450","2018-12-18 15:09:15.2940",3207,"Oakland Ave",40.7376037,-74.0524783,3196,"Riverview Park",40.7443187,-74.0439909,26318,"Subscriber",1995,1
451,"2018-12-18 19:21:37.0180","2018-12-18 19:29:08.6610",3207,"Oakland Ave",40.7376037,-74.0524783,3279,"Dixon Mills",40.721630142638354,-74.04996782541275,29298,"Subscriber",1988,1
328,"2018-12-18 19:59:24.4690","2018-12-18 20:04:52.6490",3207,"Oakland Ave",40.7376037,-74.0524783,3195,"Sip Ave",40.73074262530658,-74.06378388404846,26220,"Subscriber",1994,1
1312,"2018-12-18 20:27:13.8670","2018-12-18 20:49:05.9770",3207,"Oakland Ave",40.7376037,-74.0524783,3207,"Oakland Ave",40.7376037,-74.0524783,29581,"Customer",1988,1
314,"2018-12-19 07:10:01.1200","2018-12-19 07:15:15.3240",3207,"Oakland Ave",40.7376037,-74.0524783,3640,"Journal Square",40.73367,-74.0625,29298,"Subscriber",1994,1
352,"2018-12-19 07:13:41.0300","2018-12-19 07:19:33.6920",3207,"Oakland Ave",40.7376037,-74.0524783,3640,"Journal Square",40.73367,-74.0625,29581,"Subscriber",1987,2
983,"2018-12-19 08:02:07.8150","2018-12-19 08:18:31.5980",3207,"Oakland Ave",40.7376037,-74.0524783,3202,"Newport PATH",40.7272235,-74.0337589,29658,"Subscriber",1988,1
305,"2018-12-19 08:23:32.9080","2018-12-19 08:28:38.5660",3207,"Oakland Ave",40.7376037,-74.0524783,3640,"Journal Square",40.73367,-74.0625,26179,"Subscriber",1994,1
283,"2018-12-19 08:33:32.7460","2018-12-19 08:38:16.6520",3207,"Oakland Ave",40.7376037,-74.0524783,3640,"Journal Square",40.73367,-74.0625,26167,"Subscriber",1986,1
207,"2018-12-19 08:45:20.9090","2018-12-19 08:48:48.6020",3207,"Oakland Ave",40.7376037,-74.0524783,3210,"Pershing Field",40.742677141,-74.051788633,29587,"Subscriber",1991,1
1434,"2018-12-19 08:47:28.0960","2018-12-19 09:11:22.9900",3207,"Oakland Ave",40.7376037,-74.0524783,3202,"Newport PATH",40.7272235,-74.0337589,26164,"Subscriber",1980,1
641,"2018-12-19 08:47:49.8980","2018-12-19 08:58:31.5730",3207,"Oakland Ave",40.7376037,-74.0524783,3202,"Newport PATH",40.7272235,-74.0337589,29469,"Subscriber",1993,1
327,"2018-12-19 09:42:19.2260","2018-12-19 09:47:46.3320",3207,"Oakland Ave",40.7376037,-74.0524783,3640,"Journal Square",40.73367,-74.0625,29444,"Subscriber",1976,2
783,"2018-12-19 09:53:07.3950","2018-12-19 10:06:11.3800",3207,"Oakland Ave",40.7376037,-74.0524783,3185,"City Hall",40.7177325,-74.043845,29483,"Subscriber",1982,2
451,"2018-12-19 09:59:05.3140","2018-12-19 10:06:36.4650",3207,"Oakland Ave",40.7376037,-74.0524783,3201,"Dey St",40.737711,-74.066921,29465,"Subscriber",1981,1
254,"2018-12-19 10:14:37.2380","2018-12-19 10:18:51.7380",3207,"Oakland Ave",40.7376037,-74.0524783,3640,"Journal Square",40.73367,-74.0625,29198,"Subscriber",1983,1
424,"2018-12-19 11:50:25.3130","2018-12-19 11:57:29.6110",3207,"Oakland Ave",40.7376037,-74.0524783,3640,"Journal Square",40.73367,-74.0625,26257,"Subscriber",1987,1
1236,"2018-12-19 11:57:18.9050","2018-12-19 12:17:55.8700",3207,"Oakland Ave",40.7376037,-74.0524783,3191,"Union St",40.7182113,-74.0836394,29587,"Subscriber",1985,1
231,"2018-12-19 16:53:17.0160","2018-12-19 16:57:08.8510",3207,"Oakland Ave",40.7376037,-74.0524783,3640,"Journal Square",40.73367,-74.0625,26293,"Subscriber",1985,1
1307,"2018-12-19 17:49:47.0060","2018-12-19 18:11:34.9820",3207,"Oakland Ave",40.7376037,-74.0524783,3202,"Newport PATH",40.7272235,-74.0337589,29540,"Customer",1996,1
333,"2018-12-19 18:51:39.7300","2018-12-19 18:57:13.6100",3207,"Oakland Ave",40.7376037,-74.0524783,3640,"Journal Square",40.73367,-74.0625,29272,"Subscriber",1984,1
354,"2018-12-20 06:08:09.5500","2018-12-20 06:14:03.7610",3207,"Oakland Ave",40.7376037,-74.0524783,3195,"Sip Ave",40.73074262530658,-74.06378388404846,26286,"Subscriber",1958,1
398,"2018-12-20 06:16:04.9040","2018-12-20 06:22:43.4110",3207,"Oakland Ave",40.7376037,-74.0524783,3201,"Dey St",40.737711,-74.066921,26293,"Subscriber",1981,1
308,"2018-12-20 07:18:22.8770","2018-12-20 07:23:31.5480",3207,"Oakland Ave",40.7376037,-74.0524783,3640,"Journal Square",40.73367,-74.0625,26251,"Subscriber",1987,2
700,"2018-12-20 07:38:37.3650","2018-12-20 07:50:17.8050",3207,"Oakland Ave",40.7376037,-74.0524783,3202,"Newport PATH",40.7272235,-74.0337589,29645,"Subscriber",1993,1
956,"2018-12-20 07:57:43.5070","2018-12-20 08:13:39.6090",3207,"Oakland Ave",40.7376037,-74.0524783,3202,"Newport PATH",40.7272235,-74.0337589,29288,"Subscriber",1988,1
288,"2018-12-20 08:26:02.9510","2018-12-20 08:30:51.9100",3207,"Oakland Ave",40.7376037,-74.0524783,3640,"Journal Square",40.73367,-74.0625,29473,"Subscriber",1980,1
274,"2018-12-20 08:27:43.1220","2018-12-20 08:32:17.7580",3207,"Oakland Ave",40.7376037,-74.0524783,3640,"Journal Square",40.73367,-74.0625,29507,"Subscriber",1986,1
313,"2018-12-20 08:28:19.0380","2018-12-20 08:33:32.8230",3207,"Oakland Ave",40.7376037,-74.0524783,3640,"Journal Square",40.73367,-74.0625,29674,"Subscriber",1994,1
1050,"2018-12-20 08:43:45.2560","2018-12-20 09:01:16.0490",3207,"Oakland Ave",40.7376037,-74.0524783,3184,"Paulus Hook",40.7141454,-74.0335519,29207,"Subscriber",1966,1
247,"2018-12-20 08:45:55.6150","2018-12-20 08:50:03.0030",3207,"Oakland Ave",40.7376037,-74.0524783,3640,"Journal Square",40.73367,-74.0625,29452,"Subscriber",1989,1
859,"2018-12-20 09:23:36.1290","2018-12-20 09:37:55.4350",3207,"Oakland Ave",40.7376037,-74.0524783,3202,"Newport PATH",40.7272235,-74.0337589,26283,"Subscriber",1980,1
1166,"2018-12-20 09:40:06.0910","2018-12-20 09:59:32.3930",3207,"Oakland Ave",40.7376037,-74.0524783,3681,"Grand St",40.71517767732029,-74.03768330812454,29471,"Subscriber",1979,1
244,"2018-12-20 09:44:16.4200","2018-12-20 09:48:20.4780",3207,"Oakland Ave",40.7376037,-74.0524783,3640,"Journal Square",40.73367,-74.0625,29577,"Subscriber",1983,1
257,"2018-12-20 10:19:01.5420","2018-12-20 10:23:19.2090",3207,"Oakland Ave",40.7376037,-74.0524783,3640,"Journal Square",40.73367,-74.0625,29441,"Subscriber",1987,1
407,"2018-12-20 10:41:01.1840","2018-12-20 10:47:48.3700",3207,"Oakland Ave",40.7376037,-74.0524783,3640,"Journal Square",40.73367,-74.0625,29521,"Subscriber",1985,1
593,"2018-12-20 13:43:12.7330","2018-12-20 13:53:06.1380",3207,"Oakland Ave",40.7376037,-74.0524783,3211,"Newark Ave",40.72152515,-74.046304543,29240,"Subscriber",1988,1
299,"2018-12-20 13:55:40.2270","2018-12-20 14:00:40.1560",3207,"Oakland Ave",40.7376037,-74.0524783,3640,"Journal Square",40.73367,-74.0625,29443,"Subscriber",1976,2
323,"2018-12-21 08:14:40.9900","2018-12-21 08:20:04.8490",3207,"Oakland Ave",40.7376037,-74.0524783,3195,"Sip Ave",40.73074262530658,-74.06378388404846,26299,"Subscriber",1988,1
358,"2018-12-21 08:29:08.1050","2018-12-21 08:35:06.9400",3207,"Oakland Ave",40.7376037,-74.0524783,3640,"Journal Square",40.73367,-74.0625,26293,"Subscriber",1980,1
547,"2018-12-21 09:10:10.0520","2018-12-21 09:19:17.5330",3207,"Oakland Ave",40.7376037,-74.0524783,3211,"Newark Ave",40.72152515,-74.046304543,29239,"Subscriber",1988,1
264,"2018-12-21 10:03:18.4370","2018-12-21 10:07:42.7950",3207,"Oakland Ave",40.7376037,-74.0524783,3640,"Journal Square",40.73367,-74.0625,29441,"Subscriber",1986,1
251,"2018-12-21 10:03:30.8680","2018-12-21 10:07:41.9830",3207,"Oakland Ave",40.7376037,-74.0524783,3640,"Journal Square",40.73367,-74.0625,29254,"Subscriber",1983,1
449,"2018-12-21 11:44:41.1750","2018-12-21 11:52:10.7170",3207,"Oakland Ave",40.7376037,-74.0524783,3640,"Journal Square",40.73367,-74.0625,29481,"Subscriber",1987,1
1135,"2018-12-21 13:41:55.7130","2018-12-21 14:00:50.8120",3207,"Oakland Ave",40.7376037,-74.0524783,3267,"Morris Canal",40.7124188237569,-74.03852552175522,29554,"Subscriber",1988,1
321,"2018-12-21 14:36:58.0550","2018-12-21 14:42:19.4380",3207,"Oakland Ave",40.7376037,-74.0524783,3640,"Journal Square",40.73367,-74.0625,29513,"Subscriber",1985,1
371,"2018-12-21 15:52:03.3220","2018-12-21 15:58:15.0990",3207,"Oakland Ave",40.7376037,-74.0524783,3640,"Journal Square",40.73367,-74.0625,26151,"Subscriber",1962,1
402,"2018-12-21 16:03:19.4170","2018-12-21 16:10:02.3210",3207,"Oakland Ave",40.7376037,-74.0524783,3195,"Sip Ave",40.73074262530658,-74.06378388404846,29594,"Subscriber",1994,1
853,"2018-12-21 17:03:35.8110","2018-12-21 17:17:49.1760",3207,"Oakland Ave",40.7376037,-74.0524783,3201,"Dey St",40.737711,-74.066921,29218,"Subscriber",1979,1
885,"2018-12-22 06:20:47.5710","2018-12-22 06:35:33.1130",3207,"Oakland Ave",40.7376037,-74.0524783,3185,"City Hall",40.7177325,-74.043845,29554,"Subscriber",1984,2
340,"2018-12-22 08:02:26.5240","2018-12-22 08:08:07.2040",3207,"Oakland Ave",40.7376037,-74.0524783,3195,"Sip Ave",40.73074262530658,-74.06378388404846,29513,"Subscriber",1994,1
329,"2018-12-22 08:39:02.0410","2018-12-22 08:44:31.5500",3207,"Oakland Ave",40.7376037,-74.0524783,3195,"Sip Ave",40.73074262530658,-74.06378388404846,26245,"Subscriber",1988,1
2066,"2018-12-22 11:23:31.0880","2018-12-22 11:57:57.8640",3207,"Oakland Ave",40.7376037,-74.0524783,3195,"Sip Ave",40.73074262530658,-74.06378388404846,29522,"Subscriber",1985,1
544,"2018-12-22 12:31:08.9710","2018-12-22 12:40:13.9430",3207,"Oakland Ave",40.7376037,-74.0524783,3195,"Sip Ave",40.73074262530658,-74.06378388404846,29254,"Subscriber",1954,1
537,"2018-12-22 16:33:03.2900","2018-12-22 16:42:00.7480",3207,"Oakland Ave",40.7376037,-74.0524783,3211,"Newark Ave",40.72152515,-74.046304543,29522,"Subscriber",1988,1
400,"2018-12-22 18:36:40.3400","2018-12-22 18:43:20.4640",3207,"Oakland Ave",40.7376037,-74.0524783,3640,"Journal Square",40.73367,-74.0625,29636,"Subscriber",1962,1
314,"2018-12-22 18:43:11.0870","2018-12-22 18:48:25.2200",3207,"Oakland Ave",40.7376037,-74.0524783,3640,"Journal Square",40.73367,-74.0625,29494,"Subscriber",1976,2
773,"2018-12-23 00:04:25.6990","2018-12-23 00:17:19.6400",3207,"Oakland Ave",40.7376037,-74.0524783,3198,"Heights Elevator",40.748715945380226,-74.04044330120087,29260,"Subscriber",1984,1
416,"2018-12-23 10:25:22.9260","2018-12-23 10:32:19.4660",3207,"Oakland Ave",40.7376037,-74.0524783,3209,"Brunswick St",40.7241765,-74.0506564,29548,"Subscriber",1988,1
205,"2018-12-23 13:31:06.3700","2018-12-23 13:34:31.6250",3207,"Oakland Ave",40.7376037,-74.0524783,3210,"Pershing Field",40.742677141,-74.051788633,29636,"Subscriber",1985,1
551,"2018-12-23 14:58:20.9190","2018-12-23 15:07:32.4440",3207,"Oakland Ave",40.7376037,-74.0524783,3194,"McGinley Square",40.7253399253558,-74.06762212514877,29260,"Subscriber",1985,1
306,"2018-12-23 17:33:40.3330","2018-12-23 17:38:47.1870",3207,"Oakland Ave",40.7376037,-74.0524783,3640,"Journal Square",40.73367,-74.0625,29278,"Subscriber",1976,2
882,"2018-12-24 08:27:52.6310","2018-12-24 08:42:35.1250",3207,"Oakland Ave",40.7376037,-74.0524783,3183,"Exchange Place",40.7162469,-74.0334588,26172,"Subscriber",1981,1
281,"2018-12-24 11:50:55.8150","2018-12-24 11:55:37.3040",3207,"Oakland Ave",40.7376037,-74.0524783,3195,"Sip Ave",40.73074262530658,-74.06378388404846,29595,"Subscriber",1985,1
872,"2018-12-24 17:08:58.3810","2018-12-24 17:23:30.5770",3207,"Oakland Ave",40.7376037,-74.0524783,3185,"City Hall",40.7177325,-74.043845,26282,"Subscriber",1984,1
2288,"2018-12-24 20:03:37.7250","2018-12-24 20:41:46.2180",3207,"Oakland Ave",40.7376037,-74.0524783,3207,"Oakland Ave",40.7376037,-74.0524783,29512,"Subscriber",1965,1
822,"2018-12-24 23:48:20.0110","2018-12-25 00:02:02.3760",3207,"Oakland Ave",40.7376037,-74.0524783,3267,"Morris Canal",40.7124188237569,-74.03852552175522,29230,"Subscriber",1960,1
649,"2018-12-25 15:33:08.5840","2018-12-25 15:43:57.7280",3207,"Oakland Ave",40.7376037,-74.0524783,3279,"Dixon Mills",40.721630142638354,-74.04996782541275,29512,"Customer",1996,1
886,"2018-12-25 23:06:25.9840","2018-12-25 23:21:12.8720",3207,"Oakland Ave",40.7376037,-74.0524783,3267,"Morris Canal",40.7124188237569,-74.03852552175522,29447,"Subscriber",1960,1
292,"2018-12-26 08:27:14.1560","2018-12-26 08:32:06.6450",3207,"Oakland Ave",40.7376037,-74.0524783,3195,"Sip Ave",40.73074262530658,-74.06378388404846,26284,"Subscriber",1988,1
623,"2018-12-26 09:05:47.2960","2018-12-26 09:16:10.7010",3207,"Oakland Ave",40.7376037,-74.0524783,3202,"Newport PATH",40.7272235,-74.0337589,29472,"Subscriber",1993,1
1116,"2018-12-26 14:45:15.5050","2018-12-26 15:03:52.4330",3207,"Oakland Ave",40.7376037,-74.0524783,3195,"Sip Ave",40.73074262530658,-74.06378388404846,29665,"Subscriber",1981,1
347,"2018-12-26 16:03:54.5280","2018-12-26 16:09:41.6520",3207,"Oakland Ave",40.7376037,-74.0524783,3640,"Journal Square",40.73367,-74.0625,29444,"Subscriber",1984,1
626,"2018-12-26 16:08:38.7850","2018-12-26 16:19:05.7140",3207,"Oakland Ave",40.7376037,-74.0524783,3202,"Newport PATH",40.7272235,-74.0337589,26188,"Subscriber",1976,2
2182,"2018-12-26 17:25:47.2230","2018-12-26 18:02:09.6970",3207,"Oakland Ave",40.7376037,-74.0524783,3207,"Oakland Ave",40.7376037,-74.0524783,29541,"Customer",1996,1
328,"2018-12-27 06:10:11.2230","2018-12-27 06:15:39.2900",3207,"Oakland Ave",40.7376037,-74.0524783,3195,"Sip Ave",40.73074262530658,-74.06378388404846,26276,"Subscriber",1958,1
469,"2018-12-27 08:37:40.9620","2018-12-27 08:45:30.6910",3207,"Oakland Ave",40.7376037,-74.0524783,3640,"Journal Square",40.73367,-74.0625,26245,"Subscriber",1981,2
177,"2018-12-27 08:49:15.5250","2018-12-27 08:52:12.5620",3207,"Oakland Ave",40.7376037,-74.0524783,3220,"5 Corners Library",40.734961020009514,-74.0595030784607,29230,"Subscriber",1988,1
584,"2018-12-27 08:52:16.4040","2018-12-27 09:02:01.0750",3207,"Oakland Ave",40.7376037,-74.0524783,3202,"Newport PATH",40.7272235,-74.0337589,26235,"Subscriber",1993,1
246,"2018-12-27 10:08:14.7420","2018-12-27 10:12:20.8320",3207,"Oakland Ave",40.7376037,-74.0524783,3640,"Journal Square",40.73367,-74.0625,26184,"Subscriber",1983,1
331,"2018-12-27 11:03:17.4770","2018-12-27 11:08:49.2610",3207,"Oakland Ave",40.7376037,-74.0524783,3195,"Sip Ave",40.73074262530658,-74.06378388404846,29453,"Subscriber",1985,1
498,"2018-12-27 22:27:26.0690","2018-12-27 22:35:44.2510",3207,"Oakland Ave",40.7376037,-74.0524783,3198,"Heights Elevator",40.748715945380226,-74.04044330120087,29642,"Subscriber",1992,1
909,"2018-12-28 05:13:01.1000","2018-12-28 05:28:10.3620",3207,"Oakland Ave",40.7376037,-74.0524783,3185,"City Hall",40.7177325,-74.043845,29480,"Subscriber",1984,2
366,"2018-12-28 08:19:47.7870","2018-12-28 08:25:53.8440",3207,"Oakland Ave",40.7376037,-74.0524783,3195,"Sip Ave",40.73074262530658,-74.06378388404846,29265,"Subscriber",1988,1
329,"2018-12-28 17:51:41.9270","2018-12-28 17:57:11.2690",3207,"Oakland Ave",40.7376037,-74.0524783,3640,"Journal Square",40.73367,-74.0625,26304,"Subscriber",1976,2
301,"2018-12-28 18:29:25.7480","2018-12-28 18:34:26.7750",3207,"Oakland Ave",40.7376037,-74.0524783,3195,"Sip Ave",40.73074262530658,-74.06378388404846,29641,"Subscriber",1982,1
798,"2018-12-28 18:51:49.4480","2018-12-28 19:05:08.4360",3207,"Oakland Ave",40.7376037,-74.0524783,3210,"Pershing Field",40.742677141,-74.051788633,29440,"Subscriber",1988,1
587,"2018-12-29 11:41:41.1670","2018-12-29 11:51:28.2810",3207,"Oakland Ave",40.7376037,-74.0524783,3199,"Newport Pkwy",40.7287448,-74.0321082,29641,"Subscriber",1991,1
460,"2018-12-29 15:54:46.8740","2018-12-29 16:02:27.4270",3207,"Oakland Ave",40.7376037,-74.0524783,3210,"Pershing Field",40.742677141,-74.051788633,26184,"Subscriber",1991,1
317,"2018-12-29 16:20:16.0430","2018-12-29 16:25:33.7910",3207,"Oakland Ave",40.7376037,-74.0524783,3640,"Journal Square",40.73367,-74.0625,26161,"Subscriber",1976,2
642,"2018-12-30 07:13:46.4520","2018-12-30 07:24:29.4300",3207,"Oakland Ave",40.7376037,-74.0524783,3199,"Newport Pkwy",40.7287448,-74.0321082,29445,"Subscriber",1991,1
786,"2018-12-30 11:04:13.9420","2018-12-30 11:17:20.4300",3207,"Oakland Ave",40.7376037,-74.0524783,3195,"Sip Ave",40.73074262530658,-74.06378388404846,26152,"Subscriber",1994,1
291,"2018-12-30 15:33:02.5310","2018-12-30 15:37:54.1010",3207,"Oakland Ave",40.7376037,-74.0524783,3640,"Journal Square",40.73367,-74.0625,26152,"Subscriber",1976,2
233,"2018-12-30 18:05:50.1300","2018-12-30 18:09:44.0230",3207,"Oakland Ave",40.7376037,-74.0524783,3640,"Journal Square",40.73367,-74.0625,29553,"Subscriber",1983,1
276,"2018-12-31 07:15:43.0830","2018-12-31 07:20:19.9620",3207,"Oakland Ave",40.7376037,-74.0524783,3640,"Journal Square",40.73367,-74.0625,26152,"Subscriber",1987,2
416,"2018-12-31 08:14:47.7960","2018-12-31 08:21:44.7470",3207,"Oakland Ave",40.7376037,-74.0524783,3209,"Brunswick St",40.7241765,-74.0506564,29636,"Subscriber",1988,1
293,"2018-12-31 08:22:40.0950","2018-12-31 08:27:33.1990",3207,"Oakland Ave",40.7376037,-74.0524783,3640,"Journal Square",40.73367,-74.0625,26296,"Subscriber",1994,1
256,"2018-12-31 08:38:31.0800","2018-12-31 08:42:47.7450",3207,"Oakland Ave",40.7376037,-74.0524783,3640,"Journal Square",40.73367,-74.0625,26245,"Subscriber",1986,1
198,"2018-12-01 07:11:25.7880","2018-12-01 07:14:44.5650",3209,"Brunswick St",40.7241765,-74.0506564,3186,"Grove St PATH",40.71958611647166,-74.04311746358871,29286,"Subscriber",1980,1
172,"2018-12-01 11:34:02.0860","2018-12-01 11:36:54.4970",3209,"Brunswick St",40.7241765,-74.0506564,3211,"Newark Ave",40.72152515,-74.046304543,26170,"Subscriber",1984,1
1010,"2018-12-01 12:01:20.7790","2018-12-01 12:18:10.8010",3209,"Brunswick St",40.7241765,-74.0506564,3195,"Sip Ave",40.73074262530658,-74.06378388404846,26170,"Subscriber",1993,1
230,"2018-12-01 12:40:34.7940","2018-12-01 12:44:25.4800",3209,"Brunswick St",40.7241765,-74.0506564,3203,"Hamilton Park",40.727595966,-74.044247311,29448,"Subscriber",1975,2
301,"2018-12-01 13:03:34.4730","2018-12-01 13:08:35.5280",3209,"Brunswick St",40.7241765,-74.0506564,3203,"Hamilton Park",40.727595966,-74.044247311,26183,"Subscriber",1979,2
214,"2018-12-01 14:30:04.6570","2018-12-01 14:33:39.4970",3209,"Brunswick St",40.7241765,-74.0506564,3186,"Grove St PATH",40.71958611647166,-74.04311746358871,29281,"Subscriber",1998,1
303,"2018-12-01 18:16:42.2490","2018-12-01 18:21:45.2510",3209,"Brunswick St",40.7241765,-74.0506564,3203,"Hamilton Park",40.727595966,-74.044247311,28164,"Subscriber",1989,2
312,"2018-12-01 19:26:57.4760","2018-12-01 19:32:10.1180",3209,"Brunswick St",40.7241765,-74.0506564,3203,"Hamilton Park",40.727595966,-74.044247311,29505,"Subscriber",1964,1
208,"2018-12-01 22:37:26.0060","2018-12-01 22:40:54.4800",3209,"Brunswick St",40.7241765,-74.0506564,3186,"Grove St PATH",40.71958611647166,-74.04311746358871,29528,"Subscriber",1989,1
272,"2018-12-02 09:46:15.0380","2018-12-02 09:50:47.9220",3209,"Brunswick St",40.7241765,-74.0506564,3203,"Hamilton Park",40.727595966,-74.044247311,29437,"Subscriber",1979,2
296,"2018-12-02 12:59:53.5930","2018-12-02 13:04:50.1440",3209,"Brunswick St",40.7241765,-74.0506564,3186,"Grove St PATH",40.71958611647166,-74.04311746358871,29545,"Subscriber",1993,1
369,"2018-12-02 13:04:26.4020","2018-12-02 13:10:35.6770",3209,"Brunswick St",40.7241765,-74.0506564,3186,"Grove St PATH",40.71958611647166,-74.04311746358871,26284,"Subscriber",1989,2
354,"2018-12-02 13:04:33.1130","2018-12-02 13:10:27.5370",3209,"Brunswick St",40.7241765,-74.0506564,3186,"Grove St PATH",40.71958611647166,-74.04311746358871,29510,"Subscriber",1984,1
134,"2018-12-02 14:07:29.8470","2018-12-02 14:09:44.4380",3209,"Brunswick St",40.7241765,-74.0506564,3272,"Jersey & 3rd",40.72333158646436,-74.04595255851744,15947,"Subscriber",1988,1
225,"2018-12-02 14:45:56.5830","2018-12-02 14:49:41.9630",3209,"Brunswick St",40.7241765,-74.0506564,3186,"Grove St PATH",40.71958611647166,-74.04311746358871,29681,"Subscriber",1990,1
462,"2018-12-02 17:43:03.2140","2018-12-02 17:50:45.4060",3209,"Brunswick St",40.7241765,-74.0506564,3272,"Jersey & 3rd",40.72333158646436,-74.04595255851744,26290,"Customer",1969,0
418,"2018-12-02 17:43:13.5510","2018-12-02 17:50:11.6010",3209,"Brunswick St",40.7241765,-74.0506564,3272,"Jersey & 3rd",40.72333158646436,-74.04595255851744,26223,"Subscriber",1987,2
189,"2018-12-02 17:47:46.5610","2018-12-02 17:50:56.2110",3209,"Brunswick St",40.7241765,-74.0506564,3211,"Newark Ave",40.72152515,-74.046304543,29286,"Subscriber",1990,1
374,"2018-12-02 20:50:55.0290","2018-12-02 20:57:09.6890",3209,"Brunswick St",40.7241765,-74.0506564,3209,"Brunswick St",40.7241765,-74.0506564,29254,"Subscriber",1984,1
299,"2018-12-03 06:27:43.5650","2018-12-03 06:32:43.2960",3209,"Brunswick St",40.7241765,-74.0506564,3186,"Grove St PATH",40.71958611647166,-74.04311746358871,26174,"Subscriber",1988,2
194,"2018-12-03 06:29:50.7400","2018-12-03 06:33:05.5990",3209,"Brunswick St",40.7241765,-74.0506564,3186,"Grove St PATH",40.71958611647166,-74.04311746358871,29291,"Subscriber",1980,1
227,"2018-12-03 07:24:19.4530","2018-12-03 07:28:06.6890",3209,"Brunswick St",40.7241765,-74.0506564,3186,"Grove St PATH",40.71958611647166,-74.04311746358871,29254,"Subscriber",1989,1
233,"2018-12-03 07:39:38.5660","2018-12-03 07:43:32.0130",3209,"Brunswick St",40.7241765,-74.0506564,3186,"Grove St PATH",40.71958611647166,-74.04311746358871,29286,"Subscriber",1991,2
322,"2018-12-03 08:14:10.4910","2018-12-03 08:19:32.5630",3209,"Brunswick St",40.7241765,-74.0506564,3186,"Grove St PATH",40.71958611647166,-74.04311746358871,29198,"Subscriber",1981,1
271,"2018-12-03 08:17:22.8730","2018-12-03 08:21:54.2470",3209,"Brunswick St",40.7241765,-74.0506564,3186,"Grove St PATH",40.71958611647166,-74.04311746358871,26301,"Subscriber",1979,1
536,"2018-12-03 08:23:37.4630","2018-12-03 08:32:33.9220",3209,"Brunswick St",40.7241765,-74.0506564,3202,"Newport PATH",40.7272235,-74.0337589,29681,"Subscriber",1986,1
267,"2018-12-03 08:27:59.1160","2018-12-03 08:32:26.2280",3209,"Brunswick St",40.7241765,-74.0506564,3185,"City Hall",40.7177325,-74.043845,33744,"Subscriber",1992,1
572,"2018-12-03 08:28:39.5720","2018-12-03 08:38:11.8730",3209,"Brunswick St",40.7241765,-74.0506564,3639,"Harborside",40.7192517,-74.034234,29217,"Subscriber",1991,1
419,"2018-12-03 08:31:19.7690","2018-12-03 08:38:18.8160",3209,"Brunswick St",40.7241765,-74.0506564,3185,"City Hall",40.7177325,-74.043845,29236,"Subscriber",1980,1
383,"2018-12-03 08:34:44.7660","2018-12-03 08:41:08.0960",3209,"Brunswick St",40.7241765,-74.0506564,3185,"City Hall",40.7177325,-74.043845,29547,"Subscriber",1986,1
233,"2018-12-03 08:54:48.3300","2018-12-03 08:58:42.3010",3209,"Brunswick St",40.7241765,-74.0506564,3186,"Grove St PATH",40.71958611647166,-74.04311746358871,29452,"Subscriber",1978,1
324,"2018-12-03 09:08:04.4430","2018-12-03 09:13:29.2650",3209,"Brunswick St",40.7241765,-74.0506564,3186,"Grove St PATH",40.71958611647166,-74.04311746358871,29470,"Subscriber",1980,2
300,"2018-12-03 09:12:19.9370","2018-12-03 09:17:20.7490",3209,"Brunswick St",40.7241765,-74.0506564,3186,"Grove St PATH",40.71958611647166,-74.04311746358871,29570,"Subscriber",1987,2
328,"2018-12-03 09:21:13.4830","2018-12-03 09:26:41.6740",3209,"Brunswick St",40.7241765,-74.0506564,3185,"City Hall",40.7177325,-74.043845,26187,"Subscriber",1998,1
213,"2018-12-03 09:42:48.1640","2018-12-03 09:46:21.4820",3209,"Brunswick St",40.7241765,-74.0506564,3211,"Newark Ave",40.72152515,-74.046304543,29645,"Subscriber",1993,1
215,"2018-12-03 10:21:39.0470","2018-12-03 10:25:14.1010",3209,"Brunswick St",40.7241765,-74.0506564,3186,"Grove St PATH",40.71958611647166,-74.04311746358871,29555,"Subscriber",1965,1
275,"2018-12-03 12:54:26.9050","2018-12-03 12:59:02.6490",3209,"Brunswick St",40.7241765,-74.0506564,3185,"City Hall",40.7177325,-74.043845,29484,"Subscriber",1986,1
213,"2018-12-03 13:02:48.8060","2018-12-03 13:06:22.4400",3209,"Brunswick St",40.7241765,-74.0506564,3186,"Grove St PATH",40.71958611647166,-74.04311746358871,29446,"Subscriber",1975,1
286,"2018-12-03 13:12:23.5700","2018-12-03 13:17:10.2150",3209,"Brunswick St",40.7241765,-74.0506564,3203,"Hamilton Park",40.727595966,-74.044247311,29259,"Subscriber",1979,2
601,"2018-12-03 13:51:01.7150","2018-12-03 14:01:03.0810",3209,"Brunswick St",40.7241765,-74.0506564,3186,"Grove St PATH",40.71958611647166,-74.04311746358871,26208,"Subscriber",1974,1
327,"2018-12-03 14:21:41.2510","2018-12-03 14:27:08.2850",3209,"Brunswick St",40.7241765,-74.0506564,3185,"City Hall",40.7177325,-74.043845,29259,"Subscriber",1968,2
315,"2018-12-03 14:40:05.3830","2018-12-03 14:45:20.9480",3209,"Brunswick St",40.7241765,-74.0506564,3186,"Grove St PATH",40.71958611647166,-74.04311746358871,26245,"Subscriber",1979,2
2552,"2018-12-03 16:14:44.6090","2018-12-03 16:57:16.8800",3209,"Brunswick St",40.7241765,-74.0506564,3209,"Brunswick St",40.7241765,-74.0506564,29291,"Subscriber",1991,1
210,"2018-12-03 16:40:23.4770","2018-12-03 16:43:54.0390",3209,"Brunswick St",40.7241765,-74.0506564,3273,"Manila & 1st",40.721650724879986,-74.04288411140442,26234,"Subscriber",1989,1
961,"2018-12-03 17:27:03.0310","2018-12-03 17:43:04.7540",3209,"Brunswick St",40.7241765,-74.0506564,3207,"Oakland Ave",40.7376037,-74.0524783,29205,"Subscriber",1987,1
181,"2018-12-03 17:32:16.3380","2018-12-03 17:35:17.4350",3209,"Brunswick St",40.7241765,-74.0506564,3186,"Grove St PATH",40.71958611647166,-74.04311746358871,26290,"Subscriber",1991,1
703,"2018-12-03 17:34:48.0120","2018-12-03 17:46:31.5320",3209,"Brunswick St",40.7241765,-74.0506564,3220,"5 Corners Library",40.734961020009514,-74.0595030784607,26258,"Subscriber",1981,1
390,"2018-12-03 17:56:57.8720","2018-12-03 18:03:28.7130",3209,"Brunswick St",40.7241765,-74.0506564,3639,"Harborside",40.7192517,-74.034234,29304,"Subscriber",1992,2
864,"2018-12-03 18:39:45.5780","2018-12-03 18:54:10.1620",3209,"Brunswick St",40.7241765,-74.0506564,3209,"Brunswick St",40.7241765,-74.0506564,29682,"Subscriber",1984,1
117,"2018-12-03 20:47:52.6040","2018-12-03 20:49:49.7010",3209,"Brunswick St",40.7241765,-74.0506564,3272,"Jersey & 3rd",40.72333158646436,-74.04595255851744,29470,"Subscriber",1993,1
191,"2018-12-03 20:52:08.8350","2018-12-03 20:55:20.7700",3209,"Brunswick St",40.7241765,-74.0506564,3186,"Grove St PATH",40.71958611647166,-74.04311746358871,29291,"Subscriber",1980,1
221,"2018-12-04 06:11:02.1340","2018-12-04 06:14:44.0510",3209,"Brunswick St",40.7241765,-74.0506564,3186,"Grove St PATH",40.71958611647166,-74.04311746358871,29608,"Subscriber",1988,1
173,"2018-12-04 06:30:01.6280","2018-12-04 06:32:55.5610",3209,"Brunswick St",40.7241765,-74.0506564,3186,"Grove St PATH",40.71958611647166,-74.04311746358871,26274,"Subscriber",1980,1
176,"2018-12-04 07:25:33.0730","2018-12-04 07:28:29.8290",3209,"Brunswick St",40.7241765,-74.0506564,3186,"Grove St PATH",40.71958611647166,-74.04311746358871,26186,"Subscriber",1989,1
264,"2018-12-04 07:34:13.4690","2018-12-04 07:38:37.5800",3209,"Brunswick St",40.7241765,-74.0506564,3186,"Grove St PATH",40.71958611647166,-74.04311746358871,29444,"Subscriber",1991,2
602,"2018-12-04 07:53:39.4410","2018-12-04 08:03:41.9420",3209,"Brunswick St",40.7241765,-74.0506564,3202,"Newport PATH",40.7272235,-74.0337589,26236,"Subscriber",1986,1
553,"2018-12-04 08:12:16.5110","2018-12-04 08:21:30.0780",3209,"Brunswick St",40.7241765,-74.0506564,3276,"Marin Light Rail",40.71458403535893,-74.04281705617905,29269,"Subscriber",1989,1
371,"2018-12-04 08:14:21.6410","2018-12-04 08:20:32.8830",3209,"Brunswick St",40.7241765,-74.0506564,3183,"Exchange Place",40.7162469,-74.0334588,29606,"Subscriber",1976,1
319,"2018-12-04 08:16:05.8450","2018-12-04 08:21:25.8030",3209,"Brunswick St",40.7241765,-74.0506564,3186,"Grove St PATH",40.71958611647166,-74.04311746358871,29490,"Subscriber",1986,1
497,"2018-12-04 08:21:31.8850","2018-12-04 08:29:49.7380",3209,"Brunswick St",40.7241765,-74.0506564,3183,"Exchange Place",40.7162469,-74.0334588,29457,"Customer",1992,1
267,"2018-12-04 08:21:51.9900","2018-12-04 08:26:19.2720",3209,"Brunswick St",40.7241765,-74.0506564,3186,"Grove St PATH",40.71958611647166,-74.04311746358871,29596,"Subscriber",1979,1
197,"2018-12-04 08:22:25.0000","2018-12-04 08:25:42.8030",3209,"Brunswick St",40.7241765,-74.0506564,3186,"Grove St PATH",40.71958611647166,-74.04311746358871,26257,"Subscriber",1992,1
203,"2018-12-04 08:35:07.1480","2018-12-04 08:38:30.1610",3209,"Brunswick St",40.7241765,-74.0506564,3186,"Grove St PATH",40.71958611647166,-74.04311746358871,26221,"Subscriber",1981,1
218,"2018-12-04 08:39:50.2640","2018-12-04 08:43:28.4170",3209,"Brunswick St",40.7241765,-74.0506564,3186,"Grove St PATH",40.71958611647166,-74.04311746358871,26251,"Subscriber",1986,1
207,"2018-12-04 09:11:29.1560","2018-12-04 09:14:56.8650",3209,"Brunswick St",40.7241765,-74.0506564,3186,"Grove St PATH",40.71958611647166,-74.04311746358871,26275,"Subscriber",1980,2
145,"2018-12-04 09:15:51.2420","2018-12-04 09:18:16.7320",3209,"Brunswick St",40.7241765,-74.0506564,3211,"Newark Ave",40.72152515,-74.046304543,29645,"Subscriber",1993,1
468,"2018-12-04 09:19:37.1880","2018-12-04 09:27:25.6780",3209,"Brunswick St",40.7241765,-74.0506564,3183,"Exchange Place",40.7162469,-74.0334588,26184,"Subscriber",1977,1
228,"2018-12-04 09:30:40.7190","2018-12-04 09:34:29.0670",3209,"Brunswick St",40.7241765,-74.0506564,3186,"Grove St PATH",40.71958611647166,-74.04311746358871,29658,"Subscriber",1990,1
205,"2018-12-04 10:18:23.2440","2018-12-04 10:21:48.5350",3209,"Brunswick St",40.7241765,-74.0506564,3186,"Grove St PATH",40.71958611647166,-74.04311746358871,29296,"Subscriber",1998,1
198,"2018-12-04 10:49:40.1930","2018-12-04 10:52:59.0070",3209,"Brunswick St",40.7241765,-74.0506564,3186,"Grove St PATH",40.71958611647166,-74.04311746358871,29497,"Subscriber",1965,1
242,"2018-12-04 11:38:01.3690","2018-12-04 11:42:03.8250",3209,"Brunswick St",40.7241765,-74.0506564,3213,"Van Vorst Park",40.71848892,-74.047726625,29271,"Subscriber",1987,1
173,"2018-12-04 17:42:14.9740","2018-12-04 17:45:07.9910",3209,"Brunswick St",40.7241765,-74.0506564,3186,"Grove St PATH",40.71958611647166,-74.04311746358871,29659,"Subscriber",1991,1
169,"2018-12-04 19:40:12.7490","2018-12-04 19:43:01.9680",3209,"Brunswick St",40.7241765,-74.0506564,3270,"Jersey & 6th St",40.72528910781132,-74.04557168483734,29623,"Subscriber",1985,1
202,"2018-12-04 19:56:26.5500","2018-12-04 19:59:48.9380",3209,"Brunswick St",40.7241765,-74.0506564,3186,"Grove St PATH",40.71958611647166,-74.04311746358871,29607,"Subscriber",1974,1
203,"2018-12-04 20:06:25.3370","2018-12-04 20:09:48.9740",3209,"Brunswick St",40.7241765,-74.0506564,3211,"Newark Ave",40.72152515,-74.046304543,29547,"Subscriber",1984,1
175,"2018-12-05 06:29:16.0930","2018-12-05 06:32:11.9200",3209,"Brunswick St",40.7241765,-74.0506564,3186,"Grove St PATH",40.71958611647166,-74.04311746358871,29647,"Subscriber",1980,1
226,"2018-12-05 06:58:52.6520","2018-12-05 07:02:39.6480",3209,"Brunswick St",40.7241765,-74.0506564,3186,"Grove St PATH",40.71958611647166,-74.04311746358871,29471,"Subscriber",1980,2
207,"2018-12-05 07:26:12.3060","2018-12-05 07:29:39.4410",3209,"Brunswick St",40.7241765,-74.0506564,3186,"Grove St PATH",40.71958611647166,-74.04311746358871,26216,"Subscriber",1989,1
232,"2018-12-05 07:59:12.0120","2018-12-05 08:03:04.9330",3209,"Brunswick St",40.7241765,-74.0506564,3186,"Grove St PATH",40.71958611647166,-74.04311746358871,29667,"Subscriber",1981,1
279,"2018-12-05 08:04:13.4960","2018-12-05 08:08:53.1280",3209,"Brunswick St",40.7241765,-74.0506564,3186,"Grove St PATH",40.71958611647166,-74.04311746358871,26171,"Subscriber",1978,1
292,"2018-12-05 08:18:20.2520","2018-12-05 08:23:12.2810",3209,"Brunswick St",40.7241765,-74.0506564,3186,"Grove St PATH",40.71958611647166,-74.04311746358871,26254,"Subscriber",1982,1
575,"2018-12-05 08:24:22.6350","2018-12-05 08:33:58.0750",3209,"Brunswick St",40.7241765,-74.0506564,3202,"Newport PATH",40.7272235,-74.0337589,29444,"Subscriber",1986,1
258,"2018-12-05 08:37:32.4040","2018-12-05 08:41:51.2570",3209,"Brunswick St",40.7241765,-74.0506564,3186,"Grove St PATH",40.71958611647166,-74.04311746358871,29496,"Subscriber",1978,1
255,"2018-12-05 08:37:41.2510","2018-12-05 08:41:56.4500",3209,"Brunswick St",40.7241765,-74.0506564,3186,"Grove St PATH",40.71958611647166,-74.04311746358871,26173,"Subscriber",1998,1
861,"2018-12-05 08:51:41.7150","2018-12-05 09:06:03.2260",3209,"Brunswick St",40.7241765,-74.0506564,3273,"Manila & 1st",40.721650724879986,-74.04288411140442,29500,"Subscriber",1969,0
301,"2018-12-05 08:54:15.1010","2018-12-05 08:59:16.6290",3209,"Brunswick St",40.7241765,-74.0506564,3186,"Grove St PATH",40.71958611647166,-74.04311746358871,26193,"Subscriber",1980,2
304,"2018-12-05 09:20:10.0410","2018-12-05 09:25:14.8330",3209,"Brunswick St",40.7241765,-74.0506564,3186,"Grove St PATH",40.71958611647166,-74.04311746358871,29291,"Subscriber",1987,2
376,"2018-12-05 09:22:19.7040","2018-12-05 09:28:36.4130",3209,"Brunswick St",40.7241765,-74.0506564,3186,"Grove St PATH",40.71958611647166,-74.04311746358871,29570,"Subscriber",1990,1
176,"2018-12-05 10:05:13.3880","2018-12-05 10:08:09.5350",3209,"Brunswick St",40.7241765,-74.0506564,3211,"Newark Ave",40.72152515,-74.046304543,26215,"Subscriber",1993,1
311,"2018-12-05 10:29:55.1010","2018-12-05 10:35:06.2830",3209,"Brunswick St",40.7241765,-74.0506564,3186,"Grove St PATH",40.71958611647166,-74.04311746358871,29460,"Subscriber",1978,1
287,"2018-12-05 10:43:59.3600","2018-12-05 10:48:47.2300",3209,"Brunswick St",40.7241765,-74.0506564,3186,"Grove St PATH",40.71958611647166,-74.04311746358871,29484,"Subscriber",1979,2
607,"2018-12-05 10:49:51.1670","2018-12-05 10:59:58.6220",3209,"Brunswick St",40.7241765,-74.0506564,3183,"Exchange Place",40.7162469,-74.0334588,26203,"Subscriber",1982,1
269,"2018-12-05 12:04:56.5100","2018-12-05 12:09:26.1900",3209,"Brunswick St",40.7241765,-74.0506564,3186,"Grove St PATH",40.71958611647166,-74.04311746358871,29467,"Subscriber",1998,1
683,"2018-12-05 12:44:34.0170","2018-12-05 12:55:57.8610",3209,"Brunswick St",40.7241765,-74.0506564,3220,"5 Corners Library",40.734961020009514,-74.0595030784607,26260,"Subscriber",1986,1
255,"2018-12-05 15:55:42.0180","2018-12-05 15:59:57.8240",3209,"Brunswick St",40.7241765,-74.0506564,3186,"Grove St PATH",40.71958611647166,-74.04311746358871,29573,"Subscriber",1990,1
1161,"2018-12-05 17:49:32.0140","2018-12-05 18:08:53.7890",3209,"Brunswick St",40.7241765,-74.0506564,3207,"Oakland Ave",40.7376037,-74.0524783,26224,"Subscriber",1987,1
327,"2018-12-05 18:11:53.7520","2018-12-05 18:17:21.0820",3209,"Brunswick St",40.7241765,-74.0506564,3203,"Hamilton Park",40.727595966,-74.044247311,26294,"Subscriber",1979,2
367,"2018-12-05 19:30:35.8590","2018-12-05 19:36:43.1210",3209,"Brunswick St",40.7241765,-74.0506564,3186,"Grove St PATH",40.71958611647166,-74.04311746358871,29292,"Subscriber",1989,2
303,"2018-12-05 19:59:12.3280","2018-12-05 20:04:16.2700",3209,"Brunswick St",40.7241765,-74.0506564,3186,"Grove St PATH",40.71958611647166,-74.04311746358871,29243,"Subscriber",1993,1
245,"2018-12-05 21:02:31.5810","2018-12-05 21:06:36.8940",3209,"Brunswick St",40.7241765,-74.0506564,3186,"Grove St PATH",40.71958611647166,-74.04311746358871,29587,"Subscriber",1998,1
167,"2018-12-06 06:31:29.7110","2018-12-06 06:34:17.3570",3209,"Brunswick St",40.7241765,-74.0506564,3186,"Grove St PATH",40.71958611647166,-74.04311746358871,29297,"Subscriber",1980,1
426,"2018-12-06 06:48:03.9690","2018-12-06 06:55:10.6240",3209,"Brunswick St",40.7241765,-74.0506564,3183,"Exchange Place",40.7162469,-74.0334588,29257,"Subscriber",1985,1
241,"2018-12-06 07:22:48.5890","2018-12-06 07:26:50.4280",3209,"Brunswick St",40.7241765,-74.0506564,3186,"Grove St PATH",40.71958611647166,-74.04311746358871,29645,"Subscriber",1989,1
218,"2018-12-06 08:18:07.0800","2018-12-06 08:21:45.2260",3209,"Brunswick St",40.7241765,-74.0506564,3186,"Grove St PATH",40.71958611647166,-74.04311746358871,29448,"Subscriber",1979,1
351,"2018-12-06 08:27:44.6240","2018-12-06 08:33:36.4430",3209,"Brunswick St",40.7241765,-74.0506564,3186,"Grove St PATH",40.71958611647166,-74.04311746358871,29670,"Subscriber",1982,1
250,"2018-12-06 08:27:45.9890","2018-12-06 08:31:56.2170",3209,"Brunswick St",40.7241765,-74.0506564,3186,"Grove St PATH",40.71958611647166,-74.04311746358871,29544,"Subscriber",1982,1
241,"2018-12-06 08:27:49.2310","2018-12-06 08:31:50.7330",3209,"Brunswick St",40.7241765,-74.0506564,3186,"Grove St PATH",40.71958611647166,-74.04311746358871,29263,"Subscriber",1976,1
319,"2018-12-06 08:28:23.2210","2018-12-06 08:33:42.6570",3209,"Brunswick St",40.7241765,-74.0506564,3186,"Grove St PATH",40.71958611647166,-74.04311746358871,26220,"Subscriber",1981,1
172,"2018-12-06 08:29:50.9380","2018-12-06 08:32:42.9970",3209,"Brunswick St",40.7241765,-74.0506564,3186,"Grove St PATH",40.71958611647166,-74.04311746358871,29601,"Subscriber",1992,1
518,"2018-12-06 08:54:16.6370","2018-12-06 09:02:55.4150",3209,"Brunswick St",40.7241765,-74.0506564,3183,"Exchange Place",40.7162469,-74.0334588,29448,"Subscriber",1982,1
222,"2018-12-06 09:07:52.0070","2018-12-06 09:11:34.3550",3209,"Brunswick St",40.7241765,-74.0506564,3186,"Grove St PATH",40.71958611647166,-74.04311746358871,29281,"Subscriber",1981,1
318,"2018-12-06 09:14:25.2110","2018-12-06 09:19:43.4490",3209,"Brunswick St",40.7241765,-74.0506564,3186,"Grove St PATH",40.71958611647166,-74.04311746358871,28164,"Subscriber",1990,1
318,"2018-12-06 09:20:44.7500","2018-12-06 09:26:02.9640",3209,"Brunswick St",40.7241765,-74.0506564,3186,"Grove St PATH",40.71958611647166,-74.04311746358871,29496,"Subscriber",1980,2
219,"2018-12-06 10:02:14.1400","2018-12-06 10:05:53.9350",3209,"Brunswick St",40.7241765,-74.0506564,3186,"Grove St PATH",40.71958611647166,-74.04311746358871,29271,"Subscriber",1965,1
888,"2018-12-06 10:16:40.3400","2018-12-06 10:31:28.4580",3209,"Brunswick St",40.7241765,-74.0506564,3186,"Grove St PATH",40.71958611647166,-74.04311746358871,29662,"Subscriber",1982,2
322,"2018-12-06 10:17:04.4020","2018-12-06 10:22:26.7480",3209,"Brunswick St",40.7241765,-74.0506564,3187,"Warren St",40.7211236,-74.03805095,26221,"Subscriber",1970,1
280,"2018-12-06 10:35:12.0770","2018-12-06 10:39:52.7960",3209,"Brunswick St",40.7241765,-74.0506564,3203,"Hamilton Park",40.727595966,-74.044247311,26204,"Subscriber",1979,2
213,"2018-12-06 10:36:14.2070","2018-12-06 10:39:47.9930",3209,"Brunswick St",40.7241765,-74.0506564,3186,"Grove St PATH",40.71958611647166,-74.04311746358871,29604,"Subscriber",1998,1
223,"2018-12-06 11:54:07.1770","2018-12-06 11:57:51.1150",3209,"Brunswick St",40.7241765,-74.0506564,3186,"Grove St PATH",40.71958611647166,-74.04311746358871,29484,"Subscriber",1990,1
292,"2018-12-06 12:20:27.1240","2018-12-06 12:25:19.4500",3209,"Brunswick St",40.7241765,-74.0506564,3186,"Grove St PATH",40.71958611647166,-74.04311746358871,29505,"Subscriber",1979,2
306,"2018-12-06 15:11:15.2610","2018-12-06 15:16:21.5840",3209,"Brunswick St",40.7241765,-74.0506564,3187,"Warren St",40.7211236,-74.03805095,26245,"Subscriber",1970,1
195,"2018-12-06 15:32:19.5690","2018-12-06 15:35:34.8370",3209,"Brunswick St",40.7241765,-74.0506564,3186,"Grove St PATH",40.71958611647166,-74.04311746358871,29296,"Subscriber",1967,1
503,"2018-12-06 16:01:27.8030","2018-12-06 16:09:51.6120",3209,"Brunswick St",40.7241765,-74.0506564,3638,"Washington St",40.7242941,-74.0354826,26253,"Subscriber",1992,2
383,"2018-12-06 16:14:22.7610","2018-12-06 16:20:45.8530",3209,"Brunswick St",40.7241765,-74.0506564,3186,"Grove St PATH",40.71958611647166,-74.04311746358871,29594,"Subscriber",1964,2
226,"2018-12-06 17:42:54.2940","2018-12-06 17:46:40.4120",3209,"Brunswick St",40.7241765,-74.0506564,3186,"Grove St PATH",40.71958611647166,-74.04311746358871,29455,"Subscriber",1982,1
397,"2018-12-06 18:00:30.6230","2018-12-06 18:07:08.2790",3209,"Brunswick St",40.7241765,-74.0506564,3186,"Grove St PATH",40.71958611647166,-74.04311746358871,26275,"Subscriber",1986,1
415,"2018-12-06 19:51:10.5310","2018-12-06 19:58:06.4510",3209,"Brunswick St",40.7241765,-74.0506564,3275,"Columbus Drive",40.71835519823214,-74.03891444206238,29602,"Subscriber",1990,1
1008,"2018-12-06 22:32:59.2190","2018-12-06 22:49:47.3810",3209,"Brunswick St",40.7241765,-74.0506564,3280,"Astor Place",40.71928220070702,-74.07126188278198,26234,"Subscriber",1990,1
149,"2018-12-07 06:30:04.7230","2018-12-07 06:32:33.7660",3209,"Brunswick St",40.7241765,-74.0506564,3186,"Grove St PATH",40.71958611647166,-74.04311746358871,29605,"Subscriber",1980,1
208,"2018-12-07 07:24:52.9310","2018-12-07 07:28:21.5180",3209,"Brunswick St",40.7241765,-74.0506564,3186,"Grove St PATH",40.71958611647166,-74.04311746358871,26286,"Subscriber",1989,1
265,"2018-12-07 08:01:52.2210","2018-12-07 08:06:17.4570",3209,"Brunswick St",40.7241765,-74.0506564,3186,"Grove St PATH",40.71958611647166,-74.04311746358871,29245,"Subscriber",1991,2
1423,"2018-12-07 08:12:55.3610","2018-12-07 08:36:38.7090",3209,"Brunswick St",40.7241765,-74.0506564,3186,"Grove St PATH",40.71958611647166,-74.04311746358871,29124,"Subscriber",1982,1
273,"2018-12-07 08:13:10.4380","2018-12-07 08:17:44.2170",3209,"Brunswick St",40.7241765,-74.0506564,3186,"Grove St PATH",40.71958611647166,-74.04311746358871,29235,"Subscriber",1987,1
438,"2018-12-07 08:15:40.7140","2018-12-07 08:22:59.1780",3209,"Brunswick St",40.7241765,-74.0506564,3276,"Marin Light Rail",40.71458403535893,-74.04281705617905,26189,"Subscriber",1989,1
288,"2018-12-07 08:21:29.3010","2018-12-07 08:26:18.2570",3209,"Brunswick St",40.7241765,-74.0506564,3186,"Grove St PATH",40.71958611647166,-74.04311746358871,29479,"Subscriber",1979,1
265,"2018-12-07 08:25:37.4040","2018-12-07 08:30:03.3660",3209,"Brunswick St",40.7241765,-74.0506564,3186,"Grove St PATH",40.71958611647166,-74.04311746358871,26244,"Subscriber",1980,2
213,"2018-12-07 08:27:15.2710","2018-12-07 08:30:48.9030",3209,"Brunswick St",40.7241765,-74.0506564,3186,"Grove St PATH",40.71958611647166,-74.04311746358871,26295,"Subscriber",1986,1
241,"2018-12-07 08:29:18.5790","2018-12-07 08:33:20.2960",3209,"Brunswick St",40.7241765,-74.0506564,3186,"Grove St PATH",40.71958611647166,-74.04311746358871,29460,"Subscriber",1976,1
776,"2018-12-07 08:34:22.3340","2018-12-07 08:47:19.2010",3209,"Brunswick St",40.7241765,-74.0506564,3187,"Warren St",40.7211236,-74.03805095,29237,"Subscriber",1975,1
251,"2018-12-07 08:35:50.2190","2018-12-07 08:40:02.0680",3209,"Brunswick St",40.7241765,-74.0506564,3186,"Grove St PATH",40.71958611647166,-74.04311746358871,26255,"Subscriber",1992,1
175,"2018-12-07 08:39:05.3980","2018-12-07 08:42:00.8850",3209,"Brunswick St",40.7241765,-74.0506564,3483,"Montgomery St",40.71942,-74.05099,26296,"Subscriber",1967,1
298,"2018-12-07 08:41:14.3350","2018-12-07 08:46:13.1410",3209,"Brunswick St",40.7241765,-74.0506564,3273,"Manila & 1st",40.721650724879986,-74.04288411140442,29214,"Subscriber",1983,1
284,"2018-12-07 09:07:26.8290","2018-12-07 09:12:10.8830",3209,"Brunswick St",40.7241765,-74.0506564,3273,"Manila & 1st",40.721650724879986,-74.04288411140442,29262,"Subscriber",1991,1
337,"2018-12-07 09:11:48.9870","2018-12-07 09:17:25.9980",3209,"Brunswick St",40.7241765,-74.0506564,3275,"Columbus Drive",40.71835519823214,-74.03891444206238,29269,"Subscriber",1986,1
325,"2018-12-07 11:02:10.0720","2018-12-07 11:07:35.6330",3209,"Brunswick St",40.7241765,-74.0506564,3185,"City Hall",40.7177325,-74.043845,29198,"Subscriber",1965,1
267,"2018-12-07 11:13:30.6870","2018-12-07 11:17:58.5450",3209,"Brunswick St",40.7241765,-74.0506564,3185,"City Hall",40.7177325,-74.043845,26286,"Subscriber",1998,1
358,"2018-12-07 11:43:21.2170","2018-12-07 11:49:19.8470",3209,"Brunswick St",40.7241765,-74.0506564,3185,"City Hall",40.7177325,-74.043845,29245,"Subscriber",1975,1
142,"2018-12-07 18:20:01.1920","2018-12-07 18:22:23.7420",3209,"Brunswick St",40.7241765,-74.0506564,3272,"Jersey & 3rd",40.72333158646436,-74.04595255851744,29629,"Subscriber",1986,1
232,"2018-12-07 18:47:25.0280","2018-12-07 18:51:17.4690",3209,"Brunswick St",40.7241765,-74.0506564,3186,"Grove St PATH",40.71958611647166,-74.04311746358871,29593,"Subscriber",1989,1
207,"2018-12-07 21:03:59.2200","2018-12-07 21:07:26.9270",3209,"Brunswick St",40.7241765,-74.0506564,3186,"Grove St PATH",40.71958611647166,-74.04311746358871,29497,"Subscriber",1998,1
186,"2018-12-08 08:09:21.4990","2018-12-08 08:12:27.8830",3209,"Brunswick St",40.7241765,-74.0506564,3186,"Grove St PATH",40.71958611647166,-74.04311746358871,29531,"Subscriber",1980,1
312,"2018-12-08 08:54:01.9040","2018-12-08 08:59:14.1940",3209,"Brunswick St",40.7241765,-74.0506564,3186,"Grove St PATH",40.71958611647166,-74.04311746358871,26294,"Subscriber",1979,2
679,"2018-12-08 10:32:46.7180","2018-12-08 10:44:06.2740",3209,"Brunswick St",40.7241765,-74.0506564,3275,"Columbus Drive",40.71835519823214,-74.03891444206238,29308,"Subscriber",1989,2
239,"2018-12-08 12:24:11.9690","2018-12-08 12:28:11.4090",3209,"Brunswick St",40.7241765,-74.0506564,3186,"Grove St PATH",40.71958611647166,-74.04311746358871,29289,"Subscriber",1986,2
112,"2018-12-08 12:37:36.5480","2018-12-08 12:39:28.8660",3209,"Brunswick St",40.7241765,-74.0506564,3211,"Newark Ave",40.72152515,-74.046304543,26241,"Subscriber",1965,1
500,"2018-12-08 13:16:05.1550","2018-12-08 13:24:26.0620",3209,"Brunswick St",40.7241765,-74.0506564,3212,"Christ Hospital",40.734785818,-74.050443636,28164,"Subscriber",1988,1
476,"2018-12-08 15:25:45.9480","2018-12-08 15:33:42.1560",3209,"Brunswick St",40.7241765,-74.0506564,3185,"City Hall",40.7177325,-74.043845,26152,"Subscriber",1964,2
350,"2018-12-08 15:58:13.2780","2018-12-08 16:04:03.8050",3209,"Brunswick St",40.7241765,-74.0506564,3212,"Christ Hospital",40.734785818,-74.050443636,26186,"Subscriber",1985,1
178,"2018-12-08 18:22:06.9370","2018-12-08 18:25:05.3120",3209,"Brunswick St",40.7241765,-74.0506564,3186,"Grove St PATH",40.71958611647166,-74.04311746358871,29520,"Subscriber",1981,1
511,"2018-12-08 19:16:10.3250","2018-12-08 19:24:41.8160",3209,"Brunswick St",40.7241765,-74.0506564,3276,"Marin Light Rail",40.71458403535893,-74.04281705617905,29296,"Subscriber",1978,1
218,"2018-12-08 20:04:37.8430","2018-12-08 20:08:16.0040",3209,"Brunswick St",40.7241765,-74.0506564,3186,"Grove St PATH",40.71958611647166,-74.04311746358871,29307,"Subscriber",1982,1
248,"2018-12-09 06:40:13.6300","2018-12-09 06:44:22.0110",3209,"Brunswick St",40.7241765,-74.0506564,3186,"Grove St PATH",40.71958611647166,-74.04311746358871,29588,"Subscriber",1990,1
193,"2018-12-09 08:48:55.5450","2018-12-09 08:52:09.4440",3209,"Brunswick St",40.7241765,-74.0506564,3186,"Grove St PATH",40.71958611647166,-74.04311746358871,29297,"Subscriber",1988,1
257,"2018-12-09 09:50:35.3060","2018-12-09 09:54:52.3590",3209,"Brunswick St",40.7241765,-74.0506564,3203,"Hamilton Park",40.727595966,-74.044247311,29289,"Subscriber",1979,2
286,"2018-12-09 09:53:53.9870","2018-12-09 09:58:40.0810",3209,"Brunswick St",40.7241765,-74.0506564,3187,"Warren St",40.7211236,-74.03805095,29260,"Subscriber",1982,1
261,"2018-12-09 10:06:39.1700","2018-12-09 10:11:00.8700",3209,"Brunswick St",40.7241765,-74.0506564,3186,"Grove St PATH",40.71958611647166,-74.04311746358871,29519,"Subscriber",1998,1
344,"2018-12-09 11:55:08.1890","2018-12-09 12:00:52.6810",3209,"Brunswick St",40.7241765,-74.0506564,3185,"City Hall",40.7177325,-74.043845,29492,"Subscriber",1978,1
196,"2018-12-09 12:47:11.5960","2018-12-09 12:50:28.2620",3209,"Brunswick St",40.7241765,-74.0506564,3186,"Grove St PATH",40.71958611647166,-74.04311746358871,29260,"Subscriber",1967,1
169,"2018-12-09 15:43:16.2420","2018-12-09 15:46:05.3430",3209,"Brunswick St",40.7241765,-74.0506564,3211,"Newark Ave",40.72152515,-74.046304543,29266,"Subscriber",1989,2
201,"2018-12-09 19:17:15.7860","2018-12-09 19:20:37.5580",3209,"Brunswick St",40.7241765,-74.0506564,3211,"Newark Ave",40.72152515,-74.046304543,29675,"Subscriber",1995,1
178,"2018-12-10 06:29:32.7410","2018-12-10 06:32:31.2110",3209,"Brunswick St",40.7241765,-74.0506564,3186,"Grove St PATH",40.71958611647166,-74.04311746358871,26262,"Subscriber",1980,1
294,"2018-12-10 06:35:57.7250","2018-12-10 06:40:51.8540",3209,"Brunswick St",40.7241765,-74.0506564,3186,"Grove St PATH",40.71958611647166,-74.04311746358871,29523,"Subscriber",1988,2
157,"2018-12-10 07:32:40.3780","2018-12-10 07:35:17.4930",3209,"Brunswick St",40.7241765,-74.0506564,3186,"Grove St PATH",40.71958611647166,-74.04311746358871,26205,"Subscriber",1989,1
237,"2018-12-10 07:33:00.5960","2018-12-10 07:36:57.6890",3209,"Brunswick St",40.7241765,-74.0506564,3186,"Grove St PATH",40.71958611647166,-74.04311746358871,29484,"Subscriber",1991,2
222,"2018-12-10 07:40:10.3300","2018-12-10 07:43:52.4410",3209,"Brunswick St",40.7241765,-74.0506564,3186,"Grove St PATH",40.71958611647166,-74.04311746358871,26233,"Subscriber",1980,2
627,"2018-12-10 07:55:54.1700","2018-12-10 08:06:21.5900",3209,"Brunswick St",40.7241765,-74.0506564,3202,"Newport PATH",40.7272235,-74.0337589,29629,"Subscriber",1986,1
497,"2018-12-10 08:18:13.5450","2018-12-10 08:26:31.1150",3209,"Brunswick St",40.7241765,-74.0506564,3276,"Marin Light Rail",40.71458403535893,-74.04281705617905,29652,"Subscriber",1989,1
238,"2018-12-10 08:20:58.9430","2018-12-10 08:24:57.5710",3209,"Brunswick St",40.7241765,-74.0506564,3186,"Grove St PATH",40.71958611647166,-74.04311746358871,26172,"Subscriber",1986,1
249,"2018-12-10 08:22:29.8890","2018-12-10 08:26:39.1860",3209,"Brunswick St",40.7241765,-74.0506564,3186,"Grove St PATH",40.71958611647166,-74.04311746358871,29267,"Subscriber",1982,1
206,"2018-12-10 10:25:51.7490","2018-12-10 10:29:18.4960",3209,"Brunswick St",40.7241765,-74.0506564,3186,"Grove St PATH",40.71958611647166,-74.04311746358871,26275,"Subscriber",1998,1
162,"2018-12-10 12:29:36.0790","2018-12-10 12:32:18.9330",3209,"Brunswick St",40.7241765,-74.0506564,3211,"Newark Ave",40.72152515,-74.046304543,29458,"Subscriber",1993,1
173,"2018-12-11 06:08:28.9560","2018-12-11 06:11:22.8990",3209,"Brunswick St",40.7241765,-74.0506564,3186,"Grove St PATH",40.71958611647166,-74.04311746358871,29677,"Subscriber",1988,1
159,"2018-12-11 06:27:32.3330","2018-12-11 06:30:11.6810",3209,"Brunswick St",40.7241765,-74.0506564,3186,"Grove St PATH",40.71958611647166,-74.04311746358871,29602,"Subscriber",1980,1
202,"2018-12-11 07:26:11.9200","2018-12-11 07:29:34.8750",3209,"Brunswick St",40.7241765,-74.0506564,3186,"Grove St PATH",40.71958611647166,-74.04311746358871,29641,"Subscriber",1989,1
590,"2018-12-11 07:51:33.0680","2018-12-11 08:01:23.3130",3209,"Brunswick St",40.7241765,-74.0506564,3202,"Newport PATH",40.7272235,-74.0337589,26234,"Subscriber",1986,1
244,"2018-12-11 07:53:24.1580","2018-12-11 07:57:28.2090",3209,"Brunswick St",40.7241765,-74.0506564,3186,"Grove St PATH",40.71958611647166,-74.04311746358871,29491,"Subscriber",1991,2
262,"2018-12-11 08:38:00.3710","2018-12-11 08:42:23.3330",3209,"Brunswick St",40.7241765,-74.0506564,3186,"Grove St PATH",40.71958611647166,-74.04311746358871,29544,"Subscriber",1977,1
212,"2018-12-11 08:41:04.9020","2018-12-11 08:44:37.4100",3209,"Brunswick St",40.7241765,-74.0506564,3186,"Grove St PATH",40.71958611647166,-74.04311746358871,26244,"Subscriber",1978,1
243,"2018-12-11 08:41:10.8720","2018-12-11 08:45:14.0960",3209,"Brunswick St",40.7241765,-74.0506564,3186,"Grove St PATH",40.71958611647166,-74.04311746358871,26220,"Subscriber",1998,1
234,"2018-12-11 08:41:27.0940","2018-12-11 08:45:21.6150",3209,"Brunswick St",40.7241765,-74.0506564,3186,"Grove St PATH",40.71958611647166,-74.04311746358871,29629,"Subscriber",1994,1
361,"2018-12-11 08:41:48.9620","2018-12-11 08:47:50.7090",3209,"Brunswick St",40.7241765,-74.0506564,3186,"Grove St PATH",40.71958611647166,-74.04311746358871,29549,"Subscriber",1979,2
205,"2018-12-11 08:43:39.9210","2018-12-11 08:47:04.9690",3209,"Brunswick St",40.7241765,-74.0506564,3186,"Grove St PATH",40.71958611647166,-74.04311746358871,26257,"Subscriber",1978,1
239,"2018-12-11 08:45:23.8700","2018-12-11 08:49:23.6370",3209,"Brunswick St",40.7241765,-74.0506564,3186,"Grove St PATH",40.71958611647166,-74.04311746358871,29587,"Subscriber",1986,1
352,"2018-12-11 09:02:22.1380","2018-12-11 09:08:14.8350",3209,"Brunswick St",40.7241765,-74.0506564,3185,"City Hall",40.7177325,-74.043845,29682,"Subscriber",1986,1
267,"2018-12-11 09:27:52.7420","2018-12-11 09:32:20.0090",3209,"Brunswick St",40.7241765,-74.0506564,3186,"Grove St PATH",40.71958611647166,-74.04311746358871,26220,"Subscriber",1980,2
230,"2018-12-11 10:35:55.1200","2018-12-11 10:39:45.9250",3209,"Brunswick St",40.7241765,-74.0506564,3186,"Grove St PATH",40.71958611647166,-74.04311746358871,29527,"Subscriber",1998,1
243,"2018-12-11 10:50:26.6930","2018-12-11 10:54:30.6280",3209,"Brunswick St",40.7241765,-74.0506564,3186,"Grove St PATH",40.71958611647166,-74.04311746358871,29641,"Subscriber",1965,1
308,"2018-12-11 13:48:52.2800","2018-12-11 13:54:00.9720",3209,"Brunswick St",40.7241765,-74.0506564,3186,"Grove St PATH",40.71958611647166,-74.04311746358871,29491,"Subscriber",1979,2
290,"2018-12-11 16:49:28.1080","2018-12-11 16:54:18.1540",3209,"Brunswick St",40.7241765,-74.0506564,3185,"City Hall",40.7177325,-74.043845,26175,"Subscriber",1986,1
179,"2018-12-11 17:46:26.6340","2018-12-11 17:49:26.5510",3209,"Brunswick St",40.7241765,-74.0506564,3273,"Manila & 1st",40.721650724879986,-74.04288411140442,29499,"Subscriber",1989,1
197,"2018-12-12 06:29:37.1790","2018-12-12 06:32:54.2480",3209,"Brunswick St",40.7241765,-74.0506564,3186,"Grove St PATH",40.71958611647166,-74.04311746358871,29465,"Subscriber",1980,1
632,"2018-12-12 07:18:07.0430","2018-12-12 07:28:39.3520",3209,"Brunswick St",40.7241765,-74.0506564,3681,"Grand St",40.71517767732029,-74.03768330812454,29663,"Subscriber",1987,1
295,"2018-12-12 07:24:29.6630","2018-12-12 07:29:25.3390",3209,"Brunswick St",40.7241765,-74.0506564,3186,"Grove St PATH",40.71958611647166,-74.04311746358871,29295,"Subscriber",1989,1
1471,"2018-12-12 07:31:51.2180","2018-12-12 07:56:22.3500",3209,"Brunswick St",40.7241765,-74.0506564,3198,"Heights Elevator",40.748715945380226,-74.04044330120087,26203,"Subscriber",1989,2
664,"2018-12-12 08:17:46.2950","2018-12-12 08:28:50.3320",3209,"Brunswick St",40.7241765,-74.0506564,3202,"Newport PATH",40.7272235,-74.0337589,26246,"Subscriber",1986,1
490,"2018-12-12 08:24:02.2810","2018-12-12 08:32:12.9470",3209,"Brunswick St",40.7241765,-74.0506564,3186,"Grove St PATH",40.71958611647166,-74.04311746358871,29459,"Subscriber",1980,2
198,"2018-12-12 08:24:15.8150","2018-12-12 08:27:34.2770",3209,"Brunswick St",40.7241765,-74.0506564,3186,"Grove St PATH",40.71958611647166,-74.04311746358871,29495,"Subscriber",1994,1
360,"2018-12-12 08:36:58.8190","2018-12-12 08:42:59.2760",3209,"Brunswick St",40.7241765,-74.0506564,3206,"Hilltop",40.7311689,-74.0575736,26261,"Subscriber",1984,1
261,"2018-12-12 08:37:18.0670","2018-12-12 08:41:39.9640",3209,"Brunswick St",40.7241765,-74.0506564,3186,"Grove St PATH",40.71958611647166,-74.04311746358871,29204,"Subscriber",1984,1
248,"2018-12-12 08:59:41.7040","2018-12-12 09:03:49.7990",3209,"Brunswick St",40.7241765,-74.0506564,3186,"Grove St PATH",40.71958611647166,-74.04311746358871,29507,"Subscriber",1980,2
327,"2018-12-12 09:08:56.5740","2018-12-12 09:14:23.9170",3209,"Brunswick St",40.7241765,-74.0506564,3186,"Grove St PATH",40.71958611647166,-74.04311746358871,29127,"Subscriber",1987,2
200,"2018-12-12 09:12:47.7840","2018-12-12 09:16:08.1950",3209,"Brunswick St",40.7241765,-74.0506564,3211,"Newark Ave",40.72152515,-74.046304543,26234,"Subscriber",1993,1
307,"2018-12-12 09:17:03.3360","2018-12-12 09:22:10.9360",3209,"Brunswick St",40.7241765,-74.0506564,3186,"Grove St PATH",40.71958611647166,-74.04311746358871,29201,"Subscriber",1986,1
337,"2018-12-12 09:52:40.1130","2018-12-12 09:58:17.9020",3209,"Brunswick St",40.7241765,-74.0506564,3275,"Columbus Drive",40.71835519823214,-74.03891444206238,29241,"Subscriber",1982,1
251,"2018-12-12 10:34:22.2030","2018-12-12 10:38:33.6880",3209,"Brunswick St",40.7241765,-74.0506564,3186,"Grove St PATH",40.71958611647166,-74.04311746358871,26293,"Subscriber",1965,1
205,"2018-12-12 10:54:06.7870","2018-12-12 10:57:32.2470",3209,"Brunswick St",40.7241765,-74.0506564,3186,"Grove St PATH",40.71958611647166,-74.04311746358871,29286,"Subscriber",1998,1
478,"2018-12-12 12:14:18.6120","2018-12-12 12:22:16.6520",3209,"Brunswick St",40.7241765,-74.0506564,3192,"Liberty Light Rail",40.7112423,-74.0557013,26242,"Subscriber",1992,1
219,"2018-12-12 12:44:47.1860","2018-12-12 12:48:26.8590",3209,"Brunswick St",40.7241765,-74.0506564,3186,"Grove St PATH",40.71958611647166,-74.04311746358871,29629,"Subscriber",1975,1
1076,"2018-12-12 17:41:29.6160","2018-12-12 17:59:25.8910",3209,"Brunswick St",40.7241765,-74.0506564,3207,"Oakland Ave",40.7376037,-74.0524783,29496,"Subscriber",1987,1
557,"2018-12-12 18:46:09.5360","2018-12-12 18:55:27.3220",3209,"Brunswick St",40.7241765,-74.0506564,3209,"Brunswick St",40.7241765,-74.0506564,29224,"Subscriber",1981,2
268,"2018-12-12 18:48:04.5980","2018-12-12 18:52:33.4830",3209,"Brunswick St",40.7241765,-74.0506564,3186,"Grove St PATH",40.71958611647166,-74.04311746358871,29295,"Subscriber",1985,1
178,"2018-12-12 19:38:44.7910","2018-12-12 19:41:43.3060",3209,"Brunswick St",40.7241765,-74.0506564,3211,"Newark Ave",40.72152515,-74.046304543,29224,"Subscriber",1993,1
178,"2018-12-13 06:30:10.8980","2018-12-13 06:33:09.0390",3209,"Brunswick St",40.7241765,-74.0506564,3186,"Grove St PATH",40.71958611647166,-74.04311746358871,29490,"Subscriber",1980,1
199,"2018-12-13 07:23:14.6320","2018-12-13 07:26:34.2490",3209,"Brunswick St",40.7241765,-74.0506564,3186,"Grove St PATH",40.71958611647166,-74.04311746358871,29671,"Subscriber",1989,1
338,"2018-12-13 08:22:23.2530","2018-12-13 08:28:01.6620",3209,"Brunswick St",40.7241765,-74.0506564,3186,"Grove St PATH",40.71958611647166,-74.04311746358871,29680,"Subscriber",1982,1
589,"2018-12-13 08:24:15.3570","2018-12-13 08:34:05.2960",3209,"Brunswick St",40.7241765,-74.0506564,3202,"Newport PATH",40.7272235,-74.0337589,29453,"Subscriber",1986,1
345,"2018-12-13 08:24:32.4930","2018-12-13 08:30:17.5290",3209,"Brunswick St",40.7241765,-74.0506564,3186,"Grove St PATH",40.71958611647166,-74.04311746358871,26211,"Subscriber",1990,1
466,"2018-12-13 08:33:45.5360","2018-12-13 08:41:32.4030",3209,"Brunswick St",40.7241765,-74.0506564,3186,"Grove St PATH",40.71958611647166,-74.04311746358871,29519,"Subscriber",1977,1
325,"2018-12-13 08:35:11.0640","2018-12-13 08:40:37.0190",3209,"Brunswick St",40.7241765,-74.0506564,3186,"Grove St PATH",40.71958611647166,-74.04311746358871,29582,"Subscriber",1978,1
658,"2018-12-13 08:38:14.8760","2018-12-13 08:49:13.4670",3209,"Brunswick St",40.7241765,-74.0506564,3639,"Harborside",40.7192517,-74.034234,26283,"Subscriber",1975,1
208,"2018-12-13 08:39:09.8570","2018-12-13 08:42:38.3460",3209,"Brunswick St",40.7241765,-74.0506564,3186,"Grove St PATH",40.71958611647166,-74.04311746358871,26268,"Subscriber",1994,1
495,"2018-12-13 08:42:51.4290","2018-12-13 08:51:06.5220",3209,"Brunswick St",40.7241765,-74.0506564,3639,"Harborside",40.7192517,-74.034234,29475,"Subscriber",1971,1
224,"2018-12-13 08:42:59.7780","2018-12-13 08:46:43.9760",3209,"Brunswick St",40.7241765,-74.0506564,3186,"Grove St PATH",40.71958611647166,-74.04311746358871,29250,"Subscriber",1981,1
205,"2018-12-13 09:58:23.7040","2018-12-13 10:01:48.8970",3209,"Brunswick St",40.7241765,-74.0506564,3186,"Grove St PATH",40.71958611647166,-74.04311746358871,26163,"Subscriber",1975,1
252,"2018-12-13 10:08:51.3280","2018-12-13 10:13:03.4250",3209,"Brunswick St",40.7241765,-74.0506564,3186,"Grove St PATH",40.71958611647166,-74.04311746358871,26173,"Subscriber",1965,1
220,"2018-12-13 10:23:10.7120","2018-12-13 10:26:51.3820",3209,"Brunswick St",40.7241765,-74.0506564,3186,"Grove St PATH",40.71958611647166,-74.04311746358871,26160,"Subscriber",1998,1
316,"2018-12-13 10:58:38.1500","2018-12-13 11:03:54.2960",3209,"Brunswick St",40.7241765,-74.0506564,3186,"Grove St PATH",40.71958611647166,-74.04311746358871,26186,"Subscriber",1979,2
290,"2018-12-13 16:22:30.0250","2018-12-13 16:27:20.4960",3209,"Brunswick St",40.7241765,-74.0506564,3209,"Brunswick St",40.7241765,-74.0506564,29533,"Customer",1990,1
322,"2018-12-13 16:32:50.1690","2018-12-13 16:38:12.6470",3209,"Brunswick St",40.7241765,-74.0506564,3186,"Grove St PATH",40.71958611647166,-74.04311746358871,33744,"Subscriber",1993,1
207,"2018-12-13 17:42:11.0620","2018-12-13 17:45:38.6290",3209,"Brunswick St",40.7241765,-74.0506564,3186,"Grove St PATH",40.71958611647166,-74.04311746358871,29611,"Subscriber",1991,1
94,"2018-12-13 20:25:58.2530","2018-12-13 20:27:32.5910",3209,"Brunswick St",40.7241765,-74.0506564,3269,"Brunswick & 6th",40.72601172964625,-74.05038893222809,29569,"Subscriber",1992,1
169,"2018-12-13 21:12:56.0390","2018-12-13 21:15:45.8340",3209,"Brunswick St",40.7241765,-74.0506564,3211,"Newark Ave",40.72152515,-74.046304543,26297,"Subscriber",1996,1
398,"2018-12-14 07:17:44.9510","2018-12-14 07:24:23.7650",3209,"Brunswick St",40.7241765,-74.0506564,3187,"Warren St",40.7211236,-74.03805095,29499,"Subscriber",1985,2
206,"2018-12-14 07:37:08.3910","2018-12-14 07:40:35.3760",3209,"Brunswick St",40.7241765,-74.0506564,3186,"Grove St PATH",40.71958611647166,-74.04311746358871,26233,"Subscriber",1989,1
607,"2018-12-14 08:05:33.6040","2018-12-14 08:15:41.5550",3209,"Brunswick St",40.7241765,-74.0506564,3202,"Newport PATH",40.7272235,-74.0337589,29533,"Subscriber",1986,1
1248,"2018-12-14 08:17:24.5980","2018-12-14 08:38:12.6240",3209,"Brunswick St",40.7241765,-74.0506564,3273,"Manila & 1st",40.721650724879986,-74.04288411140442,29465,"Subscriber",1982,1
317,"2018-12-14 08:27:33.5430","2018-12-14 08:32:51.4100",3209,"Brunswick St",40.7241765,-74.0506564,3185,"City Hall",40.7177325,-74.043845,29459,"Subscriber",1971,1
353,"2018-12-14 08:34:23.1200","2018-12-14 08:40:16.2450",3209,"Brunswick St",40.7241765,-74.0506564,3273,"Manila & 1st",40.721650724879986,-74.04288411140442,29614,"Subscriber",1982,1
224,"2018-12-14 08:40:33.8290","2018-12-14 08:44:18.7900",3209,"Brunswick St",40.7241765,-74.0506564,3186,"Grove St PATH",40.71958611647166,-74.04311746358871,26160,"Subscriber",1977,1
287,"2018-12-14 08:41:48.3550","2018-12-14 08:46:36.2180",3209,"Brunswick St",40.7241765,-74.0506564,3186,"Grove St PATH",40.71958611647166,-74.04311746358871,26280,"Subscriber",1986,1
269,"2018-12-14 08:43:58.5260","2018-12-14 08:48:27.6990",3209,"Brunswick St",40.7241765,-74.0506564,3186,"Grove St PATH",40.71958611647166,-74.04311746358871,29664,"Subscriber",1980,2
263,"2018-12-14 08:44:07.2100","2018-12-14 08:48:30.9230",3209,"Brunswick St",40.7241765,-74.0506564,3186,"Grove St PATH",40.71958611647166,-74.04311746358871,26186,"Subscriber",1972,1
389,"2018-12-14 08:44:12.3440","2018-12-14 08:50:41.9380",3209,"Brunswick St",40.7241765,-74.0506564,3186,"Grove St PATH",40.71958611647166,-74.04311746358871,29272,"Subscriber",1979,2
317,"2018-12-14 09:21:55.5980","2018-12-14 09:27:13.5670",3209,"Brunswick St",40.7241765,-74.0506564,3186,"Grove St PATH",40.71958611647166,-74.04311746358871,29286,"Subscriber",1965,1
192,"2018-12-14 09:36:23.2430","2018-12-14 09:39:35.5540",3209,"Brunswick St",40.7241765,-74.0506564,3186,"Grove St PATH",40.71958611647166,-74.04311746358871,26244,"Subscriber",1980,1
462,"2018-12-14 10:24:59.3610","2018-12-14 10:32:41.8150",3209,"Brunswick St",40.7241765,-74.0506564,3209,"Brunswick St",40.7241765,-74.0506564,29661,"Subscriber",1986,1
144,"2018-12-14 10:41:05.8690","2018-12-14 10:43:30.5870",3209,"Brunswick St",40.7241765,-74.0506564,3211,"Newark Ave",40.72152515,-74.046304543,26286,"Subscriber",1971,2
213,"2018-12-14 11:49:29.0520","2018-12-14 11:53:03.0280",3209,"Brunswick St",40.7241765,-74.0506564,3186,"Grove St PATH",40.71958611647166,-74.04311746358871,26233,"Subscriber",1980,1
233,"2018-12-14 12:12:44.6540","2018-12-14 12:16:38.2890",3209,"Brunswick St",40.7241765,-74.0506564,3186,"Grove St PATH",40.71958611647166,-74.04311746358871,29239,"Subscriber",1998,1
366,"2018-12-14 12:23:03.9290","2018-12-14 12:29:10.8850",3209,"Brunswick St",40.7241765,-74.0506564,3211,"Newark Ave",40.72152515,-74.046304543,29661,"Subscriber",1991,1
311,"2018-12-14 15:02:15.8670","2018-12-14 15:07:26.9490",3209,"Brunswick St",40.7241765,-74.0506564,3186,"Grove St PATH",40.71958611647166,-74.04311746358871,29480,"Subscriber",1979,2
388,"2018-12-14 16:29:14.8780","2018-12-14 16:35:43.5570",3209,"Brunswick St",40.7241765,-74.0506564,3203,"Hamilton Park",40.727595966,-74.044247311,29527,"Subscriber",1989,2
466,"2018-12-14 18:22:16.1390","2018-12-14 18:30:02.9240",3209,"Brunswick St",40.7241765,-74.0506564,3640,"Journal Square",40.73367,-74.0625,29277,"Subscriber",1985,2
1908,"2018-12-14 19:32:30.2150","2018-12-14 20:04:18.9250",3209,"Brunswick St",40.7241765,-74.0506564,3211,"Newark Ave",40.72152515,-74.046304543,29541,"Subscriber",1992,1
306,"2018-12-14 21:50:42.6830","2018-12-14 21:55:49.0600",3209,"Brunswick St",40.7241765,-74.0506564,3213,"Van Vorst Park",40.71848892,-74.047726625,26155,"Subscriber",1985,2
320,"2018-12-14 22:42:56.9930","2018-12-14 22:48:17.7870",3209,"Brunswick St",40.7241765,-74.0506564,3185,"City Hall",40.7177325,-74.043845,26263,"Subscriber",1994,1
336,"2018-12-14 23:36:09.5180","2018-12-14 23:41:45.5630",3209,"Brunswick St",40.7241765,-74.0506564,3186,"Grove St PATH",40.71958611647166,-74.04311746358871,29281,"Subscriber",1984,1
543,"2018-12-15 08:25:11.9720","2018-12-15 08:34:15.2450",3209,"Brunswick St",40.7241765,-74.0506564,3638,"Washington St",40.7242941,-74.0354826,26318,"Subscriber",1985,2
585,"2018-12-15 10:13:21.7120","2018-12-15 10:23:07.5510",3209,"Brunswick St",40.7241765,-74.0506564,3275,"Columbus Drive",40.71835519823214,-74.03891444206238,29272,"Subscriber",1974,1
413,"2018-12-15 10:42:13.4050","2018-12-15 10:49:07.1160",3209,"Brunswick St",40.7241765,-74.0506564,3213,"Van Vorst Park",40.71848892,-74.047726625,29281,"Subscriber",1993,1
245,"2018-12-15 11:23:32.5340","2018-12-15 11:27:37.8360",3209,"Brunswick St",40.7241765,-74.0506564,3186,"Grove St PATH",40.71958611647166,-74.04311746358871,29601,"Subscriber",1994,1
2030,"2018-12-15 12:01:49.5280","2018-12-15 12:35:39.8250",3209,"Brunswick St",40.7241765,-74.0506564,3209,"Brunswick St",40.7241765,-74.0506564,29678,"Subscriber",1970,1
265,"2018-12-15 12:33:07.5870","2018-12-15 12:37:33.1900",3209,"Brunswick St",40.7241765,-74.0506564,3186,"Grove St PATH",40.71958611647166,-74.04311746358871,29262,"Subscriber",1968,2
251,"2018-12-15 13:08:04.8380","2018-12-15 13:12:16.5240",3209,"Brunswick St",40.7241765,-74.0506564,3186,"Grove St PATH",40.71958611647166,-74.04311746358871,29247,"Subscriber",1980,1
250,"2018-12-15 13:09:19.8100","2018-12-15 13:13:30.6750",3209,"Brunswick St",40.7241765,-74.0506564,3186,"Grove St PATH",40.71958611647166,-74.04311746358871,29535,"Subscriber",1986,1
371,"2018-12-15 15:23:57.9500","2018-12-15 15:30:09.2610",3209,"Brunswick St",40.7241765,-74.0506564,3187,"Warren St",40.7211236,-74.03805095,29525,"Subscriber",1992,1
381,"2018-12-15 15:24:08.9240","2018-12-15 15:30:30.0230",3209,"Brunswick St",40.7241765,-74.0506564,3186,"Grove St PATH",40.71958611647166,-74.04311746358871,29442,"Subscriber",1994,1
191,"2018-12-15 18:34:08.9200","2018-12-15 18:37:20.2020",3209,"Brunswick St",40.7241765,-74.0506564,3186,"Grove St PATH",40.71958611647166,-74.04311746358871,29678,"Subscriber",1982,1
286,"2018-12-15 19:44:42.4520","2018-12-15 19:49:28.5480",3209,"Brunswick St",40.7241765,-74.0506564,3185,"City Hall",40.7177325,-74.043845,26193,"Subscriber",1986,1
402,"2018-12-15 20:53:06.0720","2018-12-15 20:59:48.1170",3209,"Brunswick St",40.7241765,-74.0506564,3209,"Brunswick St",40.7241765,-74.0506564,29207,"Subscriber",1984,1
266,"2018-12-15 21:07:38.2670","2018-12-15 21:12:05.0150",3209,"Brunswick St",40.7241765,-74.0506564,3185,"City Hall",40.7177325,-74.043845,29672,"Subscriber",1986,1
228,"2018-12-15 21:49:33.6570","2018-12-15 21:53:21.6720",3209,"Brunswick St",40.7241765,-74.0506564,3186,"Grove St PATH",40.71958611647166,-74.04311746358871,29207,"Subscriber",1984,1
384,"2018-12-16 15:13:29.6750","2018-12-16 15:19:54.2720",3209,"Brunswick St",40.7241765,-74.0506564,3185,"City Hall",40.7177325,-74.043845,29502,"Subscriber",1972,2
604,"2018-12-16 21:32:57.0670","2018-12-16 21:43:01.7480",3209,"Brunswick St",40.7241765,-74.0506564,3209,"Brunswick St",40.7241765,-74.0506564,29479,"Subscriber",1984,1
111,"2018-12-16 22:18:50.9260","2018-12-16 22:20:42.2830",3209,"Brunswick St",40.7241765,-74.0506564,3269,"Brunswick & 6th",40.72601172964625,-74.05038893222809,29289,"Subscriber",1983,2
132,"2018-12-16 22:24:55.7450","2018-12-16 22:27:07.7530",3209,"Brunswick St",40.7241765,-74.0506564,3269,"Brunswick & 6th",40.72601172964625,-74.05038893222809,26182,"Subscriber",1983,2
105,"2018-12-16 22:30:30.1710","2018-12-16 22:32:15.6610",3209,"Brunswick St",40.7241765,-74.0506564,3269,"Brunswick & 6th",40.72601172964625,-74.05038893222809,26278,"Subscriber",1983,2
218,"2018-12-16 22:34:12.2390","2018-12-16 22:37:51.0880",3209,"Brunswick St",40.7241765,-74.0506564,3211,"Newark Ave",40.72152515,-74.046304543,29479,"Subscriber",1984,1
210,"2018-12-17 07:35:04.8050","2018-12-17 07:38:35.7670",3209,"Brunswick St",40.7241765,-74.0506564,3186,"Grove St PATH",40.71958611647166,-74.04311746358871,29678,"Subscriber",1989,1
1535,"2018-12-17 08:17:25.4700","2018-12-17 08:43:01.2260",3209,"Brunswick St",40.7241765,-74.0506564,3186,"Grove St PATH",40.71958611647166,-74.04311746358871,29482,"Subscriber",1982,1
549,"2018-12-17 08:24:42.0150","2018-12-17 08:33:51.4960",3209,"Brunswick St",40.7241765,-74.0506564,3202,"Newport PATH",40.7272235,-74.0337589,29554,"Subscriber",1986,1
263,"2018-12-17 08:36:05.9320","2018-12-17 08:40:29.1260",3209,"Brunswick St",40.7241765,-74.0506564,3186,"Grove St PATH",40.71958611647166,-74.04311746358871,29493,"Subscriber",1978,1
239,"2018-12-17 08:36:31.0810","2018-12-17 08:40:30.6150",3209,"Brunswick St",40.7241765,-74.0506564,3186,"Grove St PATH",40.71958611647166,-74.04311746358871,29581,"Subscriber",1981,1
248,"2018-12-17 08:38:06.0940","2018-12-17 08:42:14.1170",3209,"Brunswick St",40.7241765,-74.0506564,3186,"Grove St PATH",40.71958611647166,-74.04311746358871,26261,"Subscriber",1980,1
666,"2018-12-17 08:39:59.1060","2018-12-17 08:51:05.1290",3209,"Brunswick St",40.7241765,-74.0506564,3639,"Harborside",40.7192517,-74.034234,29437,"Subscriber",1975,1
389,"2018-12-17 08:41:46.1860","2018-12-17 08:48:15.8750",3209,"Brunswick St",40.7241765,-74.0506564,3186,"Grove St PATH",40.71958611647166,-74.04311746358871,29301,"Subscriber",1984,1
353,"2018-12-17 08:42:59.2090","2018-12-17 08:48:52.5150",3209,"Brunswick St",40.7241765,-74.0506564,3186,"Grove St PATH",40.71958611647166,-74.04311746358871,29492,"Subscriber",1985,2
259,"2018-12-17 09:08:13.0280","2018-12-17 09:12:32.1820",3209,"Brunswick St",40.7241765,-74.0506564,3186,"Grove St PATH",40.71958611647166,-74.04311746358871,29479,"Subscriber",1980,2
315,"2018-12-17 10:24:16.4520","2018-12-17 10:29:31.6880",3209,"Brunswick St",40.7241765,-74.0506564,3203,"Hamilton Park",40.727595966,-74.044247311,29231,"Subscriber",1979,2
84,"2018-12-17 10:32:37.7080","2018-12-17 10:34:02.3620",3209,"Brunswick St",40.7241765,-74.0506564,3279,"Dixon Mills",40.721630142638354,-74.04996782541275,29612,"Subscriber",1976,1
189,"2018-12-17 11:48:40.5750","2018-12-17 11:51:50.3900",3209,"Brunswick St",40.7241765,-74.0506564,3186,"Grove St PATH",40.71958611647166,-74.04311746358871,29308,"Subscriber",1980,1
202,"2018-12-17 13:10:50.7040","2018-12-17 13:14:13.6580",3209,"Brunswick St",40.7241765,-74.0506564,3211,"Newark Ave",40.72152515,-74.046304543,29231,"Subscriber",1993,1
476,"2018-12-17 19:36:29.0810","2018-12-17 19:44:25.1380",3209,"Brunswick St",40.7241765,-74.0506564,3638,"Washington St",40.7242941,-74.0354826,29597,"Subscriber",1985,1
457,"2018-12-18 06:35:02.8020","2018-12-18 06:42:40.5900",3209,"Brunswick St",40.7241765,-74.0506564,3183,"Exchange Place",40.7162469,-74.0334588,29305,"Subscriber",1985,1
329,"2018-12-18 07:21:52.2550","2018-12-18 07:27:21.3460",3209,"Brunswick St",40.7241765,-74.0506564,3186,"Grove St PATH",40.71958611647166,-74.04311746358871,29197,"Subscriber",1979,2
234,"2018-12-18 07:33:04.5010","2018-12-18 07:36:59.0610",3209,"Brunswick St",40.7241765,-74.0506564,3186,"Grove St PATH",40.71958611647166,-74.04311746358871,29586,"Subscriber",1989,1
1358,"2018-12-18 07:33:06.8440","2018-12-18 07:55:45.3520",3209,"Brunswick St",40.7241765,-74.0506564,3183,"Exchange Place",40.7162469,-74.0334588,29511,"Subscriber",1987,1
190,"2018-12-18 07:37:09.9190","2018-12-18 07:40:20.3870",3209,"Brunswick St",40.7241765,-74.0506564,3186,"Grove St PATH",40.71958611647166,-74.04311746358871,26170,"Subscriber",1981,1
224,"2018-12-18 07:51:29.2350","2018-12-18 07:55:13.8160",3209,"Brunswick St",40.7241765,-74.0506564,3186,"Grove St PATH",40.71958611647166,-74.04311746358871,29295,"Subscriber",1991,2
216,"2018-12-18 07:55:31.8970","2018-12-18 07:59:08.1710",3209,"Brunswick St",40.7241765,-74.0506564,3186,"Grove St PATH",40.71958611647166,-74.04311746358871,26283,"Subscriber",1992,1
507,"2018-12-18 08:09:55.2610","2018-12-18 08:18:22.6570",3209,"Brunswick St",40.7241765,-74.0506564,3276,"Marin Light Rail",40.71458403535893,-74.04281705617905,26271,"Subscriber",1989,1
236,"2018-12-18 08:17:36.7130","2018-12-18 08:21:33.0150",3209,"Brunswick St",40.7241765,-74.0506564,3186,"Grove St PATH",40.71958611647166,-74.04311746358871,29215,"Subscriber",1980,1
642,"2018-12-18 08:20:04.6120","2018-12-18 08:30:47.2650",3209,"Brunswick St",40.7241765,-74.0506564,3202,"Newport PATH",40.7272235,-74.0337589,26276,"Subscriber",1986,1
1132,"2018-12-18 08:22:44.1880","2018-12-18 08:41:36.8620",3209,"Brunswick St",40.7241765,-74.0506564,3186,"Grove St PATH",40.71958611647166,-74.04311746358871,29533,"Subscriber",1982,1
218,"2018-12-18 08:26:13.0830","2018-12-18 08:29:51.8260",3209,"Brunswick St",40.7241765,-74.0506564,3186,"Grove St PATH",40.71958611647166,-74.04311746358871,26262,"Subscriber",1981,2
216,"2018-12-18 09:04:51.8420","2018-12-18 09:08:28.7850",3209,"Brunswick St",40.7241765,-74.0506564,3186,"Grove St PATH",40.71958611647166,-74.04311746358871,29452,"Subscriber",1998,1
213,"2018-12-18 09:19:07.5990","2018-12-18 09:22:40.8750",3209,"Brunswick St",40.7241765,-74.0506564,3186,"Grove St PATH",40.71958611647166,-74.04311746358871,26307,"Subscriber",1980,2
247,"2018-12-18 10:27:09.4570","2018-12-18 10:31:17.3230",3209,"Brunswick St",40.7241765,-74.0506564,3186,"Grove St PATH",40.71958611647166,-74.04311746358871,29506,"Subscriber",1980,1
170,"2018-12-18 11:33:38.0410","2018-12-18 11:36:28.8890",3209,"Brunswick St",40.7241765,-74.0506564,3211,"Newark Ave",40.72152515,-74.046304543,29305,"Subscriber",1993,1
173,"2018-12-18 17:07:13.0520","2018-12-18 17:10:06.8500",3209,"Brunswick St",40.7241765,-74.0506564,3483,"Montgomery St",40.71942,-74.05099,29231,"Subscriber",1980,1
1622,"2018-12-18 19:10:03.0470","2018-12-18 19:37:05.1200",3209,"Brunswick St",40.7241765,-74.0506564,3203,"Hamilton Park",40.727595966,-74.044247311,26307,"Subscriber",1992,1
248,"2018-12-18 19:13:20.4830","2018-12-18 19:17:28.5480",3209,"Brunswick St",40.7241765,-74.0506564,3187,"Warren St",40.7211236,-74.03805095,29602,"Subscriber",1989,1
315,"2018-12-19 00:32:03.2850","2018-12-19 00:37:18.9090",3209,"Brunswick St",40.7241765,-74.0506564,3205,"JC Medical Center",40.71653978099194,-74.0496379137039,29506,"Subscriber",1991,1
460,"2018-12-19 07:22:34.0120","2018-12-19 07:30:14.6740",3209,"Brunswick St",40.7241765,-74.0506564,3183,"Exchange Place",40.7162469,-74.0334588,29593,"Subscriber",1987,1
257,"2018-12-19 07:37:58.6600","2018-12-19 07:42:16.3380",3209,"Brunswick St",40.7241765,-74.0506564,3186,"Grove St PATH",40.71958611647166,-74.04311746358871,26200,"Subscriber",1991,2
227,"2018-12-19 07:54:30.1450","2018-12-19 07:58:17.4320",3209,"Brunswick St",40.7241765,-74.0506564,3186,"Grove St PATH",40.71958611647166,-74.04311746358871,26267,"Subscriber",1981,1
227,"2018-12-19 07:55:01.5080","2018-12-19 07:58:48.6490",3209,"Brunswick St",40.7241765,-74.0506564,3186,"Grove St PATH",40.71958611647166,-74.04311746358871,29496,"Subscriber",1991,2
407,"2018-12-19 08:03:44.6100","2018-12-19 08:10:31.8180",3209,"Brunswick St",40.7241765,-74.0506564,3183,"Exchange Place",40.7162469,-74.0334588,26287,"Subscriber",1976,1
231,"2018-12-19 08:17:53.0970","2018-12-19 08:21:44.7610",3209,"Brunswick St",40.7241765,-74.0506564,3186,"Grove St PATH",40.71958611647166,-74.04311746358871,29284,"Subscriber",1979,1
672,"2018-12-19 08:20:03.9090","2018-12-19 08:31:16.3380",3209,"Brunswick St",40.7241765,-74.0506564,3202,"Newport PATH",40.7272235,-74.0337589,26203,"Subscriber",1986,1
212,"2018-12-19 08:36:49.5260","2018-12-19 08:40:22.0120",3209,"Brunswick St",40.7241765,-74.0506564,3186,"Grove St PATH",40.71958611647166,-74.04311746358871,29493,"Subscriber",1978,1
281,"2018-12-19 08:45:26.2410","2018-12-19 08:50:07.9960",3209,"Brunswick St",40.7241765,-74.0506564,3186,"Grove St PATH",40.71958611647166,-74.04311746358871,26221,"Subscriber",1978,2
629,"2018-12-19 08:45:59.4970","2018-12-19 08:56:29.4900",3209,"Brunswick St",40.7241765,-74.0506564,3639,"Harborside",40.7192517,-74.034234,29578,"Subscriber",1975,1
248,"2018-12-19 08:46:13.9180","2018-12-19 08:50:22.0810",3209,"Brunswick St",40.7241765,-74.0506564,3186,"Grove St PATH",40.71958611647166,-74.04311746358871,26206,"Subscriber",1980,1
271,"2018-12-19 08:52:35.3470","2018-12-19 08:57:06.5880",3209,"Brunswick St",40.7241765,-74.0506564,3186,"Grove St PATH",40.71958611647166,-74.04311746358871,26224,"Subscriber",1977,1
367,"2018-12-19 08:58:17.4260","2018-12-19 09:04:24.8530",3209,"Brunswick St",40.7241765,-74.0506564,3186,"Grove St PATH",40.71958611647166,-74.04311746358871,29225,"Subscriber",1980,1
357,"2018-12-19 08:59:50.4010","2018-12-19 09:05:48.0410",3209,"Brunswick St",40.7241765,-74.0506564,3186,"Grove St PATH",40.71958611647166,-74.04311746358871,29481,"Subscriber",1959,2
260,"2018-12-19 09:03:56.7930","2018-12-19 09:08:17.5490",3209,"Brunswick St",40.7241765,-74.0506564,3213,"Van Vorst Park",40.71848892,-74.047726625,29267,"Subscriber",1973,1
229,"2018-12-19 10:58:22.2120","2018-12-19 11:02:11.4350",3209,"Brunswick St",40.7241765,-74.0506564,3203,"Hamilton Park",40.727595966,-74.044247311,29457,"Subscriber",1979,2
223,"2018-12-19 11:39:25.1800","2018-12-19 11:43:08.3320",3209,"Brunswick St",40.7241765,-74.0506564,3273,"Manila & 1st",40.721650724879986,-74.04288411140442,29215,"Subscriber",1989,1
207,"2018-12-19 13:25:47.2450","2018-12-19 13:29:14.4260",3209,"Brunswick St",40.7241765,-74.0506564,3186,"Grove St PATH",40.71958611647166,-74.04311746358871,29520,"Subscriber",1956,1
231,"2018-12-19 16:53:06.7610","2018-12-19 16:56:58.3700",3209,"Brunswick St",40.7241765,-74.0506564,3186,"Grove St PATH",40.71958611647166,-74.04311746358871,29672,"Subscriber",1985,1
266,"2018-12-19 18:15:57.0700","2018-12-19 18:20:23.8550",3209,"Brunswick St",40.7241765,-74.0506564,3186,"Grove St PATH",40.71958611647166,-74.04311746358871,29467,"Subscriber",1968,2
296,"2018-12-19 18:44:19.1110","2018-12-19 18:49:15.4130",3209,"Brunswick St",40.7241765,-74.0506564,3185,"City Hall",40.7177325,-74.043845,26159,"Subscriber",1967,1
389,"2018-12-19 19:45:33.5660","2018-12-19 19:52:02.9180",3209,"Brunswick St",40.7241765,-74.0506564,3275,"Columbus Drive",40.71835519823214,-74.03891444206238,29231,"Subscriber",1985,1
496,"2018-12-20 06:37:43.7930","2018-12-20 06:46:00.5990",3209,"Brunswick St",40.7241765,-74.0506564,3183,"Exchange Place",40.7162469,-74.0334588,26187,"Subscriber",1985,1
240,"2018-12-20 07:42:48.0070","2018-12-20 07:46:48.7760",3209,"Brunswick St",40.7241765,-74.0506564,3186,"Grove St PATH",40.71958611647166,-74.04311746358871,26189,"Subscriber",1991,2
218,"2018-12-20 08:17:32.2120","2018-12-20 08:21:10.9470",3209,"Brunswick St",40.7241765,-74.0506564,3186,"Grove St PATH",40.71958611647166,-74.04311746358871,26267,"Subscriber",1982,1
238,"2018-12-20 08:19:29.3840","2018-12-20 08:23:28.1880",3209,"Brunswick St",40.7241765,-74.0506564,3186,"Grove St PATH",40.71958611647166,-74.04311746358871,29257,"Subscriber",1983,2
249,"2018-12-20 08:23:55.0420","2018-12-20 08:28:04.2220",3209,"Brunswick St",40.7241765,-74.0506564,3186,"Grove St PATH",40.71958611647166,-74.04311746358871,26276,"Subscriber",1992,1
344,"2018-12-20 08:23:57.7540","2018-12-20 08:29:41.9030",3209,"Brunswick St",40.7241765,-74.0506564,3186,"Grove St PATH",40.71958611647166,-74.04311746358871,26212,"Subscriber",1982,1
673,"2018-12-20 08:25:54.8180","2018-12-20 08:37:08.4680",3209,"Brunswick St",40.7241765,-74.0506564,3202,"Newport PATH",40.7272235,-74.0337589,26206,"Subscriber",1986,1
280,"2018-12-20 08:28:51.5640","2018-12-20 08:33:32.5280",3209,"Brunswick St",40.7241765,-74.0506564,3186,"Grove St PATH",40.71958611647166,-74.04311746358871,26258,"Subscriber",1981,2
1491,"2018-12-20 08:34:55.3410","2018-12-20 08:59:47.2070",3209,"Brunswick St",40.7241765,-74.0506564,3186,"Grove St PATH",40.71958611647166,-74.04311746358871,26170,"Subscriber",1982,1
352,"2018-12-20 08:37:35.7470","2018-12-20 08:43:28.3400",3209,"Brunswick St",40.7241765,-74.0506564,3186,"Grove St PATH",40.71958611647166,-74.04311746358871,29468,"Subscriber",1982,2
589,"2018-12-20 08:40:47.1330","2018-12-20 08:50:36.3030",3209,"Brunswick St",40.7241765,-74.0506564,3639,"Harborside",40.7192517,-74.034234,29439,"Subscriber",1975,1
216,"2018-12-20 08:43:11.1610","2018-12-20 08:46:47.2460",3209,"Brunswick St",40.7241765,-74.0506564,3186,"Grove St PATH",40.71958611647166,-74.04311746358871,29273,"Subscriber",1981,1
275,"2018-12-20 09:13:19.8700","2018-12-20 09:17:54.9280",3209,"Brunswick St",40.7241765,-74.0506564,3186,"Grove St PATH",40.71958611647166,-74.04311746358871,29450,"Subscriber",1980,1
250,"2018-12-20 09:13:53.0170","2018-12-20 09:18:03.1070",3209,"Brunswick St",40.7241765,-74.0506564,3186,"Grove St PATH",40.71958611647166,-74.04311746358871,29295,"Subscriber",1980,2
527,"2018-12-20 09:16:43.9520","2018-12-20 09:25:31.7640",3209,"Brunswick St",40.7241765,-74.0506564,3639,"Harborside",40.7192517,-74.034234,29261,"Subscriber",1987,1
160,"2018-12-20 10:00:45.2150","2018-12-20 10:03:25.7330",3209,"Brunswick St",40.7241765,-74.0506564,3272,"Jersey & 3rd",40.72333158646436,-74.04595255851744,26225,"Subscriber",1969,0
203,"2018-12-20 10:10:59.6610","2018-12-20 10:14:23.0370",3209,"Brunswick St",40.7241765,-74.0506564,3211,"Newark Ave",40.72152515,-74.046304543,29225,"Subscriber",1993,1
246,"2018-12-20 10:14:56.0120","2018-12-20 10:19:02.3570",3209,"Brunswick St",40.7241765,-74.0506564,3186,"Grove St PATH",40.71958611647166,-74.04311746358871,29214,"Subscriber",1965,1
983,"2018-12-20 10:54:36.9110","2018-12-20 11:11:00.5610",3209,"Brunswick St",40.7241765,-74.0506564,3191,"Union St",40.7182113,-74.0836394,29246,"Subscriber",1990,1
225,"2018-12-20 12:43:57.2570","2018-12-20 12:47:42.9380",3209,"Brunswick St",40.7241765,-74.0506564,3186,"Grove St PATH",40.71958611647166,-74.04311746358871,29471,"Subscriber",1989,1
312,"2018-12-20 13:10:55.4690","2018-12-20 13:16:08.1040",3209,"Brunswick St",40.7241765,-74.0506564,3185,"City Hall",40.7177325,-74.043845,26268,"Subscriber",1988,1
815,"2018-12-20 15:38:09.7690","2018-12-20 15:51:45.0610",3209,"Brunswick St",40.7241765,-74.0506564,3202,"Newport PATH",40.7272235,-74.0337589,26164,"Subscriber",1982,2
1252,"2018-12-20 16:46:25.7950","2018-12-20 17:07:17.9780",3209,"Brunswick St",40.7241765,-74.0506564,3195,"Sip Ave",40.73074262530658,-74.06378388404846,29240,"Subscriber",1982,1
333,"2018-12-20 21:13:54.9620","2018-12-20 21:19:28.7180",3209,"Brunswick St",40.7241765,-74.0506564,3211,"Newark Ave",40.72152515,-74.046304543,26261,"Subscriber",1984,1
599,"2018-12-21 08:48:20.8420","2018-12-21 08:58:20.0050",3209,"Brunswick St",40.7241765,-74.0506564,3214,"Essex Light Rail",40.7127742,-74.0364857,26293,"Subscriber",1992,2
211,"2018-12-21 10:36:08.6220","2018-12-21 10:39:39.6360",3209,"Brunswick St",40.7241765,-74.0506564,3203,"Hamilton Park",40.727595966,-74.044247311,29257,"Subscriber",1980,1
288,"2018-12-21 11:15:11.1290","2018-12-21 11:19:59.6990",3209,"Brunswick St",40.7241765,-74.0506564,3186,"Grove St PATH",40.71958611647166,-74.04311746358871,26300,"Subscriber",1982,2
847,"2018-12-21 15:03:04.3010","2018-12-21 15:17:12.2060",3209,"Brunswick St",40.7241765,-74.0506564,3209,"Brunswick St",40.7241765,-74.0506564,29503,"Subscriber",1982,2
260,"2018-12-21 17:46:13.2590","2018-12-21 17:50:33.3670",3209,"Brunswick St",40.7241765,-74.0506564,3186,"Grove St PATH",40.71958611647166,-74.04311746358871,29496,"Subscriber",1986,1
329,"2018-12-21 17:59:54.9380","2018-12-21 18:05:24.8430",3209,"Brunswick St",40.7241765,-74.0506564,3186,"Grove St PATH",40.71958611647166,-74.04311746358871,29665,"Subscriber",1986,1
464,"2018-12-21 18:23:17.7400","2018-12-21 18:31:02.6690",3209,"Brunswick St",40.7241765,-74.0506564,3275,"Columbus Drive",40.71835519823214,-74.03891444206238,29213,"Subscriber",1960,1
1175,"2018-12-21 18:29:14.3890","2018-12-21 18:48:50.0830",3209,"Brunswick St",40.7241765,-74.0506564,3269,"Brunswick & 6th",40.72601172964625,-74.05038893222809,29503,"Subscriber",1982,2
452,"2018-12-21 22:19:35.9230","2018-12-21 22:27:08.1340",3209,"Brunswick St",40.7241765,-74.0506564,3185,"City Hall",40.7177325,-74.043845,29297,"Subscriber",1985,2
180,"2018-12-22 00:52:10.7680","2018-12-22 00:55:11.1430",3209,"Brunswick St",40.7241765,-74.0506564,3211,"Newark Ave",40.72152515,-74.046304543,29210,"Subscriber",1984,1
471,"2018-12-22 09:23:07.7860","2018-12-22 09:30:59.2260",3209,"Brunswick St",40.7241765,-74.0506564,3185,"City Hall",40.7177325,-74.043845,29207,"Subscriber",1985,2
508,"2018-12-22 09:28:37.7360","2018-12-22 09:37:06.1030",3209,"Brunswick St",40.7241765,-74.0506564,3638,"Washington St",40.7242941,-74.0354826,29658,"Subscriber",1991,2
539,"2018-12-22 10:27:22.5070","2018-12-22 10:36:21.7350",3209,"Brunswick St",40.7241765,-74.0506564,3199,"Newport Pkwy",40.7287448,-74.0321082,29458,"Subscriber",1989,1
233,"2018-12-22 10:36:57.5630","2018-12-22 10:40:50.9550",3209,"Brunswick St",40.7241765,-74.0506564,3186,"Grove St PATH",40.71958611647166,-74.04311746358871,29485,"Subscriber",1990,1
360,"2018-12-22 11:45:26.2700","2018-12-22 11:51:26.8920",3209,"Brunswick St",40.7241765,-74.0506564,3186,"Grove St PATH",40.71958611647166,-74.04311746358871,29529,"Subscriber",1985,2
133,"2018-12-22 12:12:52.8750","2018-12-22 12:15:06.3430",3209,"Brunswick St",40.7241765,-74.0506564,3211,"Newark Ave",40.72152515,-74.046304543,29461,"Subscriber",1985,1
386,"2018-12-22 12:39:46.6080","2018-12-22 12:46:13.0420",3209,"Brunswick St",40.7241765,-74.0506564,3203,"Hamilton Park",40.727595966,-74.044247311,26302,"Subscriber",1991,1
231,"2018-12-22 13:04:26.1910","2018-12-22 13:08:17.9700",3209,"Brunswick St",40.7241765,-74.0506564,3186,"Grove St PATH",40.71958611647166,-74.04311746358871,26296,"Subscriber",1980,1
628,"2018-12-22 13:46:35.8070","2018-12-22 13:57:03.9450",3209,"Brunswick St",40.7241765,-74.0506564,3209,"Brunswick St",40.7241765,-74.0506564,29210,"Subscriber",1980,1
249,"2018-12-22 13:46:56.1700","2018-12-22 13:51:05.7430",3209,"Brunswick St",40.7241765,-74.0506564,3213,"Van Vorst Park",40.71848892,-74.047726625,29207,"Subscriber",1982,1
177,"2018-12-22 13:47:43.5920","2018-12-22 13:50:40.7700",3209,"Brunswick St",40.7241765,-74.0506564,3186,"Grove St PATH",40.71958611647166,-74.04311746358871,29296,"Subscriber",1980,1
133,"2018-12-22 16:25:24.0730","2018-12-22 16:27:37.4480",3209,"Brunswick St",40.7241765,-74.0506564,3272,"Jersey & 3rd",40.72333158646436,-74.04595255851744,34791,"Subscriber",1983,2
557,"2018-12-22 16:42:23.0730","2018-12-22 16:51:40.3830",3209,"Brunswick St",40.7241765,-74.0506564,3268,"Lafayette Park",40.71346382669195,-74.06285852193832,34791,"Subscriber",1993,1
144,"2018-12-22 16:45:07.7860","2018-12-22 16:47:32.1320",3209,"Brunswick St",40.7241765,-74.0506564,3278,"Monmouth and 6th",40.72568548362901,-74.04879033565521,29207,"Subscriber",1983,2
564,"2018-12-22 22:49:41.7900","2018-12-22 22:59:06.1110",3209,"Brunswick St",40.7241765,-74.0506564,3267,"Morris Canal",40.7124188237569,-74.03852552175522,29658,"Subscriber",1960,1
188,"2018-12-23 07:58:31.2670","2018-12-23 08:01:40.1980",3209,"Brunswick St",40.7241765,-74.0506564,3186,"Grove St PATH",40.71958611647166,-74.04311746358871,29640,"Subscriber",1980,1
316,"2018-12-23 09:52:37.4960","2018-12-23 09:57:53.6580",3209,"Brunswick St",40.7241765,-74.0506564,3203,"Hamilton Park",40.727595966,-74.044247311,29455,"Subscriber",1979,2
688,"2018-12-23 10:03:33.8190","2018-12-23 10:15:02.0350",3209,"Brunswick St",40.7241765,-74.0506564,3205,"JC Medical Center",40.71653978099194,-74.0496379137039,26204,"Customer",1998,1
242,"2018-12-23 11:10:08.3030","2018-12-23 11:14:10.4230",3209,"Brunswick St",40.7241765,-74.0506564,3203,"Hamilton Park",40.727595966,-74.044247311,29297,"Subscriber",1970,1
697,"2018-12-23 14:28:43.5040","2018-12-23 14:40:20.6480",3209,"Brunswick St",40.7241765,-74.0506564,3184,"Paulus Hook",40.7141454,-74.0335519,29646,"Subscriber",1967,1
285,"2018-12-23 14:44:46.4830","2018-12-23 14:49:31.9050",3209,"Brunswick St",40.7241765,-74.0506564,3186,"Grove St PATH",40.71958611647166,-74.04311746358871,29225,"Subscriber",1980,2
998,"2018-12-23 15:10:15.5370","2018-12-23 15:26:54.0670",3209,"Brunswick St",40.7241765,-74.0506564,3202,"Newport PATH",40.7272235,-74.0337589,26295,"Subscriber",1968,2
332,"2018-12-23 17:33:18.9190","2018-12-23 17:38:51.5330",3209,"Brunswick St",40.7241765,-74.0506564,3203,"Hamilton Park",40.727595966,-74.044247311,26212,"Subscriber",1964,1
429,"2018-12-23 20:02:38.8620","2018-12-23 20:09:48.6800",3209,"Brunswick St",40.7241765,-74.0506564,3276,"Marin Light Rail",40.71458403535893,-74.04281705617905,26295,"Subscriber",1978,1
350,"2018-12-24 11:40:19.8820","2018-12-24 11:46:10.8210",3209,"Brunswick St",40.7241765,-74.0506564,3273,"Manila & 1st",40.721650724879986,-74.04288411140442,26184,"Subscriber",1989,1
200,"2018-12-24 11:45:19.4870","2018-12-24 11:48:40.0710",3209,"Brunswick St",40.7241765,-74.0506564,3186,"Grove St PATH",40.71958611647166,-74.04311746358871,26223,"Subscriber",1980,1
309,"2018-12-24 12:27:43.8500","2018-12-24 12:32:53.7340",3209,"Brunswick St",40.7241765,-74.0506564,3203,"Hamilton Park",40.727595966,-74.044247311,29275,"Subscriber",1979,2
196,"2018-12-24 14:42:43.1320","2018-12-24 14:45:59.4110",3209,"Brunswick St",40.7241765,-74.0506564,3211,"Newark Ave",40.72152515,-74.046304543,29481,"Subscriber",1991,2
526,"2018-12-24 15:01:19.8400","2018-12-24 15:10:06.2570",3209,"Brunswick St",40.7241765,-74.0506564,3202,"Newport PATH",40.7272235,-74.0337589,29257,"Subscriber",1990,1
105,"2018-12-24 16:36:33.0640","2018-12-24 16:38:18.9840",3209,"Brunswick St",40.7241765,-74.0506564,3272,"Jersey & 3rd",40.72333158646436,-74.04595255851744,26260,"Subscriber",1983,1
596,"2018-12-26 08:05:46.4220","2018-12-26 08:15:42.4610",3209,"Brunswick St",40.7241765,-74.0506564,3202,"Newport PATH",40.7272235,-74.0337589,29670,"Subscriber",1986,1
93,"2018-12-26 08:34:35.2900","2018-12-26 08:36:08.7450",3209,"Brunswick St",40.7241765,-74.0506564,3269,"Brunswick & 6th",40.72601172964625,-74.05038893222809,26192,"Subscriber",1987,1
70,"2018-12-26 08:39:05.3150","2018-12-26 08:40:15.7780",3209,"Brunswick St",40.7241765,-74.0506564,3269,"Brunswick & 6th",40.72601172964625,-74.05038893222809,26260,"Subscriber",1987,1
102,"2018-12-26 08:43:05.4140","2018-12-26 08:44:47.7100",3209,"Brunswick St",40.7241765,-74.0506564,3279,"Dixon Mills",40.721630142638354,-74.04996782541275,29609,"Subscriber",1987,1
246,"2018-12-26 09:07:40.2450","2018-12-26 09:11:46.9700",3209,"Brunswick St",40.7241765,-74.0506564,3186,"Grove St PATH",40.71958611647166,-74.04311746358871,29284,"Subscriber",1981,1
302,"2018-12-26 10:24:00.5660","2018-12-26 10:29:03.1510",3209,"Brunswick St",40.7241765,-74.0506564,3203,"Hamilton Park",40.727595966,-74.044247311,29589,"Subscriber",1979,2
230,"2018-12-26 11:40:08.8870","2018-12-26 11:43:59.6230",3209,"Brunswick St",40.7241765,-74.0506564,3186,"Grove St PATH",40.71958611647166,-74.04311746358871,29221,"Subscriber",1980,1
202,"2018-12-26 12:55:41.3130","2018-12-26 12:59:03.3660",3209,"Brunswick St",40.7241765,-74.0506564,3186,"Grove St PATH",40.71958611647166,-74.04311746358871,29445,"Subscriber",1989,1
540,"2018-12-27 08:10:23.6340","2018-12-27 08:19:23.7930",3209,"Brunswick St",40.7241765,-74.0506564,3202,"Newport PATH",40.7272235,-74.0337589,29616,"Subscriber",1986,1
212,"2018-12-27 08:52:21.4640","2018-12-27 08:55:53.4930",3209,"Brunswick St",40.7241765,-74.0506564,3186,"Grove St PATH",40.71958611647166,-74.04311746358871,26278,"Subscriber",1981,1
245,"2018-12-27 09:09:12.8630","2018-12-27 09:13:18.6800",3209,"Brunswick St",40.7241765,-74.0506564,3186,"Grove St PATH",40.71958611647166,-74.04311746358871,29290,"Subscriber",1980,2
267,"2018-12-27 09:34:43.1350","2018-12-27 09:39:10.9120",3209,"Brunswick St",40.7241765,-74.0506564,3275,"Columbus Drive",40.71835519823214,-74.03891444206238,29575,"Subscriber",1980,1
420,"2018-12-27 09:54:03.4760","2018-12-27 10:01:04.0890",3209,"Brunswick St",40.7241765,-74.0506564,3681,"Grand St",40.71517767732029,-74.03768330812454,26186,"Subscriber",1982,1
174,"2018-12-27 11:55:12.7530","2018-12-27 11:58:07.5450",3209,"Brunswick St",40.7241765,-74.0506564,3211,"Newark Ave",40.72152515,-74.046304543,29516,"Subscriber",1993,1
257,"2018-12-27 11:55:38.5550","2018-12-27 11:59:56.1990",3209,"Brunswick St",40.7241765,-74.0506564,3186,"Grove St PATH",40.71958611647166,-74.04311746358871,29503,"Subscriber",1970,2
634,"2018-12-27 12:49:39.5500","2018-12-27 13:00:14.0790",3209,"Brunswick St",40.7241765,-74.0506564,3276,"Marin Light Rail",40.71458403535893,-74.04281705617905,29629,"Subscriber",1987,1
320,"2018-12-27 13:00:10.1030","2018-12-27 13:05:30.8420",3209,"Brunswick St",40.7241765,-74.0506564,3186,"Grove St PATH",40.71958611647166,-74.04311746358871,29276,"Subscriber",1979,2
347,"2018-12-27 13:03:29.0200","2018-12-27 13:09:16.6850",3209,"Brunswick St",40.7241765,-74.0506564,3185,"City Hall",40.7177325,-74.043845,29655,"Subscriber",1986,1
567,"2018-12-27 14:26:59.3350","2018-12-27 14:36:26.6840",3209,"Brunswick St",40.7241765,-74.0506564,3275,"Columbus Drive",40.71835519823214,-74.03891444206238,26279,"Subscriber",1966,1
314,"2018-12-27 18:38:43.2810","2018-12-27 18:43:57.9270",3209,"Brunswick St",40.7241765,-74.0506564,3186,"Grove St PATH",40.71958611647166,-74.04311746358871,29608,"Subscriber",1986,1
192,"2018-12-27 18:44:01.7440","2018-12-27 18:47:14.1850",3209,"Brunswick St",40.7241765,-74.0506564,3273,"Manila & 1st",40.721650724879986,-74.04288411140442,26272,"Subscriber",1989,1
320,"2018-12-27 19:21:42.9160","2018-12-27 19:27:03.5720",3209,"Brunswick St",40.7241765,-74.0506564,3186,"Grove St PATH",40.71958611647166,-74.04311746358871,29597,"Subscriber",1986,1
408,"2018-12-27 22:51:53.5150","2018-12-27 22:58:42.0930",3209,"Brunswick St",40.7241765,-74.0506564,3225,"Baldwin at Montgomery",40.7236589,-74.0641943,26247,"Subscriber",1976,0
122,"2018-12-28 09:13:31.1600","2018-12-28 09:15:33.7860",3209,"Brunswick St",40.7241765,-74.0506564,3272,"Jersey & 3rd",40.72333158646436,-74.04595255851744,26272,"Subscriber",1993,1
1082,"2018-12-28 11:58:33.1930","2018-12-28 12:16:35.4740",3209,"Brunswick St",40.7241765,-74.0506564,3209,"Brunswick St",40.7241765,-74.0506564,29652,"Subscriber",1984,1
125,"2018-12-28 16:53:57.9560","2018-12-28 16:56:03.1890",3209,"Brunswick St",40.7241765,-74.0506564,3272,"Jersey & 3rd",40.72333158646436,-74.04595255851744,29652,"Subscriber",1993,1
195,"2018-12-28 17:44:45.3620","2018-12-28 17:48:00.4830",3209,"Brunswick St",40.7241765,-74.0506564,3211,"Newark Ave",40.72152515,-74.046304543,29616,"Subscriber",1993,1
235,"2018-12-28 18:58:30.3560","2018-12-28 19:02:25.3670",3209,"Brunswick St",40.7241765,-74.0506564,3211,"Newark Ave",40.72152515,-74.046304543,26188,"Subscriber",1984,1
219,"2018-12-28 19:08:05.4940","2018-12-28 19:11:44.5990",3209,"Brunswick St",40.7241765,-74.0506564,3211,"Newark Ave",40.72152515,-74.046304543,26221,"Subscriber",1993,1
235,"2018-12-28 22:05:08.7720","2018-12-28 22:09:04.1660",3209,"Brunswick St",40.7241765,-74.0506564,3211,"Newark Ave",40.72152515,-74.046304543,29120,"Subscriber",1984,1
455,"2018-12-29 09:26:36.9150","2018-12-29 09:34:12.0880",3209,"Brunswick St",40.7241765,-74.0506564,3638,"Washington St",40.7242941,-74.0354826,29273,"Subscriber",1991,2
158,"2018-12-29 10:01:23.5110","2018-12-29 10:04:02.2860",3209,"Brunswick St",40.7241765,-74.0506564,3211,"Newark Ave",40.72152515,-74.046304543,26271,"Subscriber",1991,2
221,"2018-12-29 11:42:07.8630","2018-12-29 11:45:49.0680",3209,"Brunswick St",40.7241765,-74.0506564,3186,"Grove St PATH",40.71958611647166,-74.04311746358871,29645,"Subscriber",1970,1
172,"2018-12-29 12:12:04.3200","2018-12-29 12:14:56.4270",3209,"Brunswick St",40.7241765,-74.0506564,3211,"Newark Ave",40.72152515,-74.046304543,29602,"Subscriber",1993,1
181,"2018-12-29 12:19:49.0070","2018-12-29 12:22:50.2340",3209,"Brunswick St",40.7241765,-74.0506564,3186,"Grove St PATH",40.71958611647166,-74.04311746358871,29306,"Subscriber",1980,1
199,"2018-12-29 12:37:42.6100","2018-12-29 12:41:02.2600",3209,"Brunswick St",40.7241765,-74.0506564,3186,"Grove St PATH",40.71958611647166,-74.04311746358871,29665,"Subscriber",1984,1
416,"2018-12-29 13:34:02.9140","2018-12-29 13:40:58.9980",3209,"Brunswick St",40.7241765,-74.0506564,3187,"Warren St",40.7211236,-74.03805095,29204,"Subscriber",1966,1
136,"2018-12-29 13:42:24.8080","2018-12-29 13:44:40.8840",3209,"Brunswick St",40.7241765,-74.0506564,3272,"Jersey & 3rd",40.72333158646436,-74.04595255851744,29504,"Subscriber",1986,1
2310,"2018-12-29 14:34:41.7730","2018-12-29 15:13:12.1950",3209,"Brunswick St",40.7241765,-74.0506564,3203,"Hamilton Park",40.727595966,-74.044247311,29573,"Subscriber",1961,2
187,"2018-12-29 15:59:14.0620","2018-12-29 16:02:22.0340",3209,"Brunswick St",40.7241765,-74.0506564,3186,"Grove St PATH",40.71958611647166,-74.04311746358871,29645,"Subscriber",1982,1
395,"2018-12-29 16:32:48.2310","2018-12-29 16:39:23.2900",3209,"Brunswick St",40.7241765,-74.0506564,3186,"Grove St PATH",40.71958611647166,-74.04311746358871,26244,"Subscriber",1986,1
105,"2018-12-29 16:36:04.8540","2018-12-29 16:37:50.1900",3209,"Brunswick St",40.7241765,-74.0506564,3269,"Brunswick & 6th",40.72601172964625,-74.05038893222809,26202,"Subscriber",1982,2
64,"2018-12-29 16:40:55.5470","2018-12-29 16:42:00.5320",3209,"Brunswick St",40.7241765,-74.0506564,3269,"Brunswick & 6th",40.72601172964625,-74.05038893222809,29597,"Subscriber",1982,2
70,"2018-12-29 16:45:14.9660","2018-12-29 16:46:25.2650",3209,"Brunswick St",40.7241765,-74.0506564,3269,"Brunswick & 6th",40.72601172964625,-74.05038893222809,29569,"Subscriber",1982,2
557,"2018-12-29 16:56:58.3530","2018-12-29 17:06:16.1060",3209,"Brunswick St",40.7241765,-74.0506564,3279,"Dixon Mills",40.721630142638354,-74.04996782541275,29495,"Subscriber",1982,2
108,"2018-12-29 16:57:37.4270","2018-12-29 16:59:26.2400",3209,"Brunswick St",40.7241765,-74.0506564,3272,"Jersey & 3rd",40.72333158646436,-74.04595255851744,29472,"Subscriber",1993,1
429,"2018-12-29 17:18:00.2080","2018-12-29 17:25:09.8460",3209,"Brunswick St",40.7241765,-74.0506564,3185,"City Hall",40.7177325,-74.043845,29502,"Subscriber",1989,2
309,"2018-12-29 18:04:23.4460","2018-12-29 18:09:32.7600",3209,"Brunswick St",40.7241765,-74.0506564,3185,"City Hall",40.7177325,-74.043845,29448,"Subscriber",1984,1
277,"2018-12-29 18:43:05.0830","2018-12-29 18:47:42.4500",3209,"Brunswick St",40.7241765,-74.0506564,3211,"Newark Ave",40.72152515,-74.046304543,26291,"Subscriber",1984,1
262,"2018-12-29 23:27:20.2720","2018-12-29 23:31:43.1630",3209,"Brunswick St",40.7241765,-74.0506564,3273,"Manila & 1st",40.721650724879986,-74.04288411140442,29455,"Subscriber",1989,1
237,"2018-12-29 23:27:42.7750","2018-12-29 23:31:40.6910",3209,"Brunswick St",40.7241765,-74.0506564,3273,"Manila & 1st",40.721650724879986,-74.04288411140442,29569,"Subscriber",1989,1
302,"2018-12-30 00:08:20.4020","2018-12-30 00:13:22.6280",3209,"Brunswick St",40.7241765,-74.0506564,3186,"Grove St PATH",40.71958611647166,-74.04311746358871,29610,"Subscriber",1984,1
155,"2018-12-30 08:47:44.2240","2018-12-30 08:50:19.9330",3209,"Brunswick St",40.7241765,-74.0506564,3483,"Montgomery St",40.71942,-74.05099,26275,"Subscriber",1987,1
311,"2018-12-30 09:48:03.3680","2018-12-30 09:53:14.5320",3209,"Brunswick St",40.7241765,-74.0506564,3203,"Hamilton Park",40.727595966,-74.044247311,29500,"Subscriber",1979,2
556,"2018-12-30 11:19:35.0960","2018-12-30 11:28:51.2950",3209,"Brunswick St",40.7241765,-74.0506564,3211,"Newark Ave",40.72152515,-74.046304543,29610,"Subscriber",1972,2
214,"2018-12-30 13:33:00.8210","2018-12-30 13:36:35.5150",3209,"Brunswick St",40.7241765,-74.0506564,3483,"Montgomery St",40.71942,-74.05099,29645,"Subscriber",1987,1
243,"2018-12-30 14:16:22.3720","2018-12-30 14:20:25.9330",3209,"Brunswick St",40.7241765,-74.0506564,3186,"Grove St PATH",40.71958611647166,-74.04311746358871,29517,"Subscriber",1984,1
241,"2018-12-30 14:29:51.0710","2018-12-30 14:33:52.9950",3209,"Brunswick St",40.7241765,-74.0506564,3186,"Grove St PATH",40.71958611647166,-74.04311746358871,26163,"Subscriber",1968,2
145,"2018-12-30 14:39:15.4760","2018-12-30 14:41:40.7510",3209,"Brunswick St",40.7241765,-74.0506564,3211,"Newark Ave",40.72152515,-74.046304543,29252,"Subscriber",1986,1
222,"2018-12-30 15:49:31.5510","2018-12-30 15:53:14.0880",3209,"Brunswick St",40.7241765,-74.0506564,3211,"Newark Ave",40.72152515,-74.046304543,29575,"Subscriber",1966,1
172,"2018-12-30 17:39:49.7580","2018-12-30 17:42:42.1240",3209,"Brunswick St",40.7241765,-74.0506564,3211,"Newark Ave",40.72152515,-74.046304543,26257,"Subscriber",1986,1
119,"2018-12-30 19:47:56.6990","2018-12-30 19:49:56.1790",3209,"Brunswick St",40.7241765,-74.0506564,3272,"Jersey & 3rd",40.72333158646436,-74.04595255851744,29517,"Subscriber",1984,1
367,"2018-12-31 06:37:02.0880","2018-12-31 06:43:09.6890",3209,"Brunswick St",40.7241765,-74.0506564,3187,"Warren St",40.7211236,-74.03805095,26192,"Subscriber",1984,2
214,"2018-12-31 08:22:48.5210","2018-12-31 08:26:22.6730",3209,"Brunswick St",40.7241765,-74.0506564,3186,"Grove St PATH",40.71958611647166,-74.04311746358871,29636,"Subscriber",1969,0
277,"2018-12-31 09:40:24.2430","2018-12-31 09:45:01.8880",3209,"Brunswick St",40.7241765,-74.0506564,3186,"Grove St PATH",40.71958611647166,-74.04311746358871,29245,"Subscriber",1980,2
205,"2018-12-31 11:18:24.6340","2018-12-31 11:21:50.4430",3209,"Brunswick St",40.7241765,-74.0506564,3186,"Grove St PATH",40.71958611647166,-74.04311746358871,29461,"Subscriber",1984,1
230,"2018-12-31 11:36:31.1430","2018-12-31 11:40:21.1930",3209,"Brunswick St",40.7241765,-74.0506564,3186,"Grove St PATH",40.71958611647166,-74.04311746358871,29267,"Subscriber",1980,1
165,"2018-12-31 12:00:02.8840","2018-12-31 12:02:48.7280",3209,"Brunswick St",40.7241765,-74.0506564,3272,"Jersey & 3rd",40.72333158646436,-74.04595255851744,29125,"Subscriber",1993,1
317,"2018-12-31 12:33:40.9530","2018-12-31 12:38:57.9900",3209,"Brunswick St",40.7241765,-74.0506564,3187,"Warren St",40.7211236,-74.03805095,29230,"Subscriber",1968,2
471,"2018-12-31 14:58:15.9850","2018-12-31 15:06:07.7600",3209,"Brunswick St",40.7241765,-74.0506564,3279,"Dixon Mills",40.721630142638354,-74.04996782541275,26297,"Subscriber",1990,1
404,"2018-12-31 15:43:15.8940","2018-12-31 15:50:00.4110",3209,"Brunswick St",40.7241765,-74.0506564,3187,"Warren St",40.7211236,-74.03805095,29201,"Subscriber",1979,1
435,"2018-12-01 09:28:35.7490","2018-12-01 09:35:50.8740",3210,"Pershing Field",40.742677141,-74.051788633,3195,"Sip Ave",40.73074262530658,-74.06378388404846,26292,"Subscriber",1978,1
497,"2018-12-01 10:55:53.7350","2018-12-01 11:04:11.3960",3210,"Pershing Field",40.742677141,-74.051788633,3195,"Sip Ave",40.73074262530658,-74.06378388404846,29555,"Subscriber",1995,2
601,"2018-12-01 11:03:09.4180","2018-12-01 11:13:11.2910",3210,"Pershing Field",40.742677141,-74.051788633,3195,"Sip Ave",40.73074262530658,-74.06378388404846,29554,"Subscriber",1964,2
1095,"2018-12-01 13:25:22.4650","2018-12-01 13:43:37.4990",3210,"Pershing Field",40.742677141,-74.051788633,3183,"Exchange Place",40.7162469,-74.0334588,29516,"Subscriber",1991,1
1061,"2018-12-01 15:29:51.1690","2018-12-01 15:47:32.7520",3210,"Pershing Field",40.742677141,-74.051788633,3638,"Washington St",40.7242941,-74.0354826,29297,"Subscriber",1977,1
714,"2018-12-01 15:39:58.0590","2018-12-01 15:51:52.1200",3210,"Pershing Field",40.742677141,-74.051788633,3210,"Pershing Field",40.742677141,-74.051788633,26311,"Subscriber",1987,1
665,"2018-12-01 16:23:29.1930","2018-12-01 16:34:34.7150",3210,"Pershing Field",40.742677141,-74.051788633,3195,"Sip Ave",40.73074262530658,-74.06378388404846,29674,"Subscriber",1988,1
739,"2018-12-01 21:02:51.6970","2018-12-01 21:15:11.6910",3210,"Pershing Field",40.742677141,-74.051788633,3195,"Sip Ave",40.73074262530658,-74.06378388404846,29587,"Subscriber",1988,1
926,"2018-12-02 12:14:02.0550","2018-12-02 12:29:28.7800",3210,"Pershing Field",40.742677141,-74.051788633,3211,"Newark Ave",40.72152515,-74.046304543,29527,"Subscriber",1964,2
644,"2018-12-02 13:42:35.1430","2018-12-02 13:53:19.4570",3210,"Pershing Field",40.742677141,-74.051788633,3199,"Newport Pkwy",40.7287448,-74.0321082,29524,"Subscriber",1990,1
1281,"2018-12-02 15:16:54.3700","2018-12-02 15:38:15.5110",3210,"Pershing Field",40.742677141,-74.051788633,3640,"Journal Square",40.73367,-74.0625,29267,"Subscriber",1980,1
1253,"2018-12-02 17:37:32.3280","2018-12-02 17:58:25.7280",3210,"Pershing Field",40.742677141,-74.051788633,3280,"Astor Place",40.71928220070702,-74.07126188278198,29474,"Subscriber",1953,2
705,"2018-12-02 18:50:21.1990","2018-12-02 19:02:06.9220",3210,"Pershing Field",40.742677141,-74.051788633,3199,"Newport Pkwy",40.7287448,-74.0321082,29592,"Subscriber",1985,1
693,"2018-12-02 19:08:53.8460","2018-12-02 19:20:27.0680",3210,"Pershing Field",40.742677141,-74.051788633,3640,"Journal Square",40.73367,-74.0625,26203,"Subscriber",1969,1
547,"2018-12-02 21:19:04.6470","2018-12-02 21:28:11.6580",3210,"Pershing Field",40.742677141,-74.051788633,3195,"Sip Ave",40.73074262530658,-74.06378388404846,29219,"Subscriber",1988,1
724,"2018-12-02 21:34:52.7000","2018-12-02 21:46:56.7090",3210,"Pershing Field",40.742677141,-74.051788633,3211,"Newark Ave",40.72152515,-74.046304543,29607,"Customer",1999,1
448,"2018-12-02 21:59:03.0340","2018-12-02 22:06:31.1770",3210,"Pershing Field",40.742677141,-74.051788633,3198,"Heights Elevator",40.748715945380226,-74.04044330120087,29527,"Subscriber",1985,1
832,"2018-12-03 06:51:25.2680","2018-12-03 07:05:17.8030",3210,"Pershing Field",40.742677141,-74.051788633,3186,"Grove St PATH",40.71958611647166,-74.04311746358871,29204,"Subscriber",1975,1
376,"2018-12-03 08:30:24.2660","2018-12-03 08:36:40.5990",3210,"Pershing Field",40.742677141,-74.051788633,3640,"Journal Square",40.73367,-74.0625,29264,"Subscriber",1977,1
395,"2018-12-03 09:38:02.5590","2018-12-03 09:44:38.3810",3210,"Pershing Field",40.742677141,-74.051788633,3640,"Journal Square",40.73367,-74.0625,29261,"Subscriber",1987,1
523,"2018-12-03 16:10:26.4950","2018-12-03 16:19:10.1350",3210,"Pershing Field",40.742677141,-74.051788633,3195,"Sip Ave",40.73074262530658,-74.06378388404846,26170,"Subscriber",1995,2
243,"2018-12-03 18:10:34.0070","2018-12-03 18:14:37.6000",3210,"Pershing Field",40.742677141,-74.051788633,3196,"Riverview Park",40.7443187,-74.0439909,29267,"Subscriber",1963,1
1911,"2018-12-03 19:19:20.8780","2018-12-03 19:51:12.6680",3210,"Pershing Field",40.742677141,-74.051788633,3281,"Leonard Gordon Park",40.74590996631558,-74.0572714805603,29669,"Subscriber",1976,1
598,"2018-12-03 21:00:27.3630","2018-12-03 21:10:26.1250",3210,"Pershing Field",40.742677141,-74.051788633,3195,"Sip Ave",40.73074262530658,-74.06378388404846,26258,"Subscriber",1988,1
203,"2018-12-04 04:39:17.8560","2018-12-04 04:42:41.6320",3210,"Pershing Field",40.742677141,-74.051788633,3281,"Leonard Gordon Park",40.74590996631558,-74.0572714805603,29222,"Subscriber",1989,1
481,"2018-12-04 06:10:12.7010","2018-12-04 06:18:13.7390",3210,"Pershing Field",40.742677141,-74.051788633,3195,"Sip Ave",40.73074262530658,-74.06378388404846,29676,"Subscriber",1991,1
364,"2018-12-04 06:27:38.3990","2018-12-04 06:33:42.4640",3210,"Pershing Field",40.742677141,-74.051788633,3195,"Sip Ave",40.73074262530658,-74.06378388404846,26266,"Subscriber",1979,1
389,"2018-12-04 06:40:07.3030","2018-12-04 06:46:36.9340",3210,"Pershing Field",40.742677141,-74.051788633,3220,"5 Corners Library",40.734961020009514,-74.0595030784607,29443,"Subscriber",1983,1
657,"2018-12-04 07:54:14.1240","2018-12-04 08:05:11.5680",3210,"Pershing Field",40.742677141,-74.051788633,3202,"Newport PATH",40.7272235,-74.0337589,29439,"Customer",1995,2
309,"2018-12-04 07:58:06.9450","2018-12-04 08:03:16.6980",3210,"Pershing Field",40.742677141,-74.051788633,3640,"Journal Square",40.73367,-74.0625,29199,"Subscriber",1989,1
477,"2018-12-04 08:12:38.8540","2018-12-04 08:20:36.8110",3210,"Pershing Field",40.742677141,-74.051788633,3640,"Journal Square",40.73367,-74.0625,29255,"Subscriber",1987,2
393,"2018-12-04 08:15:26.3840","2018-12-04 08:22:00.3250",3210,"Pershing Field",40.742677141,-74.051788633,3640,"Journal Square",40.73367,-74.0625,26172,"Subscriber",1985,1
354,"2018-12-04 09:56:35.3130","2018-12-04 10:02:30.0720",3210,"Pershing Field",40.742677141,-74.051788633,3640,"Journal Square",40.73367,-74.0625,29569,"Subscriber",1987,1
122,"2018-12-04 10:55:54.6540","2018-12-04 10:57:57.3270",3210,"Pershing Field",40.742677141,-74.051788633,3210,"Pershing Field",40.742677141,-74.051788633,29644,"Subscriber",1995,2
467,"2018-12-04 10:58:31.9090","2018-12-04 11:06:19.8950",3210,"Pershing Field",40.742677141,-74.051788633,3195,"Sip Ave",40.73074262530658,-74.06378388404846,29201,"Subscriber",1995,2
590,"2018-12-04 11:27:23.4360","2018-12-04 11:37:13.5670",3210,"Pershing Field",40.742677141,-74.051788633,3640,"Journal Square",40.73367,-74.0625,29276,"Subscriber",1974,2
438,"2018-12-04 12:37:27.2030","2018-12-04 12:44:45.6990",3210,"Pershing Field",40.742677141,-74.051788633,3195,"Sip Ave",40.73074262530658,-74.06378388404846,29208,"Subscriber",1969,1
571,"2018-12-04 17:40:20.7640","2018-12-04 17:49:51.8070",3210,"Pershing Field",40.742677141,-74.051788633,3195,"Sip Ave",40.73074262530658,-74.06378388404846,29290,"Subscriber",1988,1
243,"2018-12-04 18:29:50.1890","2018-12-04 18:33:53.9480",3210,"Pershing Field",40.742677141,-74.051788633,3281,"Leonard Gordon Park",40.74590996631558,-74.0572714805603,26234,"Subscriber",1976,1
1098,"2018-12-04 19:28:15.9850","2018-12-04 19:46:34.9350",3210,"Pershing Field",40.742677141,-74.051788633,3281,"Leonard Gordon Park",40.74590996631558,-74.0572714805603,29276,"Subscriber",1976,1
502,"2018-12-04 21:47:20.9980","2018-12-04 21:55:43.7800",3210,"Pershing Field",40.742677141,-74.051788633,3195,"Sip Ave",40.73074262530658,-74.06378388404846,26204,"Subscriber",1988,1
383,"2018-12-05 06:10:54.2470","2018-12-05 06:17:17.5810",3210,"Pershing Field",40.742677141,-74.051788633,3195,"Sip Ave",40.73074262530658,-74.06378388404846,29682,"Subscriber",1979,1
361,"2018-12-05 07:51:28.4590","2018-12-05 07:57:30.2310",3210,"Pershing Field",40.742677141,-74.051788633,3640,"Journal Square",40.73367,-74.0625,29199,"Subscriber",1989,1
427,"2018-12-05 08:13:05.2940","2018-12-05 08:20:12.3420",3210,"Pershing Field",40.742677141,-74.051788633,3640,"Journal Square",40.73367,-74.0625,29255,"Subscriber",1977,1
652,"2018-12-05 08:33:06.1460","2018-12-05 08:43:58.5390",3210,"Pershing Field",40.742677141,-74.051788633,3203,"Hamilton Park",40.727595966,-74.044247311,29489,"Subscriber",1983,1
421,"2018-12-05 08:59:33.0680","2018-12-05 09:06:34.5220",3210,"Pershing Field",40.742677141,-74.051788633,3640,"Journal Square",40.73367,-74.0625,26300,"Subscriber",1985,1
391,"2018-12-05 09:01:37.8910","2018-12-05 09:08:09.5540",3210,"Pershing Field",40.742677141,-74.051788633,3640,"Journal Square",40.73367,-74.0625,29251,"Subscriber",1986,1
1055,"2018-12-05 09:23:03.7060","2018-12-05 09:40:38.8380",3210,"Pershing Field",40.742677141,-74.051788633,3183,"Exchange Place",40.7162469,-74.0334588,26172,"Subscriber",1979,1
4788,"2018-12-05 09:45:34.1620","2018-12-05 11:05:22.9790",3210,"Pershing Field",40.742677141,-74.051788633,3195,"Sip Ave",40.73074262530658,-74.06378388404846,29676,"Customer",1969,0
780,"2018-12-05 09:50:35.6080","2018-12-05 10:03:36.5780",3210,"Pershing Field",40.742677141,-74.051788633,3195,"Sip Ave",40.73074262530658,-74.06378388404846,26210,"Subscriber",1987,1
491,"2018-12-05 11:04:28.3830","2018-12-05 11:12:39.7520",3210,"Pershing Field",40.742677141,-74.051788633,3195,"Sip Ave",40.73074262530658,-74.06378388404846,29553,"Subscriber",1995,2
558,"2018-12-05 11:29:13.8470","2018-12-05 11:38:32.6330",3210,"Pershing Field",40.742677141,-74.051788633,3198,"Heights Elevator",40.748715945380226,-74.04044330120087,29545,"Subscriber",1994,1
626,"2018-12-05 19:02:54.2000","2018-12-05 19:13:20.5610",3210,"Pershing Field",40.742677141,-74.051788633,3186,"Grove St PATH",40.71958611647166,-74.04311746358871,29642,"Subscriber",1990,1
1667,"2018-12-05 19:23:10.3750","2018-12-05 19:50:58.2650",3210,"Pershing Field",40.742677141,-74.051788633,3281,"Leonard Gordon Park",40.74590996631558,-74.0572714805603,29523,"Subscriber",1976,1
392,"2018-12-05 21:41:14.2320","2018-12-05 21:47:46.7340",3210,"Pershing Field",40.742677141,-74.051788633,3220,"5 Corners Library",40.734961020009514,-74.0595030784607,29222,"Subscriber",1988,1
407,"2018-12-06 06:26:08.2580","2018-12-06 06:32:55.8130",3210,"Pershing Field",40.742677141,-74.051788633,3195,"Sip Ave",40.73074262530658,-74.06378388404846,26300,"Subscriber",1979,1
533,"2018-12-06 06:48:41.0740","2018-12-06 06:57:34.3390",3210,"Pershing Field",40.742677141,-74.051788633,3278,"Monmouth and 6th",40.72568548362901,-74.04879033565521,29474,"Subscriber",1981,1
358,"2018-12-06 07:51:37.2240","2018-12-06 07:57:36.2030",3210,"Pershing Field",40.742677141,-74.051788633,3640,"Journal Square",40.73367,-74.0625,29299,"Subscriber",1989,1
479,"2018-12-06 08:22:00.9400","2018-12-06 08:29:59.9820",3210,"Pershing Field",40.742677141,-74.051788633,3640,"Journal Square",40.73367,-74.0625,26268,"Subscriber",1977,1
363,"2018-12-06 08:22:40.4190","2018-12-06 08:28:43.8760",3210,"Pershing Field",40.742677141,-74.051788633,3640,"Journal Square",40.73367,-74.0625,29252,"Subscriber",1986,1
363,"2018-12-06 08:23:29.4860","2018-12-06 08:29:33.4750",3210,"Pershing Field",40.742677141,-74.051788633,3640,"Journal Square",40.73367,-74.0625,26166,"Subscriber",1994,1
429,"2018-12-06 08:34:51.4580","2018-12-06 08:42:01.4120",3210,"Pershing Field",40.742677141,-74.051788633,3640,"Journal Square",40.73367,-74.0625,29254,"Subscriber",1985,1
844,"2018-12-06 08:37:55.1990","2018-12-06 08:52:00.1650",3210,"Pershing Field",40.742677141,-74.051788633,3275,"Columbus Drive",40.71835519823214,-74.03891444206238,29619,"Subscriber",1983,1
523,"2018-12-06 08:48:18.2160","2018-12-06 08:57:02.0930",3210,"Pershing Field",40.742677141,-74.051788633,3640,"Journal Square",40.73367,-74.0625,29222,"Subscriber",1990,1
628,"2018-12-06 08:49:37.4470","2018-12-06 09:00:06.1980",3210,"Pershing Field",40.742677141,-74.051788633,3640,"Journal Square",40.73367,-74.0625,29553,"Subscriber",1990,1
1288,"2018-12-06 08:51:52.7470","2018-12-06 09:13:21.5510",3210,"Pershing Field",40.742677141,-74.051788633,3183,"Exchange Place",40.7162469,-74.0334588,26208,"Subscriber",1979,1
392,"2018-12-06 10:45:15.8120","2018-12-06 10:51:48.0670",3210,"Pershing Field",40.742677141,-74.051788633,3206,"Hilltop",40.7311689,-74.0575736,29227,"Subscriber",1995,2
340,"2018-12-06 14:02:23.0430","2018-12-06 14:08:03.8220",3210,"Pershing Field",40.742677141,-74.051788633,3212,"Christ Hospital",40.734785818,-74.050443636,29602,"Subscriber",1985,1
351,"2018-12-06 17:51:03.4870","2018-12-06 17:56:55.4190",3210,"Pershing Field",40.742677141,-74.051788633,3220,"5 Corners Library",40.734961020009514,-74.0595030784607,29286,"Subscriber",1988,1
331,"2018-12-07 04:31:07.9760","2018-12-07 04:36:39.6420",3210,"Pershing Field",40.742677141,-74.051788633,3198,"Heights Elevator",40.748715945380226,-74.04044330120087,29661,"Subscriber",1994,2
347,"2018-12-07 04:31:24.6970","2018-12-07 04:37:12.0320",3210,"Pershing Field",40.742677141,-74.051788633,3281,"Leonard Gordon Park",40.74590996631558,-74.0572714805603,29582,"Subscriber",1989,1
396,"2018-12-07 07:27:47.5240","2018-12-07 07:34:24.2750",3210,"Pershing Field",40.742677141,-74.051788633,3195,"Sip Ave",40.73074262530658,-74.06378388404846,29580,"Subscriber",1979,1
367,"2018-12-07 07:41:57.9210","2018-12-07 07:48:05.2570",3210,"Pershing Field",40.742677141,-74.051788633,3640,"Journal Square",40.73367,-74.0625,26190,"Subscriber",1954,1
324,"2018-12-07 07:53:32.0050","2018-12-07 07:58:56.6460",3210,"Pershing Field",40.742677141,-74.051788633,3640,"Journal Square",40.73367,-74.0625,26268,"Subscriber",1989,1
502,"2018-12-07 08:15:55.1960","2018-12-07 08:24:17.8800",3210,"Pershing Field",40.742677141,-74.051788633,3640,"Journal Square",40.73367,-74.0625,26193,"Subscriber",1987,2
537,"2018-12-07 08:23:26.5990","2018-12-07 08:32:23.6710",3210,"Pershing Field",40.742677141,-74.051788633,3640,"Journal Square",40.73367,-74.0625,29664,"Subscriber",1986,1
381,"2018-12-07 08:42:05.4800","2018-12-07 08:48:26.9830",3210,"Pershing Field",40.742677141,-74.051788633,3640,"Journal Square",40.73367,-74.0625,29643,"Subscriber",1985,1
357,"2018-12-07 09:51:53.7180","2018-12-07 09:57:51.3900",3210,"Pershing Field",40.742677141,-74.051788633,3640,"Journal Square",40.73367,-74.0625,26223,"Subscriber",1987,1
652,"2018-12-07 09:54:39.9530","2018-12-07 10:05:32.7160",3210,"Pershing Field",40.742677141,-74.051788633,3483,"Montgomery St",40.71942,-74.05099,29675,"Subscriber",1995,1
584,"2018-12-07 12:05:02.9770","2018-12-07 12:14:47.0100",3210,"Pershing Field",40.742677141,-74.051788633,3195,"Sip Ave",40.73074262530658,-74.06378388404846,29508,"Subscriber",1995,2
539,"2018-12-07 13:14:02.9920","2018-12-07 13:23:02.5000",3210,"Pershing Field",40.742677141,-74.051788633,3195,"Sip Ave",40.73074262530658,-74.06378388404846,29509,"Subscriber",1988,1
587,"2018-12-07 15:11:12.0820","2018-12-07 15:20:59.7280",3210,"Pershing Field",40.742677141,-74.051788633,3198,"Heights Elevator",40.748715945380226,-74.04044330120087,29669,"Subscriber",1994,2
375,"2018-12-07 19:04:21.6500","2018-12-07 19:10:37.3870",3210,"Pershing Field",40.742677141,-74.051788633,3212,"Christ Hospital",40.734785818,-74.050443636,29550,"Subscriber",1992,1
1677,"2018-12-07 19:06:19.4720","2018-12-07 19:34:17.0270",3210,"Pershing Field",40.742677141,-74.051788633,3210,"Pershing Field",40.742677141,-74.051788633,26193,"Subscriber",1976,1
644,"2018-12-07 19:39:35.4130","2018-12-07 19:50:19.5170",3210,"Pershing Field",40.742677141,-74.051788633,3281,"Leonard Gordon Park",40.74590996631558,-74.0572714805603,26193,"Subscriber",1976,1
2383,"2018-12-08 08:05:27.0150","2018-12-08 08:45:10.2940",3210,"Pershing Field",40.742677141,-74.051788633,3199,"Newport Pkwy",40.7287448,-74.0321082,29281,"Subscriber",1969,0
758,"2018-12-08 09:10:54.3050","2018-12-08 09:23:32.8860",3210,"Pershing Field",40.742677141,-74.051788633,3186,"Grove St PATH",40.71958611647166,-74.04311746358871,26266,"Subscriber",1979,2
575,"2018-12-08 10:51:33.0840","2018-12-08 11:01:09.0760",3210,"Pershing Field",40.742677141,-74.051788633,3195,"Sip Ave",40.73074262530658,-74.06378388404846,29303,"Subscriber",1983,1
536,"2018-12-08 10:56:12.7740","2018-12-08 11:05:08.9400",3210,"Pershing Field",40.742677141,-74.051788633,3195,"Sip Ave",40.73074262530658,-74.06378388404846,29441,"Subscriber",1995,2
517,"2018-12-08 13:42:35.8230","2018-12-08 13:51:13.8080",3210,"Pershing Field",40.742677141,-74.051788633,3195,"Sip Ave",40.73074262530658,-74.06378388404846,29486,"Subscriber",1976,1
553,"2018-12-08 14:46:32.5950","2018-12-08 14:55:45.7440",3210,"Pershing Field",40.742677141,-74.051788633,3269,"Brunswick & 6th",40.72601172964625,-74.05038893222809,29301,"Subscriber",1988,1
1157,"2018-12-08 19:04:49.1810","2018-12-08 19:24:06.6960",3210,"Pershing Field",40.742677141,-74.051788633,3280,"Astor Place",40.71928220070702,-74.07126188278198,33744,"Subscriber",1953,2
428,"2018-12-08 19:23:04.7920","2018-12-08 19:30:12.9090",3210,"Pershing Field",40.742677141,-74.051788633,3220,"5 Corners Library",40.734961020009514,-74.0595030784607,26286,"Subscriber",1985,2
322,"2018-12-08 21:40:14.7540","2018-12-08 21:45:37.3590",3210,"Pershing Field",40.742677141,-74.051788633,3220,"5 Corners Library",40.734961020009514,-74.0595030784607,29441,"Subscriber",1988,1
389,"2018-12-09 11:04:19.7380","2018-12-09 11:10:49.6410",3210,"Pershing Field",40.742677141,-74.051788633,3640,"Journal Square",40.73367,-74.0625,29599,"Subscriber",1989,1
426,"2018-12-09 13:24:17.5920","2018-12-09 13:31:23.6910",3210,"Pershing Field",40.742677141,-74.051788633,3198,"Heights Elevator",40.748715945380226,-74.04044330120087,29304,"Subscriber",1984,1
223,"2018-12-09 17:16:29.3430","2018-12-09 17:20:12.8290",3210,"Pershing Field",40.742677141,-74.051788633,3207,"Oakland Ave",40.7376037,-74.0524783,29520,"Subscriber",1988,1
974,"2018-12-09 19:01:17.8470","2018-12-09 19:17:32.8140",3210,"Pershing Field",40.742677141,-74.051788633,3211,"Newark Ave",40.72152515,-74.046304543,26251,"Subscriber",1990,1
424,"2018-12-09 21:41:23.1650","2018-12-09 21:48:27.1720",3210,"Pershing Field",40.742677141,-74.051788633,3220,"5 Corners Library",40.734961020009514,-74.0595030784607,29520,"Subscriber",1988,1
601,"2018-12-10 06:43:17.5960","2018-12-10 06:53:18.9490",3210,"Pershing Field",40.742677141,-74.051788633,3278,"Monmouth and 6th",40.72568548362901,-74.04879033565521,26174,"Subscriber",1981,1
441,"2018-12-10 08:06:10.0630","2018-12-10 08:13:31.7770",3210,"Pershing Field",40.742677141,-74.051788633,3640,"Journal Square",40.73367,-74.0625,29308,"Subscriber",1977,1
348,"2018-12-10 08:14:28.0450","2018-12-10 08:20:16.3020",3210,"Pershing Field",40.742677141,-74.051788633,3220,"5 Corners Library",40.734961020009514,-74.0595030784607,29485,"Subscriber",1987,2
324,"2018-12-10 08:28:02.5780","2018-12-10 08:33:27.1090",3210,"Pershing Field",40.742677141,-74.051788633,3220,"5 Corners Library",40.734961020009514,-74.0595030784607,29520,"Subscriber",1992,1
673,"2018-12-10 08:37:08.8910","2018-12-10 08:48:21.9590",3210,"Pershing Field",40.742677141,-74.051788633,3195,"Sip Ave",40.73074262530658,-74.06378388404846,26245,"Subscriber",1985,1
359,"2018-12-10 10:01:59.0340","2018-12-10 10:07:58.2510",3210,"Pershing Field",40.742677141,-74.051788633,3640,"Journal Square",40.73367,-74.0625,29249,"Subscriber",1987,1
403,"2018-12-10 10:08:18.6220","2018-12-10 10:15:01.8830",3210,"Pershing Field",40.742677141,-74.051788633,3220,"5 Corners Library",40.734961020009514,-74.0595030784607,29198,"Subscriber",1991,1
324,"2018-12-10 12:09:13.7020","2018-12-10 12:14:37.9430",3210,"Pershing Field",40.742677141,-74.051788633,3640,"Journal Square",40.73367,-74.0625,29258,"Subscriber",1986,1
1187,"2018-12-10 12:38:39.9010","2018-12-10 12:58:27.1060",3210,"Pershing Field",40.742677141,-74.051788633,3681,"Grand St",40.71517767732029,-74.03768330812454,29434,"Subscriber",1988,1
570,"2018-12-10 16:30:36.3410","2018-12-10 16:40:07.1580",3210,"Pershing Field",40.742677141,-74.051788633,3195,"Sip Ave",40.73074262530658,-74.06378388404846,26158,"Subscriber",1995,2
759,"2018-12-10 19:27:14.5690","2018-12-10 19:39:54.2660",3210,"Pershing Field",40.742677141,-74.051788633,3679,"Bergen Ave",40.722103786686034,-74.07145500183105,29660,"Subscriber",1985,1
496,"2018-12-10 21:34:56.6330","2018-12-10 21:43:13.5580",3210,"Pershing Field",40.742677141,-74.051788633,3195,"Sip Ave",40.73074262530658,-74.06378388404846,29246,"Subscriber",1988,1
274,"2018-12-11 04:33:08.7150","2018-12-11 04:37:43.0450",3210,"Pershing Field",40.742677141,-74.051788633,3281,"Leonard Gordon Park",40.74590996631558,-74.0572714805603,29646,"Subscriber",1989,1
637,"2018-12-11 06:44:09.3040","2018-12-11 06:54:46.8150",3210,"Pershing Field",40.742677141,-74.051788633,3278,"Monmouth and 6th",40.72568548362901,-74.04879033565521,29282,"Subscriber",1981,1
695,"2018-12-11 07:13:26.0680","2018-12-11 07:25:01.8630",3210,"Pershing Field",40.742677141,-74.051788633,3187,"Warren St",40.7211236,-74.03805095,29308,"Subscriber",1968,1
591,"2018-12-11 07:18:33.4320","2018-12-11 07:28:25.1910",3210,"Pershing Field",40.742677141,-74.051788633,3195,"Sip Ave",40.73074262530658,-74.06378388404846,29569,"Subscriber",1983,1
425,"2018-12-11 07:41:16.7010","2018-12-11 07:48:22.3860",3210,"Pershing Field",40.742677141,-74.051788633,3195,"Sip Ave",40.73074262530658,-74.06378388404846,29271,"Subscriber",1979,1
435,"2018-12-11 08:02:40.8120","2018-12-11 08:09:56.0010",3210,"Pershing Field",40.742677141,-74.051788633,3640,"Journal Square",40.73367,-74.0625,26223,"Subscriber",1977,1
393,"2018-12-11 08:21:21.2340","2018-12-11 08:27:54.8770",3210,"Pershing Field",40.742677141,-74.051788633,3640,"Journal Square",40.73367,-74.0625,29249,"Subscriber",1992,1
764,"2018-12-11 08:32:04.3060","2018-12-11 08:44:48.9870",3210,"Pershing Field",40.742677141,-74.051788633,3640,"Journal Square",40.73367,-74.0625,29198,"Subscriber",1986,1
473,"2018-12-11 08:37:46.8240","2018-12-11 08:45:40.0180",3210,"Pershing Field",40.742677141,-74.051788633,3640,"Journal Square",40.73367,-74.0625,29513,"Subscriber",1985,1
447,"2018-12-11 08:42:07.8990","2018-12-11 08:49:35.6260",3210,"Pershing Field",40.742677141,-74.051788633,3640,"Journal Square",40.73367,-74.0625,29528,"Subscriber",1989,1
554,"2018-12-11 09:05:45.9960","2018-12-11 09:15:00.5370",3210,"Pershing Field",40.742677141,-74.051788633,3220,"5 Corners Library",40.734961020009514,-74.0595030784607,26224,"Subscriber",1990,1
1010,"2018-12-11 09:18:40.6010","2018-12-11 09:35:31.0710",3210,"Pershing Field",40.742677141,-74.051788633,3183,"Exchange Place",40.7162469,-74.0334588,29264,"Subscriber",1979,1
334,"2018-12-11 10:12:19.9940","2018-12-11 10:17:54.9930",3210,"Pershing Field",40.742677141,-74.051788633,3640,"Journal Square",40.73367,-74.0625,29298,"Subscriber",1987,1
486,"2018-12-11 11:12:07.6760","2018-12-11 11:20:14.3730",3210,"Pershing Field",40.742677141,-74.051788633,3195,"Sip Ave",40.73074262530658,-74.06378388404846,29505,"Subscriber",1995,2
1161,"2018-12-11 14:38:11.2200","2018-12-11 14:57:32.8930",3210,"Pershing Field",40.742677141,-74.051788633,3186,"Grove St PATH",40.71958611647166,-74.04311746358871,26205,"Subscriber",1988,1
425,"2018-12-11 16:51:10.8690","2018-12-11 16:58:16.1230",3210,"Pershing Field",40.742677141,-74.051788633,3640,"Journal Square",40.73367,-74.0625,26282,"Subscriber",1970,1
239,"2018-12-11 17:20:28.2000","2018-12-11 17:24:27.3690",3210,"Pershing Field",40.742677141,-74.051788633,3281,"Leonard Gordon Park",40.74590996631558,-74.0572714805603,26282,"Subscriber",1977,1
1041,"2018-12-11 19:29:12.5220","2018-12-11 19:46:34.4590",3210,"Pershing Field",40.742677141,-74.051788633,3225,"Baldwin at Montgomery",40.7236589,-74.0641943,29513,"Subscriber",1988,1
523,"2018-12-11 20:12:11.7490","2018-12-11 20:20:55.4250",3210,"Pershing Field",40.742677141,-74.051788633,3195,"Sip Ave",40.73074262530658,-74.06378388404846,29277,"Subscriber",1955,2
622,"2018-12-11 21:43:17.4000","2018-12-11 21:53:39.4030",3210,"Pershing Field",40.742677141,-74.051788633,3195,"Sip Ave",40.73074262530658,-74.06378388404846,29528,"Subscriber",1988,1
248,"2018-12-12 04:33:07.0870","2018-12-12 04:37:15.9040",3210,"Pershing Field",40.742677141,-74.051788633,3281,"Leonard Gordon Park",40.74590996631558,-74.0572714805603,29219,"Subscriber",1989,1
420,"2018-12-12 06:01:03.6260","2018-12-12 06:08:03.7540",3210,"Pershing Field",40.742677141,-74.051788633,3195,"Sip Ave",40.73074262530658,-74.06378388404846,29249,"Subscriber",1979,1
566,"2018-12-12 06:54:49.0250","2018-12-12 07:04:15.5790",3210,"Pershing Field",40.742677141,-74.051788633,3278,"Monmouth and 6th",40.72568548362901,-74.04879033565521,29299,"Subscriber",1981,1
341,"2018-12-12 07:59:41.8100","2018-12-12 08:05:23.4020",3210,"Pershing Field",40.742677141,-74.051788633,3640,"Journal Square",40.73367,-74.0625,26179,"Subscriber",1989,1
391,"2018-12-12 08:03:42.8830","2018-12-12 08:10:14.0710",3210,"Pershing Field",40.742677141,-74.051788633,3640,"Journal Square",40.73367,-74.0625,29477,"Subscriber",1977,1
560,"2018-12-12 08:25:56.7420","2018-12-12 08:35:17.3300",3210,"Pershing Field",40.742677141,-74.051788633,3640,"Journal Square",40.73367,-74.0625,26267,"Subscriber",1986,1
531,"2018-12-12 08:31:22.6610","2018-12-12 08:40:14.0750",3210,"Pershing Field",40.742677141,-74.051788633,3640,"Journal Square",40.73367,-74.0625,29273,"Subscriber",1987,2
354,"2018-12-12 08:38:38.8800","2018-12-12 08:44:33.7250",3210,"Pershing Field",40.742677141,-74.051788633,3640,"Journal Square",40.73367,-74.0625,29258,"Subscriber",1992,1
1298,"2018-12-12 09:20:36.5710","2018-12-12 09:42:15.0880",3210,"Pershing Field",40.742677141,-74.051788633,3183,"Exchange Place",40.7162469,-74.0334588,29664,"Subscriber",1979,1
371,"2018-12-12 09:56:53.3680","2018-12-12 10:03:05.3210",3210,"Pershing Field",40.742677141,-74.051788633,3640,"Journal Square",40.73367,-74.0625,29547,"Subscriber",1987,1
575,"2018-12-12 10:09:35.5430","2018-12-12 10:19:10.9440",3210,"Pershing Field",40.742677141,-74.051788633,3195,"Sip Ave",40.73074262530658,-74.06378388404846,29200,"Subscriber",1988,1
588,"2018-12-12 12:41:37.4900","2018-12-12 12:51:25.6660",3210,"Pershing Field",40.742677141,-74.051788633,3195,"Sip Ave",40.73074262530658,-74.06378388404846,29214,"Subscriber",1968,2
332,"2018-12-12 15:42:00.5830","2018-12-12 15:47:32.7040",3210,"Pershing Field",40.742677141,-74.051788633,3206,"Hilltop",40.7311689,-74.0575736,29491,"Subscriber",1978,1
472,"2018-12-12 18:37:58.4130","2018-12-12 18:45:50.9690",3210,"Pershing Field",40.742677141,-74.051788633,3195,"Sip Ave",40.73074262530658,-74.06378388404846,26161,"Subscriber",1995,2
552,"2018-12-12 21:48:03.2560","2018-12-12 21:57:15.9560",3210,"Pershing Field",40.742677141,-74.051788633,3195,"Sip Ave",40.73074262530658,-74.06378388404846,29641,"Subscriber",1988,1
231,"2018-12-13 04:32:42.1590","2018-12-13 04:36:33.4430",3210,"Pershing Field",40.742677141,-74.051788633,3281,"Leonard Gordon Park",40.74590996631558,-74.0572714805603,29675,"Subscriber",1989,1
315,"2018-12-13 06:09:19.2640","2018-12-13 06:14:34.9450",3210,"Pershing Field",40.742677141,-74.051788633,3195,"Sip Ave",40.73074262530658,-74.06378388404846,26304,"Subscriber",1979,1
575,"2018-12-13 06:45:30.9840","2018-12-13 06:55:06.6220",3210,"Pershing Field",40.742677141,-74.051788633,3278,"Monmouth and 6th",40.72568548362901,-74.04879033565521,29201,"Subscriber",1981,1
460,"2018-12-13 07:35:53.9100","2018-12-13 07:43:34.5240",3210,"Pershing Field",40.742677141,-74.051788633,3640,"Journal Square",40.73367,-74.0625,29616,"Subscriber",1977,1
452,"2018-12-13 08:30:16.2860","2018-12-13 08:37:48.6020",3210,"Pershing Field",40.742677141,-74.051788633,3640,"Journal Square",40.73367,-74.0625,29214,"Subscriber",1987,2
502,"2018-12-13 09:07:32.5170","2018-12-13 09:15:55.3270",3210,"Pershing Field",40.742677141,-74.051788633,3640,"Journal Square",40.73367,-74.0625,29547,"Subscriber",1990,1
710,"2018-12-13 09:20:40.3040","2018-12-13 09:32:31.0620",3210,"Pershing Field",40.742677141,-74.051788633,3211,"Newark Ave",40.72152515,-74.046304543,29612,"Subscriber",1991,1
316,"2018-12-13 09:28:56.6860","2018-12-13 09:34:13.3070",3210,"Pershing Field",40.742677141,-74.051788633,3640,"Journal Square",40.73367,-74.0625,26208,"Subscriber",1989,1
417,"2018-12-13 10:19:01.4310","2018-12-13 10:25:59.3780",3210,"Pershing Field",40.742677141,-74.051788633,3198,"Heights Elevator",40.748715945380226,-74.04044330120087,29586,"Subscriber",1989,2
780,"2018-12-13 12:43:18.0640","2018-12-13 12:56:18.7480",3210,"Pershing Field",40.742677141,-74.051788633,3272,"Jersey & 3rd",40.72333158646436,-74.04595255851744,26316,"Subscriber",1991,1
330,"2018-12-13 13:04:49.9430","2018-12-13 13:10:20.2860",3210,"Pershing Field",40.742677141,-74.051788633,3640,"Journal Square",40.73367,-74.0625,29668,"Subscriber",1992,1
739,"2018-12-13 16:51:18.8720","2018-12-13 17:03:38.3410",3210,"Pershing Field",40.742677141,-74.051788633,3195,"Sip Ave",40.73074262530658,-74.06378388404846,29249,"Subscriber",1953,2
985,"2018-12-13 18:59:29.4200","2018-12-13 19:15:55.0520",3210,"Pershing Field",40.742677141,-74.051788633,3678,"Fairmount Ave",40.72572613742557,-74.07195925712585,29641,"Subscriber",1988,1
1690,"2018-12-13 19:20:40.1330","2018-12-13 19:48:50.3300",3210,"Pershing Field",40.742677141,-74.051788633,3281,"Leonard Gordon Park",40.74590996631558,-74.0572714805603,29628,"Subscriber",1976,1
750,"2018-12-13 20:53:40.0040","2018-12-13 21:06:10.9690",3210,"Pershing Field",40.742677141,-74.051788633,3206,"Hilltop",40.7311689,-74.0575736,26213,"Subscriber",1990,1
591,"2018-12-13 21:44:14.8150","2018-12-13 21:54:06.1080",3210,"Pershing Field",40.742677141,-74.051788633,3640,"Journal Square",40.73367,-74.0625,29448,"Subscriber",1988,1
800,"2018-12-13 22:00:35.5680","2018-12-13 22:13:56.1210",3210,"Pershing Field",40.742677141,-74.051788633,3211,"Newark Ave",40.72152515,-74.046304543,29245,"Customer",1999,1
200,"2018-12-14 04:42:17.5510","2018-12-14 04:45:38.0430",3210,"Pershing Field",40.742677141,-74.051788633,3281,"Leonard Gordon Park",40.74590996631558,-74.0572714805603,29476,"Subscriber",1989,1
442,"2018-12-14 06:09:56.4070","2018-12-14 06:17:18.9510",3210,"Pershing Field",40.742677141,-74.051788633,3195,"Sip Ave",40.73074262530658,-74.06378388404846,26267,"Subscriber",1979,1
726,"2018-12-14 06:36:15.0230","2018-12-14 06:48:21.5080",3210,"Pershing Field",40.742677141,-74.051788633,3203,"Hamilton Park",40.727595966,-74.044247311,29297,"Subscriber",1981,1
250,"2018-12-14 14:19:42.0040","2018-12-14 14:23:52.3640",3210,"Pershing Field",40.742677141,-74.051788633,3207,"Oakland Ave",40.7376037,-74.0524783,29213,"Subscriber",1994,1
450,"2018-12-14 15:43:19.4360","2018-12-14 15:50:50.0270",3210,"Pershing Field",40.742677141,-74.051788633,3220,"5 Corners Library",40.734961020009514,-74.0595030784607,29446,"Subscriber",1995,2
1011,"2018-12-14 17:24:39.4340","2018-12-14 17:41:31.4000",3210,"Pershing Field",40.742677141,-74.051788633,3198,"Heights Elevator",40.748715945380226,-74.04044330120087,29521,"Subscriber",1994,2
335,"2018-12-14 18:37:06.9820","2018-12-14 18:42:42.2290",3210,"Pershing Field",40.742677141,-74.051788633,3207,"Oakland Ave",40.7376037,-74.0524783,29259,"Subscriber",1955,2
399,"2018-12-14 19:19:10.2030","2018-12-14 19:25:50.0110",3210,"Pershing Field",40.742677141,-74.051788633,3198,"Heights Elevator",40.748715945380226,-74.04044330120087,29267,"Subscriber",1978,1
353,"2018-12-15 07:46:42.5640","2018-12-15 07:52:36.4530",3210,"Pershing Field",40.742677141,-74.051788633,3640,"Journal Square",40.73367,-74.0625,29241,"Subscriber",1977,1
1080,"2018-12-15 09:34:03.0520","2018-12-15 09:52:03.4170",3210,"Pershing Field",40.742677141,-74.051788633,3183,"Exchange Place",40.7162469,-74.0334588,29675,"Subscriber",1991,1
474,"2018-12-15 10:03:25.9410","2018-12-15 10:11:20.1090",3210,"Pershing Field",40.742677141,-74.051788633,3195,"Sip Ave",40.73074262530658,-74.06378388404846,29577,"Subscriber",1964,2
525,"2018-12-15 10:33:42.6830","2018-12-15 10:42:28.0170",3210,"Pershing Field",40.742677141,-74.051788633,3195,"Sip Ave",40.73074262530658,-74.06378388404846,29441,"Subscriber",1995,2
511,"2018-12-15 13:12:47.9370","2018-12-15 13:21:19.6500",3210,"Pershing Field",40.742677141,-74.051788633,3209,"Brunswick St",40.7241765,-74.0506564,26278,"Subscriber",1980,1
521,"2018-12-15 14:19:37.4740","2018-12-15 14:28:18.8620",3210,"Pershing Field",40.742677141,-74.051788633,3195,"Sip Ave",40.73074262530658,-74.06378388404846,29207,"Subscriber",1988,1
337,"2018-12-15 15:35:08.0590","2018-12-15 15:40:46.0180",3210,"Pershing Field",40.742677141,-74.051788633,3640,"Journal Square",40.73367,-74.0625,29628,"Subscriber",1986,1
308,"2018-12-15 17:43:10.2930","2018-12-15 17:48:18.7810",3210,"Pershing Field",40.742677141,-74.051788633,3281,"Leonard Gordon Park",40.74590996631558,-74.0572714805603,29224,"Subscriber",1976,1
508,"2018-12-15 17:50:15.6550","2018-12-15 17:58:44.5900",3210,"Pershing Field",40.742677141,-74.051788633,3198,"Heights Elevator",40.748715945380226,-74.04044330120087,29269,"Subscriber",1975,1
470,"2018-12-15 17:50:56.9310","2018-12-15 17:58:47.7190",3210,"Pershing Field",40.742677141,-74.051788633,3198,"Heights Elevator",40.748715945380226,-74.04044330120087,29527,"Subscriber",1981,2
962,"2018-12-15 19:57:15.6510","2018-12-15 20:13:18.5760",3210,"Pershing Field",40.742677141,-74.051788633,3195,"Sip Ave",40.73074262530658,-74.06378388404846,29241,"Subscriber",1988,1
551,"2018-12-15 20:43:19.1270","2018-12-15 20:52:30.1730",3210,"Pershing Field",40.742677141,-74.051788633,3186,"Grove St PATH",40.71958611647166,-74.04311746358871,26215,"Subscriber",1990,1
522,"2018-12-16 09:43:45.7830","2018-12-16 09:52:28.1190",3210,"Pershing Field",40.742677141,-74.051788633,3195,"Sip Ave",40.73074262530658,-74.06378388404846,29221,"Subscriber",1964,2
515,"2018-12-16 15:58:24.0310","2018-12-16 16:06:59.8840",3210,"Pershing Field",40.742677141,-74.051788633,3640,"Journal Square",40.73367,-74.0625,29587,"Subscriber",1995,2
425,"2018-12-16 21:44:28.1270","2018-12-16 21:51:33.2420",3210,"Pershing Field",40.742677141,-74.051788633,3220,"5 Corners Library",40.734961020009514,-74.0595030784607,29278,"Subscriber",1988,1
382,"2018-12-17 06:11:04.9470","2018-12-17 06:17:27.6940",3210,"Pershing Field",40.742677141,-74.051788633,3195,"Sip Ave",40.73074262530658,-74.06378388404846,29517,"Subscriber",1979,1
696,"2018-12-17 06:51:11.3900","2018-12-17 07:02:47.9940",3210,"Pershing Field",40.742677141,-74.051788633,3278,"Monmouth and 6th",40.72568548362901,-74.04879033565521,26157,"Subscriber",1981,1
351,"2018-12-17 07:57:30.9200","2018-12-17 08:03:22.0080",3210,"Pershing Field",40.742677141,-74.051788633,3640,"Journal Square",40.73367,-74.0625,29642,"Subscriber",1987,1
638,"2018-12-17 08:30:03.6720","2018-12-17 08:40:41.7710",3210,"Pershing Field",40.742677141,-74.051788633,3640,"Journal Square",40.73367,-74.0625,29587,"Subscriber",1986,1
352,"2018-12-17 08:30:50.1160","2018-12-17 08:36:42.7540",3210,"Pershing Field",40.742677141,-74.051788633,3640,"Journal Square",40.73367,-74.0625,29577,"Subscriber",1977,1
359,"2018-12-17 08:43:26.3130","2018-12-17 08:49:26.2020",3210,"Pershing Field",40.742677141,-74.051788633,3640,"Journal Square",40.73367,-74.0625,29252,"Subscriber",1979,2
702,"2018-12-17 08:47:23.9950","2018-12-17 08:59:06.5670",3210,"Pershing Field",40.742677141,-74.051788633,3640,"Journal Square",40.73367,-74.0625,26152,"Subscriber",1990,1
331,"2018-12-17 10:36:06.7980","2018-12-17 10:41:38.0400",3210,"Pershing Field",40.742677141,-74.051788633,3640,"Journal Square",40.73367,-74.0625,29220,"Subscriber",1986,1
429,"2018-12-17 15:35:23.6600","2018-12-17 15:42:32.8520",3210,"Pershing Field",40.742677141,-74.051788633,3195,"Sip Ave",40.73074262530658,-74.06378388404846,29448,"Subscriber",1978,1
515,"2018-12-17 16:13:58.3160","2018-12-17 16:22:33.9110",3210,"Pershing Field",40.742677141,-74.051788633,3195,"Sip Ave",40.73074262530658,-74.06378388404846,26292,"Subscriber",1988,1
747,"2018-12-17 17:03:49.2130","2018-12-17 17:16:16.3140",3210,"Pershing Field",40.742677141,-74.051788633,3210,"Pershing Field",40.742677141,-74.051788633,29210,"Subscriber",1992,1
2088,"2018-12-17 17:17:53.6460","2018-12-17 17:52:41.8220",3210,"Pershing Field",40.742677141,-74.051788633,3202,"Newport PATH",40.7272235,-74.0337589,29577,"Subscriber",1989,1
2116,"2018-12-17 19:09:28.5150","2018-12-17 19:44:45.4840",3210,"Pershing Field",40.742677141,-74.051788633,3281,"Leonard Gordon Park",40.74590996631558,-74.0572714805603,29213,"Subscriber",1976,1
182,"2018-12-17 22:04:33.7200","2018-12-17 22:07:36.4780",3210,"Pershing Field",40.742677141,-74.051788633,3207,"Oakland Ave",40.7376037,-74.0524783,29595,"Subscriber",1989,1
295,"2018-12-18 04:36:37.4830","2018-12-18 04:41:32.9050",3210,"Pershing Field",40.742677141,-74.051788633,3281,"Leonard Gordon Park",40.74590996631558,-74.0572714805603,29471,"Subscriber",1989,1
567,"2018-12-18 06:40:41.3900","2018-12-18 06:50:08.9990",3210,"Pershing Field",40.742677141,-74.051788633,3278,"Monmouth and 6th",40.72568548362901,-74.04879033565521,29210,"Subscriber",1981,1
337,"2018-12-18 07:00:03.7870","2018-12-18 07:05:41.4080",3210,"Pershing Field",40.742677141,-74.051788633,3195,"Sip Ave",40.73074262530658,-74.06378388404846,29259,"Subscriber",1979,1
503,"2018-12-18 08:24:48.5680","2018-12-18 08:33:11.8070",3210,"Pershing Field",40.742677141,-74.051788633,3640,"Journal Square",40.73367,-74.0625,29465,"Subscriber",1987,2
420,"2018-12-18 08:30:52.4740","2018-12-18 08:37:53.0840",3210,"Pershing Field",40.742677141,-74.051788633,3195,"Sip Ave",40.73074262530658,-74.06378388404846,26155,"Subscriber",1975,1
741,"2018-12-18 08:34:05.6610","2018-12-18 08:46:26.6650",3210,"Pershing Field",40.742677141,-74.051788633,3640,"Journal Square",40.73367,-74.0625,29198,"Subscriber",1986,1
422,"2018-12-18 08:51:10.8460","2018-12-18 08:58:13.7980",3210,"Pershing Field",40.742677141,-74.051788633,3640,"Journal Square",40.73367,-74.0625,26167,"Subscriber",1983,1
374,"2018-12-18 08:56:16.8760","2018-12-18 09:02:31.3660",3210,"Pershing Field",40.742677141,-74.051788633,3640,"Journal Square",40.73367,-74.0625,29247,"Subscriber",1985,1
377,"2018-12-18 08:57:34.8910","2018-12-18 09:03:51.9950",3210,"Pershing Field",40.742677141,-74.051788633,3640,"Journal Square",40.73367,-74.0625,29581,"Subscriber",1989,1
370,"2018-12-18 09:25:02.9410","2018-12-18 09:31:13.9170",3210,"Pershing Field",40.742677141,-74.051788633,3640,"Journal Square",40.73367,-74.0625,29273,"Subscriber",1987,1
376,"2018-12-18 10:03:15.9430","2018-12-18 10:09:32.3200",3210,"Pershing Field",40.742677141,-74.051788633,3640,"Journal Square",40.73367,-74.0625,26281,"Subscriber",1986,1
997,"2018-12-18 15:04:58.5360","2018-12-18 15:21:35.6040",3210,"Pershing Field",40.742677141,-74.051788633,3209,"Brunswick St",40.7241765,-74.0506564,29493,"Customer",1996,1
1626,"2018-12-18 16:03:30.8930","2018-12-18 16:30:37.2140",3210,"Pershing Field",40.742677141,-74.051788633,3183,"Exchange Place",40.7162469,-74.0334588,29276,"Customer",1994,1
8788,"2018-12-18 16:03:46.8760","2018-12-18 18:30:15.5680",3210,"Pershing Field",40.742677141,-74.051788633,3183,"Exchange Place",40.7162469,-74.0334588,29285,"Customer",1969,0
1609,"2018-12-18 19:18:33.0960","2018-12-18 19:45:22.8330",3210,"Pershing Field",40.742677141,-74.051788633,3281,"Leonard Gordon Park",40.74590996631558,-74.0572714805603,29213,"Subscriber",1976,1
495,"2018-12-18 20:07:30.5630","2018-12-18 20:15:45.9430",3210,"Pershing Field",40.742677141,-74.051788633,3195,"Sip Ave",40.73074262530658,-74.06378388404846,29259,"Subscriber",1988,1
317,"2018-12-19 04:49:48.6730","2018-12-19 04:55:06.1610",3210,"Pershing Field",40.742677141,-74.051788633,3281,"Leonard Gordon Park",40.74590996631558,-74.0572714805603,29272,"Subscriber",1989,1
598,"2018-12-19 06:52:22.5840","2018-12-19 07:02:20.9290",3210,"Pershing Field",40.742677141,-74.051788633,3278,"Monmouth and 6th",40.72568548362901,-74.04879033565521,29278,"Subscriber",1981,1
1292,"2018-12-19 07:05:36.3530","2018-12-19 07:27:09.0820",3210,"Pershing Field",40.742677141,-74.051788633,3183,"Exchange Place",40.7162469,-74.0334588,29228,"Subscriber",1991,1
581,"2018-12-19 07:18:08.5680","2018-12-19 07:27:49.7920",3210,"Pershing Field",40.742677141,-74.051788633,3195,"Sip Ave",40.73074262530658,-74.06378388404846,29670,"Subscriber",1983,1
353,"2018-12-19 08:26:35.7230","2018-12-19 08:32:29.0240",3210,"Pershing Field",40.742677141,-74.051788633,3640,"Journal Square",40.73367,-74.0625,29674,"Subscriber",1992,1
1096,"2018-12-19 08:33:48.7310","2018-12-19 08:52:05.3910",3210,"Pershing Field",40.742677141,-74.051788633,3186,"Grove St PATH",40.71958611647166,-74.04311746358871,29516,"Subscriber",1983,1
178,"2018-12-19 09:06:25.3340","2018-12-19 09:09:23.5230",3210,"Pershing Field",40.742677141,-74.051788633,3207,"Oakland Ave",40.7376037,-74.0524783,29587,"Subscriber",1991,1
526,"2018-12-19 12:26:15.1550","2018-12-19 12:35:01.5050",3210,"Pershing Field",40.742677141,-74.051788633,3195,"Sip Ave",40.73074262530658,-74.06378388404846,29224,"Subscriber",1995,2
1002,"2018-12-19 17:17:45.1820","2018-12-19 17:34:28.1380",3210,"Pershing Field",40.742677141,-74.051788633,3195,"Sip Ave",40.73074262530658,-74.06378388404846,29230,"Subscriber",1988,1
1321,"2018-12-19 19:05:12.7280","2018-12-19 19:27:14.6270",3210,"Pershing Field",40.742677141,-74.051788633,3183,"Exchange Place",40.7162469,-74.0334588,29290,"Customer",1994,1
480,"2018-12-19 19:34:43.2760","2018-12-19 19:42:43.7770",3210,"Pershing Field",40.742677141,-74.051788633,3269,"Brunswick & 6th",40.72601172964625,-74.05038893222809,29448,"Subscriber",1989,1
305,"2018-12-19 22:24:04.4780","2018-12-19 22:29:09.5570",3210,"Pershing Field",40.742677141,-74.051788633,3198,"Heights Elevator",40.748715945380226,-74.04044330120087,29250,"Subscriber",1978,1
215,"2018-12-20 04:52:35.4570","2018-12-20 04:56:10.9200",3210,"Pershing Field",40.742677141,-74.051788633,3281,"Leonard Gordon Park",40.74590996631558,-74.0572714805603,29635,"Subscriber",1989,1
633,"2018-12-20 06:49:51.7330","2018-12-20 07:00:25.1940",3210,"Pershing Field",40.742677141,-74.051788633,3278,"Monmouth and 6th",40.72568548362901,-74.04879033565521,29220,"Subscriber",1981,1
416,"2018-12-20 07:31:43.6820","2018-12-20 07:38:40.2170",3210,"Pershing Field",40.742677141,-74.051788633,3195,"Sip Ave",40.73074262530658,-74.06378388404846,29198,"Subscriber",1979,1
332,"2018-12-20 08:02:12.8680","2018-12-20 08:07:45.3920",3210,"Pershing Field",40.742677141,-74.051788633,3640,"Journal Square",40.73367,-74.0625,26299,"Subscriber",1992,1
546,"2018-12-20 08:35:34.3740","2018-12-20 08:44:40.9410",3210,"Pershing Field",40.742677141,-74.051788633,3640,"Journal Square",40.73367,-74.0625,29594,"Subscriber",1983,1
749,"2018-12-20 09:57:34.6440","2018-12-20 10:10:04.3160",3210,"Pershing Field",40.742677141,-74.051788633,3483,"Montgomery St",40.71942,-74.05099,29458,"Subscriber",1995,1
554,"2018-12-20 19:33:37.9210","2018-12-20 19:42:52.5560",3210,"Pershing Field",40.742677141,-74.051788633,3195,"Sip Ave",40.73074262530658,-74.06378388404846,29674,"Subscriber",1988,1
209,"2018-12-21 04:36:39.8200","2018-12-21 04:40:09.7670",3210,"Pershing Field",40.742677141,-74.051788633,3281,"Leonard Gordon Park",40.74590996631558,-74.0572714805603,29521,"Subscriber",1989,1
640,"2018-12-21 07:31:02.1410","2018-12-21 07:41:43.1120",3210,"Pershing Field",40.742677141,-74.051788633,3202,"Newport PATH",40.7272235,-74.0337589,29443,"Subscriber",1990,1
363,"2018-12-21 08:35:54.8170","2018-12-21 08:41:58.4390",3210,"Pershing Field",40.742677141,-74.051788633,3640,"Journal Square",40.73367,-74.0625,29569,"Subscriber",1983,1
409,"2018-12-21 08:54:33.1410","2018-12-21 09:01:22.2120",3210,"Pershing Field",40.742677141,-74.051788633,3195,"Sip Ave",40.73074262530658,-74.06378388404846,29260,"Subscriber",1977,1
393,"2018-12-21 10:35:29.8950","2018-12-21 10:42:03.7840",3210,"Pershing Field",40.742677141,-74.051788633,3640,"Journal Square",40.73367,-74.0625,26251,"Subscriber",1986,1
431,"2018-12-21 12:01:33.8550","2018-12-21 12:08:44.8920",3210,"Pershing Field",40.742677141,-74.051788633,3220,"5 Corners Library",40.734961020009514,-74.0595030784607,26198,"Subscriber",1983,1
381,"2018-12-21 15:55:22.9190","2018-12-21 16:01:44.5290",3210,"Pershing Field",40.742677141,-74.051788633,3220,"5 Corners Library",40.734961020009514,-74.0595030784607,29554,"Subscriber",1988,1
690,"2018-12-21 16:26:52.5530","2018-12-21 16:38:22.6350",3210,"Pershing Field",40.742677141,-74.051788633,3640,"Journal Square",40.73367,-74.0625,29218,"Subscriber",1990,1
914,"2018-12-21 16:32:41.8630","2018-12-21 16:47:56.3200",3210,"Pershing Field",40.742677141,-74.051788633,3210,"Pershing Field",40.742677141,-74.051788633,29641,"Subscriber",1988,1
518,"2018-12-21 17:51:22.1940","2018-12-21 18:00:01.1000",3210,"Pershing Field",40.742677141,-74.051788633,3195,"Sip Ave",40.73074262530658,-74.06378388404846,29641,"Subscriber",1988,1
1313,"2018-12-21 18:52:29.9590","2018-12-21 19:14:23.2280",3210,"Pershing Field",40.742677141,-74.051788633,3281,"Leonard Gordon Park",40.74590996631558,-74.0572714805603,29569,"Subscriber",1976,1
551,"2018-12-22 08:54:33.6610","2018-12-22 09:03:45.3190",3210,"Pershing Field",40.742677141,-74.051788633,3195,"Sip Ave",40.73074262530658,-74.06378388404846,26198,"Subscriber",1995,2
332,"2018-12-22 09:09:34.3530","2018-12-22 09:15:06.7930",3210,"Pershing Field",40.742677141,-74.051788633,3220,"5 Corners Library",40.734961020009514,-74.0595030784607,29468,"Subscriber",1995,2
1208,"2018-12-22 09:32:45.9940","2018-12-22 09:52:54.6910",3210,"Pershing Field",40.742677141,-74.051788633,3198,"Heights Elevator",40.748715945380226,-74.04044330120087,29603,"Subscriber",1957,1
1095,"2018-12-22 11:21:25.4320","2018-12-22 11:39:41.2440",3210,"Pershing Field",40.742677141,-74.051788633,3183,"Exchange Place",40.7162469,-74.0334588,29230,"Subscriber",1991,1
561,"2018-12-22 11:51:09.0770","2018-12-22 12:00:30.4840",3210,"Pershing Field",40.742677141,-74.051788633,3640,"Journal Square",40.73367,-74.0625,26280,"Subscriber",1986,1
655,"2018-12-22 13:48:01.0570","2018-12-22 13:58:56.4960",3210,"Pershing Field",40.742677141,-74.051788633,3269,"Brunswick & 6th",40.72601172964625,-74.05038893222809,26266,"Subscriber",1988,1
647,"2018-12-22 13:48:13.0140","2018-12-22 13:59:00.3960",3210,"Pershing Field",40.742677141,-74.051788633,3269,"Brunswick & 6th",40.72601172964625,-74.05038893222809,29441,"Subscriber",1994,1
6791,"2018-12-22 15:49:04.8670","2018-12-22 17:42:16.3450",3210,"Pershing Field",40.742677141,-74.051788633,3198,"Heights Elevator",40.748715945380226,-74.04044330120087,29497,"Subscriber",1957,1
734,"2018-12-22 21:20:39.3690","2018-12-22 21:32:54.1110",3210,"Pershing Field",40.742677141,-74.051788633,3195,"Sip Ave",40.73074262530658,-74.06378388404846,26251,"Subscriber",1988,1
833,"2018-12-23 09:46:24.0440","2018-12-23 10:00:17.6170",3210,"Pershing Field",40.742677141,-74.051788633,3209,"Brunswick St",40.7241765,-74.0506564,29481,"Customer",1998,1
424,"2018-12-23 10:38:24.2640","2018-12-23 10:45:28.9090",3210,"Pershing Field",40.742677141,-74.051788633,3195,"Sip Ave",40.73074262530658,-74.06378388404846,29463,"Subscriber",1995,2
1057,"2018-12-23 11:27:39.1610","2018-12-23 11:45:16.2580",3210,"Pershing Field",40.742677141,-74.051788633,3211,"Newark Ave",40.72152515,-74.046304543,29236,"Customer",1998,1
1035,"2018-12-23 15:21:37.7870","2018-12-23 15:38:53.1690",3210,"Pershing Field",40.742677141,-74.051788633,3273,"Manila & 1st",40.721650724879986,-74.04288411140442,29586,"Subscriber",1991,1
1941,"2018-12-23 16:56:54.5460","2018-12-23 17:29:16.4140",3210,"Pershing Field",40.742677141,-74.051788633,3198,"Heights Elevator",40.748715945380226,-74.04044330120087,29636,"Subscriber",1981,1
434,"2018-12-23 21:26:36.5400","2018-12-23 21:33:51.4870",3210,"Pershing Field",40.742677141,-74.051788633,3198,"Heights Elevator",40.748715945380226,-74.04044330120087,29663,"Subscriber",1978,1
173,"2018-12-23 21:48:46.7110","2018-12-23 21:51:39.9070",3210,"Pershing Field",40.742677141,-74.051788633,3281,"Leonard Gordon Park",40.74590996631558,-74.0572714805603,29124,"Subscriber",1994,1
548,"2018-12-23 22:01:52.3070","2018-12-23 22:11:01.1460",3210,"Pershing Field",40.742677141,-74.051788633,3195,"Sip Ave",40.73074262530658,-74.06378388404846,29512,"Subscriber",1988,1
399,"2018-12-24 09:04:53.1090","2018-12-24 09:11:32.5290",3210,"Pershing Field",40.742677141,-74.051788633,3640,"Journal Square",40.73367,-74.0625,29497,"Subscriber",1987,1
1475,"2018-12-24 11:36:53.0140","2018-12-24 12:01:28.5200",3210,"Pershing Field",40.742677141,-74.051788633,3211,"Newark Ave",40.72152515,-74.046304543,29265,"Customer",1998,1
592,"2018-12-24 12:34:52.7880","2018-12-24 12:44:45.1060",3210,"Pershing Field",40.742677141,-74.051788633,3281,"Leonard Gordon Park",40.74590996631558,-74.0572714805603,26259,"Subscriber",1976,1
439,"2018-12-24 13:49:42.9450","2018-12-24 13:57:02.3500",3210,"Pershing Field",40.742677141,-74.051788633,3220,"5 Corners Library",40.734961020009514,-74.0595030784607,29245,"Subscriber",1985,2
926,"2018-12-24 15:30:19.5180","2018-12-24 15:45:46.1960",3210,"Pershing Field",40.742677141,-74.051788633,3640,"Journal Square",40.73367,-74.0625,29497,"Subscriber",1950,1
974,"2018-12-24 17:13:33.3200","2018-12-24 17:29:47.6010",3210,"Pershing Field",40.742677141,-74.051788633,3195,"Sip Ave",40.73074262530658,-74.06378388404846,29486,"Subscriber",1988,1
663,"2018-12-24 21:56:37.8250","2018-12-24 22:07:41.6700",3210,"Pershing Field",40.742677141,-74.051788633,3272,"Jersey & 3rd",40.72333158646436,-74.04595255851744,29603,"Customer",1999,1
560,"2018-12-24 22:10:13.5850","2018-12-24 22:19:33.7920",3210,"Pershing Field",40.742677141,-74.051788633,3195,"Sip Ave",40.73074262530658,-74.06378388404846,29210,"Subscriber",1988,1
730,"2018-12-25 15:37:48.5310","2018-12-25 15:49:59.0350",3210,"Pershing Field",40.742677141,-74.051788633,3638,"Washington St",40.7242941,-74.0354826,29486,"Subscriber",1993,1
499,"2018-12-26 07:40:25.6230","2018-12-26 07:48:45.2380",3210,"Pershing Field",40.742677141,-74.051788633,3640,"Journal Square",40.73367,-74.0625,29592,"Subscriber",1991,1
386,"2018-12-26 08:30:27.5710","2018-12-26 08:36:53.8760",3210,"Pershing Field",40.742677141,-74.051788633,3640,"Journal Square",40.73367,-74.0625,29252,"Subscriber",1989,1
351,"2018-12-26 08:46:45.0090","2018-12-26 08:52:36.8000",3210,"Pershing Field",40.742677141,-74.051788633,3640,"Journal Square",40.73367,-74.0625,26173,"Subscriber",1985,1
365,"2018-12-26 09:27:19.2790","2018-12-26 09:33:24.6000",3210,"Pershing Field",40.742677141,-74.051788633,3640,"Journal Square",40.73367,-74.0625,29505,"Subscriber",1987,1
1217,"2018-12-26 11:31:27.8920","2018-12-26 11:51:44.9410",3210,"Pershing Field",40.742677141,-74.051788633,3183,"Exchange Place",40.7162469,-74.0334588,29646,"Subscriber",1991,1
523,"2018-12-26 12:05:43.7410","2018-12-26 12:14:26.8160",3210,"Pershing Field",40.742677141,-74.051788633,3195,"Sip Ave",40.73074262530658,-74.06378388404846,26257,"Subscriber",1988,1
1121,"2018-12-26 15:06:07.8720","2018-12-26 15:24:49.1630",3210,"Pershing Field",40.742677141,-74.051788633,3186,"Grove St PATH",40.71958611647166,-74.04311746358871,29127,"Subscriber",1991,1
552,"2018-12-26 17:46:40.5820","2018-12-26 17:55:53.5220",3210,"Pershing Field",40.742677141,-74.051788633,3269,"Brunswick & 6th",40.72601172964625,-74.05038893222809,29120,"Subscriber",1988,1
1811,"2018-12-26 18:19:54.3720","2018-12-26 18:50:05.9490",3210,"Pershing Field",40.742677141,-74.051788633,3210,"Pershing Field",40.742677141,-74.051788633,29213,"Subscriber",1976,1
1743,"2018-12-26 18:51:20.8260","2018-12-26 19:20:24.7970",3210,"Pershing Field",40.742677141,-74.051788633,3210,"Pershing Field",40.742677141,-74.051788633,29213,"Subscriber",1976,1
766,"2018-12-26 19:26:55.3780","2018-12-26 19:39:41.9680",3210,"Pershing Field",40.742677141,-74.051788633,3281,"Leonard Gordon Park",40.74590996631558,-74.0572714805603,29213,"Subscriber",1976,1
1340,"2018-12-26 20:36:03.4740","2018-12-26 20:58:24.2280",3210,"Pershing Field",40.742677141,-74.051788633,3280,"Astor Place",40.71928220070702,-74.07126188278198,26257,"Subscriber",1953,2
783,"2018-12-26 23:01:07.5990","2018-12-26 23:14:10.6950",3210,"Pershing Field",40.742677141,-74.051788633,3225,"Baldwin at Montgomery",40.7236589,-74.0641943,29444,"Subscriber",1988,1
984,"2018-12-27 00:41:05.6930","2018-12-27 00:57:29.7670",3210,"Pershing Field",40.742677141,-74.051788633,3225,"Baldwin at Montgomery",40.7236589,-74.0641943,29268,"Subscriber",1988,1
236,"2018-12-27 04:33:44.6070","2018-12-27 04:37:41.2180",3210,"Pershing Field",40.742677141,-74.051788633,3281,"Leonard Gordon Park",40.74590996631558,-74.0572714805603,29269,"Subscriber",1989,1
401,"2018-12-27 07:37:06.8810","2018-12-27 07:43:48.8770",3210,"Pershing Field",40.742677141,-74.051788633,3640,"Journal Square",40.73367,-74.0625,29252,"Subscriber",1991,1
372,"2018-12-27 08:25:57.8090","2018-12-27 08:32:10.6070",3210,"Pershing Field",40.742677141,-74.051788633,3640,"Journal Square",40.73367,-74.0625,29292,"Subscriber",1989,1
401,"2018-12-27 08:40:32.8700","2018-12-27 08:47:14.3070",3210,"Pershing Field",40.742677141,-74.051788633,3640,"Journal Square",40.73367,-74.0625,26230,"Subscriber",1977,1
547,"2018-12-27 08:57:44.0900","2018-12-27 09:06:51.2300",3210,"Pershing Field",40.742677141,-74.051788633,3640,"Journal Square",40.73367,-74.0625,26280,"Subscriber",1986,1
257,"2018-12-27 09:29:05.5100","2018-12-27 09:33:23.0680",3210,"Pershing Field",40.742677141,-74.051788633,3220,"5 Corners Library",40.734961020009514,-74.0595030784607,26284,"Subscriber",1987,1
380,"2018-12-27 09:54:42.8490","2018-12-27 10:01:03.6190",3210,"Pershing Field",40.742677141,-74.051788633,3640,"Journal Square",40.73367,-74.0625,29556,"Subscriber",1986,1
753,"2018-12-27 10:03:54.1530","2018-12-27 10:16:27.8110",3210,"Pershing Field",40.742677141,-74.051788633,3195,"Sip Ave",40.73074262530658,-74.06378388404846,29282,"Subscriber",1988,1
443,"2018-12-27 10:45:03.3560","2018-12-27 10:52:27.0810",3210,"Pershing Field",40.742677141,-74.051788633,3195,"Sip Ave",40.73074262530658,-74.06378388404846,29553,"Subscriber",1995,2
579,"2018-12-27 11:50:31.7380","2018-12-27 12:00:11.6780",3210,"Pershing Field",40.742677141,-74.051788633,3640,"Journal Square",40.73367,-74.0625,26280,"Subscriber",1974,2
1186,"2018-12-27 12:39:01.4500","2018-12-27 12:58:47.8350",3210,"Pershing Field",40.742677141,-74.051788633,3183,"Exchange Place",40.7162469,-74.0334588,29298,"Subscriber",1991,1
580,"2018-12-27 14:25:10.6710","2018-12-27 14:34:51.6560",3210,"Pershing Field",40.742677141,-74.051788633,3195,"Sip Ave",40.73074262530658,-74.06378388404846,29658,"Subscriber",1988,1
993,"2018-12-27 14:52:45.1290","2018-12-27 15:09:19.0160",3210,"Pershing Field",40.742677141,-74.051788633,3186,"Grove St PATH",40.71958611647166,-74.04311746358871,29601,"Subscriber",1991,1
960,"2018-12-27 18:23:03.6140","2018-12-27 18:39:04.1590",3210,"Pershing Field",40.742677141,-74.051788633,3678,"Fairmount Ave",40.72572613742557,-74.07195925712585,26302,"Subscriber",1988,1
2085,"2018-12-27 19:00:19.7220","2018-12-27 19:35:05.1390",3210,"Pershing Field",40.742677141,-74.051788633,3281,"Leonard Gordon Park",40.74590996631558,-74.0572714805603,29507,"Subscriber",1976,1
410,"2018-12-27 21:43:15.6600","2018-12-27 21:50:06.5810",3210,"Pershing Field",40.742677141,-74.051788633,3220,"5 Corners Library",40.734961020009514,-74.0595030784607,29515,"Subscriber",1988,1
1247,"2018-12-27 22:11:57.2140","2018-12-27 22:32:44.9580",3210,"Pershing Field",40.742677141,-74.051788633,3210,"Pershing Field",40.742677141,-74.051788633,29544,"Subscriber",1975,1
740,"2018-12-27 22:40:31.5460","2018-12-27 22:52:52.4750",3210,"Pershing Field",40.742677141,-74.051788633,3210,"Pershing Field",40.742677141,-74.051788633,29515,"Subscriber",1988,1
798,"2018-12-27 22:53:06.4540","2018-12-27 23:06:25.3860",3210,"Pershing Field",40.742677141,-74.051788633,3677,"Glenwood Ave",40.72755146730012,-74.07106071710587,29515,"Subscriber",1988,1
564,"2018-12-28 01:31:09.9240","2018-12-28 01:40:34.7100",3210,"Pershing Field",40.742677141,-74.051788633,3220,"5 Corners Library",40.734961020009514,-74.0595030784607,29468,"Subscriber",1988,1
201,"2018-12-28 04:35:15.9520","2018-12-28 04:38:37.5830",3210,"Pershing Field",40.742677141,-74.051788633,3281,"Leonard Gordon Park",40.74590996631558,-74.0572714805603,29593,"Subscriber",1989,1
737,"2018-12-28 08:48:13.1590","2018-12-28 09:00:31.1210",3210,"Pershing Field",40.742677141,-74.051788633,3186,"Grove St PATH",40.71958611647166,-74.04311746358871,29544,"Subscriber",1977,1
374,"2018-12-28 08:48:19.0360","2018-12-28 08:54:33.0950",3210,"Pershing Field",40.742677141,-74.051788633,3198,"Heights Elevator",40.748715945380226,-74.04044330120087,29552,"Subscriber",1985,1
406,"2018-12-28 12:03:31.7180","2018-12-28 12:10:18.3700",3210,"Pershing Field",40.742677141,-74.051788633,3640,"Journal Square",40.73367,-74.0625,26282,"Subscriber",1986,1
220,"2018-12-28 19:05:28.2790","2018-12-28 19:09:08.6000",3210,"Pershing Field",40.742677141,-74.051788633,3207,"Oakland Ave",40.7376037,-74.0524783,29553,"Subscriber",1988,1
2180,"2018-12-28 19:22:23.7490","2018-12-28 19:58:44.5020",3210,"Pershing Field",40.742677141,-74.051788633,3281,"Leonard Gordon Park",40.74590996631558,-74.0572714805603,26284,"Subscriber",1976,1
592,"2018-12-29 12:27:58.8900","2018-12-29 12:37:51.6080",3210,"Pershing Field",40.742677141,-74.051788633,3281,"Leonard Gordon Park",40.74590996631558,-74.0572714805603,29212,"Subscriber",1976,1
392,"2018-12-29 12:57:12.0020","2018-12-29 13:03:44.6680",3210,"Pershing Field",40.742677141,-74.051788633,3210,"Pershing Field",40.742677141,-74.051788633,29261,"Subscriber",1979,2
405,"2018-12-29 13:29:31.1000","2018-12-29 13:36:16.2190",3210,"Pershing Field",40.742677141,-74.051788633,3220,"5 Corners Library",40.734961020009514,-74.0595030784607,29515,"Subscriber",1985,2
1245,"2018-12-29 14:10:01.1240","2018-12-29 14:30:46.1540",3210,"Pershing Field",40.742677141,-74.051788633,3209,"Brunswick St",40.7241765,-74.0506564,29569,"Subscriber",1980,1
445,"2018-12-29 15:56:58.7760","2018-12-29 16:04:23.8400",3210,"Pershing Field",40.742677141,-74.051788633,3220,"5 Corners Library",40.734961020009514,-74.0595030784607,29589,"Subscriber",1990,2
248,"2018-12-29 16:13:02.8080","2018-12-29 16:17:11.7310",3210,"Pershing Field",40.742677141,-74.051788633,3207,"Oakland Ave",40.7376037,-74.0524783,26282,"Subscriber",1991,1
1078,"2018-12-30 08:48:54.0360","2018-12-30 09:06:52.2810",3210,"Pershing Field",40.742677141,-74.051788633,3183,"Exchange Place",40.7162469,-74.0334588,26184,"Subscriber",1991,1
337,"2018-12-30 11:29:48.9260","2018-12-30 11:35:26.4200",3210,"Pershing Field",40.742677141,-74.051788633,3640,"Journal Square",40.73367,-74.0625,26245,"Subscriber",1969,1
428,"2018-12-30 16:15:14.5570","2018-12-30 16:22:23.4830",3210,"Pershing Field",40.742677141,-74.051788633,3195,"Sip Ave",40.73074262530658,-74.06378388404846,29593,"Subscriber",1995,2
685,"2018-12-30 17:47:38.8540","2018-12-30 17:59:04.2210",3210,"Pershing Field",40.742677141,-74.051788633,3640,"Journal Square",40.73367,-74.0625,26245,"Subscriber",1950,1
367,"2018-12-30 17:55:35.1710","2018-12-30 18:01:42.2010",3210,"Pershing Field",40.742677141,-74.051788633,3220,"5 Corners Library",40.734961020009514,-74.0595030784607,26225,"Subscriber",1987,2
1094,"2018-12-30 18:08:10.7620","2018-12-30 18:26:25.3610",3210,"Pershing Field",40.742677141,-74.051788633,3280,"Astor Place",40.71928220070702,-74.07126188278198,29619,"Subscriber",1953,2
244,"2018-12-30 19:03:33.4720","2018-12-30 19:07:37.5200",3210,"Pershing Field",40.742677141,-74.051788633,3207,"Oakland Ave",40.7376037,-74.0524783,26296,"Subscriber",1984,1
256,"2018-12-30 19:06:52.8680","2018-12-30 19:11:09.0210",3210,"Pershing Field",40.742677141,-74.051788633,3220,"5 Corners Library",40.734961020009514,-74.0595030784607,29435,"Subscriber",1978,1
866,"2018-12-30 19:26:56.9780","2018-12-30 19:41:23.7700",3210,"Pershing Field",40.742677141,-74.051788633,3272,"Jersey & 3rd",40.72333158646436,-74.04595255851744,29588,"Customer",1999,1
2003,"2018-12-30 20:07:11.4160","2018-12-30 20:40:35.0050",3210,"Pershing Field",40.742677141,-74.051788633,3281,"Leonard Gordon Park",40.74590996631558,-74.0572714805603,29212,"Subscriber",1976,1
1118,"2018-12-30 20:07:54.4960","2018-12-30 20:26:32.9420",3210,"Pershing Field",40.742677141,-74.051788633,3195,"Sip Ave",40.73074262530658,-74.06378388404846,29261,"Subscriber",1962,1
778,"2018-12-31 00:44:13.6990","2018-12-31 00:57:11.7000",3210,"Pershing Field",40.742677141,-74.051788633,3198,"Heights Elevator",40.748715945380226,-74.04044330120087,26282,"Subscriber",1972,1
774,"2018-12-31 00:44:17.1990","2018-12-31 00:57:11.6350",3210,"Pershing Field",40.742677141,-74.051788633,3198,"Heights Elevator",40.748715945380226,-74.04044330120087,29264,"Subscriber",1995,1
562,"2018-12-31 09:28:46.3940","2018-12-31 09:38:09.1300",3210,"Pershing Field",40.742677141,-74.051788633,3195,"Sip Ave",40.73074262530658,-74.06378388404846,29268,"Subscriber",1983,1
2630,"2018-12-31 10:46:34.3540","2018-12-31 11:30:25.3300",3210,"Pershing Field",40.742677141,-74.051788633,3281,"Leonard Gordon Park",40.74590996631558,-74.0572714805603,29553,"Subscriber",1976,1
335,"2018-12-31 10:58:12.8520","2018-12-31 11:03:48.3750",3210,"Pershing Field",40.742677141,-74.051788633,3206,"Hilltop",40.7311689,-74.0575736,29536,"Subscriber",1987,1
395,"2018-12-31 11:50:20.8240","2018-12-31 11:56:56.5590",3210,"Pershing Field",40.742677141,-74.051788633,3640,"Journal Square",40.73367,-74.0625,29435,"Subscriber",1969,1
917,"2018-12-31 12:14:16.7490","2018-12-31 12:29:33.9400",3210,"Pershing Field",40.742677141,-74.051788633,3281,"Leonard Gordon Park",40.74590996631558,-74.0572714805603,29553,"Subscriber",1976,1
373,"2018-12-31 12:17:40.2500","2018-12-31 12:23:53.6160",3210,"Pershing Field",40.742677141,-74.051788633,3198,"Heights Elevator",40.748715945380226,-74.04044330120087,26225,"Subscriber",1989,2
657,"2018-12-31 19:23:30.4420","2018-12-31 19:34:28.0790",3210,"Pershing Field",40.742677141,-74.051788633,3186,"Grove St PATH",40.71958611647166,-74.04311746358871,29515,"Subscriber",1990,1
229,"2018-12-01 00:19:54.2820","2018-12-01 00:23:44.1360",3211,"Newark Ave",40.72152515,-74.046304543,3209,"Brunswick St",40.7241765,-74.0506564,26170,"Subscriber",1984,1
76,"2018-12-01 07:06:13.8630","2018-12-01 07:07:30.0670",3211,"Newark Ave",40.72152515,-74.046304543,3186,"Grove St PATH",40.71958611647166,-74.04311746358871,29658,"Subscriber",1993,1
144,"2018-12-01 09:30:55.9930","2018-12-01 09:33:20.3700",3211,"Newark Ave",40.72152515,-74.046304543,3186,"Grove St PATH",40.71958611647166,-74.04311746358871,26159,"Subscriber",1993,2
349,"2018-12-01 09:57:27.6840","2018-12-01 10:03:17.1810",3211,"Newark Ave",40.72152515,-74.046304543,3203,"Hamilton Park",40.727595966,-74.044247311,29278,"Subscriber",1988,1
633,"2018-12-01 10:03:23.2450","2018-12-01 10:13:57.0610",3211,"Newark Ave",40.72152515,-74.046304543,3199,"Newport Pkwy",40.7287448,-74.0321082,26167,"Subscriber",1965,1
322,"2018-12-01 10:31:40.2620","2018-12-01 10:37:03.0890",3211,"Newark Ave",40.72152515,-74.046304543,3481,"York St",40.71649,-74.04105,29597,"Subscriber",1974,1
144,"2018-12-01 11:01:22.5260","2018-12-01 11:03:46.6310",3211,"Newark Ave",40.72152515,-74.046304543,3186,"Grove St PATH",40.71958611647166,-74.04311746358871,29512,"Subscriber",1981,1
206,"2018-12-01 11:15:28.2340","2018-12-01 11:18:55.1330",3211,"Newark Ave",40.72152515,-74.046304543,3483,"Montgomery St",40.71942,-74.05099,26302,"Subscriber",1961,1
288,"2018-12-01 11:48:07.5890","2018-12-01 11:52:56.5220",3211,"Newark Ave",40.72152515,-74.046304543,3209,"Brunswick St",40.7241765,-74.0506564,26170,"Subscriber",1984,1
478,"2018-12-01 13:56:54.7790","2018-12-01 14:04:53.1780",3211,"Newark Ave",40.72152515,-74.046304543,3199,"Newport Pkwy",40.7287448,-74.0321082,26175,"Subscriber",1991,1
279,"2018-12-01 14:34:07.5120","2018-12-01 14:38:47.2650",3211,"Newark Ave",40.72152515,-74.046304543,3203,"Hamilton Park",40.727595966,-74.044247311,15947,"Subscriber",1956,1
273,"2018-12-01 14:34:10.4640","2018-12-01 14:38:43.9770",3211,"Newark Ave",40.72152515,-74.046304543,3203,"Hamilton Park",40.727595966,-74.044247311,29294,"Subscriber",1953,2
137,"2018-12-01 15:11:02.2230","2018-12-01 15:13:19.8410",3211,"Newark Ave",40.72152515,-74.046304543,3186,"Grove St PATH",40.71958611647166,-74.04311746358871,29532,"Subscriber",1995,1
510,"2018-12-01 15:16:56.1010","2018-12-01 15:25:26.1640",3211,"Newark Ave",40.72152515,-74.046304543,3638,"Washington St",40.7242941,-74.0354826,29491,"Subscriber",1982,1
279,"2018-12-01 16:13:17.9080","2018-12-01 16:17:57.6800",3211,"Newark Ave",40.72152515,-74.046304543,3269,"Brunswick & 6th",40.72601172964625,-74.05038893222809,29453,"Subscriber",1986,1
228,"2018-12-01 17:52:54.9000","2018-12-01 17:56:43.0590",3211,"Newark Ave",40.72152515,-74.046304543,3187,"Warren St",40.7211236,-74.03805095,26206,"Subscriber",1993,1
743,"2018-12-01 17:58:51.5500","2018-12-01 18:11:14.8570",3211,"Newark Ave",40.72152515,-74.046304543,3186,"Grove St PATH",40.71958611647166,-74.04311746358871,29586,"Subscriber",1992,2
230,"2018-12-01 18:42:01.6490","2018-12-01 18:45:52.5940",3211,"Newark Ave",40.72152515,-74.046304543,3203,"Hamilton Park",40.727595966,-74.044247311,29652,"Subscriber",1970,2
217,"2018-12-01 21:42:13.7400","2018-12-01 21:45:51.6700",3211,"Newark Ave",40.72152515,-74.046304543,3209,"Brunswick St",40.7241765,-74.0506564,26284,"Subscriber",1993,1
346,"2018-12-02 02:51:29.5960","2018-12-02 02:57:16.4340",3211,"Newark Ave",40.72152515,-74.046304543,3639,"Harborside",40.7192517,-74.034234,26182,"Subscriber",1963,1
142,"2018-12-02 08:16:27.0980","2018-12-02 08:18:49.3230",3211,"Newark Ave",40.72152515,-74.046304543,3270,"Jersey & 6th St",40.72528910781132,-74.04557168483734,29525,"Subscriber",1981,1
152,"2018-12-02 11:44:07.0000","2018-12-02 11:46:39.8980",3211,"Newark Ave",40.72152515,-74.046304543,3278,"Monmouth and 6th",40.72568548362901,-74.04879033565521,29284,"Subscriber",1983,2
224,"2018-12-02 12:27:48.5990","2018-12-02 12:31:33.5130",3211,"Newark Ave",40.72152515,-74.046304543,3185,"City Hall",40.7177325,-74.043845,29297,"Subscriber",1986,1
156,"2018-12-02 13:46:14.5460","2018-12-02 13:48:51.3660",3211,"Newark Ave",40.72152515,-74.046304543,3186,"Grove St PATH",40.71958611647166,-74.04311746358871,29678,"Subscriber",1964,1
1220,"2018-12-02 14:23:11.9160","2018-12-02 14:43:31.9590",3211,"Newark Ave",40.72152515,-74.046304543,3210,"Pershing Field",40.742677141,-74.051788633,29527,"Subscriber",1964,2
257,"2018-12-02 14:42:40.6030","2018-12-02 14:46:57.8980",3211,"Newark Ave",40.72152515,-74.046304543,3203,"Hamilton Park",40.727595966,-74.044247311,29657,"Subscriber",1979,1
230,"2018-12-02 17:07:08.5690","2018-12-02 17:10:59.3980",3211,"Newark Ave",40.72152515,-74.046304543,3203,"Hamilton Park",40.727595966,-74.044247311,26191,"Subscriber",1969,0
487,"2018-12-02 17:08:35.5210","2018-12-02 17:16:43.4610",3211,"Newark Ave",40.72152515,-74.046304543,3225,"Baldwin at Montgomery",40.7236589,-74.0641943,29678,"Subscriber",1976,0
433,"2018-12-02 23:32:10.9050","2018-12-02 23:39:24.4650",3211,"Newark Ave",40.72152515,-74.046304543,3225,"Baldwin at Montgomery",40.7236589,-74.0641943,20783,"Subscriber",1976,0
163,"2018-12-02 23:55:12.1160","2018-12-02 23:57:55.4570",3211,"Newark Ave",40.72152515,-74.046304543,3209,"Brunswick St",40.7241765,-74.0506564,29286,"Subscriber",1989,2
356,"2018-12-03 08:26:14.6700","2018-12-03 08:32:11.0180",3211,"Newark Ave",40.72152515,-74.046304543,3184,"Paulus Hook",40.7141454,-74.0335519,29453,"Subscriber",1989,1
389,"2018-12-03 08:35:50.2960","2018-12-03 08:42:20.2580",3211,"Newark Ave",40.72152515,-74.046304543,3202,"Newport PATH",40.7272235,-74.0337589,15947,"Subscriber",1990,1
326,"2018-12-03 08:38:42.1840","2018-12-03 08:44:08.3770",3211,"Newark Ave",40.72152515,-74.046304543,3211,"Newark Ave",40.72152515,-74.046304543,29276,"Subscriber",1991,1
468,"2018-12-03 08:50:53.7430","2018-12-03 08:58:42.6260",3211,"Newark Ave",40.72152515,-74.046304543,3267,"Morris Canal",40.7124188237569,-74.03852552175522,29532,"Subscriber",1995,1
468,"2018-12-03 09:08:29.9040","2018-12-03 09:16:17.9080",3211,"Newark Ave",40.72152515,-74.046304543,3276,"Marin Light Rail",40.71458403535893,-74.04281705617905,26215,"Subscriber",1985,1
112,"2018-12-03 09:16:47.4770","2018-12-03 09:18:40.2540",3211,"Newark Ave",40.72152515,-74.046304543,3186,"Grove St PATH",40.71958611647166,-74.04311746358871,29604,"Subscriber",1977,1
358,"2018-12-03 10:23:28.8300","2018-12-03 10:29:27.2390",3211,"Newark Ave",40.72152515,-74.046304543,3481,"York St",40.71649,-74.04105,29276,"Subscriber",1989,1
445,"2018-12-03 11:19:50.5090","2018-12-03 11:27:15.8910",3211,"Newark Ave",40.72152515,-74.046304543,3202,"Newport PATH",40.7272235,-74.0337589,29257,"Subscriber",1970,2
204,"2018-12-03 11:40:16.1530","2018-12-03 11:43:40.9840",3211,"Newark Ave",40.72152515,-74.046304543,3209,"Brunswick St",40.7241765,-74.0506564,26208,"Subscriber",1993,1
466,"2018-12-03 13:53:58.4910","2018-12-03 14:01:44.4920",3211,"Newark Ave",40.72152515,-74.046304543,3639,"Harborside",40.7192517,-74.034234,26155,"Subscriber",1973,1
371,"2018-12-03 14:07:46.4270","2018-12-03 14:13:58.2550",3211,"Newark Ave",40.72152515,-74.046304543,3639,"Harborside",40.7192517,-74.034234,29681,"Customer",1992,1
92,"2018-12-03 14:59:53.2070","2018-12-03 15:01:26.0350",3211,"Newark Ave",40.72152515,-74.046304543,3279,"Dixon Mills",40.721630142638354,-74.04996782541275,29645,"Subscriber",1976,1
264,"2018-12-03 15:35:46.6300","2018-12-03 15:40:11.1520",3211,"Newark Ave",40.72152515,-74.046304543,3203,"Hamilton Park",40.727595966,-74.044247311,29299,"Subscriber",1964,1
146,"2018-12-03 16:12:07.4690","2018-12-03 16:14:34.1460",3211,"Newark Ave",40.72152515,-74.046304543,3269,"Brunswick & 6th",40.72601172964625,-74.05038893222809,26202,"Subscriber",1988,1
1219,"2018-12-03 18:35:37.1550","2018-12-03 18:55:56.9260",3211,"Newark Ave",40.72152515,-74.046304543,3211,"Newark Ave",40.72152515,-74.046304543,29266,"Subscriber",1964,1
169,"2018-12-03 18:36:20.9560","2018-12-03 18:39:10.9260",3211,"Newark Ave",40.72152515,-74.046304543,3186,"Grove St PATH",40.71958611647166,-74.04311746358871,29607,"Subscriber",1981,1
190,"2018-12-03 18:59:04.0390","2018-12-03 19:02:14.3360",3211,"Newark Ave",40.72152515,-74.046304543,3203,"Hamilton Park",40.727595966,-74.044247311,29285,"Subscriber",1987,2
266,"2018-12-03 19:03:59.8590","2018-12-03 19:08:26.7700",3211,"Newark Ave",40.72152515,-74.046304543,3203,"Hamilton Park",40.727595966,-74.044247311,26303,"Subscriber",1986,1
146,"2018-12-03 19:16:38.1770","2018-12-03 19:19:04.5710",3211,"Newark Ave",40.72152515,-74.046304543,3270,"Jersey & 6th St",40.72528910781132,-74.04557168483734,26254,"Subscriber",1964,1
287,"2018-12-03 19:46:04.7180","2018-12-03 19:50:52.5340",3211,"Newark Ave",40.72152515,-74.046304543,3279,"Dixon Mills",40.721630142638354,-74.04996782541275,29266,"Subscriber",1986,1
179,"2018-12-03 20:11:26.9630","2018-12-03 20:14:26.9490",3211,"Newark Ave",40.72152515,-74.046304543,3278,"Monmouth and 6th",40.72568548362901,-74.04879033565521,29243,"Subscriber",1986,2
88,"2018-12-03 22:49:30.5820","2018-12-03 22:50:59.5350",3211,"Newark Ave",40.72152515,-74.046304543,3270,"Jersey & 6th St",40.72528910781132,-74.04557168483734,29665,"Subscriber",1958,2
135,"2018-12-03 23:36:09.1860","2018-12-03 23:38:25.1650",3211,"Newark Ave",40.72152515,-74.046304543,3270,"Jersey & 6th St",40.72528910781132,-74.04557168483734,29467,"Subscriber",1992,2
117,"2018-12-04 00:19:27.9320","2018-12-04 00:21:25.5910",3211,"Newark Ave",40.72152515,-74.046304543,3209,"Brunswick St",40.7241765,-74.0506564,26236,"Subscriber",1998,1
337,"2018-12-04 08:39:52.0060","2018-12-04 08:45:29.1550",3211,"Newark Ave",40.72152515,-74.046304543,3184,"Paulus Hook",40.7141454,-74.0335519,29235,"Subscriber",1989,1
436,"2018-12-04 08:44:02.3360","2018-12-04 08:51:19.2000",3211,"Newark Ave",40.72152515,-74.046304543,3202,"Newport PATH",40.7272235,-74.0337589,29470,"Subscriber",1990,1
412,"2018-12-04 08:46:34.4300","2018-12-04 08:53:27.2200",3211,"Newark Ave",40.72152515,-74.046304543,3214,"Essex Light Rail",40.7127742,-74.0364857,29244,"Subscriber",1995,1
616,"2018-12-04 09:08:42.7360","2018-12-04 09:18:59.3900",3211,"Newark Ave",40.72152515,-74.046304543,3183,"Exchange Place",40.7162469,-74.0334588,29460,"Subscriber",1990,1
177,"2018-12-04 11:15:00.7740","2018-12-04 11:17:58.3480",3211,"Newark Ave",40.72152515,-74.046304543,3213,"Van Vorst Park",40.71848892,-74.047726625,29645,"Subscriber",1976,1
1487,"2018-12-04 14:26:35.8180","2018-12-04 14:51:23.6950",3211,"Newark Ave",40.72152515,-74.046304543,3267,"Morris Canal",40.7124188237569,-74.03852552175522,29645,"Subscriber",1961,2
127,"2018-12-04 17:43:57.0070","2018-12-04 17:46:04.1830",3211,"Newark Ave",40.72152515,-74.046304543,3186,"Grove St PATH",40.71958611647166,-74.04311746358871,29455,"Subscriber",1982,1
378,"2018-12-04 17:48:49.6590","2018-12-04 17:55:08.2730",3211,"Newark Ave",40.72152515,-74.046304543,3203,"Hamilton Park",40.727595966,-74.044247311,29459,"Subscriber",1982,2
111,"2018-12-04 18:11:16.0740","2018-12-04 18:13:07.7760",3211,"Newark Ave",40.72152515,-74.046304543,3270,"Jersey & 6th St",40.72528910781132,-74.04557168483734,29257,"Subscriber",1958,2
421,"2018-12-04 18:58:34.4530","2018-12-04 19:05:36.1900",3211,"Newark Ave",40.72152515,-74.046304543,3276,"Marin Light Rail",40.71458403535893,-74.04281705617905,29528,"Subscriber",1972,1
155,"2018-12-04 18:59:24.8770","2018-12-04 19:02:00.0880",3211,"Newark Ave",40.72152515,-74.046304543,3185,"City Hall",40.7177325,-74.043845,26248,"Subscriber",1976,1
174,"2018-12-04 19:08:32.2100","2018-12-04 19:11:26.5030",3211,"Newark Ave",40.72152515,-74.046304543,3209,"Brunswick St",40.7241765,-74.0506564,29623,"Subscriber",1965,1
133,"2018-12-04 19:29:50.9090","2018-12-04 19:32:04.8440",3211,"Newark Ave",40.72152515,-74.046304543,3270,"Jersey & 6th St",40.72528910781132,-74.04557168483734,29257,"Subscriber",1958,2
513,"2018-12-04 19:54:54.9030","2018-12-04 20:03:28.6730",3211,"Newark Ave",40.72152515,-74.046304543,3268,"Lafayette Park",40.71346382669195,-74.06285852193832,29588,"Subscriber",1979,1
126,"2018-12-04 20:04:25.9850","2018-12-04 20:06:32.0390",3211,"Newark Ave",40.72152515,-74.046304543,3279,"Dixon Mills",40.721630142638354,-74.04996782541275,26255,"Subscriber",1970,1
272,"2018-12-04 20:18:09.9090","2018-12-04 20:22:42.7140",3211,"Newark Ave",40.72152515,-74.046304543,3203,"Hamilton Park",40.727595966,-74.044247311,26303,"Subscriber",1985,1
274,"2018-12-04 20:18:10.7630","2018-12-04 20:22:45.3650",3211,"Newark Ave",40.72152515,-74.046304543,3203,"Hamilton Park",40.727595966,-74.044247311,26301,"Subscriber",1985,2
473,"2018-12-04 20:21:28.5510","2018-12-04 20:29:21.5740",3211,"Newark Ave",40.72152515,-74.046304543,3225,"Baldwin at Montgomery",40.7236589,-74.0641943,29547,"Subscriber",1976,0
194,"2018-12-04 20:50:42.5170","2018-12-04 20:53:57.2280",3211,"Newark Ave",40.72152515,-74.046304543,3203,"Hamilton Park",40.727595966,-74.044247311,29459,"Subscriber",1972,1
372,"2018-12-04 21:13:09.7440","2018-12-04 21:19:22.1990",3211,"Newark Ave",40.72152515,-74.046304543,3202,"Newport PATH",40.7272235,-74.0337589,26191,"Subscriber",1982,1
119,"2018-12-04 22:30:49.4080","2018-12-04 22:32:48.8970",3211,"Newark Ave",40.72152515,-74.046304543,3209,"Brunswick St",40.7241765,-74.0506564,29496,"Subscriber",1998,1
177,"2018-12-05 07:58:37.2970","2018-12-05 08:01:34.7110",3211,"Newark Ave",40.72152515,-74.046304543,3213,"Van Vorst Park",40.71848892,-74.047726625,26304,"Subscriber",1962,2
262,"2018-12-05 11:01:23.8190","2018-12-05 11:05:46.8040",3211,"Newark Ave",40.72152515,-74.046304543,3483,"Montgomery St",40.71942,-74.05099,29498,"Subscriber",1961,1
106,"2018-12-05 11:56:14.9610","2018-12-05 11:58:01.0590",3211,"Newark Ave",40.72152515,-74.046304543,3213,"Van Vorst Park",40.71848892,-74.047726625,26215,"Subscriber",1967,2
102,"2018-12-05 12:07:58.8070","2018-12-05 12:09:40.9220",3211,"Newark Ave",40.72152515,-74.046304543,3211,"Newark Ave",40.72152515,-74.046304543,26247,"Subscriber",1991,1
89,"2018-12-05 12:12:47.3490","2018-12-05 12:14:17.1480",3211,"Newark Ave",40.72152515,-74.046304543,3213,"Van Vorst Park",40.71848892,-74.047726625,26295,"Subscriber",1989,2
313,"2018-12-05 12:32:36.3420","2018-12-05 12:37:50.1130",3211,"Newark Ave",40.72152515,-74.046304543,3209,"Brunswick St",40.7241765,-74.0506564,26260,"Subscriber",1993,1
686,"2018-12-05 14:29:03.2210","2018-12-05 14:40:29.2790",3211,"Newark Ave",40.72152515,-74.046304543,3183,"Exchange Place",40.7162469,-74.0334588,26247,"Subscriber",1989,1
435,"2018-12-05 14:32:56.7730","2018-12-05 14:40:12.5250",3211,"Newark Ave",40.72152515,-74.046304543,3638,"Washington St",40.7242941,-74.0354826,29498,"Subscriber",1982,1
116,"2018-12-05 14:42:36.1210","2018-12-05 14:44:32.3330",3211,"Newark Ave",40.72152515,-74.046304543,3186,"Grove St PATH",40.71958611647166,-74.04311746358871,29263,"Subscriber",1992,2
104,"2018-12-05 18:26:13.1640","2018-12-05 18:27:58.1440",3211,"Newark Ave",40.72152515,-74.046304543,3186,"Grove St PATH",40.71958611647166,-74.04311746358871,26284,"Subscriber",1995,1
167,"2018-12-05 18:41:58.7000","2018-12-05 18:44:46.3900",3211,"Newark Ave",40.72152515,-74.046304543,3186,"Grove St PATH",40.71958611647166,-74.04311746358871,26204,"Subscriber",1993,1
186,"2018-12-05 18:42:05.5070","2018-12-05 18:45:12.0890",3211,"Newark Ave",40.72152515,-74.046304543,3278,"Monmouth and 6th",40.72568548362901,-74.04879033565521,26167,"Subscriber",1982,2
579,"2018-12-06 17:19:44.8690","2018-12-06 17:29:24.1630",3211,"Newark Ave",40.72152515,-74.046304543,3220,"5 Corners Library",40.734961020009514,-74.0595030784607,29582,"Subscriber",1964,1
191,"2018-12-06 17:40:53.8030","2018-12-06 17:44:05.3220",3211,"Newark Ave",40.72152515,-74.046304543,3278,"Monmouth and 6th",40.72568548362901,-74.04879033565521,29285,"Subscriber",1987,2
138,"2018-12-06 18:43:36.9620","2018-12-06 18:45:55.1630",3211,"Newark Ave",40.72152515,-74.046304543,3279,"Dixon Mills",40.721630142638354,-74.04996782541275,29608,"Subscriber",1976,1
95,"2018-12-06 19:29:21.3570","2018-12-06 19:30:56.8520",3211,"Newark Ave",40.72152515,-74.046304543,3279,"Dixon Mills",40.721630142638354,-74.04996782541275,29578,"Subscriber",1970,1
219,"2018-12-06 19:39:01.5020","2018-12-06 19:42:40.5160",3211,"Newark Ave",40.72152515,-74.046304543,3209,"Brunswick St",40.7241765,-74.0506564,29235,"Subscriber",1990,1
257,"2018-12-06 19:39:16.7500","2018-12-06 19:43:34.6500",3211,"Newark Ave",40.72152515,-74.046304543,3205,"JC Medical Center",40.71653978099194,-74.0496379137039,26294,"Subscriber",1990,1
151,"2018-12-06 19:45:48.5940","2018-12-06 19:48:20.0470",3211,"Newark Ave",40.72152515,-74.046304543,3279,"Dixon Mills",40.721630142638354,-74.04996782541275,29484,"Subscriber",1962,2
227,"2018-12-06 19:47:51.3730","2018-12-06 19:51:38.4010",3211,"Newark Ave",40.72152515,-74.046304543,3269,"Brunswick & 6th",40.72601172964625,-74.05038893222809,29485,"Subscriber",1981,1
193,"2018-12-06 20:18:44.2750","2018-12-06 20:21:58.1020",3211,"Newark Ave",40.72152515,-74.046304543,3203,"Hamilton Park",40.727595966,-74.044247311,29614,"Subscriber",1972,1
141,"2018-12-06 20:47:54.5740","2018-12-06 20:50:16.3060",3211,"Newark Ave",40.72152515,-74.046304543,3270,"Jersey & 6th St",40.72528910781132,-74.04557168483734,30843,"Subscriber",1951,1
135,"2018-12-06 20:48:01.2940","2018-12-06 20:50:16.3750",3211,"Newark Ave",40.72152515,-74.046304543,3270,"Jersey & 6th St",40.72528910781132,-74.04557168483734,29531,"Subscriber",1956,1
191,"2018-12-06 20:57:54.0950","2018-12-06 21:01:05.8120",3211,"Newark Ave",40.72152515,-74.046304543,3203,"Hamilton Park",40.727595966,-74.044247311,29306,"Subscriber",1984,1
261,"2018-12-06 22:04:14.6590","2018-12-06 22:08:36.2520",3211,"Newark Ave",40.72152515,-74.046304543,3269,"Brunswick & 6th",40.72601172964625,-74.05038893222809,29227,"Subscriber",1981,1
127,"2018-12-06 22:10:13.4670","2018-12-06 22:12:20.7530",3211,"Newark Ave",40.72152515,-74.046304543,3278,"Monmouth and 6th",40.72568548362901,-74.04879033565521,29245,"Subscriber",1980,1
198,"2018-12-06 22:16:22.6930","2018-12-06 22:19:41.2180",3211,"Newark Ave",40.72152515,-74.046304543,3278,"Monmouth and 6th",40.72568548362901,-74.04879033565521,29304,"Subscriber",1988,2
183,"2018-12-06 22:31:08.0850","2018-12-06 22:34:11.7860",3211,"Newark Ave",40.72152515,-74.046304543,3278,"Monmouth and 6th",40.72568548362901,-74.04879033565521,26296,"Subscriber",1983,2
152,"2018-12-06 23:08:17.1630","2018-12-06 23:10:49.9330",3211,"Newark Ave",40.72152515,-74.046304543,3203,"Hamilton Park",40.727595966,-74.044247311,29459,"Subscriber",1990,1
246,"2018-12-07 08:47:18.7450","2018-12-07 08:51:24.9030",3211,"Newark Ave",40.72152515,-74.046304543,3273,"Manila & 1st",40.721650724879986,-74.04288411140442,29672,"Subscriber",1981,1
424,"2018-12-07 08:49:30.2920","2018-12-07 08:56:34.4010",3211,"Newark Ave",40.72152515,-74.046304543,3214,"Essex Light Rail",40.7127742,-74.0364857,29306,"Subscriber",1995,1
108,"2018-12-07 09:44:23.1740","2018-12-07 09:46:11.6730",3211,"Newark Ave",40.72152515,-74.046304543,3186,"Grove St PATH",40.71958611647166,-74.04311746358871,29250,"Subscriber",1977,1
116,"2018-12-07 09:59:16.1320","2018-12-07 10:01:12.9600",3211,"Newark Ave",40.72152515,-74.046304543,3186,"Grove St PATH",40.71958611647166,-74.04311746358871,26264,"Subscriber",1961,1
623,"2018-12-07 10:09:45.1320","2018-12-07 10:20:08.5370",3211,"Newark Ave",40.72152515,-74.046304543,3203,"Hamilton Park",40.727595966,-74.044247311,26203,"Subscriber",1981,2
83,"2018-12-07 11:37:24.7480","2018-12-07 11:38:48.3160",3211,"Newark Ave",40.72152515,-74.046304543,3270,"Jersey & 6th St",40.72528910781132,-74.04557168483734,29629,"Subscriber",1971,1
227,"2018-12-07 13:08:51.1690","2018-12-07 13:12:38.7900",3211,"Newark Ave",40.72152515,-74.046304543,3203,"Hamilton Park",40.727595966,-74.044247311,26243,"Subscriber",1988,2
163,"2018-12-07 13:52:02.0270","2018-12-07 13:54:45.9130",3211,"Newark Ave",40.72152515,-74.046304543,3209,"Brunswick St",40.7241765,-74.0506564,29629,"Subscriber",1986,1
120,"2018-12-07 16:07:10.9210","2018-12-07 16:09:11.6700",3211,"Newark Ave",40.72152515,-74.046304543,3279,"Dixon Mills",40.721630142638354,-74.04996782541275,29487,"Subscriber",1982,1
381,"2018-12-07 18:36:38.9470","2018-12-07 18:43:00.1720",3211,"Newark Ave",40.72152515,-74.046304543,3183,"Exchange Place",40.7162469,-74.0334588,29532,"Subscriber",1990,1
155,"2018-12-07 18:56:35.9960","2018-12-07 18:59:11.0960",3211,"Newark Ave",40.72152515,-74.046304543,3270,"Jersey & 6th St",40.72528910781132,-74.04557168483734,29472,"Subscriber",1992,2
246,"2018-12-07 19:13:16.5490","2018-12-07 19:17:23.3740",3211,"Newark Ave",40.72152515,-74.046304543,3203,"Hamilton Park",40.727595966,-74.044247311,29243,"Subscriber",1980,2
125,"2018-12-07 19:41:34.7900","2018-12-07 19:43:40.3900",3211,"Newark Ave",40.72152515,-74.046304543,3186,"Grove St PATH",40.71958611647166,-74.04311746358871,29606,"Subscriber",1981,1
152,"2018-12-07 21:36:17.6310","2018-12-07 21:38:50.3040",3211,"Newark Ave",40.72152515,-74.046304543,3203,"Hamilton Park",40.727595966,-74.044247311,29307,"Subscriber",1986,1
83,"2018-12-07 21:39:10.2920","2018-12-07 21:40:34.1190",3211,"Newark Ave",40.72152515,-74.046304543,3272,"Jersey & 3rd",40.72333158646436,-74.04595255851744,29227,"Subscriber",1995,1
95,"2018-12-07 21:44:37.8720","2018-12-07 21:46:13.2890",3211,"Newark Ave",40.72152515,-74.046304543,3279,"Dixon Mills",40.721630142638354,-74.04996782541275,29120,"Subscriber",1970,1
176,"2018-12-08 06:32:40.8580","2018-12-08 06:35:37.1040",3211,"Newark Ave",40.72152515,-74.046304543,3185,"City Hall",40.7177325,-74.043845,29123,"Subscriber",1984,2
93,"2018-12-08 07:52:43.8210","2018-12-08 07:54:17.2160",3211,"Newark Ave",40.72152515,-74.046304543,3186,"Grove St PATH",40.71958611647166,-74.04311746358871,29276,"Subscriber",1993,1
66,"2018-12-08 11:35:45.1550","2018-12-08 11:36:52.0670",3211,"Newark Ave",40.72152515,-74.046304543,3272,"Jersey & 3rd",40.72333158646436,-74.04595255851744,29227,"Subscriber",1995,1
493,"2018-12-08 12:10:06.1070","2018-12-08 12:18:19.9510",3211,"Newark Ave",40.72152515,-74.046304543,3267,"Morris Canal",40.7124188237569,-74.03852552175522,29306,"Subscriber",1968,2
131,"2018-12-08 12:51:19.0520","2018-12-08 12:53:30.9010",3211,"Newark Ave",40.72152515,-74.046304543,3209,"Brunswick St",40.7241765,-74.0506564,29520,"Subscriber",1965,1
668,"2018-12-08 13:15:17.9690","2018-12-08 13:26:26.6720",3211,"Newark Ave",40.72152515,-74.046304543,3214,"Essex Light Rail",40.7127742,-74.0364857,29516,"Subscriber",1991,2
383,"2018-12-08 15:46:31.1940","2018-12-08 15:52:54.5110",3211,"Newark Ave",40.72152515,-74.046304543,3214,"Essex Light Rail",40.7127742,-74.0364857,29227,"Subscriber",1995,1
243,"2018-12-08 16:59:59.3000","2018-12-08 17:04:02.6660",3211,"Newark Ave",40.72152515,-74.046304543,3209,"Brunswick St",40.7241765,-74.0506564,26233,"Subscriber",1989,2
420,"2018-12-08 17:30:33.1080","2018-12-08 17:37:33.4030",3211,"Newark Ave",40.72152515,-74.046304543,3209,"Brunswick St",40.7241765,-74.0506564,29519,"Subscriber",1986,1
191,"2018-12-08 18:35:47.3350","2018-12-08 18:38:59.0570",3211,"Newark Ave",40.72152515,-74.046304543,3269,"Brunswick & 6th",40.72601172964625,-74.05038893222809,26160,"Subscriber",1995,1
188,"2018-12-08 19:31:11.8970","2018-12-08 19:34:20.1130",3211,"Newark Ave",40.72152515,-74.046304543,3209,"Brunswick St",40.7241765,-74.0506564,29307,"Subscriber",1993,1
235,"2018-12-08 20:41:42.0320","2018-12-08 20:45:37.6800",3211,"Newark Ave",40.72152515,-74.046304543,3205,"JC Medical Center",40.71653978099194,-74.0496379137039,29479,"Subscriber",1964,1
156,"2018-12-08 20:54:44.8770","2018-12-08 20:57:21.7710",3211,"Newark Ave",40.72152515,-74.046304543,3205,"JC Medical Center",40.71653978099194,-74.0496379137039,29227,"Subscriber",1976,1
129,"2018-12-08 20:55:34.2220","2018-12-08 20:57:44.0070",3211,"Newark Ave",40.72152515,-74.046304543,3273,"Manila & 1st",40.721650724879986,-74.04288411140442,29626,"Subscriber",1989,1
124,"2018-12-08 23:10:03.2460","2018-12-08 23:12:07.7610",3211,"Newark Ave",40.72152515,-74.046304543,3186,"Grove St PATH",40.71958611647166,-74.04311746358871,26257,"Subscriber",1992,1
190,"2018-12-09 00:23:06.5630","2018-12-09 00:26:17.4670",3211,"Newark Ave",40.72152515,-74.046304543,3203,"Hamilton Park",40.727595966,-74.044247311,29596,"Subscriber",1981,1
94,"2018-12-09 00:30:44.8740","2018-12-09 00:32:19.1130",3211,"Newark Ave",40.72152515,-74.046304543,3209,"Brunswick St",40.7241765,-74.0506564,29297,"Subscriber",1981,1
168,"2018-12-09 01:55:14.5080","2018-12-09 01:58:02.6140",3211,"Newark Ave",40.72152515,-74.046304543,3203,"Hamilton Park",40.727595966,-74.044247311,26295,"Subscriber",1983,1
90,"2018-12-09 10:11:33.1620","2018-12-09 10:13:04.1420",3211,"Newark Ave",40.72152515,-74.046304543,3272,"Jersey & 3rd",40.72333158646436,-74.04595255851744,26199,"Subscriber",1979,2
267,"2018-12-09 11:15:00.7310","2018-12-09 11:19:27.8580",3211,"Newark Ave",40.72152515,-74.046304543,3276,"Marin Light Rail",40.71458403535893,-74.04281705617905,29465,"Subscriber",1988,1
171,"2018-12-09 11:50:53.1350","2018-12-09 11:53:44.2580",3211,"Newark Ave",40.72152515,-74.046304543,3278,"Monmouth and 6th",40.72568548362901,-74.04879033565521,26257,"Subscriber",1983,2
1090,"2018-12-09 12:51:47.6500","2018-12-09 13:09:57.7880",3211,"Newark Ave",40.72152515,-74.046304543,3198,"Heights Elevator",40.748715945380226,-74.04044330120087,29293,"Subscriber",1963,1
234,"2018-12-09 12:56:17.3830","2018-12-09 13:00:12.0280",3211,"Newark Ave",40.72152515,-74.046304543,3203,"Hamilton Park",40.727595966,-74.044247311,26157,"Subscriber",1983,1
457,"2018-12-09 14:16:26.3880","2018-12-09 14:24:03.8030",3211,"Newark Ave",40.72152515,-74.046304543,3183,"Exchange Place",40.7162469,-74.0334588,26244,"Subscriber",1973,1
89,"2018-12-09 14:39:02.4400","2018-12-09 14:40:31.8250",3211,"Newark Ave",40.72152515,-74.046304543,3270,"Jersey & 6th St",40.72528910781132,-74.04557168483734,29491,"Subscriber",1978,1
477,"2018-12-09 15:30:50.7800","2018-12-09 15:38:48.3260",3211,"Newark Ave",40.72152515,-74.046304543,3483,"Montgomery St",40.71942,-74.05099,26260,"Customer",1969,0
272,"2018-12-09 17:03:41.0390","2018-12-09 17:08:13.0590",3211,"Newark Ave",40.72152515,-74.046304543,3185,"City Hall",40.7177325,-74.043845,29450,"Subscriber",1982,1
233,"2018-12-09 17:11:00.7500","2018-12-09 17:14:54.1100",3211,"Newark Ave",40.72152515,-74.046304543,3203,"Hamilton Park",40.727595966,-74.044247311,29266,"Subscriber",1969,0
176,"2018-12-09 17:32:37.7540","2018-12-09 17:35:34.2670",3211,"Newark Ave",40.72152515,-74.046304543,3209,"Brunswick St",40.7241765,-74.0506564,29675,"Subscriber",1995,1
94,"2018-12-09 18:56:29.1560","2018-12-09 18:58:03.7300",3211,"Newark Ave",40.72152515,-74.046304543,3270,"Jersey & 6th St",40.72528910781132,-74.04557168483734,26205,"Subscriber",1981,1
880,"2018-12-09 19:22:11.1760","2018-12-09 19:36:52.1650",3211,"Newark Ave",40.72152515,-74.046304543,3212,"Christ Hospital",40.734785818,-74.050443636,29453,"Subscriber",1990,1
182,"2018-12-09 19:25:09.7940","2018-12-09 19:28:12.1620",3211,"Newark Ave",40.72152515,-74.046304543,3203,"Hamilton Park",40.727595966,-74.044247311,29491,"Subscriber",1989,1
206,"2018-12-09 22:12:17.0130","2018-12-09 22:15:43.4060",3211,"Newark Ave",40.72152515,-74.046304543,3203,"Hamilton Park",40.727595966,-74.044247311,26242,"Subscriber",1988,2
102,"2018-12-10 07:46:20.6140","2018-12-10 07:48:02.8220",3211,"Newark Ave",40.72152515,-74.046304543,3186,"Grove St PATH",40.71958611647166,-74.04311746358871,29490,"Subscriber",1989,1
464,"2018-12-10 08:22:34.2890","2018-12-10 08:30:18.6770",3211,"Newark Ave",40.72152515,-74.046304543,3202,"Newport PATH",40.7272235,-74.0337589,29668,"Subscriber",1990,1
92,"2018-12-10 08:27:53.1740","2018-12-10 08:29:25.8810",3211,"Newark Ave",40.72152515,-74.046304543,3186,"Grove St PATH",40.71958611647166,-74.04311746358871,26251,"Subscriber",1992,1
498,"2018-12-10 08:44:14.7470","2018-12-10 08:52:32.7810",3211,"Newark Ave",40.72152515,-74.046304543,3639,"Harborside",40.7192517,-74.034234,26294,"Subscriber",1975,1
433,"2018-12-10 08:52:11.2440","2018-12-10 08:59:24.9000",3211,"Newark Ave",40.72152515,-74.046304543,3214,"Essex Light Rail",40.7127742,-74.0364857,29675,"Subscriber",1995,1
494,"2018-12-10 09:14:46.1870","2018-12-10 09:23:00.9690",3211,"Newark Ave",40.72152515,-74.046304543,3183,"Exchange Place",40.7162469,-74.0334588,29439,"Subscriber",1987,2
327,"2018-12-10 09:30:28.4800","2018-12-10 09:35:55.6620",3211,"Newark Ave",40.72152515,-74.046304543,3276,"Marin Light Rail",40.71458403535893,-74.04281705617905,26268,"Subscriber",1989,1
502,"2018-12-10 09:31:35.4390","2018-12-10 09:39:58.0730",3211,"Newark Ave",40.72152515,-74.046304543,3183,"Exchange Place",40.7162469,-74.0334588,26201,"Subscriber",1990,1
253,"2018-12-10 10:05:07.9170","2018-12-10 10:09:21.0360",3211,"Newark Ave",40.72152515,-74.046304543,3203,"Hamilton Park",40.727595966,-74.044247311,29443,"Subscriber",1988,2
246,"2018-12-10 14:18:44.4340","2018-12-10 14:22:50.6700",3211,"Newark Ave",40.72152515,-74.046304543,3275,"Columbus Drive",40.71835519823214,-74.03891444206238,26242,"Subscriber",1973,1
1090,"2018-12-10 16:41:23.9020","2018-12-10 16:59:34.3070",3211,"Newark Ave",40.72152515,-74.046304543,3281,"Leonard Gordon Park",40.74590996631558,-74.0572714805603,29586,"Subscriber",1986,1
204,"2018-12-10 17:04:07.3980","2018-12-10 17:07:31.7550",3211,"Newark Ave",40.72152515,-74.046304543,3278,"Monmouth and 6th",40.72568548362901,-74.04879033565521,29506,"Subscriber",1982,2
932,"2018-12-10 17:35:23.6770","2018-12-10 17:50:56.3340",3211,"Newark Ave",40.72152515,-74.046304543,3681,"Grand St",40.71517767732029,-74.03768330812454,26215,"Subscriber",1980,1
202,"2018-12-10 18:12:21.7500","2018-12-10 18:15:44.6640",3211,"Newark Ave",40.72152515,-74.046304543,3203,"Hamilton Park",40.727595966,-74.044247311,26241,"Subscriber",1973,1
298,"2018-12-10 18:23:44.3180","2018-12-10 18:28:43.1950",3211,"Newark Ave",40.72152515,-74.046304543,3185,"City Hall",40.7177325,-74.043845,26293,"Subscriber",1994,1
146,"2018-12-10 19:07:06.1410","2018-12-10 19:09:32.6320",3211,"Newark Ave",40.72152515,-74.046304543,3279,"Dixon Mills",40.721630142638354,-74.04996782541275,26283,"Subscriber",1962,2
1481,"2018-12-10 19:18:22.0210","2018-12-10 19:43:03.5990",3211,"Newark Ave",40.72152515,-74.046304543,3202,"Newport PATH",40.7272235,-74.0337589,29512,"Subscriber",1992,1
210,"2018-12-10 19:34:32.0160","2018-12-10 19:38:02.5420",3211,"Newark Ave",40.72152515,-74.046304543,3203,"Hamilton Park",40.727595966,-74.044247311,29301,"Subscriber",1986,1
219,"2018-12-10 20:15:04.3750","2018-12-10 20:18:43.4820",3211,"Newark Ave",40.72152515,-74.046304543,3278,"Monmouth and 6th",40.72568548362901,-74.04879033565521,29674,"Subscriber",1986,2
247,"2018-12-10 21:16:37.0960","2018-12-10 21:20:44.2880",3211,"Newark Ave",40.72152515,-74.046304543,3203,"Hamilton Park",40.727595966,-74.044247311,29445,"Subscriber",1978,0
94,"2018-12-10 22:30:00.6150","2018-12-10 22:31:35.1170",3211,"Newark Ave",40.72152515,-74.046304543,3270,"Jersey & 6th St",40.72528910781132,-74.04557168483734,29614,"Subscriber",1987,1
253,"2018-12-10 22:32:39.0600","2018-12-10 22:36:52.3090",3211,"Newark Ave",40.72152515,-74.046304543,3269,"Brunswick & 6th",40.72601172964625,-74.05038893222809,29214,"Subscriber",1988,2
226,"2018-12-11 08:08:21.2320","2018-12-11 08:12:07.4970",3211,"Newark Ave",40.72152515,-74.046304543,3269,"Brunswick & 6th",40.72601172964625,-74.05038893222809,29547,"Subscriber",1986,2
190,"2018-12-11 08:29:11.1720","2018-12-11 08:32:21.8470",3211,"Newark Ave",40.72152515,-74.046304543,3269,"Brunswick & 6th",40.72601172964625,-74.05038893222809,26243,"Subscriber",1981,1
387,"2018-12-11 08:34:41.5510","2018-12-11 08:41:08.6050",3211,"Newark Ave",40.72152515,-74.046304543,3202,"Newport PATH",40.7272235,-74.0337589,29278,"Subscriber",1990,1
461,"2018-12-11 08:45:24.9990","2018-12-11 08:53:06.9790",3211,"Newark Ave",40.72152515,-74.046304543,3183,"Exchange Place",40.7162469,-74.0334588,29490,"Subscriber",1977,1
569,"2018-12-11 08:53:39.2210","2018-12-11 09:03:08.9920",3211,"Newark Ave",40.72152515,-74.046304543,3184,"Paulus Hook",40.7141454,-74.0335519,29581,"Subscriber",1991,1
416,"2018-12-11 08:53:40.2330","2018-12-11 09:00:36.6520",3211,"Newark Ave",40.72152515,-74.046304543,3214,"Essex Light Rail",40.7127742,-74.0364857,29614,"Subscriber",1995,1
104,"2018-12-11 09:28:39.9330","2018-12-11 09:30:24.0740",3211,"Newark Ave",40.72152515,-74.046304543,3186,"Grove St PATH",40.71958611647166,-74.04311746358871,29677,"Subscriber",1977,1
573,"2018-12-11 09:36:27.8470","2018-12-11 09:46:00.9180",3211,"Newark Ave",40.72152515,-74.046304543,3183,"Exchange Place",40.7162469,-74.0334588,29517,"Subscriber",1990,1
145,"2018-12-11 09:41:49.3480","2018-12-11 09:44:14.5660",3211,"Newark Ave",40.72152515,-74.046304543,3205,"JC Medical Center",40.71653978099194,-74.0496379137039,29245,"Subscriber",1967,2
201,"2018-12-11 12:04:13.2020","2018-12-11 12:07:34.8140",3211,"Newark Ave",40.72152515,-74.046304543,3187,"Warren St",40.7211236,-74.03805095,29250,"Subscriber",1965,1
173,"2018-12-11 12:32:09.6560","2018-12-11 12:35:03.1800",3211,"Newark Ave",40.72152515,-74.046304543,3213,"Van Vorst Park",40.71848892,-74.047726625,29455,"Subscriber",1976,1
71,"2018-12-11 13:58:46.5250","2018-12-11 13:59:58.2120",3211,"Newark Ave",40.72152515,-74.046304543,3272,"Jersey & 3rd",40.72333158646436,-74.04595255851744,26244,"Subscriber",1985,1
159,"2018-12-11 13:59:09.0930","2018-12-11 14:01:48.9050",3211,"Newark Ave",40.72152515,-74.046304543,3270,"Jersey & 6th St",40.72528910781132,-74.04557168483734,29475,"Subscriber",1991,2
676,"2018-12-11 14:48:19.2240","2018-12-11 14:59:36.1750",3211,"Newark Ave",40.72152515,-74.046304543,3192,"Liberty Light Rail",40.7112423,-74.0557013,29544,"Customer",1990,1
633,"2018-12-11 14:49:00.4050","2018-12-11 14:59:33.5580",3211,"Newark Ave",40.72152515,-74.046304543,3192,"Liberty Light Rail",40.7112423,-74.0557013,29525,"Customer",1983,2
105,"2018-12-11 15:58:23.3730","2018-12-11 16:00:08.9670",3211,"Newark Ave",40.72152515,-74.046304543,3186,"Grove St PATH",40.71958611647166,-74.04311746358871,29613,"Subscriber",1968,1
216,"2018-12-11 16:27:45.0230","2018-12-11 16:31:21.0970",3211,"Newark Ave",40.72152515,-74.046304543,3203,"Hamilton Park",40.727595966,-74.044247311,29260,"Subscriber",1970,2
111,"2018-12-11 16:48:14.2390","2018-12-11 16:50:05.2750",3211,"Newark Ave",40.72152515,-74.046304543,3213,"Van Vorst Park",40.71848892,-74.047726625,26173,"Subscriber",1963,1
582,"2018-12-11 17:50:14.5400","2018-12-11 17:59:56.8440",3211,"Newark Ave",40.72152515,-74.046304543,3199,"Newport Pkwy",40.7287448,-74.0321082,26316,"Subscriber",1980,1
196,"2018-12-11 18:11:35.4130","2018-12-11 18:14:51.4690",3211,"Newark Ave",40.72152515,-74.046304543,3269,"Brunswick & 6th",40.72601172964625,-74.05038893222809,29246,"Subscriber",1969,0
231,"2018-12-11 18:12:01.3370","2018-12-11 18:15:52.5880",3211,"Newark Ave",40.72152515,-74.046304543,3269,"Brunswick & 6th",40.72601172964625,-74.05038893222809,29657,"Subscriber",1980,2
172,"2018-12-11 18:20:42.2630","2018-12-11 18:23:34.2870",3211,"Newark Ave",40.72152515,-74.046304543,3278,"Monmouth and 6th",40.72568548362901,-74.04879033565521,26281,"Subscriber",1983,2
252,"2018-12-11 18:28:42.9150","2018-12-11 18:32:55.8410",3211,"Newark Ave",40.72152515,-74.046304543,3203,"Hamilton Park",40.727595966,-74.044247311,26201,"Subscriber",1978,1
249,"2018-12-11 18:36:02.3550","2018-12-11 18:40:12.2530",3211,"Newark Ave",40.72152515,-74.046304543,3185,"City Hall",40.7177325,-74.043845,29291,"Subscriber",1994,1
112,"2018-12-11 19:59:30.8420","2018-12-11 20:01:23.3770",3211,"Newark Ave",40.72152515,-74.046304543,3186,"Grove St PATH",40.71958611647166,-74.04311746358871,29531,"Subscriber",1995,1
421,"2018-12-11 21:42:19.9240","2018-12-11 21:49:21.9070",3211,"Newark Ave",40.72152515,-74.046304543,3225,"Baldwin at Montgomery",40.7236589,-74.0641943,29679,"Subscriber",1976,0
110,"2018-12-11 21:50:01.8920","2018-12-11 21:51:52.1600",3211,"Newark Ave",40.72152515,-74.046304543,3186,"Grove St PATH",40.71958611647166,-74.04311746358871,26172,"Subscriber",1981,1
293,"2018-12-12 08:16:43.1910","2018-12-12 08:21:37.1030",3211,"Newark Ave",40.72152515,-74.046304543,3638,"Washington St",40.7242941,-74.0354826,26254,"Customer",1990,1
259,"2018-12-12 08:18:46.3120","2018-12-12 08:23:05.8230",3211,"Newark Ave",40.72152515,-74.046304543,3639,"Harborside",40.7192517,-74.034234,29207,"Subscriber",1983,1
380,"2018-12-12 08:52:53.8080","2018-12-12 08:59:14.6000",3211,"Newark Ave",40.72152515,-74.046304543,3214,"Essex Light Rail",40.7127742,-74.0364857,29608,"Subscriber",1995,1
135,"2018-12-12 08:53:36.0050","2018-12-12 08:55:51.5200",3211,"Newark Ave",40.72152515,-74.046304543,3186,"Grove St PATH",40.71958611647166,-74.04311746358871,29204,"Subscriber",1981,1
131,"2018-12-12 09:55:34.6660","2018-12-12 09:57:46.4700",3211,"Newark Ave",40.72152515,-74.046304543,3278,"Monmouth and 6th",40.72568548362901,-74.04879033565521,26234,"Subscriber",1980,1
307,"2018-12-12 12:28:50.5660","2018-12-12 12:33:57.9090",3211,"Newark Ave",40.72152515,-74.046304543,3183,"Exchange Place",40.7162469,-74.0334588,29552,"Subscriber",1965,1
136,"2018-12-12 13:57:37.8480","2018-12-12 13:59:54.1350",3211,"Newark Ave",40.72152515,-74.046304543,3270,"Jersey & 6th St",40.72528910781132,-74.04557168483734,29502,"Subscriber",1991,2
186,"2018-12-12 14:03:16.6200","2018-12-12 14:06:22.7600",3211,"Newark Ave",40.72152515,-74.046304543,3185,"City Hall",40.7177325,-74.043845,29534,"Subscriber",1970,2
805,"2018-12-12 17:06:28.8110","2018-12-12 17:19:54.3720",3211,"Newark Ave",40.72152515,-74.046304543,3640,"Journal Square",40.73367,-74.0625,29452,"Subscriber",1987,1
218,"2018-12-12 17:40:37.5310","2018-12-12 17:44:16.1460",3211,"Newark Ave",40.72152515,-74.046304543,3203,"Hamilton Park",40.727595966,-74.044247311,29569,"Subscriber",1975,1
108,"2018-12-12 18:12:07.8740","2018-12-12 18:13:56.7430",3211,"Newark Ave",40.72152515,-74.046304543,3186,"Grove St PATH",40.71958611647166,-74.04311746358871,26279,"Subscriber",1987,1
164,"2018-12-12 18:20:47.3580","2018-12-12 18:23:32.3250",3211,"Newark Ave",40.72152515,-74.046304543,3269,"Brunswick & 6th",40.72601172964625,-74.05038893222809,29282,"Subscriber",1978,1
216,"2018-12-12 18:43:34.0800","2018-12-12 18:47:10.7480",3211,"Newark Ave",40.72152515,-74.046304543,3203,"Hamilton Park",40.727595966,-74.044247311,29275,"Subscriber",1980,2
263,"2018-12-12 19:14:12.9040","2018-12-12 19:18:36.2230",3211,"Newark Ave",40.72152515,-74.046304543,3203,"Hamilton Park",40.727595966,-74.044247311,26297,"Subscriber",1973,1
242,"2018-12-12 19:22:24.9460","2018-12-12 19:26:27.0360",3211,"Newark Ave",40.72152515,-74.046304543,3278,"Monmouth and 6th",40.72568548362901,-74.04879033565521,29308,"Subscriber",1988,2
121,"2018-12-12 20:22:01.7650","2018-12-12 20:24:02.8450",3211,"Newark Ave",40.72152515,-74.046304543,3279,"Dixon Mills",40.721630142638354,-74.04996782541275,29224,"Subscriber",1982,2
121,"2018-12-12 20:22:01.5700","2018-12-12 20:24:02.7330",3211,"Newark Ave",40.72152515,-74.046304543,3279,"Dixon Mills",40.721630142638354,-74.04996782541275,29673,"Subscriber",1970,1
122,"2018-12-12 20:33:49.7250","2018-12-12 20:35:52.5610",3211,"Newark Ave",40.72152515,-74.046304543,3186,"Grove St PATH",40.71958611647166,-74.04311746358871,29664,"Subscriber",1995,1
569,"2018-12-12 21:07:20.9940","2018-12-12 21:16:50.6520",3211,"Newark Ave",40.72152515,-74.046304543,3192,"Liberty Light Rail",40.7112423,-74.0557013,26215,"Subscriber",1979,1
553,"2018-12-12 21:07:43.5260","2018-12-12 21:16:56.8660",3211,"Newark Ave",40.72152515,-74.046304543,3192,"Liberty Light Rail",40.7112423,-74.0557013,29217,"Subscriber",1969,2
394,"2018-12-12 22:15:49.6900","2018-12-12 22:22:23.7110",3211,"Newark Ave",40.72152515,-74.046304543,3270,"Jersey & 6th St",40.72528910781132,-74.04557168483734,29215,"Subscriber",1988,2
447,"2018-12-13 00:30:15.5050","2018-12-13 00:37:42.6170",3211,"Newark Ave",40.72152515,-74.046304543,3225,"Baldwin at Montgomery",40.7236589,-74.0641943,29282,"Subscriber",1976,0
262,"2018-12-13 08:21:41.8390","2018-12-13 08:26:03.9050",3211,"Newark Ave",40.72152515,-74.046304543,3639,"Harborside",40.7192517,-74.034234,29301,"Subscriber",1983,1
453,"2018-12-13 08:54:15.2970","2018-12-13 09:01:48.9320",3211,"Newark Ave",40.72152515,-74.046304543,3214,"Essex Light Rail",40.7127742,-74.0364857,29603,"Subscriber",1995,1
115,"2018-12-13 09:25:08.1030","2018-12-13 09:27:03.4930",3211,"Newark Ave",40.72152515,-74.046304543,3186,"Grove St PATH",40.71958611647166,-74.04311746358871,29252,"Subscriber",1977,1
212,"2018-12-13 10:34:54.3610","2018-12-13 10:38:26.8020",3211,"Newark Ave",40.72152515,-74.046304543,3203,"Hamilton Park",40.727595966,-74.044247311,29207,"Subscriber",1988,2
144,"2018-12-13 11:50:32.5330","2018-12-13 11:52:57.0030",3211,"Newark Ave",40.72152515,-74.046304543,3186,"Grove St PATH",40.71958611647166,-74.04311746358871,29589,"Subscriber",1964,1
317,"2018-12-13 12:18:31.9450","2018-12-13 12:23:49.8080",3211,"Newark Ave",40.72152515,-74.046304543,3483,"Montgomery St",40.71942,-74.05099,29612,"Subscriber",1961,1
166,"2018-12-13 12:27:59.4990","2018-12-13 12:30:46.4750",3211,"Newark Ave",40.72152515,-74.046304543,3278,"Monmouth and 6th",40.72568548362901,-74.04879033565521,29601,"Subscriber",1978,2
142,"2018-12-13 16:11:17.8450","2018-12-13 16:13:40.2680",3211,"Newark Ave",40.72152515,-74.046304543,3185,"City Hall",40.7177325,-74.043845,29619,"Subscriber",1984,1
610,"2018-12-13 17:39:03.3010","2018-12-13 17:49:13.9900",3211,"Newark Ave",40.72152515,-74.046304543,3202,"Newport PATH",40.7272235,-74.0337589,26294,"Subscriber",1990,1
93,"2018-12-13 17:55:11.9870","2018-12-13 17:56:45.4810",3211,"Newark Ave",40.72152515,-74.046304543,3186,"Grove St PATH",40.71958611647166,-74.04311746358871,29616,"Subscriber",1987,1
389,"2018-12-13 18:47:05.1440","2018-12-13 18:53:34.6400",3211,"Newark Ave",40.72152515,-74.046304543,3481,"York St",40.71649,-74.04105,26192,"Subscriber",1989,1
127,"2018-12-13 18:51:05.9140","2018-12-13 18:53:13.5160",3211,"Newark Ave",40.72152515,-74.046304543,3209,"Brunswick St",40.7241765,-74.0506564,29636,"Subscriber",1979,1
154,"2018-12-13 19:06:22.6170","2018-12-13 19:08:57.1380",3211,"Newark Ave",40.72152515,-74.046304543,3203,"Hamilton Park",40.727595966,-74.044247311,29207,"Subscriber",1990,1
122,"2018-12-13 20:01:17.0210","2018-12-13 20:03:19.1040",3211,"Newark Ave",40.72152515,-74.046304543,3209,"Brunswick St",40.7241765,-74.0506564,29459,"Subscriber",1980,2
561,"2018-12-13 20:30:42.7490","2018-12-13 20:40:03.7620",3211,"Newark Ave",40.72152515,-74.046304543,3192,"Liberty Light Rail",40.7112423,-74.0557013,29598,"Subscriber",1979,1
191,"2018-12-13 22:10:17.5650","2018-12-13 22:13:28.7140",3211,"Newark Ave",40.72152515,-74.046304543,3203,"Hamilton Park",40.727595966,-74.044247311,26297,"Subscriber",1985,1
192,"2018-12-13 22:20:08.9250","2018-12-13 22:23:21.1650",3211,"Newark Ave",40.72152515,-74.046304543,3270,"Jersey & 6th St",40.72528910781132,-74.04557168483734,29434,"Subscriber",1958,2
175,"2018-12-13 22:46:14.3110","2018-12-13 22:49:10.0000",3211,"Newark Ave",40.72152515,-74.046304543,3269,"Brunswick & 6th",40.72601172964625,-74.05038893222809,29245,"Subscriber",1986,1
184,"2018-12-13 22:55:53.9650","2018-12-13 22:58:58.4300",3211,"Newark Ave",40.72152515,-74.046304543,3203,"Hamilton Park",40.727595966,-74.044247311,29493,"Subscriber",1972,1
96,"2018-12-14 01:01:32.6130","2018-12-14 01:03:08.6390",3211,"Newark Ave",40.72152515,-74.046304543,3213,"Van Vorst Park",40.71848892,-74.047726625,29262,"Subscriber",1988,1
187,"2018-12-14 07:25:44.2150","2018-12-14 07:28:51.8660",3211,"Newark Ave",40.72152515,-74.046304543,3203,"Hamilton Park",40.727595966,-74.044247311,29224,"Subscriber",1992,2
193,"2018-12-14 07:39:04.5530","2018-12-14 07:42:18.2070",3211,"Newark Ave",40.72152515,-74.046304543,3185,"City Hall",40.7177325,-74.043845,29676,"Subscriber",1985,1
296,"2018-12-14 08:14:31.4310","2018-12-14 08:19:28.3380",3211,"Newark Ave",40.72152515,-74.046304543,3639,"Harborside",40.7192517,-74.034234,29437,"Subscriber",1983,1
376,"2018-12-14 08:52:47.1850","2018-12-14 08:59:03.9510",3211,"Newark Ave",40.72152515,-74.046304543,3214,"Essex Light Rail",40.7127742,-74.0364857,29207,"Subscriber",1995,1
328,"2018-12-14 11:40:16.0430","2018-12-14 11:45:44.0660",3211,"Newark Ave",40.72152515,-74.046304543,3187,"Warren St",40.7211236,-74.03805095,29299,"Subscriber",1988,2
86,"2018-12-14 11:50:20.9720","2018-12-14 11:51:47.2430",3211,"Newark Ave",40.72152515,-74.046304543,3270,"Jersey & 6th St",40.72528910781132,-74.04557168483734,26278,"Subscriber",1971,1
1796,"2018-12-14 12:32:55.2680","2018-12-14 13:02:52.1710",3211,"Newark Ave",40.72152515,-74.046304543,3203,"Hamilton Park",40.727595966,-74.044247311,26286,"Subscriber",1966,1
158,"2018-12-14 12:52:50.5880","2018-12-14 12:55:28.8740",3211,"Newark Ave",40.72152515,-74.046304543,3203,"Hamilton Park",40.727595966,-74.044247311,26215,"Subscriber",1965,1
226,"2018-12-14 13:07:30.7090","2018-12-14 13:11:17.6760",3211,"Newark Ave",40.72152515,-74.046304543,3203,"Hamilton Park",40.727595966,-74.044247311,26278,"Subscriber",1988,2
296,"2018-12-14 13:12:21.7660","2018-12-14 13:17:18.3950",3211,"Newark Ave",40.72152515,-74.046304543,3275,"Columbus Drive",40.71835519823214,-74.03891444206238,29440,"Subscriber",1973,1
366,"2018-12-14 13:33:57.6260","2018-12-14 13:40:03.8900",3211,"Newark Ave",40.72152515,-74.046304543,3276,"Marin Light Rail",40.71458403535893,-74.04281705617905,29484,"Subscriber",1984,2
198,"2018-12-14 13:43:53.0920","2018-12-14 13:47:11.8530",3211,"Newark Ave",40.72152515,-74.046304543,3203,"Hamilton Park",40.727595966,-74.044247311,29258,"Subscriber",1970,2
280,"2018-12-14 13:44:21.0380","2018-12-14 13:49:01.1790",3211,"Newark Ave",40.72152515,-74.046304543,3203,"Hamilton Park",40.727595966,-74.044247311,26279,"Customer",1969,0
267,"2018-12-14 13:44:33.7280","2018-12-14 13:49:01.7050",3211,"Newark Ave",40.72152515,-74.046304543,3203,"Hamilton Park",40.727595966,-74.044247311,29552,"Customer",1969,0
119,"2018-12-14 13:51:12.2540","2018-12-14 13:53:11.3170",3211,"Newark Ave",40.72152515,-74.046304543,3186,"Grove St PATH",40.71958611647166,-74.04311746358871,29661,"Subscriber",1989,1
2170,"2018-12-14 14:38:02.4400","2018-12-14 15:14:13.1570",3211,"Newark Ave",40.72152515,-74.046304543,3185,"City Hall",40.7177325,-74.043845,29245,"Subscriber",1956,1
335,"2018-12-14 14:48:05.6220","2018-12-14 14:53:40.8510",3211,"Newark Ave",40.72152515,-74.046304543,3211,"Newark Ave",40.72152515,-74.046304543,29261,"Subscriber",1969,0
237,"2018-12-14 16:29:13.5290","2018-12-14 16:33:11.0740",3211,"Newark Ave",40.72152515,-74.046304543,3203,"Hamilton Park",40.727595966,-74.044247311,29252,"Subscriber",1982,1
353,"2018-12-14 17:18:56.5100","2018-12-14 17:24:49.5480",3211,"Newark Ave",40.72152515,-74.046304543,3203,"Hamilton Park",40.727595966,-74.044247311,26152,"Subscriber",1971,1
166,"2018-12-14 17:55:32.2760","2018-12-14 17:58:18.3140",3211,"Newark Ave",40.72152515,-74.046304543,3187,"Warren St",40.7211236,-74.03805095,29468,"Subscriber",1993,1
129,"2018-12-14 18:40:31.2370","2018-12-14 18:42:40.8370",3211,"Newark Ave",40.72152515,-74.046304543,3209,"Brunswick St",40.7241765,-74.0506564,29541,"Subscriber",1979,1
109,"2018-12-14 21:10:18.7100","2018-12-14 21:12:08.0560",3211,"Newark Ave",40.72152515,-74.046304543,3270,"Jersey & 6th St",40.72528910781132,-74.04557168483734,26316,"Subscriber",1971,1
160,"2018-12-14 21:21:26.0850","2018-12-14 21:24:07.0320",3211,"Newark Ave",40.72152515,-74.046304543,3187,"Warren St",40.7211236,-74.03805095,29512,"Subscriber",1982,1
1166,"2018-12-14 21:40:04.9890","2018-12-14 21:59:31.7730",3211,"Newark Ave",40.72152515,-74.046304543,3272,"Jersey & 3rd",40.72333158646436,-74.04595255851744,26257,"Subscriber",1992,1
208,"2018-12-15 10:26:18.3400","2018-12-15 10:29:46.7740",3211,"Newark Ave",40.72152515,-74.046304543,3203,"Hamilton Park",40.727595966,-74.044247311,29288,"Subscriber",1988,1
317,"2018-12-15 10:31:36.5140","2018-12-15 10:36:53.7510",3211,"Newark Ave",40.72152515,-74.046304543,3681,"Grand St",40.71517767732029,-74.03768330812454,29594,"Subscriber",1986,1
175,"2018-12-15 11:17:13.7250","2018-12-15 11:20:09.6560",3211,"Newark Ave",40.72152515,-74.046304543,3203,"Hamilton Park",40.727595966,-74.044247311,29480,"Subscriber",1993,1
1043,"2018-12-15 11:18:45.7440","2018-12-15 11:36:09.7340",3211,"Newark Ave",40.72152515,-74.046304543,3278,"Monmouth and 6th",40.72568548362901,-74.04879033565521,29452,"Subscriber",1981,1
573,"2018-12-15 11:42:59.3680","2018-12-15 11:52:32.7530",3211,"Newark Ave",40.72152515,-74.046304543,3638,"Washington St",40.7242941,-74.0354826,29439,"Customer",1969,0
515,"2018-12-15 11:43:56.7490","2018-12-15 11:52:32.6930",3211,"Newark Ave",40.72152515,-74.046304543,3638,"Washington St",40.7242941,-74.0354826,29536,"Customer",1969,0
292,"2018-12-15 12:04:07.9340","2018-12-15 12:09:00.4340",3211,"Newark Ave",40.72152515,-74.046304543,3205,"JC Medical Center",40.71653978099194,-74.0496379137039,26158,"Subscriber",1983,2
220,"2018-12-15 12:40:39.9510","2018-12-15 12:44:20.6300",3211,"Newark Ave",40.72152515,-74.046304543,3203,"Hamilton Park",40.727595966,-74.044247311,29219,"Subscriber",1980,2
426,"2018-12-15 13:49:51.6020","2018-12-15 13:56:57.7910",3211,"Newark Ave",40.72152515,-74.046304543,3187,"Warren St",40.7211236,-74.03805095,29453,"Customer",1981,1
76,"2018-12-15 14:24:49.1610","2018-12-15 14:26:05.4390",3211,"Newark Ave",40.72152515,-74.046304543,3272,"Jersey & 3rd",40.72333158646436,-74.04595255851744,26281,"Subscriber",1990,1
233,"2018-12-15 14:28:42.6730","2018-12-15 14:32:35.7080",3211,"Newark Ave",40.72152515,-74.046304543,3278,"Monmouth and 6th",40.72568548362901,-74.04879033565521,26167,"Subscriber",1983,2
239,"2018-12-15 16:30:40.7450","2018-12-15 16:34:40.0250",3211,"Newark Ave",40.72152515,-74.046304543,3209,"Brunswick St",40.7241765,-74.0506564,29479,"Subscriber",1989,2
961,"2018-12-15 16:46:35.5700","2018-12-15 17:02:36.6420",3211,"Newark Ave",40.72152515,-74.046304543,3186,"Grove St PATH",40.71958611647166,-74.04311746358871,29221,"Subscriber",1988,1
196,"2018-12-15 16:52:22.6810","2018-12-15 16:55:39.4870",3211,"Newark Ave",40.72152515,-74.046304543,3203,"Hamilton Park",40.727595966,-74.044247311,29601,"Subscriber",1982,1
344,"2018-12-15 17:48:55.7740","2018-12-15 17:54:40.7100",3211,"Newark Ave",40.72152515,-74.046304543,3681,"Grand St",40.71517767732029,-74.03768330812454,29286,"Subscriber",1983,1
167,"2018-12-15 17:51:46.2810","2018-12-15 17:54:34.2640",3211,"Newark Ave",40.72152515,-74.046304543,3278,"Monmouth and 6th",40.72568548362901,-74.04879033565521,29468,"Subscriber",1991,1
1316,"2018-12-15 17:57:50.4830","2018-12-15 18:19:46.7330",3211,"Newark Ave",40.72152515,-74.046304543,3211,"Newark Ave",40.72152515,-74.046304543,29240,"Subscriber",1993,2
246,"2018-12-15 18:47:41.2540","2018-12-15 18:51:48.1390",3211,"Newark Ave",40.72152515,-74.046304543,3203,"Hamilton Park",40.727595966,-74.044247311,26206,"Subscriber",1989,1
90,"2018-12-15 19:24:12.6780","2018-12-15 19:25:43.0860",3211,"Newark Ave",40.72152515,-74.046304543,3272,"Jersey & 3rd",40.72333158646436,-74.04595255851744,29516,"Subscriber",1987,1
133,"2018-12-15 19:28:21.1170","2018-12-15 19:30:35.0800",3211,"Newark Ave",40.72152515,-74.046304543,3186,"Grove St PATH",40.71958611647166,-74.04311746358871,26201,"Subscriber",1987,1
170,"2018-12-16 00:19:43.2100","2018-12-16 00:22:33.5770",3211,"Newark Ave",40.72152515,-74.046304543,3278,"Monmouth and 6th",40.72568548362901,-74.04879033565521,29655,"Subscriber",1988,1
106,"2018-12-16 01:52:06.4130","2018-12-16 01:53:52.9830",3211,"Newark Ave",40.72152515,-74.046304543,3270,"Jersey & 6th St",40.72528910781132,-74.04557168483734,29524,"Subscriber",1958,2
270,"2018-12-16 23:49:19.4430","2018-12-16 23:53:50.0260",3211,"Newark Ave",40.72152515,-74.046304543,3209,"Brunswick St",40.7241765,-74.0506564,29479,"Subscriber",1984,1
155,"2018-12-16 23:49:41.5430","2018-12-16 23:52:16.6800",3211,"Newark Ave",40.72152515,-74.046304543,3209,"Brunswick St",40.7241765,-74.0506564,29231,"Subscriber",1989,2
270,"2018-12-17 07:21:08.8990","2018-12-17 07:25:38.9480",3211,"Newark Ave",40.72152515,-74.046304543,3639,"Harborside",40.7192517,-74.034234,29303,"Subscriber",1984,2
273,"2018-12-17 07:58:13.3040","2018-12-17 08:02:46.5270",3211,"Newark Ave",40.72152515,-74.046304543,3639,"Harborside",40.7192517,-74.034234,29586,"Subscriber",1983,1
716,"2018-12-17 08:45:51.3500","2018-12-17 08:57:47.4450",3211,"Newark Ave",40.72152515,-74.046304543,3186,"Grove St PATH",40.71958611647166,-74.04311746358871,29679,"Subscriber",1964,1
422,"2018-12-17 08:49:40.5740","2018-12-17 08:56:43.3050",3211,"Newark Ave",40.72152515,-74.046304543,3202,"Newport PATH",40.7272235,-74.0337589,26198,"Subscriber",1990,1
263,"2018-12-17 09:44:34.8060","2018-12-17 09:48:58.3220",3211,"Newark Ave",40.72152515,-74.046304543,3639,"Harborside",40.7192517,-74.034234,29468,"Subscriber",1983,1
112,"2018-12-17 09:46:02.8610","2018-12-17 09:47:55.3330",3211,"Newark Ave",40.72152515,-74.046304543,3186,"Grove St PATH",40.71958611647166,-74.04311746358871,26196,"Subscriber",1977,1
232,"2018-12-17 10:23:24.4930","2018-12-17 10:27:17.1070",3211,"Newark Ave",40.72152515,-74.046304543,3481,"York St",40.71649,-74.04105,26164,"Subscriber",1981,1
886,"2018-12-17 10:52:54.2500","2018-12-17 11:07:40.9890",3211,"Newark Ave",40.72152515,-74.046304543,3211,"Newark Ave",40.72152515,-74.046304543,26316,"Subscriber",1992,1
389,"2018-12-17 11:40:03.9820","2018-12-17 11:46:33.8510",3211,"Newark Ave",40.72152515,-74.046304543,3203,"Hamilton Park",40.727595966,-74.044247311,26316,"Subscriber",1977,2
222,"2018-12-17 13:19:30.5870","2018-12-17 13:23:13.4210",3211,"Newark Ave",40.72152515,-74.046304543,3209,"Brunswick St",40.7241765,-74.0506564,29231,"Subscriber",1993,1
251,"2018-12-17 14:11:42.9650","2018-12-17 14:15:54.9200",3211,"Newark Ave",40.72152515,-74.046304543,3186,"Grove St PATH",40.71958611647166,-74.04311746358871,29283,"Subscriber",1960,1
143,"2018-12-17 14:31:21.8280","2018-12-17 14:33:45.4720",3211,"Newark Ave",40.72152515,-74.046304543,3203,"Hamilton Park",40.727595966,-74.044247311,26311,"Subscriber",1976,1
384,"2018-12-17 15:17:10.2930","2018-12-17 15:23:34.3560",3211,"Newark Ave",40.72152515,-74.046304543,3638,"Washington St",40.7242941,-74.0354826,29598,"Subscriber",1964,1
488,"2018-12-17 15:25:35.8400","2018-12-17 15:33:43.8860",3211,"Newark Ave",40.72152515,-74.046304543,3183,"Exchange Place",40.7162469,-74.0334588,29672,"Subscriber",1976,1
110,"2018-12-17 16:27:30.5910","2018-12-17 16:29:21.0730",3211,"Newark Ave",40.72152515,-74.046304543,3279,"Dixon Mills",40.721630142638354,-74.04996782541275,26279,"Subscriber",1970,1
250,"2018-12-17 17:49:56.4760","2018-12-17 17:54:07.2080",3211,"Newark Ave",40.72152515,-74.046304543,3205,"JC Medical Center",40.71653978099194,-74.0496379137039,29663,"Subscriber",1988,2
431,"2018-12-17 18:08:09.1810","2018-12-17 18:15:20.7070",3211,"Newark Ave",40.72152515,-74.046304543,3192,"Liberty Light Rail",40.7112423,-74.0557013,26300,"Subscriber",1985,1
141,"2018-12-17 20:43:39.9460","2018-12-17 20:46:01.6290",3211,"Newark Ave",40.72152515,-74.046304543,3279,"Dixon Mills",40.721630142638354,-74.04996782541275,29531,"Subscriber",1982,2
240,"2018-12-17 21:26:32.7670","2018-12-17 21:30:33.1010",3211,"Newark Ave",40.72152515,-74.046304543,3278,"Monmouth and 6th",40.72568548362901,-74.04879033565521,29260,"Subscriber",1982,2
492,"2018-12-18 08:56:45.4110","2018-12-18 09:04:58.2070",3211,"Newark Ave",40.72152515,-74.046304543,3202,"Newport PATH",40.7272235,-74.0337589,26278,"Subscriber",1990,1
377,"2018-12-18 08:59:56.6970","2018-12-18 09:06:13.9900",3211,"Newark Ave",40.72152515,-74.046304543,3214,"Essex Light Rail",40.7127742,-74.0364857,29529,"Subscriber",1995,1
537,"2018-12-18 09:14:54.6700","2018-12-18 09:23:52.5400",3211,"Newark Ave",40.72152515,-74.046304543,3183,"Exchange Place",40.7162469,-74.0334588,29616,"Subscriber",1990,1
97,"2018-12-18 09:36:17.3630","2018-12-18 09:37:54.6930",3211,"Newark Ave",40.72152515,-74.046304543,3186,"Grove St PATH",40.71958611647166,-74.04311746358871,29481,"Subscriber",1977,1
98,"2018-12-18 10:33:22.2320","2018-12-18 10:35:00.2570",3211,"Newark Ave",40.72152515,-74.046304543,3186,"Grove St PATH",40.71958611647166,-74.04311746358871,29493,"Subscriber",1982,1
184,"2018-12-18 11:45:55.8240","2018-12-18 11:48:59.9730",3211,"Newark Ave",40.72152515,-74.046304543,3185,"City Hall",40.7177325,-74.043845,29305,"Subscriber",1988,1
233,"2018-12-18 13:00:00.9700","2018-12-18 13:03:54.3850",3211,"Newark Ave",40.72152515,-74.046304543,3203,"Hamilton Park",40.727595966,-74.044247311,29260,"Subscriber",1988,2
141,"2018-12-18 13:29:57.4130","2018-12-18 13:32:18.6440",3211,"Newark Ave",40.72152515,-74.046304543,3205,"JC Medical Center",40.71653978099194,-74.0496379137039,26311,"Subscriber",1956,1
126,"2018-12-18 17:57:30.6940","2018-12-18 17:59:36.8400",3211,"Newark Ave",40.72152515,-74.046304543,3270,"Jersey & 6th St",40.72528910781132,-74.04557168483734,26187,"Subscriber",1958,2
123,"2018-12-18 18:00:27.9940","2018-12-18 18:02:31.2790",3211,"Newark Ave",40.72152515,-74.046304543,3278,"Monmouth and 6th",40.72568548362901,-74.04879033565521,26311,"Subscriber",1971,1
1158,"2018-12-18 18:00:33.3900","2018-12-18 18:19:52.0650",3211,"Newark Ave",40.72152515,-74.046304543,3281,"Leonard Gordon Park",40.74590996631558,-74.0572714805603,29198,"Subscriber",1972,1
133,"2018-12-18 19:05:38.8750","2018-12-18 19:07:52.2490",3211,"Newark Ave",40.72152515,-74.046304543,3278,"Monmouth and 6th",40.72568548362901,-74.04879033565521,26278,"Subscriber",1985,1
112,"2018-12-18 19:06:58.1940","2018-12-18 19:08:51.0160",3211,"Newark Ave",40.72152515,-74.046304543,3209,"Brunswick St",40.7241765,-74.0506564,26221,"Subscriber",1981,1
110,"2018-12-18 19:30:08.6340","2018-12-18 19:31:58.6630",3211,"Newark Ave",40.72152515,-74.046304543,3270,"Jersey & 6th St",40.72528910781132,-74.04557168483734,29672,"Subscriber",1978,1
129,"2018-12-18 19:58:14.4380","2018-12-18 20:00:23.6280",3211,"Newark Ave",40.72152515,-74.046304543,3213,"Van Vorst Park",40.71848892,-74.047726625,29281,"Subscriber",1983,1
157,"2018-12-18 22:52:00.4930","2018-12-18 22:54:38.2890",3211,"Newark Ave",40.72152515,-74.046304543,3209,"Brunswick St",40.7241765,-74.0506564,29593,"Subscriber",1987,1
177,"2018-12-18 22:53:47.3470","2018-12-18 22:56:44.6250",3211,"Newark Ave",40.72152515,-74.046304543,3278,"Monmouth and 6th",40.72568548362901,-74.04879033565521,29484,"Subscriber",1986,2
230,"2018-12-18 23:24:21.6430","2018-12-18 23:28:12.0130",3211,"Newark Ave",40.72152515,-74.046304543,3269,"Brunswick & 6th",40.72601172964625,-74.05038893222809,26213,"Subscriber",1981,2
178,"2018-12-19 00:19:10.7370","2018-12-19 00:22:08.8980",3211,"Newark Ave",40.72152515,-74.046304543,3209,"Brunswick St",40.7241765,-74.0506564,29267,"Subscriber",1989,2
96,"2018-12-19 01:52:53.7870","2018-12-19 01:54:30.0500",3211,"Newark Ave",40.72152515,-74.046304543,3213,"Van Vorst Park",40.71848892,-74.047726625,29245,"Subscriber",1952,1
88,"2018-12-19 08:14:59.8690","2018-12-19 08:16:28.5010",3211,"Newark Ave",40.72152515,-74.046304543,3186,"Grove St PATH",40.71958611647166,-74.04311746358871,29499,"Subscriber",1993,1
260,"2018-12-19 08:18:07.7670","2018-12-19 08:22:28.2030",3211,"Newark Ave",40.72152515,-74.046304543,3639,"Harborside",40.7192517,-74.034234,29452,"Subscriber",1983,1
372,"2018-12-19 08:40:37.8230","2018-12-19 08:46:50.1060",3211,"Newark Ave",40.72152515,-74.046304543,3214,"Essex Light Rail",40.7127742,-74.0364857,26267,"Subscriber",1995,1
541,"2018-12-19 08:40:44.5770","2018-12-19 08:49:46.4400",3211,"Newark Ave",40.72152515,-74.046304543,3184,"Paulus Hook",40.7141454,-74.0335519,26284,"Subscriber",1991,1
121,"2018-12-19 09:20:40.2060","2018-12-19 09:22:41.8890",3211,"Newark Ave",40.72152515,-74.046304543,3186,"Grove St PATH",40.71958611647166,-74.04311746358871,29288,"Subscriber",1977,1
554,"2018-12-19 09:23:46.5300","2018-12-19 09:33:00.7400",3211,"Newark Ave",40.72152515,-74.046304543,3277,"Communipaw & Berry Lane",40.71435836870427,-74.06661093235016,29517,"Subscriber",1975,1
471,"2018-12-19 09:29:24.2430","2018-12-19 09:37:15.7390",3211,"Newark Ave",40.72152515,-74.046304543,3183,"Exchange Place",40.7162469,-74.0334588,29598,"Subscriber",1990,1
119,"2018-12-19 12:06:50.4440","2018-12-19 12:08:50.3860",3211,"Newark Ave",40.72152515,-74.046304543,3186,"Grove St PATH",40.71958611647166,-74.04311746358871,26192,"Subscriber",1982,1
146,"2018-12-19 13:29:24.2560","2018-12-19 13:31:51.2520",3211,"Newark Ave",40.72152515,-74.046304543,3278,"Monmouth and 6th",40.72568548362901,-74.04879033565521,29281,"Subscriber",1976,1
454,"2018-12-19 13:37:47.7410","2018-12-19 13:45:21.7940",3211,"Newark Ave",40.72152515,-74.046304543,3205,"JC Medical Center",40.71653978099194,-74.0496379137039,29495,"Subscriber",1956,1
140,"2018-12-19 13:40:21.3270","2018-12-19 13:42:42.2170",3211,"Newark Ave",40.72152515,-74.046304543,3270,"Jersey & 6th St",40.72528910781132,-74.04557168483734,29276,"Subscriber",1991,2
192,"2018-12-19 13:58:21.1180","2018-12-19 14:01:33.9570",3211,"Newark Ave",40.72152515,-74.046304543,3185,"City Hall",40.7177325,-74.043845,29493,"Subscriber",1970,2
172,"2018-12-19 13:59:06.5230","2018-12-19 14:01:58.6960",3211,"Newark Ave",40.72152515,-74.046304543,3205,"JC Medical Center",40.71653978099194,-74.0496379137039,29452,"Subscriber",1980,1
312,"2018-12-19 14:14:13.4670","2018-12-19 14:19:25.9580",3211,"Newark Ave",40.72152515,-74.046304543,3276,"Marin Light Rail",40.71458403535893,-74.04281705617905,29124,"Subscriber",1988,1
143,"2018-12-19 14:16:40.3400","2018-12-19 14:19:03.5270",3211,"Newark Ave",40.72152515,-74.046304543,3186,"Grove St PATH",40.71958611647166,-74.04311746358871,26278,"Subscriber",1964,1
128,"2018-12-19 15:10:07.7370","2018-12-19 15:12:16.5400",3211,"Newark Ave",40.72152515,-74.046304543,3278,"Monmouth and 6th",40.72568548362901,-74.04879033565521,29569,"Subscriber",1982,1
243,"2018-12-19 17:34:59.3890","2018-12-19 17:39:02.9270",3211,"Newark Ave",40.72152515,-74.046304543,3483,"Montgomery St",40.71942,-74.05099,29199,"Subscriber",1965,1
200,"2018-12-19 17:44:01.0760","2018-12-19 17:47:21.3930",3211,"Newark Ave",40.72152515,-74.046304543,3203,"Hamilton Park",40.727595966,-74.044247311,29276,"Subscriber",1968,1
215,"2018-12-19 17:48:25.8790","2018-12-19 17:52:01.6420",3211,"Newark Ave",40.72152515,-74.046304543,3269,"Brunswick & 6th",40.72601172964625,-74.05038893222809,26213,"Subscriber",1975,1
359,"2018-12-19 18:57:15.2360","2018-12-19 19:03:14.9710",3211,"Newark Ave",40.72152515,-74.046304543,3681,"Grand St",40.71517767732029,-74.03768330812454,29544,"Subscriber",1994,1
117,"2018-12-19 19:35:02.1720","2018-12-19 19:36:59.9940",3211,"Newark Ave",40.72152515,-74.046304543,3273,"Manila & 1st",40.721650724879986,-74.04288411140442,29127,"Subscriber",1964,1
358,"2018-12-19 19:40:15.8580","2018-12-19 19:46:14.4080",3211,"Newark Ave",40.72152515,-74.046304543,3481,"York St",40.71649,-74.04105,29284,"Subscriber",1989,1
107,"2018-12-20 00:22:12.3460","2018-12-20 00:23:59.7330",3211,"Newark Ave",40.72152515,-74.046304543,3270,"Jersey & 6th St",40.72528910781132,-74.04557168483734,29262,"Subscriber",1958,2
784,"2018-12-20 01:56:57.2650","2018-12-20 02:10:02.0760",3211,"Newark Ave",40.72152515,-74.046304543,3269,"Brunswick & 6th",40.72601172964625,-74.05038893222809,26200,"Subscriber",1986,1
502,"2018-12-20 02:03:35.8480","2018-12-20 02:11:58.3580",3211,"Newark Ave",40.72152515,-74.046304543,3268,"Lafayette Park",40.71346382669195,-74.06285852193832,29244,"Subscriber",1978,1
622,"2018-12-20 08:40:37.9990","2018-12-20 08:51:00.4350",3211,"Newark Ave",40.72152515,-74.046304543,3199,"Newport Pkwy",40.7287448,-74.0321082,29197,"Subscriber",1990,1
359,"2018-12-20 08:54:21.9410","2018-12-20 09:00:21.4990",3211,"Newark Ave",40.72152515,-74.046304543,3214,"Essex Light Rail",40.7127742,-74.0364857,29448,"Subscriber",1995,1
105,"2018-12-20 09:26:07.9770","2018-12-20 09:27:53.6840",3211,"Newark Ave",40.72152515,-74.046304543,3186,"Grove St PATH",40.71958611647166,-74.04311746358871,29292,"Subscriber",1977,1
176,"2018-12-20 10:21:27.2250","2018-12-20 10:24:23.3270",3211,"Newark Ave",40.72152515,-74.046304543,3203,"Hamilton Park",40.727595966,-74.044247311,29225,"Subscriber",1975,1
275,"2018-12-20 12:13:24.5400","2018-12-20 12:18:00.3970",3211,"Newark Ave",40.72152515,-74.046304543,3209,"Brunswick St",40.7241765,-74.0506564,29471,"Subscriber",1993,1
139,"2018-12-20 13:49:58.8570","2018-12-20 13:52:18.4370",3211,"Newark Ave",40.72152515,-74.046304543,3205,"JC Medical Center",40.71653978099194,-74.0496379137039,29301,"Subscriber",1956,1
483,"2018-12-20 13:53:20.6790","2018-12-20 14:01:24.6630",3211,"Newark Ave",40.72152515,-74.046304543,3681,"Grand St",40.71517767732029,-74.03768330812454,29465,"Subscriber",1988,1
228,"2018-12-20 14:12:01.9430","2018-12-20 14:15:50.4390",3211,"Newark Ave",40.72152515,-74.046304543,3481,"York St",40.71649,-74.04105,29605,"Subscriber",1964,1
246,"2018-12-20 16:16:57.1670","2018-12-20 16:21:03.6720",3211,"Newark Ave",40.72152515,-74.046304543,3209,"Brunswick St",40.7241765,-74.0506564,29240,"Subscriber",1978,1
524,"2018-12-20 17:43:43.8490","2018-12-20 17:52:28.4780",3211,"Newark Ave",40.72152515,-74.046304543,3192,"Liberty Light Rail",40.7112423,-74.0557013,29301,"Subscriber",1983,1
162,"2018-12-20 19:13:35.2840","2018-12-20 19:16:17.5780",3211,"Newark Ave",40.72152515,-74.046304543,3213,"Van Vorst Park",40.71848892,-74.047726625,29445,"Subscriber",1986,1
331,"2018-12-20 19:44:05.6260","2018-12-20 19:49:37.0510",3211,"Newark Ave",40.72152515,-74.046304543,3276,"Marin Light Rail",40.71458403535893,-74.04281705617905,26276,"Subscriber",1979,1
107,"2018-12-20 21:36:34.6210","2018-12-20 21:38:21.9720",3211,"Newark Ave",40.72152515,-74.046304543,3270,"Jersey & 6th St",40.72528910781132,-74.04557168483734,26261,"Subscriber",1971,1
313,"2018-12-20 21:51:51.7330","2018-12-20 21:57:05.6630",3211,"Newark Ave",40.72152515,-74.046304543,3203,"Hamilton Park",40.727595966,-74.044247311,29652,"Subscriber",1984,2
356,"2018-12-21 00:30:41.5460","2018-12-21 00:36:37.9980",3211,"Newark Ave",40.72152515,-74.046304543,3209,"Brunswick St",40.7241765,-74.0506564,29210,"Subscriber",1984,1
140,"2018-12-21 08:45:00.4190","2018-12-21 08:47:20.8730",3211,"Newark Ave",40.72152515,-74.046304543,3272,"Jersey & 3rd",40.72333158646436,-74.04595255851744,29439,"Subscriber",1987,1
131,"2018-12-21 10:58:46.8870","2018-12-21 11:00:57.9110",3211,"Newark Ave",40.72152515,-74.046304543,3278,"Monmouth and 6th",40.72568548362901,-74.04879033565521,29500,"Subscriber",1983,2
284,"2018-12-21 15:07:50.7660","2018-12-21 15:12:34.9570",3211,"Newark Ave",40.72152515,-74.046304543,3186,"Grove St PATH",40.71958611647166,-74.04311746358871,29199,"Subscriber",1982,1
325,"2018-12-21 15:25:14.5350","2018-12-21 15:30:39.8570",3211,"Newark Ave",40.72152515,-74.046304543,3211,"Newark Ave",40.72152515,-74.046304543,29239,"Subscriber",1969,0
342,"2018-12-21 17:05:18.2220","2018-12-21 17:11:01.0800",3211,"Newark Ave",40.72152515,-74.046304543,3187,"Warren St",40.7211236,-74.03805095,29491,"Subscriber",1989,1
194,"2018-12-21 17:10:28.9670","2018-12-21 17:13:43.1770",3211,"Newark Ave",40.72152515,-74.046304543,3203,"Hamilton Park",40.727595966,-74.044247311,29308,"Subscriber",1983,1
249,"2018-12-21 17:53:10.0480","2018-12-21 17:57:20.0110",3211,"Newark Ave",40.72152515,-74.046304543,3187,"Warren St",40.7211236,-74.03805095,26284,"Subscriber",1981,1
94,"2018-12-21 17:55:42.8120","2018-12-21 17:57:16.9290",3211,"Newark Ave",40.72152515,-74.046304543,3272,"Jersey & 3rd",40.72333158646436,-74.04595255851744,26291,"Subscriber",1982,2
183,"2018-12-21 18:05:27.4690","2018-12-21 18:08:31.0260",3211,"Newark Ave",40.72152515,-74.046304543,3203,"Hamilton Park",40.727595966,-74.044247311,29239,"Subscriber",1982,1
122,"2018-12-21 18:25:33.5470","2018-12-21 18:27:35.8630",3211,"Newark Ave",40.72152515,-74.046304543,3278,"Monmouth and 6th",40.72568548362901,-74.04879033565521,26291,"Subscriber",1982,1
123,"2018-12-21 18:33:31.9470","2018-12-21 18:35:35.9130",3211,"Newark Ave",40.72152515,-74.046304543,3209,"Brunswick St",40.7241765,-74.0506564,29458,"Subscriber",1971,1
717,"2018-12-21 18:44:47.6110","2018-12-21 18:56:45.2650",3211,"Newark Ave",40.72152515,-74.046304543,3187,"Warren St",40.7211236,-74.03805095,29492,"Subscriber",1992,1
204,"2018-12-21 19:42:44.3120","2018-12-21 19:46:08.7030",3211,"Newark Ave",40.72152515,-74.046304543,3185,"City Hall",40.7177325,-74.043845,29645,"Subscriber",1995,1
168,"2018-12-21 20:48:31.2700","2018-12-21 20:51:20.2680",3211,"Newark Ave",40.72152515,-74.046304543,3213,"Van Vorst Park",40.71848892,-74.047726625,29670,"Subscriber",1986,1
72,"2018-12-21 21:32:46.7560","2018-12-21 21:33:59.4590",3211,"Newark Ave",40.72152515,-74.046304543,3272,"Jersey & 3rd",40.72333158646436,-74.04595255851744,29442,"Subscriber",1995,1
201,"2018-12-22 00:20:22.5250","2018-12-22 00:23:44.3600",3211,"Newark Ave",40.72152515,-74.046304543,3203,"Hamilton Park",40.727595966,-74.044247311,29308,"Subscriber",1988,2
72,"2018-12-22 06:34:06.8850","2018-12-22 06:35:19.2640",3211,"Newark Ave",40.72152515,-74.046304543,3186,"Grove St PATH",40.71958611647166,-74.04311746358871,26278,"Subscriber",1993,1
503,"2018-12-22 09:06:29.9730","2018-12-22 09:14:53.5830",3211,"Newark Ave",40.72152515,-74.046304543,3202,"Newport PATH",40.7272235,-74.0337589,29239,"Subscriber",1993,2
277,"2018-12-22 09:17:12.4850","2018-12-22 09:21:49.6080",3211,"Newark Ave",40.72152515,-74.046304543,3203,"Hamilton Park",40.727595966,-74.044247311,26267,"Subscriber",1985,2
395,"2018-12-22 10:04:09.0500","2018-12-22 10:10:44.1650",3211,"Newark Ave",40.72152515,-74.046304543,3184,"Paulus Hook",40.7141454,-74.0335519,29502,"Subscriber",1995,1
83,"2018-12-22 11:09:53.8540","2018-12-22 11:11:17.7530",3211,"Newark Ave",40.72152515,-74.046304543,3270,"Jersey & 6th St",40.72528910781132,-74.04557168483734,29577,"Subscriber",1971,1
113,"2018-12-22 11:17:24.8140","2018-12-22 11:19:18.5320",3211,"Newark Ave",40.72152515,-74.046304543,3213,"Van Vorst Park",40.71848892,-74.047726625,26179,"Subscriber",1962,1
217,"2018-12-22 11:57:21.2250","2018-12-22 12:00:58.9210",3211,"Newark Ave",40.72152515,-74.046304543,3269,"Brunswick & 6th",40.72601172964625,-74.05038893222809,26300,"Subscriber",1992,1
204,"2018-12-22 13:19:19.8820","2018-12-22 13:22:44.1930",3211,"Newark Ave",40.72152515,-74.046304543,3209,"Brunswick St",40.7241765,-74.0506564,29210,"Subscriber",1980,1
437,"2018-12-22 15:00:54.8250","2018-12-22 15:08:12.2780",3211,"Newark Ave",40.72152515,-74.046304543,3184,"Paulus Hook",40.7141454,-74.0335519,29502,"Subscriber",1995,1
1604,"2018-12-22 18:32:09.1970","2018-12-22 18:58:54.0670",3211,"Newark Ave",40.72152515,-74.046304543,3280,"Astor Place",40.71928220070702,-74.07126188278198,29540,"Customer",1989,2
1595,"2018-12-22 18:32:29.2510","2018-12-22 18:59:05.0940",3211,"Newark Ave",40.72152515,-74.046304543,3280,"Astor Place",40.71928220070702,-74.07126188278198,29234,"Customer",1996,1
546,"2018-12-22 19:25:02.7470","2018-12-22 19:34:09.4420",3211,"Newark Ave",40.72152515,-74.046304543,3268,"Lafayette Park",40.71346382669195,-74.06285852193832,29577,"Subscriber",1989,1
104,"2018-12-22 19:27:05.3840","2018-12-22 19:28:50.3090",3211,"Newark Ave",40.72152515,-74.046304543,3186,"Grove St PATH",40.71958611647166,-74.04311746358871,29502,"Subscriber",1995,1
619,"2018-12-22 19:51:37.3530","2018-12-22 20:01:57.0680",3211,"Newark Ave",40.72152515,-74.046304543,3212,"Christ Hospital",40.734785818,-74.050443636,29513,"Subscriber",1988,1
569,"2018-12-22 23:44:43.5860","2018-12-22 23:54:13.4780",3211,"Newark Ave",40.72152515,-74.046304543,3192,"Liberty Light Rail",40.7112423,-74.0557013,29442,"Subscriber",1977,1
289,"2018-12-23 10:25:21.4150","2018-12-23 10:30:11.2470",3211,"Newark Ave",40.72152515,-74.046304543,3205,"JC Medical Center",40.71653978099194,-74.0496379137039,29608,"Subscriber",1968,1
158,"2018-12-23 14:13:47.1940","2018-12-23 14:16:25.4680",3211,"Newark Ave",40.72152515,-74.046304543,3278,"Monmouth and 6th",40.72568548362901,-74.04879033565521,29439,"Subscriber",1983,2
157,"2018-12-23 14:19:03.7370","2018-12-23 14:21:41.5730",3211,"Newark Ave",40.72152515,-74.046304543,3203,"Hamilton Park",40.727595966,-74.044247311,29502,"Subscriber",1995,1
381,"2018-12-23 14:27:14.1250","2018-12-23 14:33:35.5040",3211,"Newark Ave",40.72152515,-74.046304543,3203,"Hamilton Park",40.727595966,-74.044247311,29608,"Subscriber",1982,1
116,"2018-12-23 14:35:45.2570","2018-12-23 14:37:42.1230",3211,"Newark Ave",40.72152515,-74.046304543,3186,"Grove St PATH",40.71958611647166,-74.04311746358871,29236,"Subscriber",1992,1
1353,"2018-12-23 16:51:32.0940","2018-12-23 17:14:06.0480",3211,"Newark Ave",40.72152515,-74.046304543,3638,"Washington St",40.7242941,-74.0354826,29304,"Subscriber",1979,2
1273,"2018-12-23 16:52:48.1440","2018-12-23 17:14:02.0320",3211,"Newark Ave",40.72152515,-74.046304543,3638,"Washington St",40.7242941,-74.0354826,26160,"Subscriber",1985,1
453,"2018-12-23 17:17:13.2600","2018-12-23 17:24:46.7240",3211,"Newark Ave",40.72152515,-74.046304543,3206,"Hilltop",40.7311689,-74.0575736,26166,"Subscriber",1990,2
81,"2018-12-23 17:36:44.4250","2018-12-23 17:38:05.6480",3211,"Newark Ave",40.72152515,-74.046304543,3272,"Jersey & 3rd",40.72333158646436,-74.04595255851744,29282,"Subscriber",1982,2
159,"2018-12-23 18:39:27.4980","2018-12-23 18:42:06.5600",3211,"Newark Ave",40.72152515,-74.046304543,3279,"Dixon Mills",40.721630142638354,-74.04996782541275,29453,"Subscriber",1970,1
398,"2018-12-23 19:54:45.5790","2018-12-23 20:01:23.6150",3211,"Newark Ave",40.72152515,-74.046304543,3681,"Grand St",40.71517767732029,-74.03768330812454,26157,"Subscriber",1974,1
507,"2018-12-24 11:05:30.9450","2018-12-24 11:13:58.0320",3211,"Newark Ave",40.72152515,-74.046304543,3202,"Newport PATH",40.7272235,-74.0337589,26272,"Subscriber",1992,1
187,"2018-12-24 13:26:02.5220","2018-12-24 13:29:10.2070",3211,"Newark Ave",40.72152515,-74.046304543,3205,"JC Medical Center",40.71653978099194,-74.0496379137039,26261,"Subscriber",1956,1
160,"2018-12-24 14:14:27.7550","2018-12-24 14:17:07.7900",3211,"Newark Ave",40.72152515,-74.046304543,3186,"Grove St PATH",40.71958611647166,-74.04311746358871,29502,"Subscriber",1983,2
1007,"2018-12-24 14:35:02.5430","2018-12-24 14:51:50.0710",3211,"Newark Ave",40.72152515,-74.046304543,3183,"Exchange Place",40.7162469,-74.0334588,26242,"Customer",1998,1
428,"2018-12-24 15:18:08.8870","2018-12-24 15:25:17.0290",3211,"Newark Ave",40.72152515,-74.046304543,3276,"Marin Light Rail",40.71458403535893,-74.04281705617905,29474,"Subscriber",1989,1
465,"2018-12-24 15:36:08.3470","2018-12-24 15:43:53.4570",3211,"Newark Ave",40.72152515,-74.046304543,3267,"Morris Canal",40.7124188237569,-74.03852552175522,29660,"Subscriber",1959,1
706,"2018-12-24 16:50:40.5170","2018-12-24 17:02:26.8680",3211,"Newark Ave",40.72152515,-74.046304543,3202,"Newport PATH",40.7272235,-74.0337589,29544,"Subscriber",1990,1
455,"2018-12-24 17:39:45.2200","2018-12-24 17:47:20.7100",3211,"Newark Ave",40.72152515,-74.046304543,3639,"Harborside",40.7192517,-74.034234,29652,"Subscriber",1993,1
175,"2018-12-24 19:40:38.8510","2018-12-24 19:43:34.7360",3211,"Newark Ave",40.72152515,-74.046304543,3279,"Dixon Mills",40.721630142638354,-74.04996782541275,29485,"Subscriber",1962,2
373,"2018-12-24 20:28:35.2870","2018-12-24 20:34:48.5150",3211,"Newark Ave",40.72152515,-74.046304543,3211,"Newark Ave",40.72152515,-74.046304543,29569,"Subscriber",1964,1
146,"2018-12-24 22:05:40.9920","2018-12-24 22:08:07.0350",3211,"Newark Ave",40.72152515,-74.046304543,3269,"Brunswick & 6th",40.72601172964625,-74.05038893222809,29438,"Subscriber",1985,1
100,"2018-12-25 02:11:02.8130","2018-12-25 02:12:43.0590",3211,"Newark Ave",40.72152515,-74.046304543,3211,"Newark Ave",40.72152515,-74.046304543,29438,"Subscriber",1991,1
168,"2018-12-25 08:11:46.6430","2018-12-25 08:14:35.0420",3211,"Newark Ave",40.72152515,-74.046304543,3186,"Grove St PATH",40.71958611647166,-74.04311746358871,29569,"Subscriber",1964,1
413,"2018-12-25 13:11:33.4020","2018-12-25 13:18:26.6820",3211,"Newark Ave",40.72152515,-74.046304543,3638,"Washington St",40.7242941,-74.0354826,29481,"Subscriber",1994,1
99,"2018-12-25 21:36:26.7840","2018-12-25 21:38:06.6430",3211,"Newark Ave",40.72152515,-74.046304543,3279,"Dixon Mills",40.721630142638354,-74.04996782541275,29532,"Subscriber",1982,2
106,"2018-12-25 21:36:26.2820","2018-12-25 21:38:12.7590",3211,"Newark Ave",40.72152515,-74.046304543,3279,"Dixon Mills",40.721630142638354,-74.04996782541275,29512,"Subscriber",1970,1
367,"2018-12-26 08:39:51.7950","2018-12-26 08:45:59.2100",3211,"Newark Ave",40.72152515,-74.046304543,3184,"Paulus Hook",40.7141454,-74.0335519,29461,"Subscriber",1989,1
247,"2018-12-26 08:51:26.5570","2018-12-26 08:55:34.2890",3211,"Newark Ave",40.72152515,-74.046304543,3639,"Harborside",40.7192517,-74.034234,29492,"Subscriber",1983,1
147,"2018-12-26 10:07:44.6070","2018-12-26 10:10:12.0780",3211,"Newark Ave",40.72152515,-74.046304543,3186,"Grove St PATH",40.71958611647166,-74.04311746358871,26272,"Subscriber",1961,1
134,"2018-12-26 11:06:27.1420","2018-12-26 11:08:41.8280",3211,"Newark Ave",40.72152515,-74.046304543,3186,"Grove St PATH",40.71958611647166,-74.04311746358871,29522,"Subscriber",1982,1
229,"2018-12-26 11:07:04.7840","2018-12-26 11:10:54.3310",3211,"Newark Ave",40.72152515,-74.046304543,3205,"JC Medical Center",40.71653978099194,-74.0496379137039,26266,"Subscriber",1975,1
230,"2018-12-26 13:44:02.0450","2018-12-26 13:47:52.1020",3211,"Newark Ave",40.72152515,-74.046304543,3639,"Harborside",40.7192517,-74.034234,29457,"Subscriber",1983,1
123,"2018-12-26 17:35:31.3440","2018-12-26 17:37:34.8630",3211,"Newark Ave",40.72152515,-74.046304543,3278,"Monmouth and 6th",40.72568548362901,-74.04879033565521,26166,"Subscriber",1982,1
144,"2018-12-26 18:20:33.3510","2018-12-26 18:22:57.7790",3211,"Newark Ave",40.72152515,-74.046304543,3186,"Grove St PATH",40.71958611647166,-74.04311746358871,29652,"Subscriber",1981,1
280,"2018-12-26 19:22:12.3550","2018-12-26 19:26:53.1960",3211,"Newark Ave",40.72152515,-74.046304543,3639,"Harborside",40.7192517,-74.034234,29595,"Subscriber",1983,1
132,"2018-12-26 19:55:16.9650","2018-12-26 19:57:29.4020",3211,"Newark Ave",40.72152515,-74.046304543,3209,"Brunswick St",40.7241765,-74.0506564,26186,"Subscriber",1970,1
269,"2018-12-26 20:39:33.3880","2018-12-26 20:44:03.0830",3211,"Newark Ave",40.72152515,-74.046304543,3481,"York St",40.71649,-74.04105,26244,"Subscriber",1987,2
147,"2018-12-26 22:24:39.6580","2018-12-26 22:27:07.3520",3211,"Newark Ave",40.72152515,-74.046304543,3278,"Monmouth and 6th",40.72568548362901,-74.04879033565521,29609,"Subscriber",1982,1
148,"2018-12-26 23:47:07.7200","2018-12-26 23:49:35.8030",3211,"Newark Ave",40.72152515,-74.046304543,3203,"Hamilton Park",40.727595966,-74.044247311,29612,"Subscriber",1984,2
89,"2018-12-27 06:59:01.2100","2018-12-27 07:00:30.6120",3211,"Newark Ave",40.72152515,-74.046304543,3186,"Grove St PATH",40.71958611647166,-74.04311746358871,29127,"Subscriber",1993,1
256,"2018-12-27 08:11:53.4320","2018-12-27 08:16:09.5950",3211,"Newark Ave",40.72152515,-74.046304543,3639,"Harborside",40.7192517,-74.034234,29597,"Subscriber",1983,1
416,"2018-12-27 08:19:49.3240","2018-12-27 08:26:46.0350",3211,"Newark Ave",40.72152515,-74.046304543,3184,"Paulus Hook",40.7141454,-74.0335519,29607,"Subscriber",1989,1
627,"2018-12-27 09:00:28.0050","2018-12-27 09:10:55.8180",3211,"Newark Ave",40.72152515,-74.046304543,3270,"Jersey & 6th St",40.72528910781132,-74.04557168483734,26197,"Subscriber",1981,1
199,"2018-12-27 11:07:23.1050","2018-12-27 11:10:42.3530",3211,"Newark Ave",40.72152515,-74.046304543,3203,"Hamilton Park",40.727595966,-74.044247311,26192,"Subscriber",1982,1
313,"2018-12-27 11:16:02.4480","2018-12-27 11:21:15.7120",3211,"Newark Ave",40.72152515,-74.046304543,3183,"Exchange Place",40.7162469,-74.0334588,29676,"Subscriber",1988,1
117,"2018-12-27 11:56:45.7190","2018-12-27 11:58:43.2620",3211,"Newark Ave",40.72152515,-74.046304543,3209,"Brunswick St",40.7241765,-74.0506564,29629,"Subscriber",1991,1
192,"2018-12-27 12:52:21.1040","2018-12-27 12:55:33.8940",3211,"Newark Ave",40.72152515,-74.046304543,3205,"JC Medical Center",40.71653978099194,-74.0496379137039,29533,"Subscriber",1967,2
225,"2018-12-27 13:46:17.7960","2018-12-27 13:50:03.3180",3211,"Newark Ave",40.72152515,-74.046304543,3203,"Hamilton Park",40.727595966,-74.044247311,29516,"Subscriber",1970,2
274,"2018-12-27 14:25:45.7660","2018-12-27 14:30:20.3190",3211,"Newark Ave",40.72152515,-74.046304543,3186,"Grove St PATH",40.71958611647166,-74.04311746358871,29605,"Subscriber",1993,1
300,"2018-12-27 18:02:05.9090","2018-12-27 18:07:06.0360",3211,"Newark Ave",40.72152515,-74.046304543,3203,"Hamilton Park",40.727595966,-74.044247311,26251,"Subscriber",1978,1
391,"2018-12-27 18:48:11.9210","2018-12-27 18:54:43.2840",3211,"Newark Ave",40.72152515,-74.046304543,3225,"Baldwin at Montgomery",40.7236589,-74.0641943,29492,"Subscriber",1991,2
1313,"2018-12-27 18:49:11.4850","2018-12-27 19:11:05.3740",3211,"Newark Ave",40.72152515,-74.046304543,3211,"Newark Ave",40.72152515,-74.046304543,29500,"Subscriber",1975,1
134,"2018-12-27 19:23:22.4930","2018-12-27 19:25:36.7160",3211,"Newark Ave",40.72152515,-74.046304543,3209,"Brunswick St",40.7241765,-74.0506564,26188,"Subscriber",1993,1
161,"2018-12-27 19:49:49.0810","2018-12-27 19:52:30.7750",3211,"Newark Ave",40.72152515,-74.046304543,3278,"Monmouth and 6th",40.72568548362901,-74.04879033565521,29500,"Subscriber",1980,2
428,"2018-12-27 20:29:28.6600","2018-12-27 20:36:37.6380",3211,"Newark Ave",40.72152515,-74.046304543,3225,"Baldwin at Montgomery",40.7236589,-74.0641943,29603,"Subscriber",1976,0
76,"2018-12-28 08:34:43.4760","2018-12-28 08:35:59.5300",3211,"Newark Ave",40.72152515,-74.046304543,3273,"Manila & 1st",40.721650724879986,-74.04288411140442,29665,"Subscriber",1987,1
172,"2018-12-28 17:54:33.7080","2018-12-28 17:57:26.5660",3211,"Newark Ave",40.72152515,-74.046304543,3278,"Monmouth and 6th",40.72568548362901,-74.04879033565521,26275,"Subscriber",1983,2
98,"2018-12-28 18:18:50.5820","2018-12-28 18:20:29.1550",3211,"Newark Ave",40.72152515,-74.046304543,3186,"Grove St PATH",40.71958611647166,-74.04311746358871,26259,"Subscriber",1987,1
100,"2018-12-28 18:24:18.2070","2018-12-28 18:25:59.0680",3211,"Newark Ave",40.72152515,-74.046304543,3186,"Grove St PATH",40.71958611647166,-74.04311746358871,26216,"Subscriber",1987,1
105,"2018-12-28 23:32:22.9720","2018-12-28 23:34:08.7460",3211,"Newark Ave",40.72152515,-74.046304543,3209,"Brunswick St",40.7241765,-74.0506564,29273,"Subscriber",1982,2
104,"2018-12-28 23:32:24.2110","2018-12-28 23:34:08.8270",3211,"Newark Ave",40.72152515,-74.046304543,3209,"Brunswick St",40.7241765,-74.0506564,29665,"Subscriber",1970,1
440,"2018-12-29 00:27:07.8220","2018-12-29 00:34:28.3150",3211,"Newark Ave",40.72152515,-74.046304543,3203,"Hamilton Park",40.727595966,-74.044247311,26188,"Subscriber",1984,2
76,"2018-12-29 06:32:33.7850","2018-12-29 06:33:50.1430",3211,"Newark Ave",40.72152515,-74.046304543,3186,"Grove St PATH",40.71958611647166,-74.04311746358871,29204,"Subscriber",1993,1
210,"2018-12-29 09:11:53.0800","2018-12-29 09:15:23.2930",3211,"Newark Ave",40.72152515,-74.046304543,3275,"Columbus Drive",40.71835519823214,-74.03891444206238,29465,"Subscriber",1989,1
100,"2018-12-29 10:04:53.5880","2018-12-29 10:06:34.0340",3211,"Newark Ave",40.72152515,-74.046304543,3270,"Jersey & 6th St",40.72528910781132,-74.04557168483734,29586,"Subscriber",1992,1
227,"2018-12-29 10:53:36.2470","2018-12-29 10:57:24.0290",3211,"Newark Ave",40.72152515,-74.046304543,3209,"Brunswick St",40.7241765,-74.0506564,26202,"Subscriber",1989,2
131,"2018-12-29 11:16:39.9020","2018-12-29 11:18:51.6110",3211,"Newark Ave",40.72152515,-74.046304543,3209,"Brunswick St",40.7241765,-74.0506564,29602,"Subscriber",1989,1
732,"2018-12-29 11:24:06.1840","2018-12-29 11:36:18.7770",3211,"Newark Ave",40.72152515,-74.046304543,3220,"5 Corners Library",40.734961020009514,-74.0595030784607,29588,"Subscriber",1983,1
475,"2018-12-29 11:24:34.9880","2018-12-29 11:32:30.6750",3211,"Newark Ave",40.72152515,-74.046304543,3183,"Exchange Place",40.7162469,-74.0334588,29608,"Subscriber",1984,1
350,"2018-12-29 11:46:00.8660","2018-12-29 11:51:51.3000",3211,"Newark Ave",40.72152515,-74.046304543,3638,"Washington St",40.7242941,-74.0354826,29661,"Subscriber",1986,2
244,"2018-12-29 11:50:30.8660","2018-12-29 11:54:35.6000",3211,"Newark Ave",40.72152515,-74.046304543,3203,"Hamilton Park",40.727595966,-74.044247311,29289,"Subscriber",1982,1
216,"2018-12-29 12:25:10.5680","2018-12-29 12:28:46.8300",3211,"Newark Ave",40.72152515,-74.046304543,3209,"Brunswick St",40.7241765,-74.0506564,29573,"Subscriber",1993,1
150,"2018-12-29 12:40:55.7750","2018-12-29 12:43:25.9100",3211,"Newark Ave",40.72152515,-74.046304543,3213,"Van Vorst Park",40.71848892,-74.047726625,29601,"Subscriber",1976,1
129,"2018-12-29 13:08:42.5860","2018-12-29 13:10:52.3480",3211,"Newark Ave",40.72152515,-74.046304543,3270,"Jersey & 6th St",40.72528910781132,-74.04557168483734,29228,"Subscriber",1990,0
264,"2018-12-29 14:21:23.3820","2018-12-29 14:25:47.7530",3211,"Newark Ave",40.72152515,-74.046304543,3205,"JC Medical Center",40.71653978099194,-74.0496379137039,26233,"Subscriber",1993,1
126,"2018-12-29 14:28:49.9100","2018-12-29 14:30:56.3870",3211,"Newark Ave",40.72152515,-74.046304543,3270,"Jersey & 6th St",40.72528910781132,-74.04557168483734,26221,"Subscriber",1971,1
459,"2018-12-29 15:13:27.9500","2018-12-29 15:21:07.1140",3211,"Newark Ave",40.72152515,-74.046304543,3681,"Grand St",40.71517767732029,-74.03768330812454,29447,"Subscriber",1967,2
552,"2018-12-29 17:52:00.1560","2018-12-29 18:01:12.9940",3211,"Newark Ave",40.72152515,-74.046304543,3277,"Communipaw & Berry Lane",40.71435836870427,-74.06661093235016,29602,"Subscriber",1975,1
96,"2018-12-29 18:19:26.7100","2018-12-29 18:21:03.1050",3211,"Newark Ave",40.72152515,-74.046304543,3273,"Manila & 1st",40.721650724879986,-74.04288411140442,29513,"Subscriber",1992,1
123,"2018-12-29 18:37:12.9270","2018-12-29 18:39:16.4900",3211,"Newark Ave",40.72152515,-74.046304543,3279,"Dixon Mills",40.721630142638354,-74.04996782541275,29308,"Subscriber",1970,1
168,"2018-12-29 18:47:58.1830","2018-12-29 18:50:46.7550",3211,"Newark Ave",40.72152515,-74.046304543,3205,"JC Medical Center",40.71653978099194,-74.0496379137039,29491,"Subscriber",1975,1
438,"2018-12-29 19:20:45.9240","2018-12-29 19:28:03.9740",3211,"Newark Ave",40.72152515,-74.046304543,3225,"Baldwin at Montgomery",40.7236589,-74.0641943,26300,"Subscriber",1976,0
381,"2018-12-29 20:17:25.5830","2018-12-29 20:23:47.3220",3211,"Newark Ave",40.72152515,-74.046304543,3481,"York St",40.71649,-74.04105,29521,"Subscriber",1992,1
401,"2018-12-29 20:23:13.4400","2018-12-29 20:29:55.1320",3211,"Newark Ave",40.72152515,-74.046304543,3192,"Liberty Light Rail",40.7112423,-74.0557013,29594,"Subscriber",1990,1
187,"2018-12-29 20:25:47.6900","2018-12-29 20:28:55.3070",3211,"Newark Ave",40.72152515,-74.046304543,3205,"JC Medical Center",40.71653978099194,-74.0496379137039,26291,"Subscriber",1964,1
180,"2018-12-29 23:50:50.9600","2018-12-29 23:53:51.9290",3211,"Newark Ave",40.72152515,-74.046304543,3270,"Jersey & 6th St",40.72528910781132,-74.04557168483734,29602,"Customer",1969,0
160,"2018-12-29 23:50:59.7840","2018-12-29 23:53:39.7900",3211,"Newark Ave",40.72152515,-74.046304543,3270,"Jersey & 6th St",40.72528910781132,-74.04557168483734,29230,"Customer",1969,0
1154,"2018-12-30 01:57:23.5620","2018-12-30 02:16:38.1330",3211,"Newark Ave",40.72152515,-74.046304543,3211,"Newark Ave",40.72152515,-74.046304543,29276,"Subscriber",1989,1
1147,"2018-12-30 01:57:24.6200","2018-12-30 02:16:31.8720",3211,"Newark Ave",40.72152515,-74.046304543,3211,"Newark Ave",40.72152515,-74.046304543,26244,"Subscriber",1989,1
62,"2018-12-30 08:27:39.2480","2018-12-30 08:28:41.5130",3211,"Newark Ave",40.72152515,-74.046304543,3272,"Jersey & 3rd",40.72333158646436,-74.04595255851744,26271,"Subscriber",1987,1
106,"2018-12-30 13:30:38.6540","2018-12-30 13:32:25.2000",3211,"Newark Ave",40.72152515,-74.046304543,3209,"Brunswick St",40.7241765,-74.0506564,29645,"Subscriber",1987,1
113,"2018-12-30 14:49:21.6900","2018-12-30 14:51:14.8610",3211,"Newark Ave",40.72152515,-74.046304543,3186,"Grove St PATH",40.71958611647166,-74.04311746358871,29597,"Subscriber",1977,1
148,"2018-12-30 15:03:29.7000","2018-12-30 15:05:58.3280",3211,"Newark Ave",40.72152515,-74.046304543,3209,"Brunswick St",40.7241765,-74.0506564,29575,"Subscriber",1986,1
402,"2018-12-30 15:21:19.0430","2018-12-30 15:28:01.2480",3211,"Newark Ave",40.72152515,-74.046304543,3192,"Liberty Light Rail",40.7112423,-74.0557013,29595,"Subscriber",1974,1
330,"2018-12-30 15:52:47.2330","2018-12-30 15:58:17.8080",3211,"Newark Ave",40.72152515,-74.046304543,3481,"York St",40.71649,-74.04105,29252,"Subscriber",1989,1
489,"2018-12-30 17:03:03.6390","2018-12-30 17:11:12.6900",3211,"Newark Ave",40.72152515,-74.046304543,3273,"Manila & 1st",40.721650724879986,-74.04288411140442,29575,"Subscriber",1990,1
92,"2018-12-30 18:26:20.9620","2018-12-30 18:27:53.8240",3211,"Newark Ave",40.72152515,-74.046304543,3279,"Dixon Mills",40.721630142638354,-74.04996782541275,26291,"Subscriber",1987,1
203,"2018-12-30 18:31:39.0690","2018-12-30 18:35:02.6910",3211,"Newark Ave",40.72152515,-74.046304543,3185,"City Hall",40.7177325,-74.043845,29297,"Subscriber",1994,1
88,"2018-12-30 18:37:02.8040","2018-12-30 18:38:31.7510",3211,"Newark Ave",40.72152515,-74.046304543,3270,"Jersey & 6th St",40.72528910781132,-74.04557168483734,29120,"Subscriber",1987,1
81,"2018-12-30 18:43:06.6270","2018-12-30 18:44:28.2100",3211,"Newark Ave",40.72152515,-74.046304543,3273,"Manila & 1st",40.721650724879986,-74.04288411140442,26264,"Subscriber",1987,1
308,"2018-12-30 19:18:14.2560","2018-12-30 19:23:23.1210",3211,"Newark Ave",40.72152515,-74.046304543,3185,"City Hall",40.7177325,-74.043845,29297,"Subscriber",1994,1
514,"2018-12-30 21:46:31.6490","2018-12-30 21:55:06.3370",3211,"Newark Ave",40.72152515,-74.046304543,3192,"Liberty Light Rail",40.7112423,-74.0557013,26257,"Subscriber",1990,1
124,"2018-12-30 23:44:38.5540","2018-12-30 23:46:43.3950",3211,"Newark Ave",40.72152515,-74.046304543,3270,"Jersey & 6th St",40.72528910781132,-74.04557168483734,29230,"Subscriber",1960,1
289,"2018-12-31 00:54:27.1590","2018-12-31 00:59:17.0090",3211,"Newark Ave",40.72152515,-74.046304543,3203,"Hamilton Park",40.727595966,-74.044247311,26271,"Subscriber",1982,1
687,"2018-12-31 11:17:58.0170","2018-12-31 11:29:25.9680",3211,"Newark Ave",40.72152515,-74.046304543,3186,"Grove St PATH",40.71958611647166,-74.04311746358871,29586,"Subscriber",1982,2
433,"2018-12-31 12:21:38.6980","2018-12-31 12:28:51.9200",3211,"Newark Ave",40.72152515,-74.046304543,3638,"Washington St",40.7242941,-74.0354826,29297,"Subscriber",1970,2
103,"2018-12-31 13:27:01.0260","2018-12-31 13:28:44.8000",3211,"Newark Ave",40.72152515,-74.046304543,3270,"Jersey & 6th St",40.72528910781132,-74.04557168483734,29204,"Subscriber",1971,1
341,"2018-12-31 14:13:14.3920","2018-12-31 14:18:56.0480",3211,"Newark Ave",40.72152515,-74.046304543,3205,"JC Medical Center",40.71653978099194,-74.0496379137039,26200,"Subscriber",1993,1
141,"2018-12-31 14:14:12.5980","2018-12-31 14:16:34.0620",3211,"Newark Ave",40.72152515,-74.046304543,3278,"Monmouth and 6th",40.72568548362901,-74.04879033565521,29593,"Subscriber",1982,1
440,"2018-12-31 15:18:42.2390","2018-12-31 15:26:02.8650",3211,"Newark Ave",40.72152515,-74.046304543,3225,"Baldwin at Montgomery",40.7236589,-74.0641943,29665,"Subscriber",1976,0
338,"2018-12-31 15:18:46.9410","2018-12-31 15:24:25.2420",3211,"Newark Ave",40.72152515,-74.046304543,3275,"Columbus Drive",40.71835519823214,-74.03891444206238,29610,"Subscriber",1991,1
435,"2018-12-31 17:03:28.1670","2018-12-31 17:10:43.3740",3211,"Newark Ave",40.72152515,-74.046304543,3192,"Liberty Light Rail",40.7112423,-74.0557013,26279,"Subscriber",1985,1
766,"2018-12-31 17:45:07.4100","2018-12-31 17:57:54.0720",3211,"Newark Ave",40.72152515,-74.046304543,3203,"Hamilton Park",40.727595966,-74.044247311,29530,"Subscriber",1982,1
532,"2018-12-01 12:45:01.1630","2018-12-01 12:53:53.8700",3212,"Christ Hospital",40.734785818,-74.050443636,3198,"Heights Elevator",40.748715945380226,-74.04044330120087,29665,"Subscriber",1967,2
313,"2018-12-01 16:59:36.4200","2018-12-01 17:04:50.2550",3212,"Christ Hospital",40.734785818,-74.050443636,3269,"Brunswick & 6th",40.72601172964625,-74.05038893222809,29269,"Subscriber",1988,1
391,"2018-12-01 17:12:53.7070","2018-12-01 17:19:25.4340",3212,"Christ Hospital",40.734785818,-74.050443636,3206,"Hilltop",40.7311689,-74.0575736,26294,"Subscriber",1985,1
868,"2018-12-01 19:35:00.2320","2018-12-01 19:49:28.9320",3212,"Christ Hospital",40.734785818,-74.050443636,3275,"Columbus Drive",40.71835519823214,-74.03891444206238,29576,"Subscriber",1987,1
252,"2018-12-02 01:05:34.8580","2018-12-02 01:09:47.2320",3212,"Christ Hospital",40.734785818,-74.050443636,3206,"Hilltop",40.7311689,-74.0575736,26202,"Subscriber",1988,1
414,"2018-12-02 23:30:20.7330","2018-12-02 23:37:15.4730",3212,"Christ Hospital",40.734785818,-74.050443636,3209,"Brunswick St",40.7241765,-74.0506564,26301,"Subscriber",1982,1
324,"2018-12-03 07:41:43.8900","2018-12-03 07:47:08.4950",3212,"Christ Hospital",40.734785818,-74.050443636,3206,"Hilltop",40.7311689,-74.0575736,26157,"Subscriber",1994,2
645,"2018-12-03 07:44:50.1950","2018-12-03 07:55:35.2630",3212,"Christ Hospital",40.734785818,-74.050443636,3198,"Heights Elevator",40.748715945380226,-74.04044330120087,26175,"Subscriber",1989,2
998,"2018-12-03 13:37:10.2970","2018-12-03 13:53:48.7210",3212,"Christ Hospital",40.734785818,-74.050443636,3639,"Harborside",40.7192517,-74.034234,26264,"Subscriber",1986,2
394,"2018-12-03 19:17:22.4500","2018-12-03 19:23:57.0310",3212,"Christ Hospital",40.734785818,-74.050443636,3206,"Hilltop",40.7311689,-74.0575736,29207,"Subscriber",1987,1
453,"2018-12-03 23:31:13.8160","2018-12-03 23:38:47.4480",3212,"Christ Hospital",40.734785818,-74.050443636,3211,"Newark Ave",40.72152515,-74.046304543,29460,"Subscriber",1982,1
751,"2018-12-04 07:46:18.0660","2018-12-04 07:58:49.2700",3212,"Christ Hospital",40.734785818,-74.050443636,3198,"Heights Elevator",40.748715945380226,-74.04044330120087,26217,"Subscriber",1989,2
349,"2018-12-04 08:13:27.2570","2018-12-04 08:19:16.9780",3212,"Christ Hospital",40.734785818,-74.050443636,3195,"Sip Ave",40.73074262530658,-74.06378388404846,26223,"Subscriber",1982,1
260,"2018-12-04 08:14:20.0020","2018-12-04 08:18:40.4800",3212,"Christ Hospital",40.734785818,-74.050443636,3206,"Hilltop",40.7311689,-74.0575736,29491,"Subscriber",1985,1
494,"2018-12-04 08:42:00.9900","2018-12-04 08:50:15.9070",3212,"Christ Hospital",40.734785818,-74.050443636,3640,"Journal Square",40.73367,-74.0625,29552,"Subscriber",1991,2
653,"2018-12-04 08:48:43.7240","2018-12-04 08:59:37.1440",3212,"Christ Hospital",40.734785818,-74.050443636,3638,"Washington St",40.7242941,-74.0354826,29510,"Subscriber",1993,1
1081,"2018-12-04 08:51:38.6560","2018-12-04 09:09:40.4770",3212,"Christ Hospital",40.734785818,-74.050443636,3638,"Washington St",40.7242941,-74.0354826,29506,"Subscriber",1980,1
325,"2018-12-04 18:12:30.0150","2018-12-04 18:17:55.3540",3212,"Christ Hospital",40.734785818,-74.050443636,3210,"Pershing Field",40.742677141,-74.051788633,29682,"Subscriber",1984,1
1395,"2018-12-04 19:28:45.6570","2018-12-04 19:52:01.0870",3212,"Christ Hospital",40.734785818,-74.050443636,3212,"Christ Hospital",40.734785818,-74.050443636,26199,"Customer",1981,1
299,"2018-12-04 22:52:38.0410","2018-12-04 22:57:38.0380",3212,"Christ Hospital",40.734785818,-74.050443636,3269,"Brunswick & 6th",40.72601172964625,-74.05038893222809,26199,"Subscriber",1983,1
622,"2018-12-06 07:42:42.5730","2018-12-06 07:53:05.1510",3212,"Christ Hospital",40.734785818,-74.050443636,3198,"Heights Elevator",40.748715945380226,-74.04044330120087,26184,"Subscriber",1989,2
223,"2018-12-06 08:05:22.8840","2018-12-06 08:09:06.5510",3212,"Christ Hospital",40.734785818,-74.050443636,3206,"Hilltop",40.7311689,-74.0575736,26262,"Subscriber",1985,1
509,"2018-12-06 15:04:41.3940","2018-12-06 15:13:10.8750",3212,"Christ Hospital",40.734785818,-74.050443636,3186,"Grove St PATH",40.71958611647166,-74.04311746358871,29602,"Subscriber",1985,1
422,"2018-12-07 08:06:50.7520","2018-12-07 08:13:53.4590",3212,"Christ Hospital",40.734785818,-74.050443636,3195,"Sip Ave",40.73074262530658,-74.06378388404846,29213,"Subscriber",1961,1
230,"2018-12-07 08:13:15.7050","2018-12-07 08:17:06.6730",3212,"Christ Hospital",40.734785818,-74.050443636,3206,"Hilltop",40.7311689,-74.0575736,29606,"Subscriber",1985,1
446,"2018-12-07 08:13:24.4480","2018-12-07 08:20:51.3440",3212,"Christ Hospital",40.734785818,-74.050443636,3195,"Sip Ave",40.73074262530658,-74.06378388404846,26192,"Subscriber",1981,1
440,"2018-12-07 08:28:31.1800","2018-12-07 08:35:51.4640",3212,"Christ Hospital",40.734785818,-74.050443636,3640,"Journal Square",40.73367,-74.0625,29552,"Subscriber",1991,2
376,"2018-12-07 08:42:50.0010","2018-12-07 08:49:06.9080",3212,"Christ Hospital",40.734785818,-74.050443636,3195,"Sip Ave",40.73074262530658,-74.06378388404846,29437,"Subscriber",1976,2
656,"2018-12-07 13:23:12.7290","2018-12-07 13:34:09.5180",3212,"Christ Hospital",40.734785818,-74.050443636,3187,"Warren St",40.7211236,-74.03805095,26288,"Subscriber",1991,1
329,"2018-12-09 15:15:42.6380","2018-12-09 15:21:12.3810",3212,"Christ Hospital",40.734785818,-74.050443636,3206,"Hilltop",40.7311689,-74.0575736,29552,"Subscriber",1994,2
380,"2018-12-09 19:42:10.1780","2018-12-09 19:48:30.8160",3212,"Christ Hospital",40.734785818,-74.050443636,3206,"Hilltop",40.7311689,-74.0575736,26186,"Subscriber",1990,1
596,"2018-12-10 07:45:13.0960","2018-12-10 07:55:10.0690",3212,"Christ Hospital",40.734785818,-74.050443636,3198,"Heights Elevator",40.748715945380226,-74.04044330120087,29619,"Subscriber",1989,2
286,"2018-12-10 08:02:52.3860","2018-12-10 08:07:38.6210",3212,"Christ Hospital",40.734785818,-74.050443636,3206,"Hilltop",40.7311689,-74.0575736,29569,"Subscriber",1985,1
685,"2018-12-10 08:32:15.8240","2018-12-10 08:43:41.3980",3212,"Christ Hospital",40.734785818,-74.050443636,3195,"Sip Ave",40.73074262530658,-74.06378388404846,29198,"Subscriber",1991,2
337,"2018-12-10 08:41:29.0930","2018-12-10 08:47:06.4890",3212,"Christ Hospital",40.734785818,-74.050443636,3206,"Hilltop",40.7311689,-74.0575736,26182,"Subscriber",1994,2
425,"2018-12-10 16:43:54.2390","2018-12-10 16:50:59.4240",3212,"Christ Hospital",40.734785818,-74.050443636,3195,"Sip Ave",40.73074262530658,-74.06378388404846,29453,"Subscriber",1961,1
408,"2018-12-10 19:07:40.0000","2018-12-10 19:14:28.8770",3212,"Christ Hospital",40.734785818,-74.050443636,3195,"Sip Ave",40.73074262530658,-74.06378388404846,29442,"Subscriber",1987,1
274,"2018-12-11 08:06:02.0200","2018-12-11 08:10:36.6540",3212,"Christ Hospital",40.734785818,-74.050443636,3206,"Hilltop",40.7311689,-74.0575736,29550,"Subscriber",1985,1
376,"2018-12-11 08:50:17.8990","2018-12-11 08:56:34.1910",3212,"Christ Hospital",40.734785818,-74.050443636,3220,"5 Corners Library",40.734961020009514,-74.0595030784607,29213,"Subscriber",1991,2
348,"2018-12-11 15:58:50.2770","2018-12-11 16:04:38.4180",3212,"Christ Hospital",40.734785818,-74.050443636,3206,"Hilltop",40.7311689,-74.0575736,26236,"Subscriber",1994,2
459,"2018-12-12 00:06:26.5680","2018-12-12 00:14:05.6980",3212,"Christ Hospital",40.734785818,-74.050443636,3209,"Brunswick St",40.7241765,-74.0506564,29459,"Subscriber",1989,2
417,"2018-12-12 05:07:24.3390","2018-12-12 05:14:21.5520",3212,"Christ Hospital",40.734785818,-74.050443636,3640,"Journal Square",40.73367,-74.0625,29537,"Subscriber",1986,2
277,"2018-12-12 08:04:18.8710","2018-12-12 08:08:56.5390",3212,"Christ Hospital",40.734785818,-74.050443636,3206,"Hilltop",40.7311689,-74.0575736,29469,"Subscriber",1985,1
461,"2018-12-12 08:47:36.3540","2018-12-12 08:55:18.1510",3212,"Christ Hospital",40.734785818,-74.050443636,3640,"Journal Square",40.73367,-74.0625,29276,"Subscriber",1991,2
327,"2018-12-12 09:02:31.1920","2018-12-12 09:07:59.0910",3212,"Christ Hospital",40.734785818,-74.050443636,3206,"Hilltop",40.7311689,-74.0575736,29493,"Subscriber",1994,2
421,"2018-12-12 12:05:25.3210","2018-12-12 12:12:26.6240",3212,"Christ Hospital",40.734785818,-74.050443636,3195,"Sip Ave",40.73074262530658,-74.06378388404846,26288,"Subscriber",1961,1
626,"2018-12-12 18:17:37.9980","2018-12-12 18:28:04.9000",3212,"Christ Hospital",40.734785818,-74.050443636,3185,"City Hall",40.7177325,-74.043845,26205,"Subscriber",1987,1
340,"2018-12-13 00:43:38.0280","2018-12-13 00:49:18.8900",3212,"Christ Hospital",40.734785818,-74.050443636,3206,"Hilltop",40.7311689,-74.0575736,29292,"Subscriber",1994,2
462,"2018-12-13 05:07:57.1690","2018-12-13 05:15:39.4910",3212,"Christ Hospital",40.734785818,-74.050443636,3640,"Journal Square",40.73367,-74.0625,26200,"Subscriber",1986,2
643,"2018-12-13 07:46:10.2500","2018-12-13 07:56:53.3320",3212,"Christ Hospital",40.734785818,-74.050443636,3198,"Heights Elevator",40.748715945380226,-74.04044330120087,29276,"Subscriber",1989,2
199,"2018-12-13 08:41:58.8550","2018-12-13 08:45:18.5930",3212,"Christ Hospital",40.734785818,-74.050443636,3206,"Hilltop",40.7311689,-74.0575736,29575,"Subscriber",1985,1
411,"2018-12-14 07:47:23.4930","2018-12-14 07:54:14.6660",3212,"Christ Hospital",40.734785818,-74.050443636,3209,"Brunswick St",40.7241765,-74.0506564,29239,"Subscriber",1989,2
250,"2018-12-14 08:16:00.3650","2018-12-14 08:20:10.7850",3212,"Christ Hospital",40.734785818,-74.050443636,3206,"Hilltop",40.7311689,-74.0575736,29292,"Subscriber",1985,1
407,"2018-12-14 08:33:41.6600","2018-12-14 08:40:29.6130",3212,"Christ Hospital",40.734785818,-74.050443636,3640,"Journal Square",40.73367,-74.0625,26287,"Subscriber",1991,2
690,"2018-12-14 11:21:33.1640","2018-12-14 11:33:03.6940",3212,"Christ Hospital",40.734785818,-74.050443636,3187,"Warren St",40.7211236,-74.03805095,29524,"Subscriber",1991,1
432,"2018-12-14 13:03:19.3020","2018-12-14 13:10:31.6650",3212,"Christ Hospital",40.734785818,-74.050443636,3209,"Brunswick St",40.7241765,-74.0506564,29480,"Subscriber",1987,1
346,"2018-12-14 15:26:44.4900","2018-12-14 15:32:30.7250",3212,"Christ Hospital",40.734785818,-74.050443636,3211,"Newark Ave",40.72152515,-74.046304543,29219,"Subscriber",1976,2
750,"2018-12-15 11:46:36.8910","2018-12-15 11:59:07.8680",3212,"Christ Hospital",40.734785818,-74.050443636,3640,"Journal Square",40.73367,-74.0625,29577,"Subscriber",1981,2
942,"2018-12-15 15:39:29.5970","2018-12-15 15:55:12.1180",3212,"Christ Hospital",40.734785818,-74.050443636,3194,"McGinley Square",40.7253399253558,-74.06762212514877,29277,"Subscriber",1987,1
820,"2018-12-15 23:12:21.1240","2018-12-15 23:26:01.6800",3212,"Christ Hospital",40.734785818,-74.050443636,3267,"Morris Canal",40.7124188237569,-74.03852552175522,29465,"Subscriber",1960,1
543,"2018-12-17 07:44:48.8630","2018-12-17 07:53:51.9530",3212,"Christ Hospital",40.734785818,-74.050443636,3198,"Heights Elevator",40.748715945380226,-74.04044330120087,29605,"Subscriber",1989,2
577,"2018-12-17 07:58:02.2890","2018-12-17 08:07:40.1470",3212,"Christ Hospital",40.734785818,-74.050443636,3195,"Sip Ave",40.73074262530658,-74.06378388404846,29472,"Subscriber",1989,2
355,"2018-12-17 08:06:51.9390","2018-12-17 08:12:47.9300",3212,"Christ Hospital",40.734785818,-74.050443636,3206,"Hilltop",40.7311689,-74.0575736,29667,"Subscriber",1985,1
452,"2018-12-17 08:15:54.9130","2018-12-17 08:23:27.7780",3212,"Christ Hospital",40.734785818,-74.050443636,3640,"Journal Square",40.73367,-74.0625,29298,"Subscriber",1991,2
499,"2018-12-17 08:54:03.1030","2018-12-17 09:02:22.4600",3212,"Christ Hospital",40.734785818,-74.050443636,3195,"Sip Ave",40.73074262530658,-74.06378388404846,29528,"Subscriber",1971,2
1709,"2018-12-17 11:55:22.9960","2018-12-17 12:23:52.2770",3212,"Christ Hospital",40.734785818,-74.050443636,3212,"Christ Hospital",40.734785818,-74.050443636,29467,"Customer",1981,1
488,"2018-12-17 15:09:33.5070","2018-12-17 15:17:41.9300",3212,"Christ Hospital",40.734785818,-74.050443636,3195,"Sip Ave",40.73074262530658,-74.06378388404846,29210,"Subscriber",1986,2
203,"2018-12-18 08:08:58.0100","2018-12-18 08:12:21.6750",3212,"Christ Hospital",40.734785818,-74.050443636,3206,"Hilltop",40.7311689,-74.0575736,33744,"Subscriber",1985,1
395,"2018-12-18 08:34:14.4230","2018-12-18 08:40:49.4760",3212,"Christ Hospital",40.734785818,-74.050443636,3195,"Sip Ave",40.73074262530658,-74.06378388404846,29679,"Subscriber",1981,1
429,"2018-12-18 10:08:06.0390","2018-12-18 10:15:15.2320",3212,"Christ Hospital",40.734785818,-74.050443636,3186,"Grove St PATH",40.71958611647166,-74.04311746358871,29658,"Subscriber",1991,1
464,"2018-12-18 12:43:38.1620","2018-12-18 12:51:22.8290",3212,"Christ Hospital",40.734785818,-74.050443636,3640,"Journal Square",40.73367,-74.0625,26251,"Subscriber",1991,2
404,"2018-12-18 17:32:07.5750","2018-12-18 17:38:51.8330",3212,"Christ Hospital",40.734785818,-74.050443636,3195,"Sip Ave",40.73074262530658,-74.06378388404846,29233,"Subscriber",1961,1
662,"2018-12-19 06:23:46.4170","2018-12-19 06:34:48.8110",3212,"Christ Hospital",40.734785818,-74.050443636,3639,"Harborside",40.7192517,-74.034234,26160,"Subscriber",1988,1
245,"2018-12-19 08:05:23.1340","2018-12-19 08:09:28.2640",3212,"Christ Hospital",40.734785818,-74.050443636,3206,"Hilltop",40.7311689,-74.0575736,29252,"Subscriber",1985,1
367,"2018-12-19 08:42:49.1860","2018-12-19 08:48:56.5190",3212,"Christ Hospital",40.734785818,-74.050443636,3195,"Sip Ave",40.73074262530658,-74.06378388404846,29530,"Subscriber",1981,1
485,"2018-12-19 08:45:08.0590","2018-12-19 08:53:13.1020",3212,"Christ Hospital",40.734785818,-74.050443636,3640,"Journal Square",40.73367,-74.0625,26251,"Subscriber",1991,2
426,"2018-12-19 12:30:28.7900","2018-12-19 12:37:35.4040",3212,"Christ Hospital",40.734785818,-74.050443636,3195,"Sip Ave",40.73074262530658,-74.06378388404846,26167,"Subscriber",1961,1
322,"2018-12-19 13:06:36.1660","2018-12-19 13:11:59.1170",3212,"Christ Hospital",40.734785818,-74.050443636,3209,"Brunswick St",40.7241765,-74.0506564,29467,"Subscriber",1993,1
213,"2018-12-20 08:07:10.7840","2018-12-20 08:10:44.1920",3212,"Christ Hospital",40.734785818,-74.050443636,3206,"Hilltop",40.7311689,-74.0575736,29292,"Subscriber",1985,1
480,"2018-12-20 08:54:52.5720","2018-12-20 09:02:53.1410",3212,"Christ Hospital",40.734785818,-74.050443636,3640,"Journal Square",40.73367,-74.0625,29670,"Subscriber",1991,2
483,"2018-12-22 08:06:53.5660","2018-12-22 08:14:57.2430",3212,"Christ Hospital",40.734785818,-74.050443636,3195,"Sip Ave",40.73074262530658,-74.06378388404846,29538,"Subscriber",1989,2
298,"2018-12-22 13:53:55.2800","2018-12-22 13:58:53.9470",3212,"Christ Hospital",40.734785818,-74.050443636,3196,"Riverview Park",40.7443187,-74.0439909,26300,"Subscriber",1986,1
402,"2018-12-23 08:33:22.1240","2018-12-23 08:40:04.1390",3212,"Christ Hospital",40.734785818,-74.050443636,3195,"Sip Ave",40.73074262530658,-74.06378388404846,29629,"Subscriber",1989,2
579,"2018-12-23 10:18:59.8410","2018-12-23 10:28:38.9070",3212,"Christ Hospital",40.734785818,-74.050443636,3640,"Journal Square",40.73367,-74.0625,29513,"Subscriber",1981,2
240,"2018-12-24 08:12:39.0660","2018-12-24 08:16:39.2890",3212,"Christ Hospital",40.734785818,-74.050443636,3206,"Hilltop",40.7311689,-74.0575736,29465,"Subscriber",1985,1
505,"2018-12-24 08:13:53.3320","2018-12-24 08:22:18.7540",3212,"Christ Hospital",40.734785818,-74.050443636,3195,"Sip Ave",40.73074262530658,-74.06378388404846,29201,"Subscriber",1989,2
1205,"2018-12-24 14:39:56.1380","2018-12-24 15:00:02.1270",3212,"Christ Hospital",40.734785818,-74.050443636,3483,"Montgomery St",40.71942,-74.05099,26288,"Customer",1981,1
821,"2018-12-24 14:46:21.7220","2018-12-24 15:00:02.7950",3212,"Christ Hospital",40.734785818,-74.050443636,3483,"Montgomery St",40.71942,-74.05099,29250,"Customer",1973,2
364,"2018-12-24 21:18:34.0090","2018-12-24 21:24:38.5990",3212,"Christ Hospital",40.734785818,-74.050443636,3279,"Dixon Mills",40.721630142638354,-74.04996782541275,29250,"Subscriber",1969,0
486,"2018-12-26 07:55:18.8070","2018-12-26 08:03:24.8530",3212,"Christ Hospital",40.734785818,-74.050443636,3195,"Sip Ave",40.73074262530658,-74.06378388404846,29576,"Subscriber",1989,2
240,"2018-12-26 08:06:42.3630","2018-12-26 08:10:42.6080",3212,"Christ Hospital",40.734785818,-74.050443636,3206,"Hilltop",40.7311689,-74.0575736,29667,"Subscriber",1985,1
523,"2018-12-26 12:41:47.6550","2018-12-26 12:50:30.8790",3212,"Christ Hospital",40.734785818,-74.050443636,3640,"Journal Square",40.73367,-74.0625,26152,"Subscriber",1981,2
525,"2018-12-26 15:49:06.7790","2018-12-26 15:57:51.9060",3212,"Christ Hospital",40.734785818,-74.050443636,3269,"Brunswick & 6th",40.72601172964625,-74.05038893222809,26206,"Subscriber",1983,1
2594,"2018-12-26 21:55:37.6060","2018-12-26 22:38:52.0480",3212,"Christ Hospital",40.734785818,-74.050443636,3183,"Exchange Place",40.7162469,-74.0334588,26153,"Subscriber",1973,1
407,"2018-12-27 05:13:58.1570","2018-12-27 05:20:45.2880",3212,"Christ Hospital",40.734785818,-74.050443636,3195,"Sip Ave",40.73074262530658,-74.06378388404846,29211,"Subscriber",1965,1
518,"2018-12-27 09:00:35.3830","2018-12-27 09:09:14.1280",3212,"Christ Hospital",40.734785818,-74.050443636,3185,"City Hall",40.7177325,-74.043845,29667,"Subscriber",1984,1
471,"2018-12-27 11:50:05.0160","2018-12-27 11:57:56.6580",3212,"Christ Hospital",40.734785818,-74.050443636,3186,"Grove St PATH",40.71958611647166,-74.04311746358871,26221,"Subscriber",1991,1
547,"2018-12-27 16:36:35.1970","2018-12-27 16:45:42.5850",3212,"Christ Hospital",40.734785818,-74.050443636,3273,"Manila & 1st",40.721650724879986,-74.04288411140442,29504,"Subscriber",1991,1
4913,"2018-12-29 08:47:49.0300","2018-12-29 10:09:42.4760",3212,"Christ Hospital",40.734785818,-74.050443636,3192,"Liberty Light Rail",40.7112423,-74.0557013,29594,"Customer",1969,0
4913,"2018-12-29 08:47:58.3870","2018-12-29 10:09:51.9660",3212,"Christ Hospital",40.734785818,-74.050443636,3192,"Liberty Light Rail",40.7112423,-74.0557013,26260,"Customer",1969,0
553,"2018-12-29 14:47:30.4040","2018-12-29 14:56:44.2620",3212,"Christ Hospital",40.734785818,-74.050443636,3195,"Sip Ave",40.73074262530658,-74.06378388404846,26304,"Customer",1969,0
572,"2018-12-29 15:37:37.7420","2018-12-29 15:47:10.4180",3212,"Christ Hospital",40.734785818,-74.050443636,3186,"Grove St PATH",40.71958611647166,-74.04311746358871,26235,"Subscriber",1984,1
172,"2018-12-01 07:51:39.1000","2018-12-01 07:54:31.8700",3213,"Van Vorst Park",40.71848892,-74.047726625,3279,"Dixon Mills",40.721630142638354,-74.04996782541275,29244,"Subscriber",1985,1
162,"2018-12-01 08:04:49.8070","2018-12-01 08:07:31.8730",3213,"Van Vorst Park",40.71848892,-74.047726625,3186,"Grove St PATH",40.71958611647166,-74.04311746358871,29263,"Subscriber",1989,2
565,"2018-12-01 09:41:25.2420","2018-12-01 09:50:50.5350",3213,"Van Vorst Park",40.71848892,-74.047726625,3192,"Liberty Light Rail",40.7112423,-74.0557013,20783,"Customer",1992,1
472,"2018-12-01 09:42:53.2300","2018-12-01 09:50:46.1150",3213,"Van Vorst Park",40.71848892,-74.047726625,3192,"Liberty Light Rail",40.7112423,-74.0557013,26264,"Customer",1995,2
170,"2018-12-01 09:50:56.8700","2018-12-01 09:53:47.4360",3213,"Van Vorst Park",40.71848892,-74.047726625,3186,"Grove St PATH",40.71958611647166,-74.04311746358871,26164,"Subscriber",1977,1
245,"2018-12-01 09:53:24.1010","2018-12-01 09:57:29.5250",3213,"Van Vorst Park",40.71848892,-74.047726625,3209,"Brunswick St",40.7241765,-74.0506564,26223,"Subscriber",1975,2
184,"2018-12-01 09:53:35.6270","2018-12-01 09:56:40.5960",3213,"Van Vorst Park",40.71848892,-74.047726625,3186,"Grove St PATH",40.71958611647166,-74.04311746358871,29524,"Subscriber",1976,1
451,"2018-12-01 10:38:23.5010","2018-12-01 10:45:54.9720",3213,"Van Vorst Park",40.71848892,-74.047726625,3183,"Exchange Place",40.7162469,-74.0334588,29640,"Subscriber",1964,2
1009,"2018-12-01 10:42:49.6920","2018-12-01 10:59:39.3990",3213,"Van Vorst Park",40.71848892,-74.047726625,3213,"Van Vorst Park",40.71848892,-74.047726625,26190,"Subscriber",1986,1
442,"2018-12-01 11:30:46.2720","2018-12-01 11:38:09.0680",3213,"Van Vorst Park",40.71848892,-74.047726625,3206,"Hilltop",40.7311689,-74.0575736,29207,"Subscriber",1983,1
759,"2018-12-01 13:44:43.7160","2018-12-01 13:57:22.9230",3213,"Van Vorst Park",40.71848892,-74.047726625,3213,"Van Vorst Park",40.71848892,-74.047726625,29259,"Subscriber",1977,1
3989,"2018-12-01 14:34:29.9960","2018-12-01 15:40:58.9990",3213,"Van Vorst Park",40.71848892,-74.047726625,3192,"Liberty Light Rail",40.7112423,-74.0557013,26293,"Subscriber",1978,1
181,"2018-12-01 14:48:41.1370","2018-12-01 14:51:42.3010",3213,"Van Vorst Park",40.71848892,-74.047726625,3186,"Grove St PATH",40.71958611647166,-74.04311746358871,26190,"Subscriber",1983,1
179,"2018-12-01 14:50:35.3240","2018-12-01 14:53:34.4000",3213,"Van Vorst Park",40.71848892,-74.047726625,3273,"Manila & 1st",40.721650724879986,-74.04288411140442,29489,"Subscriber",1981,1
108,"2018-12-01 15:44:17.1520","2018-12-01 15:46:06.0110",3213,"Van Vorst Park",40.71848892,-74.047726625,3186,"Grove St PATH",40.71958611647166,-74.04311746358871,29207,"Subscriber",1993,1
266,"2018-12-01 15:53:48.5720","2018-12-01 15:58:14.6030",3213,"Van Vorst Park",40.71848892,-74.047726625,3278,"Monmouth and 6th",40.72568548362901,-74.04879033565521,26221,"Subscriber",1987,1
132,"2018-12-01 16:05:23.8760","2018-12-01 16:07:36.6720",3213,"Van Vorst Park",40.71848892,-74.047726625,3483,"Montgomery St",40.71942,-74.05099,29259,"Subscriber",1988,1
205,"2018-12-01 16:40:47.6140","2018-12-01 16:44:13.2730",3213,"Van Vorst Park",40.71848892,-74.047726625,3211,"Newark Ave",40.72152515,-74.046304543,26206,"Subscriber",1988,2
436,"2018-12-01 16:58:16.6650","2018-12-01 17:05:33.0150",3213,"Van Vorst Park",40.71848892,-74.047726625,3267,"Morris Canal",40.7124188237569,-74.03852552175522,29237,"Subscriber",1981,2
1282,"2018-12-01 21:49:47.7540","2018-12-01 22:11:10.1110",3213,"Van Vorst Park",40.71848892,-74.047726625,3280,"Astor Place",40.71928220070702,-74.07126188278198,29474,"Subscriber",1953,2
2626,"2018-12-01 21:52:23.5660","2018-12-01 22:36:09.7060",3213,"Van Vorst Park",40.71848892,-74.047726625,3273,"Manila & 1st",40.721650724879986,-74.04288411140442,29604,"Subscriber",1990,1
88,"2018-12-02 10:22:32.2210","2018-12-02 10:24:00.9410",3213,"Van Vorst Park",40.71848892,-74.047726625,3211,"Newark Ave",40.72152515,-74.046304543,29604,"Subscriber",1986,1
1962,"2018-12-02 14:04:05.6140","2018-12-02 14:36:47.7770",3213,"Van Vorst Park",40.71848892,-74.047726625,3213,"Van Vorst Park",40.71848892,-74.047726625,26227,"Subscriber",1988,1
138,"2018-12-02 14:59:40.7380","2018-12-02 15:01:58.8630",3213,"Van Vorst Park",40.71848892,-74.047726625,3186,"Grove St PATH",40.71958611647166,-74.04311746358871,29623,"Subscriber",1990,1
173,"2018-12-02 18:24:12.1670","2018-12-02 18:27:06.0160",3213,"Van Vorst Park",40.71848892,-74.047726625,3186,"Grove St PATH",40.71958611647166,-74.04311746358871,29443,"Subscriber",1988,1
699,"2018-12-02 19:16:32.6930","2018-12-02 19:28:12.4990",3213,"Van Vorst Park",40.71848892,-74.047726625,3199,"Newport Pkwy",40.7287448,-74.0321082,29676,"Subscriber",1988,2
123,"2018-12-02 20:32:03.5410","2018-12-02 20:34:06.9290",3213,"Van Vorst Park",40.71848892,-74.047726625,3186,"Grove St PATH",40.71958611647166,-74.04311746358871,29223,"Subscriber",1990,1
407,"2018-12-02 20:50:29.0380","2018-12-02 20:57:16.6070",3213,"Van Vorst Park",40.71848892,-74.047726625,3639,"Harborside",40.7192517,-74.034234,29237,"Subscriber",1980,1
79,"2018-12-03 06:32:42.4260","2018-12-03 06:34:01.6010",3213,"Van Vorst Park",40.71848892,-74.047726625,3213,"Van Vorst Park",40.71848892,-74.047726625,26170,"Subscriber",1970,1
131,"2018-12-03 06:34:50.7390","2018-12-03 06:37:02.2990",3213,"Van Vorst Park",40.71848892,-74.047726625,3186,"Grove St PATH",40.71958611647166,-74.04311746358871,26170,"Subscriber",1970,1
284,"2018-12-03 08:05:42.0170","2018-12-03 08:10:26.0950",3213,"Van Vorst Park",40.71848892,-74.047726625,3186,"Grove St PATH",40.71958611647166,-74.04311746358871,29623,"Subscriber",1988,1
196,"2018-12-03 08:18:45.8350","2018-12-03 08:22:02.2720",3213,"Van Vorst Park",40.71848892,-74.047726625,3186,"Grove St PATH",40.71958611647166,-74.04311746358871,26245,"Subscriber",1987,1
144,"2018-12-03 08:19:40.2000","2018-12-03 08:22:04.3700",3213,"Van Vorst Park",40.71848892,-74.047726625,3186,"Grove St PATH",40.71958611647166,-74.04311746358871,26227,"Subscriber",1969,0
114,"2018-12-03 08:34:27.7260","2018-12-03 08:36:22.4190",3213,"Van Vorst Park",40.71848892,-74.047726625,3185,"City Hall",40.7177325,-74.043845,26275,"Subscriber",1986,1
189,"2018-12-03 08:49:40.9920","2018-12-03 08:52:50.0060",3213,"Van Vorst Park",40.71848892,-74.047726625,3186,"Grove St PATH",40.71958611647166,-74.04311746358871,26282,"Subscriber",1989,2
189,"2018-12-03 09:10:11.1160","2018-12-03 09:13:20.7950",3213,"Van Vorst Park",40.71848892,-74.047726625,3186,"Grove St PATH",40.71958611647166,-74.04311746358871,29507,"Subscriber",1983,1
697,"2018-12-03 09:43:49.7880","2018-12-03 09:55:27.5300",3213,"Van Vorst Park",40.71848892,-74.047726625,3639,"Harborside",40.7192517,-74.034234,29450,"Subscriber",1992,2
113,"2018-12-03 10:09:28.1950","2018-12-03 10:11:21.6270",3213,"Van Vorst Park",40.71848892,-74.047726625,3185,"City Hall",40.7177325,-74.043845,26246,"Subscriber",1965,2
115,"2018-12-03 11:19:13.5810","2018-12-03 11:21:09.4650",3213,"Van Vorst Park",40.71848892,-74.047726625,3185,"City Hall",40.7177325,-74.043845,26301,"Subscriber",1971,1
119,"2018-12-03 11:40:27.7720","2018-12-03 11:42:27.4500",3213,"Van Vorst Park",40.71848892,-74.047726625,3186,"Grove St PATH",40.71958611647166,-74.04311746358871,29123,"Subscriber",1977,1
739,"2018-12-03 15:49:34.3470","2018-12-03 16:01:53.5690",3213,"Van Vorst Park",40.71848892,-74.047726625,3183,"Exchange Place",40.7162469,-74.0334588,29301,"Subscriber",1967,2
2661,"2018-12-03 16:46:43.2800","2018-12-03 17:31:04.4230",3213,"Van Vorst Park",40.71848892,-74.047726625,3213,"Van Vorst Park",40.71848892,-74.047726625,26174,"Subscriber",1990,1
148,"2018-12-03 18:01:11.8500","2018-12-03 18:03:40.3770",3213,"Van Vorst Park",40.71848892,-74.047726625,3186,"Grove St PATH",40.71958611647166,-74.04311746358871,29292,"Subscriber",1967,2
156,"2018-12-03 18:24:47.3870","2018-12-03 18:27:23.9490",3213,"Van Vorst Park",40.71848892,-74.047726625,3186,"Grove St PATH",40.71958611647166,-74.04311746358871,26293,"Subscriber",1952,1
501,"2018-12-03 19:44:10.5150","2018-12-03 19:52:32.3070",3213,"Van Vorst Park",40.71848892,-74.047726625,3213,"Van Vorst Park",40.71848892,-74.047726625,26174,"Subscriber",1986,1
338,"2018-12-03 19:49:58.9130","2018-12-03 19:55:37.4100",3213,"Van Vorst Park",40.71848892,-74.047726625,3209,"Brunswick St",40.7241765,-74.0506564,29470,"Subscriber",1989,2
154,"2018-12-03 21:38:59.1180","2018-12-03 21:41:33.2810",3213,"Van Vorst Park",40.71848892,-74.047726625,3186,"Grove St PATH",40.71958611647166,-74.04311746358871,29487,"Subscriber",1981,2
822,"2018-12-04 03:08:55.8860","2018-12-04 03:22:38.3290",3213,"Van Vorst Park",40.71848892,-74.047726625,3694,"Jackson Square",40.71113,-74.0789,26312,"Subscriber",1990,2
627,"2018-12-04 05:24:40.0350","2018-12-04 05:35:07.9360",3213,"Van Vorst Park",40.71848892,-74.047726625,3639,"Harborside",40.7192517,-74.034234,29445,"Customer",1985,2
183,"2018-12-04 06:13:17.9250","2018-12-04 06:16:21.6370",3213,"Van Vorst Park",40.71848892,-74.047726625,3186,"Grove St PATH",40.71958611647166,-74.04311746358871,29523,"Subscriber",1989,2
156,"2018-12-04 06:52:03.6550","2018-12-04 06:54:39.7660",3213,"Van Vorst Park",40.71848892,-74.047726625,3272,"Jersey & 3rd",40.72333158646436,-74.04595255851744,26245,"Subscriber",1962,1
154,"2018-12-04 06:52:09.5290","2018-12-04 06:54:44.5210",3213,"Van Vorst Park",40.71848892,-74.047726625,3272,"Jersey & 3rd",40.72333158646436,-74.04595255851744,29545,"Subscriber",1962,2
295,"2018-12-04 07:32:09.2670","2018-12-04 07:37:04.8150",3213,"Van Vorst Park",40.71848892,-74.047726625,3186,"Grove St PATH",40.71958611647166,-74.04311746358871,29235,"Subscriber",1972,2
249,"2018-12-04 07:46:24.4230","2018-12-04 07:50:33.6060",3213,"Van Vorst Park",40.71848892,-74.047726625,3186,"Grove St PATH",40.71958611647166,-74.04311746358871,29236,"Subscriber",1990,2
130,"2018-12-04 07:57:12.6130","2018-12-04 07:59:23.2990",3213,"Van Vorst Park",40.71848892,-74.047726625,3186,"Grove St PATH",40.71958611647166,-74.04311746358871,26174,"Subscriber",1970,1
316,"2018-12-04 08:12:52.2870","2018-12-04 08:18:08.5780",3213,"Van Vorst Park",40.71848892,-74.047726625,3184,"Paulus Hook",40.7141454,-74.0335519,29120,"Subscriber",1995,1
153,"2018-12-04 08:13:04.9760","2018-12-04 08:15:37.9820",3213,"Van Vorst Park",40.71848892,-74.047726625,3186,"Grove St PATH",40.71958611647166,-74.04311746358871,29263,"Subscriber",1988,1
138,"2018-12-04 08:18:30.4570","2018-12-04 08:20:49.0600",3213,"Van Vorst Park",40.71848892,-74.047726625,3186,"Grove St PATH",40.71958611647166,-74.04311746358871,26267,"Subscriber",1969,0
117,"2018-12-04 08:38:23.9720","2018-12-04 08:40:21.7140",3213,"Van Vorst Park",40.71848892,-74.047726625,3185,"City Hall",40.7177325,-74.043845,29221,"Subscriber",1986,1
423,"2018-12-04 08:54:26.9960","2018-12-04 09:01:30.5930",3213,"Van Vorst Park",40.71848892,-74.047726625,3268,"Lafayette Park",40.71346382669195,-74.06285852193832,29208,"Subscriber",1987,1
310,"2018-12-04 09:03:26.0780","2018-12-04 09:08:36.2970",3213,"Van Vorst Park",40.71848892,-74.047726625,3186,"Grove St PATH",40.71958611647166,-74.04311746358871,26213,"Subscriber",1962,1
179,"2018-12-04 09:11:50.4850","2018-12-04 09:14:49.9870",3213,"Van Vorst Park",40.71848892,-74.047726625,3186,"Grove St PATH",40.71958611647166,-74.04311746358871,29582,"Subscriber",1983,1
166,"2018-12-04 09:37:33.1150","2018-12-04 09:40:19.2560",3213,"Van Vorst Park",40.71848892,-74.047726625,3186,"Grove St PATH",40.71958611647166,-74.04311746358871,29642,"Subscriber",1989,2
2224,"2018-12-04 10:07:52.7310","2018-12-04 10:44:56.9980",3213,"Van Vorst Park",40.71848892,-74.047726625,3205,"JC Medical Center",40.71653978099194,-74.0496379137039,29259,"Customer",1988,1
156,"2018-12-04 10:36:26.2700","2018-12-04 10:39:02.3290",3213,"Van Vorst Park",40.71848892,-74.047726625,3186,"Grove St PATH",40.71958611647166,-74.04311746358871,29681,"Subscriber",1977,1
100,"2018-12-04 10:50:35.4280","2018-12-04 10:52:15.6340",3213,"Van Vorst Park",40.71848892,-74.047726625,3185,"City Hall",40.7177325,-74.043845,29589,"Subscriber",1971,1
109,"2018-12-04 11:57:31.1820","2018-12-04 11:59:21.0540",3213,"Van Vorst Park",40.71848892,-74.047726625,3211,"Newark Ave",40.72152515,-74.046304543,29645,"Subscriber",1976,1
199,"2018-12-04 14:49:35.6790","2018-12-04 14:52:55.5580",3213,"Van Vorst Park",40.71848892,-74.047726625,3186,"Grove St PATH",40.71958611647166,-74.04311746358871,29258,"Subscriber",1989,2
139,"2018-12-04 16:17:13.7850","2018-12-04 16:19:33.2340",3213,"Van Vorst Park",40.71848892,-74.047726625,3483,"Montgomery St",40.71942,-74.05099,29271,"Subscriber",1958,1
104,"2018-12-04 16:30:03.1750","2018-12-04 16:31:47.8150",3213,"Van Vorst Park",40.71848892,-74.047726625,3186,"Grove St PATH",40.71958611647166,-74.04311746358871,29502,"Subscriber",1990,1
374,"2018-12-04 17:44:36.5570","2018-12-04 17:50:50.8690",3213,"Van Vorst Park",40.71848892,-74.047726625,3184,"Paulus Hook",40.7141454,-74.0335519,26255,"Subscriber",1986,1
154,"2018-12-04 18:20:18.0270","2018-12-04 18:22:52.8550",3213,"Van Vorst Park",40.71848892,-74.047726625,3186,"Grove St PATH",40.71958611647166,-74.04311746358871,29482,"Subscriber",1952,1
845,"2018-12-04 20:48:39.9980","2018-12-04 21:02:45.3010",3213,"Van Vorst Park",40.71848892,-74.047726625,3207,"Oakland Ave",40.7376037,-74.0524783,26248,"Subscriber",1988,1
509,"2018-12-04 21:15:07.8030","2018-12-04 21:23:37.6210",3213,"Van Vorst Park",40.71848892,-74.047726625,3277,"Communipaw & Berry Lane",40.71435836870427,-74.06661093235016,29521,"Subscriber",1983,1
187,"2018-12-05 05:49:21.0530","2018-12-05 05:52:28.5850",3213,"Van Vorst Park",40.71848892,-74.047726625,3279,"Dixon Mills",40.721630142638354,-74.04996782541275,31443,"Subscriber",1985,1
278,"2018-12-05 06:47:33.4730","2018-12-05 06:52:12.0770",3213,"Van Vorst Park",40.71848892,-74.047726625,3186,"Grove St PATH",40.71958611647166,-74.04311746358871,29502,"Subscriber",1970,2
179,"2018-12-05 06:54:49.4420","2018-12-05 06:57:48.9160",3213,"Van Vorst Park",40.71848892,-74.047726625,3272,"Jersey & 3rd",40.72333158646436,-74.04595255851744,29452,"Subscriber",1962,2
122,"2018-12-05 07:00:30.2020","2018-12-05 07:02:32.7800",3213,"Van Vorst Park",40.71848892,-74.047726625,3211,"Newark Ave",40.72152515,-74.046304543,26304,"Subscriber",1980,1
207,"2018-12-05 07:26:59.2700","2018-12-05 07:30:26.3980",3213,"Van Vorst Park",40.71848892,-74.047726625,3186,"Grove St PATH",40.71958611647166,-74.04311746358871,29257,"Subscriber",1972,2
132,"2018-12-05 07:48:13.0510","2018-12-05 07:50:25.8050",3213,"Van Vorst Park",40.71848892,-74.047726625,3185,"City Hall",40.7177325,-74.043845,29519,"Subscriber",1988,1
332,"2018-12-05 07:54:41.4500","2018-12-05 08:00:13.9540",3213,"Van Vorst Park",40.71848892,-74.047726625,3184,"Paulus Hook",40.7141454,-74.0335519,26302,"Subscriber",1995,1
154,"2018-12-05 08:34:56.7380","2018-12-05 08:37:31.1920",3213,"Van Vorst Park",40.71848892,-74.047726625,3185,"City Hall",40.7177325,-74.043845,29548,"Subscriber",1986,1
151,"2018-12-05 08:36:10.2710","2018-12-05 08:38:42.0090",3213,"Van Vorst Park",40.71848892,-74.047726625,3186,"Grove St PATH",40.71958611647166,-74.04311746358871,26304,"Subscriber",1984,1
288,"2018-12-05 08:41:54.3470","2018-12-05 08:46:42.9770",3213,"Van Vorst Park",40.71848892,-74.047726625,3183,"Exchange Place",40.7162469,-74.0334588,26291,"Subscriber",1981,1
93,"2018-12-05 09:10:32.1250","2018-12-05 09:12:05.4990",3213,"Van Vorst Park",40.71848892,-74.047726625,3185,"City Hall",40.7177325,-74.043845,29266,"Subscriber",1962,1
126,"2018-12-05 09:37:04.0760","2018-12-05 09:39:10.7910",3213,"Van Vorst Park",40.71848892,-74.047726625,3186,"Grove St PATH",40.71958611647166,-74.04311746358871,26316,"Subscriber",1989,2
627,"2018-12-05 09:42:37.6660","2018-12-05 09:53:05.2460",3213,"Van Vorst Park",40.71848892,-74.047726625,3639,"Harborside",40.7192517,-74.034234,29244,"Subscriber",1992,2
122,"2018-12-05 10:34:09.8760","2018-12-05 10:36:12.3370",3213,"Van Vorst Park",40.71848892,-74.047726625,3185,"City Hall",40.7177325,-74.043845,26170,"Subscriber",1975,1
157,"2018-12-05 11:02:20.1750","2018-12-05 11:04:57.5460",3213,"Van Vorst Park",40.71848892,-74.047726625,3186,"Grove St PATH",40.71958611647166,-74.04311746358871,29605,"Subscriber",1977,1
350,"2018-12-05 11:02:43.1230","2018-12-05 11:08:34.1080",3213,"Van Vorst Park",40.71848892,-74.047726625,3214,"Essex Light Rail",40.7127742,-74.0364857,29677,"Subscriber",1982,1
171,"2018-12-05 12:03:07.9340","2018-12-05 12:05:59.1370",3213,"Van Vorst Park",40.71848892,-74.047726625,3186,"Grove St PATH",40.71958611647166,-74.04311746358871,26215,"Subscriber",1967,2
144,"2018-12-05 12:21:38.1870","2018-12-05 12:24:02.4220",3213,"Van Vorst Park",40.71848892,-74.047726625,3186,"Grove St PATH",40.71958611647166,-74.04311746358871,26152,"Subscriber",1983,1
1253,"2018-12-05 14:54:15.6120","2018-12-05 15:15:08.6700",3213,"Van Vorst Park",40.71848892,-74.047726625,3213,"Van Vorst Park",40.71848892,-74.047726625,26295,"Subscriber",1978,1
133,"2018-12-05 16:18:13.7150","2018-12-05 16:20:27.2990",3213,"Van Vorst Park",40.71848892,-74.047726625,3186,"Grove St PATH",40.71958611647166,-74.04311746358871,29297,"Subscriber",1990,1
220,"2018-12-05 17:38:39.7750","2018-12-05 17:42:20.0900",3213,"Van Vorst Park",40.71848892,-74.047726625,3186,"Grove St PATH",40.71958611647166,-74.04311746358871,29608,"Subscriber",1989,2
382,"2018-12-05 17:41:10.3880","2018-12-05 17:47:32.8000",3213,"Van Vorst Park",40.71848892,-74.047726625,3184,"Paulus Hook",40.7141454,-74.0335519,26295,"Subscriber",1986,1
297,"2018-12-05 18:52:24.8910","2018-12-05 18:57:22.1120",3213,"Van Vorst Park",40.71848892,-74.047726625,3276,"Marin Light Rail",40.71458403535893,-74.04281705617905,26301,"Subscriber",1989,1
290,"2018-12-05 19:22:31.1380","2018-12-05 19:27:21.3250",3213,"Van Vorst Park",40.71848892,-74.047726625,3203,"Hamilton Park",40.727595966,-74.044247311,26281,"Subscriber",1962,1
119,"2018-12-05 19:57:22.0770","2018-12-05 19:59:22.0620",3213,"Van Vorst Park",40.71848892,-74.047726625,3186,"Grove St PATH",40.71958611647166,-74.04311746358871,29587,"Subscriber",1989,2
125,"2018-12-05 22:03:17.4370","2018-12-05 22:05:23.2630",3213,"Van Vorst Park",40.71848892,-74.047726625,3483,"Montgomery St",40.71942,-74.05099,29516,"Subscriber",1958,1
207,"2018-12-06 06:34:17.4200","2018-12-06 06:37:45.2080",3213,"Van Vorst Park",40.71848892,-74.047726625,3272,"Jersey & 3rd",40.72333158646436,-74.04595255851744,29614,"Subscriber",1962,1
192,"2018-12-06 06:34:29.7940","2018-12-06 06:37:42.3150",3213,"Van Vorst Park",40.71848892,-74.047726625,3272,"Jersey & 3rd",40.72333158646436,-74.04595255851744,29126,"Subscriber",1962,2
275,"2018-12-06 07:37:01.0360","2018-12-06 07:41:36.2630",3213,"Van Vorst Park",40.71848892,-74.047726625,3184,"Paulus Hook",40.7141454,-74.0335519,29288,"Subscriber",1995,1
197,"2018-12-06 07:52:09.4090","2018-12-06 07:55:26.8240",3213,"Van Vorst Park",40.71848892,-74.047726625,3186,"Grove St PATH",40.71958611647166,-74.04311746358871,29289,"Subscriber",1987,1
128,"2018-12-06 08:21:32.2230","2018-12-06 08:23:40.9410",3213,"Van Vorst Park",40.71848892,-74.047726625,3186,"Grove St PATH",40.71958611647166,-74.04311746358871,29614,"Subscriber",1988,1
160,"2018-12-06 08:29:15.6180","2018-12-06 08:31:56.1010",3213,"Van Vorst Park",40.71848892,-74.047726625,3186,"Grove St PATH",40.71958611647166,-74.04311746358871,29555,"Subscriber",1984,1
1330,"2018-12-06 08:39:48.7820","2018-12-06 09:01:59.0340",3213,"Van Vorst Park",40.71848892,-74.047726625,3273,"Manila & 1st",40.721650724879986,-74.04288411140442,26186,"Subscriber",1980,1
155,"2018-12-06 09:16:45.3770","2018-12-06 09:19:20.7360",3213,"Van Vorst Park",40.71848892,-74.047726625,3186,"Grove St PATH",40.71958611647166,-74.04311746358871,29497,"Subscriber",1962,1
284,"2018-12-06 10:51:36.2610","2018-12-06 10:56:21.1990",3213,"Van Vorst Park",40.71848892,-74.047726625,3267,"Morris Canal",40.7124188237569,-74.03852552175522,26234,"Subscriber",1989,2
143,"2018-12-06 11:31:23.5440","2018-12-06 11:33:47.4310",3213,"Van Vorst Park",40.71848892,-74.047726625,3186,"Grove St PATH",40.71958611647166,-74.04311746358871,29298,"Subscriber",1971,1
145,"2018-12-06 11:35:27.9300","2018-12-06 11:37:52.9300",3213,"Van Vorst Park",40.71848892,-74.047726625,3186,"Grove St PATH",40.71958611647166,-74.04311746358871,29446,"Subscriber",1977,1
126,"2018-12-06 14:41:36.2790","2018-12-06 14:43:42.8160",3213,"Van Vorst Park",40.71848892,-74.047726625,3205,"JC Medical Center",40.71653978099194,-74.0496379137039,26257,"Subscriber",1980,1
121,"2018-12-06 16:09:49.5750","2018-12-06 16:11:50.9490",3213,"Van Vorst Park",40.71848892,-74.047726625,3186,"Grove St PATH",40.71958611647166,-74.04311746358871,29288,"Subscriber",1990,1
486,"2018-12-06 16:18:10.1500","2018-12-06 16:26:16.4140",3213,"Van Vorst Park",40.71848892,-74.047726625,3639,"Harborside",40.7192517,-74.034234,29472,"Subscriber",1969,2
444,"2018-12-06 17:44:44.2110","2018-12-06 17:52:08.9490",3213,"Van Vorst Park",40.71848892,-74.047726625,3184,"Paulus Hook",40.7141454,-74.0335519,29308,"Subscriber",1986,1
811,"2018-12-06 23:27:13.7380","2018-12-06 23:40:44.9640",3213,"Van Vorst Park",40.71848892,-74.047726625,3206,"Hilltop",40.7311689,-74.0575736,26174,"Subscriber",1990,1
193,"2018-12-07 06:51:30.3180","2018-12-07 06:54:43.5770",3213,"Van Vorst Park",40.71848892,-74.047726625,3272,"Jersey & 3rd",40.72333158646436,-74.04595255851744,29554,"Subscriber",1962,2
184,"2018-12-07 06:51:30.4590","2018-12-07 06:54:35.1020",3213,"Van Vorst Park",40.71848892,-74.047726625,3272,"Jersey & 3rd",40.72333158646436,-74.04595255851744,29641,"Subscriber",1962,1
134,"2018-12-07 06:56:12.8090","2018-12-07 06:58:26.9940",3213,"Van Vorst Park",40.71848892,-74.047726625,3186,"Grove St PATH",40.71958611647166,-74.04311746358871,26257,"Subscriber",1970,1
405,"2018-12-07 08:07:17.3820","2018-12-07 08:14:03.1650",3213,"Van Vorst Park",40.71848892,-74.047726625,3184,"Paulus Hook",40.7141454,-74.0335519,26242,"Subscriber",1981,1
352,"2018-12-07 08:10:09.7830","2018-12-07 08:16:02.3620",3213,"Van Vorst Park",40.71848892,-74.047726625,3214,"Essex Light Rail",40.7127742,-74.0364857,26233,"Subscriber",1971,1
152,"2018-12-07 08:11:03.9150","2018-12-07 08:13:36.5120",3213,"Van Vorst Park",40.71848892,-74.047726625,3186,"Grove St PATH",40.71958611647166,-74.04311746358871,29494,"Subscriber",1987,1
164,"2018-12-07 08:14:15.6950","2018-12-07 08:16:59.6960",3213,"Van Vorst Park",40.71848892,-74.047726625,3186,"Grove St PATH",40.71958611647166,-74.04311746358871,29296,"Subscriber",1977,1
150,"2018-12-07 08:23:35.5840","2018-12-07 08:26:05.8010",3213,"Van Vorst Park",40.71848892,-74.047726625,3186,"Grove St PATH",40.71958611647166,-74.04311746358871,26241,"Subscriber",1984,1
291,"2018-12-07 08:39:37.4610","2018-12-07 08:44:28.7330",3213,"Van Vorst Park",40.71848892,-74.047726625,3184,"Paulus Hook",40.7141454,-74.0335519,26159,"Subscriber",1995,1
108,"2018-12-07 08:42:30.5460","2018-12-07 08:44:19.3470",3213,"Van Vorst Park",40.71848892,-74.047726625,3211,"Newark Ave",40.72152515,-74.046304543,29672,"Subscriber",1981,2
175,"2018-12-07 09:16:49.2410","2018-12-07 09:19:44.9050",3213,"Van Vorst Park",40.71848892,-74.047726625,3185,"City Hall",40.7177325,-74.043845,26206,"Subscriber",1962,1
284,"2018-12-07 09:19:33.5430","2018-12-07 09:24:17.6640",3213,"Van Vorst Park",40.71848892,-74.047726625,3681,"Grand St",40.71517767732029,-74.03768330812454,29491,"Subscriber",1989,1
147,"2018-12-07 10:27:39.2750","2018-12-07 10:30:07.0530",3213,"Van Vorst Park",40.71848892,-74.047726625,3186,"Grove St PATH",40.71958611647166,-74.04311746358871,26241,"Subscriber",1989,2
178,"2018-12-07 11:01:47.0790","2018-12-07 11:04:45.2470",3213,"Van Vorst Park",40.71848892,-74.047726625,3185,"City Hall",40.7177325,-74.043845,29293,"Subscriber",1983,1
98,"2018-12-07 11:07:36.9490","2018-12-07 11:09:15.4670",3213,"Van Vorst Park",40.71848892,-74.047726625,3185,"City Hall",40.7177325,-74.043845,29581,"Subscriber",1965,2
148,"2018-12-07 11:31:11.8310","2018-12-07 11:33:40.7830",3213,"Van Vorst Park",40.71848892,-74.047726625,3185,"City Hall",40.7177325,-74.043845,29292,"Subscriber",1977,1
549,"2018-12-07 11:49:27.1250","2018-12-07 11:58:36.1270",3213,"Van Vorst Park",40.71848892,-74.047726625,3187,"Warren St",40.7211236,-74.03805095,26292,"Subscriber",1985,2
361,"2018-12-07 12:07:26.8310","2018-12-07 12:13:28.6570",3213,"Van Vorst Park",40.71848892,-74.047726625,3183,"Exchange Place",40.7162469,-74.0334588,26213,"Subscriber",1970,2
411,"2018-12-07 14:15:08.0460","2018-12-07 14:21:59.5110",3213,"Van Vorst Park",40.71848892,-74.047726625,3184,"Paulus Hook",40.7141454,-74.0335519,29471,"Subscriber",1969,0
157,"2018-12-07 16:22:59.7940","2018-12-07 16:25:36.9060",3213,"Van Vorst Park",40.71848892,-74.047726625,3186,"Grove St PATH",40.71958611647166,-74.04311746358871,26234,"Subscriber",1993,1
364,"2018-12-07 16:24:37.7040","2018-12-07 16:30:42.0110",3213,"Van Vorst Park",40.71848892,-74.047726625,3184,"Paulus Hook",40.7141454,-74.0335519,26243,"Subscriber",1986,1
674,"2018-12-07 16:28:52.7790","2018-12-07 16:40:06.8740",3213,"Van Vorst Park",40.71848892,-74.047726625,3202,"Newport PATH",40.7272235,-74.0337589,29570,"Subscriber",1990,1
358,"2018-12-07 17:47:50.6750","2018-12-07 17:53:48.7700",3213,"Van Vorst Park",40.71848892,-74.047726625,3187,"Warren St",40.7211236,-74.03805095,29250,"Subscriber",1967,2
1751,"2018-12-07 20:09:21.4790","2018-12-07 20:38:32.6950",3213,"Van Vorst Park",40.71848892,-74.047726625,3213,"Van Vorst Park",40.71848892,-74.047726625,29610,"Subscriber",1990,1
549,"2018-12-07 20:09:27.6760","2018-12-07 20:18:37.6360",3213,"Van Vorst Park",40.71848892,-74.047726625,3205,"JC Medical Center",40.71653978099194,-74.0496379137039,29640,"Subscriber",1989,2
194,"2018-12-08 07:59:43.4120","2018-12-08 08:02:57.6670",3213,"Van Vorst Park",40.71848892,-74.047726625,3186,"Grove St PATH",40.71958611647166,-74.04311746358871,29289,"Subscriber",1989,2
173,"2018-12-08 08:22:56.0590","2018-12-08 08:25:49.6970",3213,"Van Vorst Park",40.71848892,-74.047726625,3481,"York St",40.71649,-74.04105,29658,"Subscriber",1977,1
106,"2018-12-08 09:52:26.9150","2018-12-08 09:54:12.9200",3213,"Van Vorst Park",40.71848892,-74.047726625,3186,"Grove St PATH",40.71958611647166,-74.04311746358871,29236,"Subscriber",1990,1
168,"2018-12-08 09:54:42.6710","2018-12-08 09:57:31.3560",3213,"Van Vorst Park",40.71848892,-74.047726625,3186,"Grove St PATH",40.71958611647166,-74.04311746358871,26203,"Subscriber",1977,1
1086,"2018-12-08 12:35:42.1080","2018-12-08 12:53:48.7820",3213,"Van Vorst Park",40.71848892,-74.047726625,3213,"Van Vorst Park",40.71848892,-74.047726625,29610,"Subscriber",1988,1
297,"2018-12-08 13:45:11.1970","2018-12-08 13:50:08.6470",3213,"Van Vorst Park",40.71848892,-74.047726625,3213,"Van Vorst Park",40.71848892,-74.047726625,29450,"Customer",1969,0
594,"2018-12-08 14:23:27.2210","2018-12-08 14:33:22.0710",3213,"Van Vorst Park",40.71848892,-74.047726625,3199,"Newport Pkwy",40.7287448,-74.0321082,29245,"Subscriber",1982,2
340,"2018-12-08 15:53:49.9640","2018-12-08 15:59:30.3400",3213,"Van Vorst Park",40.71848892,-74.047726625,3276,"Marin Light Rail",40.71458403535893,-74.04281705617905,29610,"Subscriber",1985,2
224,"2018-12-08 16:28:59.9270","2018-12-08 16:32:44.8150",3213,"Van Vorst Park",40.71848892,-74.047726625,3276,"Marin Light Rail",40.71458403535893,-74.04281705617905,26187,"Subscriber",1989,1
139,"2018-12-08 20:33:14.6000","2018-12-08 20:35:33.7670",3213,"Van Vorst Park",40.71848892,-74.047726625,3186,"Grove St PATH",40.71958611647166,-74.04311746358871,29588,"Subscriber",1988,1
205,"2018-12-09 00:35:58.4810","2018-12-09 00:39:23.8820",3213,"Van Vorst Park",40.71848892,-74.047726625,3186,"Grove St PATH",40.71958611647166,-74.04311746358871,29268,"Subscriber",1973,2
343,"2018-12-09 08:48:11.5130","2018-12-09 08:53:55.0600",3213,"Van Vorst Park",40.71848892,-74.047726625,3186,"Grove St PATH",40.71958611647166,-74.04311746358871,29120,"Subscriber",1952,1
172,"2018-12-09 11:01:48.7300","2018-12-09 11:04:40.8560",3213,"Van Vorst Park",40.71848892,-74.047726625,3272,"Jersey & 3rd",40.72333158646436,-74.04595255851744,29639,"Subscriber",1977,1
231,"2018-12-09 11:27:41.5200","2018-12-09 11:31:33.1150",3213,"Van Vorst Park",40.71848892,-74.047726625,3276,"Marin Light Rail",40.71458403535893,-74.04281705617905,29228,"Subscriber",1985,2
932,"2018-12-09 12:13:13.5170","2018-12-09 12:28:45.6640",3213,"Van Vorst Park",40.71848892,-74.047726625,3213,"Van Vorst Park",40.71848892,-74.047726625,26206,"Subscriber",1986,1
887,"2018-12-09 12:13:22.0470","2018-12-09 12:28:09.4070",3213,"Van Vorst Park",40.71848892,-74.047726625,3199,"Newport Pkwy",40.7287448,-74.0321082,26282,"Subscriber",1994,2
125,"2018-12-09 12:26:28.8810","2018-12-09 12:28:34.2820",3213,"Van Vorst Park",40.71848892,-74.047726625,3186,"Grove St PATH",40.71958611647166,-74.04311746358871,26262,"Subscriber",1990,1
455,"2018-12-09 12:26:59.1910","2018-12-09 12:34:34.3240",3213,"Van Vorst Park",40.71848892,-74.047726625,3203,"Hamilton Park",40.727595966,-74.044247311,26225,"Subscriber",1957,1
990,"2018-12-09 14:39:56.0140","2018-12-09 14:56:26.3600",3213,"Van Vorst Park",40.71848892,-74.047726625,3213,"Van Vorst Park",40.71848892,-74.047726625,29681,"Subscriber",1989,2
111,"2018-12-09 14:44:11.1780","2018-12-09 14:46:02.7380",3213,"Van Vorst Park",40.71848892,-74.047726625,3211,"Newark Ave",40.72152515,-74.046304543,26205,"Subscriber",1986,1
428,"2018-12-09 14:45:45.7720","2018-12-09 14:52:54.3770",3213,"Van Vorst Park",40.71848892,-74.047726625,3203,"Hamilton Park",40.727595966,-74.044247311,29450,"Subscriber",1990,2
183,"2018-12-09 15:08:12.4400","2018-12-09 15:11:15.4960",3213,"Van Vorst Park",40.71848892,-74.047726625,3272,"Jersey & 3rd",40.72333158646436,-74.04595255851744,29681,"Subscriber",1962,1
154,"2018-12-09 16:27:45.3940","2018-12-09 16:30:19.6320",3213,"Van Vorst Park",40.71848892,-74.047726625,3272,"Jersey & 3rd",40.72333158646436,-74.04595255851744,29681,"Subscriber",1962,1
141,"2018-12-09 16:52:39.7770","2018-12-09 16:55:01.1240",3213,"Van Vorst Park",40.71848892,-74.047726625,3272,"Jersey & 3rd",40.72333158646436,-74.04595255851744,29681,"Subscriber",1962,1
331,"2018-12-10 02:47:26.9440","2018-12-10 02:52:58.4250",3213,"Van Vorst Park",40.71848892,-74.047726625,3192,"Liberty Light Rail",40.7112423,-74.0557013,29434,"Subscriber",1967,1
156,"2018-12-10 04:43:10.5440","2018-12-10 04:45:46.9700",3213,"Van Vorst Park",40.71848892,-74.047726625,3186,"Grove St PATH",40.71958611647166,-74.04311746358871,29681,"Subscriber",1989,2
146,"2018-12-10 06:17:34.3880","2018-12-10 06:20:00.7440",3213,"Van Vorst Park",40.71848892,-74.047726625,3186,"Grove St PATH",40.71958611647166,-74.04311746358871,26206,"Subscriber",1970,1
162,"2018-12-10 06:50:37.6980","2018-12-10 06:53:19.8570",3213,"Van Vorst Park",40.71848892,-74.047726625,3272,"Jersey & 3rd",40.72333158646436,-74.04595255851744,29285,"Subscriber",1962,1
149,"2018-12-10 06:50:55.8270","2018-12-10 06:53:25.2020",3213,"Van Vorst Park",40.71848892,-74.047726625,3272,"Jersey & 3rd",40.72333158646436,-74.04595255851744,26260,"Subscriber",1962,2
128,"2018-12-10 07:11:42.1190","2018-12-10 07:13:50.8870",3213,"Van Vorst Park",40.71848892,-74.047726625,3186,"Grove St PATH",40.71958611647166,-74.04311746358871,29460,"Subscriber",1963,2
256,"2018-12-10 07:34:20.2890","2018-12-10 07:38:36.8420",3213,"Van Vorst Park",40.71848892,-74.047726625,3186,"Grove St PATH",40.71958611647166,-74.04311746358871,29677,"Subscriber",1972,2
391,"2018-12-10 07:57:44.9920","2018-12-10 08:04:16.9470",3213,"Van Vorst Park",40.71848892,-74.047726625,3184,"Paulus Hook",40.7141454,-74.0335519,29301,"Subscriber",1991,1
240,"2018-12-10 08:01:29.4830","2018-12-10 08:05:30.0550",3213,"Van Vorst Park",40.71848892,-74.047726625,3186,"Grove St PATH",40.71958611647166,-74.04311746358871,29531,"Subscriber",1992,2
115,"2018-12-10 12:14:24.6320","2018-12-10 12:16:20.2390",3213,"Van Vorst Park",40.71848892,-74.047726625,3185,"City Hall",40.7177325,-74.043845,26246,"Subscriber",1971,1
222,"2018-12-10 17:22:02.0310","2018-12-10 17:25:45.0050",3213,"Van Vorst Park",40.71848892,-74.047726625,3186,"Grove St PATH",40.71958611647166,-74.04311746358871,29601,"Subscriber",1989,2
379,"2018-12-10 17:43:33.7850","2018-12-10 17:49:53.3300",3213,"Van Vorst Park",40.71848892,-74.047726625,3184,"Paulus Hook",40.7141454,-74.0335519,26246,"Subscriber",1986,1
203,"2018-12-10 18:16:01.7880","2018-12-10 18:19:25.2980",3213,"Van Vorst Park",40.71848892,-74.047726625,3186,"Grove St PATH",40.71958611647166,-74.04311746358871,29551,"Subscriber",1967,2
220,"2018-12-10 18:20:09.1160","2018-12-10 18:23:49.1290",3213,"Van Vorst Park",40.71848892,-74.047726625,3186,"Grove St PATH",40.71958611647166,-74.04311746358871,29295,"Subscriber",1952,1
163,"2018-12-10 18:26:38.2140","2018-12-10 18:29:21.4770",3213,"Van Vorst Park",40.71848892,-74.047726625,3186,"Grove St PATH",40.71958611647166,-74.04311746358871,29301,"Subscriber",1990,1
354,"2018-12-10 19:49:12.7280","2018-12-10 19:55:07.1130",3213,"Van Vorst Park",40.71848892,-74.047726625,3209,"Brunswick St",40.7241765,-74.0506564,26220,"Subscriber",1989,2
696,"2018-12-10 19:58:40.7850","2018-12-10 20:10:17.1340",3213,"Van Vorst Park",40.71848892,-74.047726625,3483,"Montgomery St",40.71942,-74.05099,26248,"Subscriber",1958,1
370,"2018-12-10 20:38:30.3360","2018-12-10 20:44:41.2010",3213,"Van Vorst Park",40.71848892,-74.047726625,3267,"Morris Canal",40.7124188237569,-74.03852552175522,29479,"Subscriber",1960,1
464,"2018-12-10 22:54:33.1970","2018-12-10 23:02:18.0300",3213,"Van Vorst Park",40.71848892,-74.047726625,3268,"Lafayette Park",40.71346382669195,-74.06285852193832,26274,"Subscriber",1979,1
175,"2018-12-11 06:14:40.3500","2018-12-11 06:17:35.4430",3213,"Van Vorst Park",40.71848892,-74.047726625,3186,"Grove St PATH",40.71958611647166,-74.04311746358871,29246,"Subscriber",1989,2
192,"2018-12-11 06:53:10.2580","2018-12-11 06:56:22.8480",3213,"Van Vorst Park",40.71848892,-74.047726625,3272,"Jersey & 3rd",40.72333158646436,-74.04595255851744,29244,"Subscriber",1962,2
188,"2018-12-11 06:53:10.7450","2018-12-11 06:56:19.6220",3213,"Van Vorst Park",40.71848892,-74.047726625,3272,"Jersey & 3rd",40.72333158646436,-74.04595255851744,29516,"Subscriber",1962,1
130,"2018-12-11 07:13:37.0850","2018-12-11 07:15:47.4670",3213,"Van Vorst Park",40.71848892,-74.047726625,3186,"Grove St PATH",40.71958611647166,-74.04311746358871,29583,"Subscriber",1970,1
201,"2018-12-11 08:23:51.3900","2018-12-11 08:27:13.3780",3213,"Van Vorst Park",40.71848892,-74.047726625,3185,"City Hall",40.7177325,-74.043845,29516,"Subscriber",1986,1
198,"2018-12-11 08:23:52.3710","2018-12-11 08:27:10.6840",3213,"Van Vorst Park",40.71848892,-74.047726625,3185,"City Hall",40.7177325,-74.043845,26190,"Subscriber",1987,2
163,"2018-12-11 08:46:00.7790","2018-12-11 08:48:44.3000",3213,"Van Vorst Park",40.71848892,-74.047726625,3186,"Grove St PATH",40.71958611647166,-74.04311746358871,29662,"Subscriber",1976,1
786,"2018-12-11 08:49:54.7050","2018-12-11 09:03:00.8640",3213,"Van Vorst Park",40.71848892,-74.047726625,3202,"Newport PATH",40.7272235,-74.0337589,26295,"Subscriber",1975,1
412,"2018-12-11 09:04:44.4960","2018-12-11 09:11:37.1450",3213,"Van Vorst Park",40.71848892,-74.047726625,3185,"City Hall",40.7177325,-74.043845,29548,"Subscriber",1983,1
142,"2018-12-11 09:21:02.2330","2018-12-11 09:23:24.3070",3213,"Van Vorst Park",40.71848892,-74.047726625,3186,"Grove St PATH",40.71958611647166,-74.04311746358871,29437,"Subscriber",1962,1
187,"2018-12-11 09:28:54.1920","2018-12-11 09:32:01.4460",3213,"Van Vorst Park",40.71848892,-74.047726625,3186,"Grove St PATH",40.71958611647166,-74.04311746358871,29503,"Subscriber",1971,1
172,"2018-12-11 09:36:03.7940","2018-12-11 09:38:56.2080",3213,"Van Vorst Park",40.71848892,-74.047726625,3186,"Grove St PATH",40.71958611647166,-74.04311746358871,29628,"Subscriber",1989,2
90,"2018-12-11 11:22:46.6650","2018-12-11 11:24:16.9270",3213,"Van Vorst Park",40.71848892,-74.047726625,3211,"Newark Ave",40.72152515,-74.046304543,29455,"Subscriber",1976,1
347,"2018-12-11 12:47:43.7990","2018-12-11 12:53:30.9650",3213,"Van Vorst Park",40.71848892,-74.047726625,3184,"Paulus Hook",40.7141454,-74.0335519,29490,"Subscriber",1969,0
1225,"2018-12-11 13:18:57.6570","2018-12-11 13:39:23.1810",3213,"Van Vorst Park",40.71848892,-74.047726625,3213,"Van Vorst Park",40.71848892,-74.047726625,29525,"Subscriber",1963,1
233,"2018-12-11 14:38:00.7580","2018-12-11 14:41:53.8290",3213,"Van Vorst Park",40.71848892,-74.047726625,3211,"Newark Ave",40.72152515,-74.046304543,29525,"Subscriber",1963,1
166,"2018-12-11 15:19:13.5610","2018-12-11 15:22:00.3500",3213,"Van Vorst Park",40.71848892,-74.047726625,3186,"Grove St PATH",40.71958611647166,-74.04311746358871,29444,"Subscriber",1990,1
380,"2018-12-11 17:44:26.4220","2018-12-11 17:50:47.2380",3213,"Van Vorst Park",40.71848892,-74.047726625,3184,"Paulus Hook",40.7141454,-74.0335519,29465,"Subscriber",1986,1
391,"2018-12-11 18:18:56.1660","2018-12-11 18:25:27.8770",3213,"Van Vorst Park",40.71848892,-74.047726625,3186,"Grove St PATH",40.71958611647166,-74.04311746358871,29455,"Subscriber",1952,1
186,"2018-12-11 19:19:14.9950","2018-12-11 19:22:21.3680",3213,"Van Vorst Park",40.71848892,-74.047726625,3211,"Newark Ave",40.72152515,-74.046304543,26172,"Subscriber",1983,1
186,"2018-12-11 19:21:00.4250","2018-12-11 19:24:07.0620",3213,"Van Vorst Park",40.71848892,-74.047726625,3186,"Grove St PATH",40.71958611647166,-74.04311746358871,26219,"Subscriber",1967,2
172,"2018-12-11 20:02:59.5640","2018-12-11 20:05:52.1260",3213,"Van Vorst Park",40.71848892,-74.047726625,3276,"Marin Light Rail",40.71458403535893,-74.04281705617905,26153,"Subscriber",1989,1
283,"2018-12-11 22:16:27.0000","2018-12-11 22:21:10.8340",3213,"Van Vorst Park",40.71848892,-74.047726625,3269,"Brunswick & 6th",40.72601172964625,-74.05038893222809,26198,"Subscriber",1989,2
521,"2018-12-11 23:35:57.5360","2018-12-11 23:44:38.7300",3213,"Van Vorst Park",40.71848892,-74.047726625,3277,"Communipaw & Berry Lane",40.71435836870427,-74.06661093235016,26173,"Subscriber",1983,1
338,"2018-12-12 00:22:21.3900","2018-12-12 00:27:59.4150",3213,"Van Vorst Park",40.71848892,-74.047726625,3192,"Liberty Light Rail",40.7112423,-74.0557013,26204,"Subscriber",1975,1
118,"2018-12-12 06:14:33.9350","2018-12-12 06:16:32.7840",3213,"Van Vorst Park",40.71848892,-74.047726625,3186,"Grove St PATH",40.71958611647166,-74.04311746358871,26210,"Subscriber",1977,1
102,"2018-12-12 07:08:26.0460","2018-12-12 07:10:08.5890",3213,"Van Vorst Park",40.71848892,-74.047726625,3186,"Grove St PATH",40.71958611647166,-74.04311746358871,29640,"Subscriber",1970,1
261,"2018-12-12 07:15:27.8430","2018-12-12 07:19:49.3800",3213,"Van Vorst Park",40.71848892,-74.047726625,3184,"Paulus Hook",40.7141454,-74.0335519,26198,"Subscriber",1995,1
240,"2018-12-12 07:34:24.0330","2018-12-12 07:38:24.0650",3213,"Van Vorst Park",40.71848892,-74.047726625,3186,"Grove St PATH",40.71958611647166,-74.04311746358871,26286,"Subscriber",1972,2
932,"2018-12-12 07:56:23.2680","2018-12-12 08:11:55.7540",3213,"Van Vorst Park",40.71848892,-74.047726625,3213,"Van Vorst Park",40.71848892,-74.047726625,29578,"Customer",1987,1
177,"2018-12-12 08:04:00.4490","2018-12-12 08:06:58.3290",3213,"Van Vorst Park",40.71848892,-74.047726625,3185,"City Hall",40.7177325,-74.043845,29675,"Subscriber",1986,1
220,"2018-12-12 08:17:02.1590","2018-12-12 08:20:43.0870",3213,"Van Vorst Park",40.71848892,-74.047726625,3186,"Grove St PATH",40.71958611647166,-74.04311746358871,29578,"Subscriber",1984,1
327,"2018-12-12 09:21:33.8100","2018-12-12 09:27:00.8150",3213,"Van Vorst Park",40.71848892,-74.047726625,3186,"Grove St PATH",40.71958611647166,-74.04311746358871,29282,"Subscriber",1992,2
96,"2018-12-12 12:09:13.4810","2018-12-12 12:10:50.1480",3213,"Van Vorst Park",40.71848892,-74.047726625,3185,"City Hall",40.7177325,-74.043845,29607,"Subscriber",1971,1
263,"2018-12-12 12:25:07.6880","2018-12-12 12:29:30.9330",3213,"Van Vorst Park",40.71848892,-74.047726625,3681,"Grand St",40.71517767732029,-74.03768330812454,29541,"Subscriber",1984,1
645,"2018-12-12 15:24:32.8910","2018-12-12 15:35:18.1260",3213,"Van Vorst Park",40.71848892,-74.047726625,3213,"Van Vorst Park",40.71848892,-74.047726625,29652,"Subscriber",1966,1
218,"2018-12-12 15:31:16.6050","2018-12-12 15:34:55.0550",3213,"Van Vorst Park",40.71848892,-74.047726625,3272,"Jersey & 3rd",40.72333158646436,-74.04595255851744,26257,"Subscriber",1956,1
102,"2018-12-12 15:46:53.0020","2018-12-12 15:48:35.6300",3213,"Van Vorst Park",40.71848892,-74.047726625,3185,"City Hall",40.7177325,-74.043845,26191,"Subscriber",1992,1
1959,"2018-12-12 16:02:30.5780","2018-12-12 16:35:09.7020",3213,"Van Vorst Park",40.71848892,-74.047726625,3210,"Pershing Field",40.742677141,-74.051788633,29641,"Subscriber",1988,1
111,"2018-12-12 16:30:37.1330","2018-12-12 16:32:28.7290",3213,"Van Vorst Park",40.71848892,-74.047726625,3186,"Grove St PATH",40.71958611647166,-74.04311746358871,29652,"Subscriber",1990,1
140,"2018-12-12 17:19:29.5860","2018-12-12 17:21:50.5000",3213,"Van Vorst Park",40.71848892,-74.047726625,3483,"Montgomery St",40.71942,-74.05099,26316,"Subscriber",1958,1
427,"2018-12-12 17:43:45.7800","2018-12-12 17:50:53.7650",3213,"Van Vorst Park",40.71848892,-74.047726625,3184,"Paulus Hook",40.7141454,-74.0335519,26246,"Subscriber",1986,1
237,"2018-12-12 18:27:14.7210","2018-12-12 18:31:12.2000",3213,"Van Vorst Park",40.71848892,-74.047726625,3185,"City Hall",40.7177325,-74.043845,29492,"Subscriber",1990,2
292,"2018-12-12 19:34:18.7220","2018-12-12 19:39:11.0230",3213,"Van Vorst Park",40.71848892,-74.047726625,3203,"Hamilton Park",40.727595966,-74.044247311,29599,"Subscriber",1962,1
412,"2018-12-12 19:37:26.1160","2018-12-12 19:44:19.0480",3213,"Van Vorst Park",40.71848892,-74.047726625,3267,"Morris Canal",40.7124188237569,-74.03852552175522,29531,"Subscriber",1981,2
372,"2018-12-12 22:42:01.0060","2018-12-12 22:48:13.8650",3213,"Van Vorst Park",40.71848892,-74.047726625,3192,"Liberty Light Rail",40.7112423,-74.0557013,29278,"Subscriber",1988,1
165,"2018-12-13 06:50:30.0200","2018-12-13 06:53:15.6680",3213,"Van Vorst Park",40.71848892,-74.047726625,3272,"Jersey & 3rd",40.72333158646436,-74.04595255851744,26248,"Subscriber",1962,1
164,"2018-12-13 06:50:29.8290","2018-12-13 06:53:14.1030",3213,"Van Vorst Park",40.71848892,-74.047726625,3272,"Jersey & 3rd",40.72333158646436,-74.04595255851744,29537,"Subscriber",1962,2
177,"2018-12-13 08:21:23.1970","2018-12-13 08:24:20.8290",3213,"Van Vorst Park",40.71848892,-74.047726625,3186,"Grove St PATH",40.71958611647166,-74.04311746358871,29678,"Subscriber",1988,1
201,"2018-12-13 08:23:26.3080","2018-12-13 08:26:48.1740",3213,"Van Vorst Park",40.71848892,-74.047726625,3186,"Grove St PATH",40.71958611647166,-74.04311746358871,26246,"Subscriber",1984,1
479,"2018-12-13 08:37:55.7300","2018-12-13 08:45:55.3880",3213,"Van Vorst Park",40.71848892,-74.047726625,3214,"Essex Light Rail",40.7127742,-74.0364857,26205,"Subscriber",1964,1
130,"2018-12-13 08:40:42.0900","2018-12-13 08:42:52.2350",3213,"Van Vorst Park",40.71848892,-74.047726625,3185,"City Hall",40.7177325,-74.043845,29452,"Subscriber",1986,1
249,"2018-12-13 08:41:23.8770","2018-12-13 08:45:33.0870",3213,"Van Vorst Park",40.71848892,-74.047726625,3186,"Grove St PATH",40.71958611647166,-74.04311746358871,29554,"Subscriber",1990,2
210,"2018-12-13 08:49:28.3570","2018-12-13 08:52:58.8320",3213,"Van Vorst Park",40.71848892,-74.047726625,3186,"Grove St PATH",40.71958611647166,-74.04311746358871,29529,"Subscriber",1976,1
129,"2018-12-13 09:15:15.1830","2018-12-13 09:17:25.0360",3213,"Van Vorst Park",40.71848892,-74.047726625,3186,"Grove St PATH",40.71958611647166,-74.04311746358871,29604,"Subscriber",1962,1
411,"2018-12-13 10:05:28.3950","2018-12-13 10:12:19.6470",3213,"Van Vorst Park",40.71848892,-74.047726625,3267,"Morris Canal",40.7124188237569,-74.03852552175522,29307,"Subscriber",1989,2
443,"2018-12-13 10:13:54.7630","2018-12-13 10:21:17.9070",3213,"Van Vorst Park",40.71848892,-74.047726625,3183,"Exchange Place",40.7162469,-74.0334588,29572,"Subscriber",1969,0
153,"2018-12-13 10:19:26.8480","2018-12-13 10:22:00.6320",3213,"Van Vorst Park",40.71848892,-74.047726625,3186,"Grove St PATH",40.71958611647166,-74.04311746358871,29676,"Subscriber",1977,1
92,"2018-12-13 13:16:24.9910","2018-12-13 13:17:57.2780",3213,"Van Vorst Park",40.71848892,-74.047726625,3185,"City Hall",40.7177325,-74.043845,29262,"Subscriber",1971,1
3198,"2018-12-13 15:16:21.3870","2018-12-13 16:09:39.6820",3213,"Van Vorst Park",40.71848892,-74.047726625,3278,"Monmouth and 6th",40.72568548362901,-74.04879033565521,26197,"Subscriber",1988,1
123,"2018-12-13 16:09:36.4460","2018-12-13 16:11:39.5480",3213,"Van Vorst Park",40.71848892,-74.047726625,3186,"Grove St PATH",40.71958611647166,-74.04311746358871,26192,"Subscriber",1990,1
134,"2018-12-13 17:48:09.8250","2018-12-13 17:50:24.5040",3213,"Van Vorst Park",40.71848892,-74.047726625,3186,"Grove St PATH",40.71958611647166,-74.04311746358871,26260,"Subscriber",1987,1
274,"2018-12-14 00:46:35.3220","2018-12-14 00:51:09.4170",3213,"Van Vorst Park",40.71848892,-74.047726625,3211,"Newark Ave",40.72152515,-74.046304543,29262,"Subscriber",1979,1
259,"2018-12-14 06:52:17.7070","2018-12-14 06:56:37.0250",3213,"Van Vorst Park",40.71848892,-74.047726625,3272,"Jersey & 3rd",40.72333158646436,-74.04595255851744,29517,"Subscriber",1962,1
231,"2018-12-14 06:52:44.0410","2018-12-14 06:56:35.1480",3213,"Van Vorst Park",40.71848892,-74.047726625,3272,"Jersey & 3rd",40.72333158646436,-74.04595255851744,29544,"Subscriber",1962,2
136,"2018-12-14 07:57:15.2690","2018-12-14 07:59:32.2370",3213,"Van Vorst Park",40.71848892,-74.047726625,3186,"Grove St PATH",40.71958611647166,-74.04311746358871,26241,"Subscriber",1977,1
118,"2018-12-14 07:59:22.6080","2018-12-14 08:01:21.0390",3213,"Van Vorst Park",40.71848892,-74.047726625,3186,"Grove St PATH",40.71958611647166,-74.04311746358871,29681,"Subscriber",1986,1
126,"2018-12-14 08:14:24.8780","2018-12-14 08:16:31.7810",3213,"Van Vorst Park",40.71848892,-74.047726625,3186,"Grove St PATH",40.71958611647166,-74.04311746358871,29517,"Subscriber",1970,1
114,"2018-12-14 08:16:19.4600","2018-12-14 08:18:13.6310",3213,"Van Vorst Park",40.71848892,-74.047726625,3185,"City Hall",40.7177325,-74.043845,29294,"Subscriber",1992,1
115,"2018-12-14 08:20:54.6660","2018-12-14 08:22:50.5680",3213,"Van Vorst Park",40.71848892,-74.047726625,3186,"Grove St PATH",40.71958611647166,-74.04311746358871,29652,"Subscriber",1969,0
287,"2018-12-14 08:33:50.3470","2018-12-14 08:38:37.6920",3213,"Van Vorst Park",40.71848892,-74.047726625,3273,"Manila & 1st",40.721650724879986,-74.04288411140442,29647,"Subscriber",1984,1
211,"2018-12-14 08:40:25.5880","2018-12-14 08:43:57.0450",3213,"Van Vorst Park",40.71848892,-74.047726625,3186,"Grove St PATH",40.71958611647166,-74.04311746358871,29262,"Subscriber",1988,1
150,"2018-12-14 08:48:37.0320","2018-12-14 08:51:07.8620",3213,"Van Vorst Park",40.71848892,-74.047726625,3185,"City Hall",40.7177325,-74.043845,29544,"Subscriber",1986,1
109,"2018-12-14 09:23:00.9140","2018-12-14 09:24:50.2080",3213,"Van Vorst Park",40.71848892,-74.047726625,3185,"City Hall",40.7177325,-74.043845,26197,"Subscriber",1962,1
246,"2018-12-14 09:37:19.1230","2018-12-14 09:41:25.9600",3213,"Van Vorst Park",40.71848892,-74.047726625,3186,"Grove St PATH",40.71958611647166,-74.04311746358871,26163,"Subscriber",1992,2
647,"2018-12-14 10:11:47.7820","2018-12-14 10:22:35.2330",3213,"Van Vorst Park",40.71848892,-74.047726625,3183,"Exchange Place",40.7162469,-74.0334588,29281,"Subscriber",1970,1
136,"2018-12-14 10:18:25.4410","2018-12-14 10:20:41.9550",3213,"Van Vorst Park",40.71848892,-74.047726625,3186,"Grove St PATH",40.71958611647166,-74.04311746358871,29204,"Subscriber",1989,2
140,"2018-12-14 10:23:00.0760","2018-12-14 10:25:20.1750",3213,"Van Vorst Park",40.71848892,-74.047726625,3186,"Grove St PATH",40.71958611647166,-74.04311746358871,29681,"Subscriber",1986,1
206,"2018-12-14 10:35:54.4620","2018-12-14 10:39:21.3740",3213,"Van Vorst Park",40.71848892,-74.047726625,3276,"Marin Light Rail",40.71458403535893,-74.04281705617905,29542,"Subscriber",1969,0
638,"2018-12-14 11:12:07.5020","2018-12-14 11:22:45.9480",3213,"Van Vorst Park",40.71848892,-74.047726625,3199,"Newport Pkwy",40.7287448,-74.0321082,26203,"Subscriber",1975,1
176,"2018-12-14 11:14:12.4760","2018-12-14 11:17:08.5390",3213,"Van Vorst Park",40.71848892,-74.047726625,3186,"Grove St PATH",40.71958611647166,-74.04311746358871,26296,"Subscriber",1962,2
129,"2018-12-14 11:18:08.0780","2018-12-14 11:20:17.5970",3213,"Van Vorst Park",40.71848892,-74.047726625,3185,"City Hall",40.7177325,-74.043845,26184,"Subscriber",1971,1
137,"2018-12-14 12:01:38.3280","2018-12-14 12:03:55.5550",3213,"Van Vorst Park",40.71848892,-74.047726625,3186,"Grove St PATH",40.71958611647166,-74.04311746358871,29252,"Subscriber",1977,1
147,"2018-12-14 12:33:01.6530","2018-12-14 12:35:29.3590",3213,"Van Vorst Park",40.71848892,-74.047726625,3186,"Grove St PATH",40.71958611647166,-74.04311746358871,26292,"Subscriber",1990,1
153,"2018-12-14 13:54:35.0810","2018-12-14 13:57:09.0310",3213,"Van Vorst Park",40.71848892,-74.047726625,3186,"Grove St PATH",40.71958611647166,-74.04311746358871,29606,"Subscriber",1986,1
295,"2018-12-14 13:55:28.0540","2018-12-14 14:00:23.3330",3213,"Van Vorst Park",40.71848892,-74.047726625,3273,"Manila & 1st",40.721650724879986,-74.04288411140442,26206,"Subscriber",1967,2
156,"2018-12-14 16:02:44.8110","2018-12-14 16:05:20.9690",3213,"Van Vorst Park",40.71848892,-74.047726625,3185,"City Hall",40.7177325,-74.043845,26260,"Subscriber",1984,2
366,"2018-12-14 16:26:16.7140","2018-12-14 16:32:23.0040",3213,"Van Vorst Park",40.71848892,-74.047726625,3184,"Paulus Hook",40.7141454,-74.0335519,29258,"Subscriber",1986,1
871,"2018-12-14 17:46:26.9930","2018-12-14 18:00:58.7500",3213,"Van Vorst Park",40.71848892,-74.047726625,3202,"Newport PATH",40.7272235,-74.0337589,29661,"Customer",1984,1
184,"2018-12-14 18:04:09.4380","2018-12-14 18:07:14.1040",3213,"Van Vorst Park",40.71848892,-74.047726625,3186,"Grove St PATH",40.71958611647166,-74.04311746358871,29245,"Subscriber",1984,1
273,"2018-12-14 19:21:43.0530","2018-12-14 19:26:16.7690",3213,"Van Vorst Park",40.71848892,-74.047726625,3213,"Van Vorst Park",40.71848892,-74.047726625,29225,"Subscriber",1962,1
169,"2018-12-15 08:00:35.3640","2018-12-15 08:03:24.4600",3213,"Van Vorst Park",40.71848892,-74.047726625,3186,"Grove St PATH",40.71958611647166,-74.04311746358871,29485,"Subscriber",1989,2
157,"2018-12-15 09:55:28.9880","2018-12-15 09:58:06.7470",3213,"Van Vorst Park",40.71848892,-74.047726625,3186,"Grove St PATH",40.71958611647166,-74.04311746358871,29664,"Subscriber",1977,1
358,"2018-12-15 10:39:26.0990","2018-12-15 10:45:24.2030",3213,"Van Vorst Park",40.71848892,-74.047726625,3275,"Columbus Drive",40.71835519823214,-74.03891444206238,29225,"Subscriber",1965,1
517,"2018-12-15 10:39:54.5790","2018-12-15 10:48:31.7790",3213,"Van Vorst Park",40.71848892,-74.047726625,3225,"Baldwin at Montgomery",40.7236589,-74.0641943,26280,"Subscriber",1993,1
151,"2018-12-15 11:24:58.8040","2018-12-15 11:27:30.7610",3213,"Van Vorst Park",40.71848892,-74.047726625,3211,"Newark Ave",40.72152515,-74.046304543,29240,"Subscriber",1967,2
817,"2018-12-15 12:15:21.7740","2018-12-15 12:28:59.1280",3213,"Van Vorst Park",40.71848892,-74.047726625,3638,"Washington St",40.7242941,-74.0354826,29288,"Customer",1986,1
204,"2018-12-15 12:37:11.9970","2018-12-15 12:40:36.6390",3213,"Van Vorst Park",40.71848892,-74.047726625,3186,"Grove St PATH",40.71958611647166,-74.04311746358871,26184,"Subscriber",1964,1
81,"2018-12-15 13:21:36.3160","2018-12-15 13:22:57.9780",3213,"Van Vorst Park",40.71848892,-74.047726625,3205,"JC Medical Center",40.71653978099194,-74.0496379137039,29231,"Subscriber",1987,1
96,"2018-12-15 13:26:18.5930","2018-12-15 13:27:55.3000",3213,"Van Vorst Park",40.71848892,-74.047726625,3205,"JC Medical Center",40.71653978099194,-74.0496379137039,26300,"Subscriber",1987,1
334,"2018-12-15 13:29:06.2900","2018-12-15 13:34:40.6210",3213,"Van Vorst Park",40.71848892,-74.047726625,3184,"Paulus Hook",40.7141454,-74.0335519,26241,"Subscriber",1971,1
178,"2018-12-15 13:29:56.6320","2018-12-15 13:32:55.3740",3213,"Van Vorst Park",40.71848892,-74.047726625,3186,"Grove St PATH",40.71958611647166,-74.04311746358871,29475,"Subscriber",1977,1
590,"2018-12-15 14:06:48.3850","2018-12-15 14:16:38.7810",3213,"Van Vorst Park",40.71848892,-74.047726625,3639,"Harborside",40.7192517,-74.034234,26288,"Subscriber",1988,2
558,"2018-12-15 14:11:22.7590","2018-12-15 14:20:41.6410",3213,"Van Vorst Park",40.71848892,-74.047726625,3187,"Warren St",40.7211236,-74.03805095,29281,"Subscriber",1992,1
155,"2018-12-15 14:47:55.8570","2018-12-15 14:50:31.5210",3213,"Van Vorst Park",40.71848892,-74.047726625,3186,"Grove St PATH",40.71958611647166,-74.04311746358871,29664,"Subscriber",1962,1
501,"2018-12-15 14:48:38.1660","2018-12-15 14:56:59.4700",3213,"Van Vorst Park",40.71848892,-74.047726625,3203,"Hamilton Park",40.727595966,-74.044247311,26244,"Subscriber",1988,1
519,"2018-12-15 14:52:40.1780","2018-12-15 15:01:19.9910",3213,"Van Vorst Park",40.71848892,-74.047726625,3213,"Van Vorst Park",40.71848892,-74.047726625,26261,"Subscriber",1983,1
207,"2018-12-15 15:53:24.6880","2018-12-15 15:56:52.4790",3213,"Van Vorst Park",40.71848892,-74.047726625,3276,"Marin Light Rail",40.71458403535893,-74.04281705617905,26187,"Subscriber",1987,1
359,"2018-12-15 16:11:56.3100","2018-12-15 16:17:55.8120",3213,"Van Vorst Park",40.71848892,-74.047726625,3192,"Liberty Light Rail",40.7112423,-74.0557013,26271,"Subscriber",1989,1
118,"2018-12-15 16:27:33.2440","2018-12-15 16:29:31.7910",3213,"Van Vorst Park",40.71848892,-74.047726625,3186,"Grove St PATH",40.71958611647166,-74.04311746358871,26261,"Subscriber",1990,1
1036,"2018-12-15 16:53:01.8550","2018-12-15 17:10:18.3690",3213,"Van Vorst Park",40.71848892,-74.047726625,3196,"Riverview Park",40.7443187,-74.0439909,29635,"Subscriber",1969,0
222,"2018-12-15 17:03:50.6410","2018-12-15 17:07:32.7700",3213,"Van Vorst Park",40.71848892,-74.047726625,3481,"York St",40.71649,-74.04105,29484,"Subscriber",1989,1
166,"2018-12-15 18:31:05.7810","2018-12-15 18:33:52.2110",3213,"Van Vorst Park",40.71848892,-74.047726625,3186,"Grove St PATH",40.71958611647166,-74.04311746358871,29494,"Subscriber",1983,1
156,"2018-12-16 01:51:06.6340","2018-12-16 01:53:43.2120",3213,"Van Vorst Park",40.71848892,-74.047726625,3481,"York St",40.71649,-74.04105,29442,"Subscriber",1969,1
146,"2018-12-16 11:06:05.6010","2018-12-16 11:08:32.5440",3213,"Van Vorst Park",40.71848892,-74.047726625,3272,"Jersey & 3rd",40.72333158646436,-74.04595255851744,29121,"Subscriber",1977,1
148,"2018-12-16 12:13:01.3450","2018-12-16 12:15:29.6260",3213,"Van Vorst Park",40.71848892,-74.047726625,3186,"Grove St PATH",40.71958611647166,-74.04311746358871,29460,"Subscriber",1990,1
124,"2018-12-16 12:21:46.5870","2018-12-16 12:23:51.5400",3213,"Van Vorst Park",40.71848892,-74.047726625,3186,"Grove St PATH",40.71958611647166,-74.04311746358871,26292,"Subscriber",1967,2
797,"2018-12-16 13:28:33.2480","2018-12-16 13:41:50.4470",3213,"Van Vorst Park",40.71848892,-74.047726625,3213,"Van Vorst Park",40.71848892,-74.047726625,29494,"Subscriber",1989,2
143,"2018-12-17 04:40:31.0970","2018-12-17 04:42:55.0500",3213,"Van Vorst Park",40.71848892,-74.047726625,3186,"Grove St PATH",40.71958611647166,-74.04311746358871,29672,"Subscriber",1989,2
117,"2018-12-17 06:24:16.5120","2018-12-17 06:26:14.3610",3213,"Van Vorst Park",40.71848892,-74.047726625,3186,"Grove St PATH",40.71958611647166,-74.04311746358871,29452,"Subscriber",1970,1
223,"2018-12-17 07:30:33.1350","2018-12-17 07:34:16.7490",3213,"Van Vorst Park",40.71848892,-74.047726625,3186,"Grove St PATH",40.71958611647166,-74.04311746358871,29529,"Subscriber",1984,1
233,"2018-12-17 08:23:15.2690","2018-12-17 08:27:08.3370",3213,"Van Vorst Park",40.71848892,-74.047726625,3186,"Grove St PATH",40.71958611647166,-74.04311746358871,26155,"Subscriber",1988,1
133,"2018-12-17 09:17:28.2330","2018-12-17 09:19:42.1990",3213,"Van Vorst Park",40.71848892,-74.047726625,3186,"Grove St PATH",40.71958611647166,-74.04311746358871,26268,"Subscriber",1969,0
339,"2018-12-17 09:41:59.8340","2018-12-17 09:47:39.5030",3213,"Van Vorst Park",40.71848892,-74.047726625,3186,"Grove St PATH",40.71958611647166,-74.04311746358871,26287,"Subscriber",1992,2
174,"2018-12-17 10:54:14.6220","2018-12-17 10:57:08.9330",3213,"Van Vorst Park",40.71848892,-74.047726625,3186,"Grove St PATH",40.71958611647166,-74.04311746358871,26258,"Subscriber",1971,1
426,"2018-12-17 12:57:37.9450","2018-12-17 13:04:44.3990",3213,"Van Vorst Park",40.71848892,-74.047726625,3183,"Exchange Place",40.7162469,-74.0334588,29583,"Subscriber",1978,1
117,"2018-12-17 15:30:17.9750","2018-12-17 15:32:15.8420",3213,"Van Vorst Park",40.71848892,-74.047726625,3186,"Grove St PATH",40.71958611647166,-74.04311746358871,29537,"Subscriber",1990,1
145,"2018-12-17 17:50:17.5960","2018-12-17 17:52:43.1400",3213,"Van Vorst Park",40.71848892,-74.047726625,3186,"Grove St PATH",40.71958611647166,-74.04311746358871,26294,"Subscriber",1952,1
565,"2018-12-17 17:57:30.0450","2018-12-17 18:06:55.9990",3213,"Van Vorst Park",40.71848892,-74.047726625,3185,"City Hall",40.7177325,-74.043845,29212,"Subscriber",1986,1
373,"2018-12-17 19:00:46.3240","2018-12-17 19:06:59.9410",3213,"Van Vorst Park",40.71848892,-74.047726625,3268,"Lafayette Park",40.71346382669195,-74.06285852193832,29524,"Subscriber",1992,1
543,"2018-12-17 19:16:57.5400","2018-12-17 19:26:01.0400",3213,"Van Vorst Park",40.71848892,-74.047726625,3268,"Lafayette Park",40.71346382669195,-74.06285852193832,26183,"Subscriber",1977,1
596,"2018-12-17 22:02:53.3640","2018-12-17 22:12:50.0930",3213,"Van Vorst Park",40.71848892,-74.047726625,3277,"Communipaw & Berry Lane",40.71435836870427,-74.06661093235016,29250,"Subscriber",1988,1
126,"2018-12-18 05:38:39.5870","2018-12-18 05:40:46.2350",3213,"Van Vorst Park",40.71848892,-74.047726625,3186,"Grove St PATH",40.71958611647166,-74.04311746358871,29513,"Subscriber",1989,2
176,"2018-12-18 06:16:48.1920","2018-12-18 06:19:44.7970",3213,"Van Vorst Park",40.71848892,-74.047726625,3186,"Grove St PATH",40.71958611647166,-74.04311746358871,26257,"Subscriber",1989,2
174,"2018-12-18 06:53:58.3440","2018-12-18 06:56:53.0570",3213,"Van Vorst Park",40.71848892,-74.047726625,3272,"Jersey & 3rd",40.72333158646436,-74.04595255851744,29121,"Subscriber",1962,1
178,"2018-12-18 06:53:58.5150","2018-12-18 06:56:56.9430",3213,"Van Vorst Park",40.71848892,-74.047726625,3272,"Jersey & 3rd",40.72333158646436,-74.04595255851744,29594,"Subscriber",1962,2
126,"2018-12-18 07:40:13.4690","2018-12-18 07:42:20.2360",3213,"Van Vorst Park",40.71848892,-74.047726625,3186,"Grove St PATH",40.71958611647166,-74.04311746358871,26196,"Subscriber",1970,1
154,"2018-12-18 08:12:54.4540","2018-12-18 08:15:29.1900",3213,"Van Vorst Park",40.71848892,-74.047726625,3186,"Grove St PATH",40.71958611647166,-74.04311746358871,26159,"Subscriber",1988,1
204,"2018-12-18 08:15:40.2320","2018-12-18 08:19:04.7890",3213,"Van Vorst Park",40.71848892,-74.047726625,3186,"Grove St PATH",40.71958611647166,-74.04311746358871,29576,"Subscriber",1984,1
730,"2018-12-18 08:19:18.9490","2018-12-18 08:31:29.8600",3213,"Van Vorst Park",40.71848892,-74.047726625,3194,"McGinley Square",40.7253399253558,-74.06762212514877,29294,"Subscriber",1970,2
204,"2018-12-18 08:23:39.9720","2018-12-18 08:27:04.3920",3213,"Van Vorst Park",40.71848892,-74.047726625,3186,"Grove St PATH",40.71958611647166,-74.04311746358871,29482,"Subscriber",1987,1
161,"2018-12-18 09:09:26.5350","2018-12-18 09:12:07.6800",3213,"Van Vorst Park",40.71848892,-74.047726625,3186,"Grove St PATH",40.71958611647166,-74.04311746358871,29262,"Subscriber",1962,1
134,"2018-12-18 14:09:08.8070","2018-12-18 14:11:22.9340",3213,"Van Vorst Park",40.71848892,-74.047726625,3186,"Grove St PATH",40.71958611647166,-74.04311746358871,29214,"Subscriber",1976,2
335,"2018-12-18 18:19:47.6270","2018-12-18 18:25:23.1230",3213,"Van Vorst Park",40.71848892,-74.047726625,3186,"Grove St PATH",40.71958611647166,-74.04311746358871,29293,"Subscriber",1952,1
260,"2018-12-18 19:20:14.4720","2018-12-18 19:24:34.6930",3213,"Van Vorst Park",40.71848892,-74.047726625,3278,"Monmouth and 6th",40.72568548362901,-74.04879033565521,29546,"Subscriber",1983,1
95,"2018-12-18 20:00:40.8330","2018-12-18 20:02:16.2280",3213,"Van Vorst Park",40.71848892,-74.047726625,3483,"Montgomery St",40.71942,-74.05099,29239,"Subscriber",1958,1
479,"2018-12-18 22:22:35.7730","2018-12-18 22:30:34.8170",3213,"Van Vorst Park",40.71848892,-74.047726625,3268,"Lafayette Park",40.71346382669195,-74.06285852193832,26291,"Subscriber",1979,1
127,"2018-12-19 05:37:02.3320","2018-12-19 05:39:09.4560",3213,"Van Vorst Park",40.71848892,-74.047726625,3186,"Grove St PATH",40.71958611647166,-74.04311746358871,26293,"Subscriber",1989,2
133,"2018-12-19 07:44:40.5450","2018-12-19 07:46:54.3430",3213,"Van Vorst Park",40.71848892,-74.047726625,3186,"Grove St PATH",40.71958611647166,-74.04311746358871,29281,"Subscriber",1976,1
127,"2018-12-19 08:10:47.4210","2018-12-19 08:12:55.1460",3213,"Van Vorst Park",40.71848892,-74.047726625,3186,"Grove St PATH",40.71958611647166,-74.04311746358871,26225,"Subscriber",1962,1
135,"2018-12-19 08:18:05.8270","2018-12-19 08:20:21.6130",3213,"Van Vorst Park",40.71848892,-74.047726625,3186,"Grove St PATH",40.71958611647166,-74.04311746358871,29245,"Subscriber",1988,1
144,"2018-12-19 08:20:42.7540","2018-12-19 08:23:07.3290",3213,"Van Vorst Park",40.71848892,-74.047726625,3186,"Grove St PATH",40.71958611647166,-74.04311746358871,29544,"Subscriber",1975,1
144,"2018-12-19 08:35:05.6730","2018-12-19 08:37:30.1480",3213,"Van Vorst Park",40.71848892,-74.047726625,3185,"City Hall",40.7177325,-74.043845,29676,"Subscriber",1986,1
297,"2018-12-19 09:45:27.3300","2018-12-19 09:50:24.4210",3213,"Van Vorst Park",40.71848892,-74.047726625,3186,"Grove St PATH",40.71958611647166,-74.04311746358871,29267,"Subscriber",1992,2
141,"2018-12-19 11:48:16.9300","2018-12-19 11:50:38.3570",3213,"Van Vorst Park",40.71848892,-74.047726625,3186,"Grove St PATH",40.71958611647166,-74.04311746358871,29283,"Subscriber",1977,1
313,"2018-12-19 13:05:44.0070","2018-12-19 13:10:57.9770",3213,"Van Vorst Park",40.71848892,-74.047726625,3183,"Exchange Place",40.7162469,-74.0334588,29677,"Subscriber",1990,1
100,"2018-12-19 13:15:28.7770","2018-12-19 13:17:09.6350",3213,"Van Vorst Park",40.71848892,-74.047726625,3483,"Montgomery St",40.71942,-74.05099,26157,"Subscriber",1987,1
415,"2018-12-19 14:42:09.7030","2018-12-19 14:49:05.5250",3213,"Van Vorst Park",40.71848892,-74.047726625,3273,"Manila & 1st",40.721650724879986,-74.04288411140442,29234,"Subscriber",1976,2
119,"2018-12-19 15:54:07.2180","2018-12-19 15:56:07.1250",3213,"Van Vorst Park",40.71848892,-74.047726625,3186,"Grove St PATH",40.71958611647166,-74.04311746358871,29531,"Subscriber",1990,1
165,"2018-12-19 16:56:41.1680","2018-12-19 16:59:27.0840",3213,"Van Vorst Park",40.71848892,-74.047726625,3272,"Jersey & 3rd",40.72333158646436,-74.04595255851744,29593,"Subscriber",1983,1
275,"2018-12-19 19:28:14.7630","2018-12-19 19:32:50.3160",3213,"Van Vorst Park",40.71848892,-74.047726625,3203,"Hamilton Park",40.727595966,-74.044247311,29225,"Subscriber",1962,1
102,"2018-12-20 01:21:25.8740","2018-12-20 01:23:08.8690",3213,"Van Vorst Park",40.71848892,-74.047726625,3483,"Montgomery St",40.71942,-74.05099,29495,"Subscriber",1958,1
134,"2018-12-20 04:46:47.0260","2018-12-20 04:49:01.4620",3213,"Van Vorst Park",40.71848892,-74.047726625,3186,"Grove St PATH",40.71958611647166,-74.04311746358871,29263,"Subscriber",1989,2
135,"2018-12-20 06:55:49.1950","2018-12-20 06:58:04.4480",3213,"Van Vorst Park",40.71848892,-74.047726625,3272,"Jersey & 3rd",40.72333158646436,-74.04595255851744,29502,"Subscriber",1962,2
142,"2018-12-20 07:28:08.1870","2018-12-20 07:30:30.5600",3213,"Van Vorst Park",40.71848892,-74.047726625,3186,"Grove St PATH",40.71958611647166,-74.04311746358871,29659,"Subscriber",1970,1
104,"2018-12-20 07:31:48.5210","2018-12-20 07:33:33.0060",3213,"Van Vorst Park",40.71848892,-74.047726625,3186,"Grove St PATH",40.71958611647166,-74.04311746358871,29285,"Subscriber",1977,1
173,"2018-12-20 07:45:53.2450","2018-12-20 07:48:46.4890",3213,"Van Vorst Park",40.71848892,-74.047726625,3186,"Grove St PATH",40.71958611647166,-74.04311746358871,33744,"Subscriber",1987,1
116,"2018-12-20 08:05:14.6820","2018-12-20 08:07:10.7540",3213,"Van Vorst Park",40.71848892,-74.047726625,3186,"Grove St PATH",40.71958611647166,-74.04311746358871,29502,"Subscriber",1988,1
133,"2018-12-20 08:06:32.7350","2018-12-20 08:08:46.1290",3213,"Van Vorst Park",40.71848892,-74.047726625,3186,"Grove St PATH",40.71958611647166,-74.04311746358871,26219,"Subscriber",1975,1
325,"2018-12-20 08:28:54.0250","2018-12-20 08:34:19.7880",3213,"Van Vorst Park",40.71848892,-74.047726625,3184,"Paulus Hook",40.7141454,-74.0335519,29205,"Subscriber",1981,1
162,"2018-12-20 09:44:52.3090","2018-12-20 09:47:34.5480",3213,"Van Vorst Park",40.71848892,-74.047726625,3186,"Grove St PATH",40.71958611647166,-74.04311746358871,29572,"Subscriber",1984,1
402,"2018-12-20 13:19:04.5580","2018-12-20 13:25:47.4710",3213,"Van Vorst Park",40.71848892,-74.047726625,3183,"Exchange Place",40.7162469,-74.0334588,29484,"Subscriber",1962,1
129,"2018-12-20 17:26:44.8140","2018-12-20 17:28:54.5120",3213,"Van Vorst Park",40.71848892,-74.047726625,3186,"Grove St PATH",40.71958611647166,-74.04311746358871,29535,"Subscriber",1977,1
167,"2018-12-21 08:10:58.2550","2018-12-21 08:13:46.1870",3213,"Van Vorst Park",40.71848892,-74.047726625,3186,"Grove St PATH",40.71958611647166,-74.04311746358871,33744,"Subscriber",1970,1
147,"2018-12-21 08:41:16.0690","2018-12-21 08:43:43.2100",3213,"Van Vorst Park",40.71848892,-74.047726625,3186,"Grove St PATH",40.71958611647166,-74.04311746358871,29517,"Subscriber",1986,1
177,"2018-12-21 08:46:43.3970","2018-12-21 08:49:41.2780",3213,"Van Vorst Park",40.71848892,-74.047726625,3185,"City Hall",40.7177325,-74.043845,29445,"Subscriber",1986,1
152,"2018-12-21 12:33:40.5410","2018-12-21 12:36:12.9960",3213,"Van Vorst Park",40.71848892,-74.047726625,3186,"Grove St PATH",40.71958611647166,-74.04311746358871,29241,"Subscriber",1990,1
889,"2018-12-21 16:37:13.8600","2018-12-21 16:52:03.1110",3213,"Van Vorst Park",40.71848892,-74.047726625,3186,"Grove St PATH",40.71958611647166,-74.04311746358871,26184,"Subscriber",1981,2
560,"2018-12-21 18:07:53.7590","2018-12-21 18:17:13.9000",3213,"Van Vorst Park",40.71848892,-74.047726625,3681,"Grand St",40.71517767732029,-74.03768330812454,29505,"Subscriber",1992,2
521,"2018-12-21 18:43:43.9580","2018-12-21 18:52:25.5870",3213,"Van Vorst Park",40.71848892,-74.047726625,3213,"Van Vorst Park",40.71848892,-74.047726625,29199,"Subscriber",1986,1
225,"2018-12-21 20:23:11.6940","2018-12-21 20:26:57.1210",3213,"Van Vorst Park",40.71848892,-74.047726625,3272,"Jersey & 3rd",40.72333158646436,-74.04595255851744,26184,"Subscriber",1989,2
389,"2018-12-21 21:35:03.5650","2018-12-21 21:41:32.6760",3213,"Van Vorst Park",40.71848892,-74.047726625,3268,"Lafayette Park",40.71346382669195,-74.06285852193832,29244,"Subscriber",1989,1
150,"2018-12-22 08:05:33.4860","2018-12-22 08:08:03.8530",3213,"Van Vorst Park",40.71848892,-74.047726625,3186,"Grove St PATH",40.71958611647166,-74.04311746358871,29304,"Subscriber",1989,2
95,"2018-12-22 09:30:55.9460","2018-12-22 09:32:31.1890",3213,"Van Vorst Park",40.71848892,-74.047726625,3185,"City Hall",40.7177325,-74.043845,29670,"Subscriber",1976,1
147,"2018-12-22 10:02:23.4770","2018-12-22 10:04:50.7650",3213,"Van Vorst Park",40.71848892,-74.047726625,3276,"Marin Light Rail",40.71458403535893,-74.04281705617905,29199,"Subscriber",1970,1
172,"2018-12-22 10:32:38.7290","2018-12-22 10:35:31.6380",3213,"Van Vorst Park",40.71848892,-74.047726625,3481,"York St",40.71649,-74.04105,26246,"Subscriber",1985,2
283,"2018-12-22 10:41:31.6530","2018-12-22 10:46:15.3310",3213,"Van Vorst Park",40.71848892,-74.047726625,3276,"Marin Light Rail",40.71458403535893,-74.04281705617905,29528,"Subscriber",1971,1
122,"2018-12-22 11:50:15.9890","2018-12-22 11:52:18.3930",3213,"Van Vorst Park",40.71848892,-74.047726625,3186,"Grove St PATH",40.71958611647166,-74.04311746358871,26244,"Subscriber",1986,1
370,"2018-12-22 11:50:33.4410","2018-12-22 11:56:43.6520",3213,"Van Vorst Park",40.71848892,-74.047726625,3639,"Harborside",40.7192517,-74.034234,29496,"Subscriber",1988,2
129,"2018-12-22 12:05:51.1690","2018-12-22 12:08:00.2790",3213,"Van Vorst Park",40.71848892,-74.047726625,3185,"City Hall",40.7177325,-74.043845,29536,"Subscriber",1986,1
2708,"2018-12-22 12:23:44.5720","2018-12-22 13:08:53.0220",3213,"Van Vorst Park",40.71848892,-74.047726625,3213,"Van Vorst Park",40.71848892,-74.047726625,26179,"Subscriber",1990,1
3792,"2018-12-22 13:25:53.4840","2018-12-22 14:29:05.7040",3213,"Van Vorst Park",40.71848892,-74.047726625,3185,"City Hall",40.7177325,-74.043845,26179,"Customer",1969,0
279,"2018-12-22 13:50:13.9030","2018-12-22 13:54:53.3940",3213,"Van Vorst Park",40.71848892,-74.047726625,3481,"York St",40.71649,-74.04105,29534,"Subscriber",1989,1
238,"2018-12-22 14:21:21.2350","2018-12-22 14:25:20.0730",3213,"Van Vorst Park",40.71848892,-74.047726625,3209,"Brunswick St",40.7241765,-74.0506564,29207,"Subscriber",1982,1
303,"2018-12-22 15:06:00.1510","2018-12-22 15:11:03.2690",3213,"Van Vorst Park",40.71848892,-74.047726625,3276,"Marin Light Rail",40.71458403535893,-74.04281705617905,26213,"Subscriber",1968,2
431,"2018-12-22 15:53:20.5580","2018-12-22 16:00:32.3890",3213,"Van Vorst Park",40.71848892,-74.047726625,3275,"Columbus Drive",40.71835519823214,-74.03891444206238,26306,"Subscriber",1992,2
126,"2018-12-22 16:57:30.9430","2018-12-22 16:59:37.7560",3213,"Van Vorst Park",40.71848892,-74.047726625,3483,"Montgomery St",40.71942,-74.05099,29492,"Subscriber",1958,1
543,"2018-12-22 18:37:06.9150","2018-12-22 18:46:10.5920",3213,"Van Vorst Park",40.71848892,-74.047726625,3213,"Van Vorst Park",40.71848892,-74.047726625,26187,"Subscriber",1962,1
149,"2018-12-22 19:51:18.7830","2018-12-22 19:53:48.5540",3213,"Van Vorst Park",40.71848892,-74.047726625,3186,"Grove St PATH",40.71958611647166,-74.04311746358871,29520,"Subscriber",1990,1
290,"2018-12-23 08:24:06.1030","2018-12-23 08:28:57.0180",3213,"Van Vorst Park",40.71848892,-74.047726625,3267,"Morris Canal",40.7124188237569,-74.03852552175522,26187,"Subscriber",1981,1
146,"2018-12-23 08:49:55.9300","2018-12-23 08:52:21.9320",3213,"Van Vorst Park",40.71848892,-74.047726625,3186,"Grove St PATH",40.71958611647166,-74.04311746358871,29297,"Subscriber",1952,1
285,"2018-12-23 08:59:41.2960","2018-12-23 09:04:27.0260",3213,"Van Vorst Park",40.71848892,-74.047726625,3187,"Warren St",40.7211236,-74.03805095,26192,"Subscriber",1976,1
412,"2018-12-23 12:00:28.7360","2018-12-23 12:07:21.3970",3213,"Van Vorst Park",40.71848892,-74.047726625,3183,"Exchange Place",40.7162469,-74.0334588,29658,"Subscriber",1964,2
302,"2018-12-23 12:04:47.9980","2018-12-23 12:09:50.5120",3213,"Van Vorst Park",40.71848892,-74.047726625,3278,"Monmouth and 6th",40.72568548362901,-74.04879033565521,26225,"Subscriber",1980,1
1104,"2018-12-23 19:13:04.7470","2018-12-23 19:31:28.9750",3213,"Van Vorst Park",40.71848892,-74.047726625,3187,"Warren St",40.7211236,-74.03805095,29640,"Subscriber",1988,1
358,"2018-12-23 23:56:31.4090","2018-12-24 00:02:30.1780",3213,"Van Vorst Park",40.71848892,-74.047726625,3225,"Baldwin at Montgomery",40.7236589,-74.0641943,29553,"Customer",1969,0
133,"2018-12-24 04:45:26.8860","2018-12-24 04:47:40.5360",3213,"Van Vorst Park",40.71848892,-74.047726625,3186,"Grove St PATH",40.71958611647166,-74.04311746358871,26296,"Subscriber",1989,2
411,"2018-12-24 09:14:44.6630","2018-12-24 09:21:36.2920",3213,"Van Vorst Park",40.71848892,-74.047726625,3213,"Van Vorst Park",40.71848892,-74.047726625,29458,"Subscriber",1962,1
620,"2018-12-24 12:19:17.5090","2018-12-24 12:29:38.3480",3213,"Van Vorst Park",40.71848892,-74.047726625,3202,"Newport PATH",40.7272235,-74.0337589,29484,"Subscriber",1988,1
1534,"2018-12-24 12:22:31.2640","2018-12-24 12:48:05.7170",3213,"Van Vorst Park",40.71848892,-74.047726625,3213,"Van Vorst Park",40.71848892,-74.047726625,29458,"Subscriber",1962,1
1773,"2018-12-24 14:57:51.9950","2018-12-24 15:27:25.8870",3213,"Van Vorst Park",40.71848892,-74.047726625,3213,"Van Vorst Park",40.71848892,-74.047726625,29458,"Subscriber",1988,1
143,"2018-12-24 16:31:37.8730","2018-12-24 16:34:01.3340",3213,"Van Vorst Park",40.71848892,-74.047726625,3186,"Grove St PATH",40.71958611647166,-74.04311746358871,29458,"Subscriber",1952,1
189,"2018-12-24 17:18:47.0420","2018-12-24 17:21:56.2960",3213,"Van Vorst Park",40.71848892,-74.047726625,3272,"Jersey & 3rd",40.72333158646436,-74.04595255851744,29516,"Subscriber",1990,1
126,"2018-12-24 18:55:01.5470","2018-12-24 18:57:08.0530",3213,"Van Vorst Park",40.71848892,-74.047726625,3186,"Grove St PATH",40.71958611647166,-74.04311746358871,29516,"Subscriber",1990,1
74,"2018-12-25 05:12:56.1640","2018-12-25 05:14:10.8580",3213,"Van Vorst Park",40.71848892,-74.047726625,3205,"JC Medical Center",40.71653978099194,-74.0496379137039,29254,"Subscriber",1962,1
354,"2018-12-25 08:12:58.2180","2018-12-25 08:18:52.4410",3213,"Van Vorst Park",40.71848892,-74.047726625,3203,"Hamilton Park",40.727595966,-74.044247311,26258,"Subscriber",1985,2
88,"2018-12-25 12:05:45.8250","2018-12-25 12:07:14.1420",3213,"Van Vorst Park",40.71848892,-74.047726625,3205,"JC Medical Center",40.71653978099194,-74.0496379137039,29254,"Subscriber",1962,1
199,"2018-12-25 14:48:45.8520","2018-12-25 14:52:05.2190",3213,"Van Vorst Park",40.71848892,-74.047726625,3186,"Grove St PATH",40.71958611647166,-74.04311746358871,29550,"Subscriber",1983,1
112,"2018-12-25 16:02:22.6360","2018-12-25 16:04:14.7340",3213,"Van Vorst Park",40.71848892,-74.047726625,3186,"Grove St PATH",40.71958611647166,-74.04311746358871,26300,"Subscriber",1988,1
174,"2018-12-25 18:04:47.3560","2018-12-25 18:07:42.2660",3213,"Van Vorst Park",40.71848892,-74.047726625,3186,"Grove St PATH",40.71958611647166,-74.04311746358871,29201,"Subscriber",1990,1
231,"2018-12-25 22:09:45.1900","2018-12-25 22:13:36.6870",3213,"Van Vorst Park",40.71848892,-74.047726625,3185,"City Hall",40.7177325,-74.043845,26254,"Subscriber",1990,1
417,"2018-12-25 22:53:44.6930","2018-12-25 23:00:42.2920",3213,"Van Vorst Park",40.71848892,-74.047726625,3639,"Harborside",40.7192517,-74.034234,29296,"Subscriber",1981,1
165,"2018-12-26 06:53:36.3560","2018-12-26 06:56:21.5120",3213,"Van Vorst Park",40.71848892,-74.047726625,3272,"Jersey & 3rd",40.72333158646436,-74.04595255851744,29201,"Subscriber",1962,1
386,"2018-12-26 08:20:09.0870","2018-12-26 08:26:35.3130",3213,"Van Vorst Park",40.71848892,-74.047726625,3273,"Manila & 1st",40.721650724879986,-74.04288411140442,29546,"Subscriber",1988,1
319,"2018-12-26 08:34:02.1130","2018-12-26 08:39:21.3280",3213,"Van Vorst Park",40.71848892,-74.047726625,3184,"Paulus Hook",40.7141454,-74.0335519,29201,"Subscriber",1995,1
168,"2018-12-26 08:37:35.4300","2018-12-26 08:40:23.8410",3213,"Van Vorst Park",40.71848892,-74.047726625,3186,"Grove St PATH",40.71958611647166,-74.04311746358871,29502,"Subscriber",1983,2
709,"2018-12-26 09:16:15.0870","2018-12-26 09:28:04.8440",3213,"Van Vorst Park",40.71848892,-74.047726625,3199,"Newport Pkwy",40.7287448,-74.0321082,26309,"Subscriber",1986,1
837,"2018-12-26 12:22:39.2830","2018-12-26 12:36:36.7290",3213,"Van Vorst Park",40.71848892,-74.047726625,3213,"Van Vorst Park",40.71848892,-74.047726625,29201,"Subscriber",1986,1
645,"2018-12-26 12:42:12.1370","2018-12-26 12:52:57.8530",3213,"Van Vorst Park",40.71848892,-74.047726625,3225,"Baldwin at Montgomery",40.7236589,-74.0641943,29582,"Subscriber",1988,1
303,"2018-12-26 13:00:40.1510","2018-12-26 13:05:43.9970",3213,"Van Vorst Park",40.71848892,-74.047726625,3184,"Paulus Hook",40.7141454,-74.0335519,29609,"Subscriber",1995,1
121,"2018-12-26 13:01:39.3130","2018-12-26 13:03:40.6070",3213,"Van Vorst Park",40.71848892,-74.047726625,3186,"Grove St PATH",40.71958611647166,-74.04311746358871,29201,"Subscriber",1977,1
139,"2018-12-26 16:27:32.5750","2018-12-26 16:29:51.7840",3213,"Van Vorst Park",40.71848892,-74.047726625,3186,"Grove St PATH",40.71958611647166,-74.04311746358871,29124,"Subscriber",1962,1
90,"2018-12-26 18:21:52.1840","2018-12-26 18:23:22.4530",3213,"Van Vorst Park",40.71848892,-74.047726625,3185,"City Hall",40.7177325,-74.043845,29126,"Subscriber",1987,1
81,"2018-12-26 18:27:13.5900","2018-12-26 18:28:34.6490",3213,"Van Vorst Park",40.71848892,-74.047726625,3185,"City Hall",40.7177325,-74.043845,26267,"Subscriber",1987,1
227,"2018-12-26 19:04:40.1630","2018-12-26 19:08:27.3030",3213,"Van Vorst Park",40.71848892,-74.047726625,3273,"Manila & 1st",40.721650724879986,-74.04288411140442,29293,"Subscriber",1986,1
230,"2018-12-26 19:28:38.4040","2018-12-26 19:32:29.2620",3213,"Van Vorst Park",40.71848892,-74.047726625,3203,"Hamilton Park",40.727595966,-74.044247311,29652,"Subscriber",1962,1
134,"2018-12-27 05:53:56.9400","2018-12-27 05:56:11.5490",3213,"Van Vorst Park",40.71848892,-74.047726625,3186,"Grove St PATH",40.71958611647166,-74.04311746358871,29569,"Subscriber",1989,2
222,"2018-12-27 06:54:23.4200","2018-12-27 06:58:06.4170",3213,"Van Vorst Park",40.71848892,-74.047726625,3272,"Jersey & 3rd",40.72333158646436,-74.04595255851744,29516,"Subscriber",1962,2
222,"2018-12-27 06:54:24.3210","2018-12-27 06:58:06.3410",3213,"Van Vorst Park",40.71848892,-74.047726625,3272,"Jersey & 3rd",40.72333158646436,-74.04595255851744,29443,"Subscriber",1962,1
143,"2018-12-27 07:31:50.3430","2018-12-27 07:34:13.5460",3213,"Van Vorst Park",40.71848892,-74.047726625,3186,"Grove St PATH",40.71958611647166,-74.04311746358871,29453,"Subscriber",1970,1
144,"2018-12-27 08:16:22.6780","2018-12-27 08:18:47.5030",3213,"Van Vorst Park",40.71848892,-74.047726625,3186,"Grove St PATH",40.71958611647166,-74.04311746358871,29493,"Subscriber",1983,2
132,"2018-12-27 08:21:20.8780","2018-12-27 08:23:33.6210",3213,"Van Vorst Park",40.71848892,-74.047726625,3186,"Grove St PATH",40.71958611647166,-74.04311746358871,29465,"Subscriber",1988,1
154,"2018-12-27 09:17:45.7870","2018-12-27 09:20:20.4540",3213,"Van Vorst Park",40.71848892,-74.047726625,3186,"Grove St PATH",40.71958611647166,-74.04311746358871,29225,"Subscriber",1962,1
126,"2018-12-27 09:36:58.8360","2018-12-27 09:39:05.6310",3213,"Van Vorst Park",40.71848892,-74.047726625,3186,"Grove St PATH",40.71958611647166,-74.04311746358871,29645,"Subscriber",1977,1
395,"2018-12-27 10:07:22.1060","2018-12-27 10:13:57.3050",3213,"Van Vorst Park",40.71848892,-74.047726625,3639,"Harborside",40.7192517,-74.034234,29605,"Subscriber",1969,0
2651,"2018-12-27 10:53:51.1170","2018-12-27 11:38:02.2270",3213,"Van Vorst Park",40.71848892,-74.047726625,3202,"Newport PATH",40.7272235,-74.0337589,26275,"Subscriber",1990,1
532,"2018-12-27 11:15:03.2960","2018-12-27 11:23:55.5360",3213,"Van Vorst Park",40.71848892,-74.047726625,3183,"Exchange Place",40.7162469,-74.0334588,29257,"Subscriber",1970,1
153,"2018-12-27 12:12:52.5580","2018-12-27 12:15:25.7270",3213,"Van Vorst Park",40.71848892,-74.047726625,3186,"Grove St PATH",40.71958611647166,-74.04311746358871,26275,"Subscriber",1983,1
3437,"2018-12-27 12:45:58.7800","2018-12-27 13:43:16.7650",3213,"Van Vorst Park",40.71848892,-74.047726625,3213,"Van Vorst Park",40.71848892,-74.047726625,29127,"Customer",1969,0
576,"2018-12-27 13:43:16.6430","2018-12-27 13:52:53.5430",3213,"Van Vorst Park",40.71848892,-74.047726625,3187,"Warren St",40.7211236,-74.03805095,29597,"Subscriber",1992,1
206,"2018-12-27 14:16:53.0590","2018-12-27 14:20:19.5080",3213,"Van Vorst Park",40.71848892,-74.047726625,3211,"Newark Ave",40.72152515,-74.046304543,29605,"Subscriber",1993,1
2265,"2018-12-27 14:46:28.2080","2018-12-27 15:24:13.3780",3213,"Van Vorst Park",40.71848892,-74.047726625,3270,"Jersey & 6th St",40.72528910781132,-74.04557168483734,29241,"Subscriber",1978,1
180,"2018-12-27 17:47:51.7310","2018-12-27 17:50:52.0570",3213,"Van Vorst Park",40.71848892,-74.047726625,3279,"Dixon Mills",40.721630142638354,-74.04996782541275,29522,"Subscriber",1970,1
168,"2018-12-27 17:48:10.1640","2018-12-27 17:50:58.7000",3213,"Van Vorst Park",40.71848892,-74.047726625,3279,"Dixon Mills",40.721630142638354,-74.04996782541275,26286,"Subscriber",1982,2
134,"2018-12-27 19:22:34.1730","2018-12-27 19:24:48.4310",3213,"Van Vorst Park",40.71848892,-74.047726625,3185,"City Hall",40.7177325,-74.043845,29443,"Subscriber",1978,1
101,"2018-12-27 19:28:47.0960","2018-12-27 19:30:28.5400",3213,"Van Vorst Park",40.71848892,-74.047726625,3185,"City Hall",40.7177325,-74.043845,29676,"Subscriber",1978,1
96,"2018-12-27 19:33:56.8770","2018-12-27 19:35:33.4390",3213,"Van Vorst Park",40.71848892,-74.047726625,3205,"JC Medical Center",40.71653978099194,-74.0496379137039,26255,"Subscriber",1978,1
98,"2018-12-27 19:38:13.5850","2018-12-27 19:39:52.3540",3213,"Van Vorst Park",40.71848892,-74.047726625,3185,"City Hall",40.7177325,-74.043845,29286,"Subscriber",1978,1
356,"2018-12-27 20:35:35.1490","2018-12-27 20:41:31.4670",3213,"Van Vorst Park",40.71848892,-74.047726625,3192,"Liberty Light Rail",40.7112423,-74.0557013,29124,"Subscriber",1984,1
124,"2018-12-27 20:37:12.8590","2018-12-27 20:39:17.7390",3213,"Van Vorst Park",40.71848892,-74.047726625,3186,"Grove St PATH",40.71958611647166,-74.04311746358871,29597,"Subscriber",1988,1
137,"2018-12-28 05:48:44.0080","2018-12-28 05:51:01.7200",3213,"Van Vorst Park",40.71848892,-74.047726625,3186,"Grove St PATH",40.71958611647166,-74.04311746358871,29455,"Subscriber",1989,2
143,"2018-12-28 11:36:29.4200","2018-12-28 11:38:52.5610",3213,"Van Vorst Park",40.71848892,-74.047726625,3186,"Grove St PATH",40.71958611647166,-74.04311746358871,29645,"Subscriber",1977,1
653,"2018-12-28 14:52:20.9800","2018-12-28 15:03:14.7760",3213,"Van Vorst Park",40.71848892,-74.047726625,3194,"McGinley Square",40.7253399253558,-74.06762212514877,29210,"Subscriber",1988,1
171,"2018-12-28 19:35:29.5870","2018-12-28 19:38:20.9640",3213,"Van Vorst Park",40.71848892,-74.047726625,3276,"Marin Light Rail",40.71458403535893,-74.04281705617905,29286,"Subscriber",1989,1
1474,"2018-12-28 19:40:27.3450","2018-12-28 20:05:01.8170",3213,"Van Vorst Park",40.71848892,-74.047726625,3213,"Van Vorst Park",40.71848892,-74.047726625,29635,"Subscriber",1988,1
112,"2018-12-28 21:09:30.2650","2018-12-28 21:11:22.9040",3213,"Van Vorst Park",40.71848892,-74.047726625,3186,"Grove St PATH",40.71958611647166,-74.04311746358871,29597,"Subscriber",1984,1
140,"2018-12-29 05:59:25.0850","2018-12-29 06:01:45.2660",3213,"Van Vorst Park",40.71848892,-74.047726625,3186,"Grove St PATH",40.71958611647166,-74.04311746358871,29597,"Subscriber",1989,2
125,"2018-12-29 08:00:16.7640","2018-12-29 08:02:21.7720",3213,"Van Vorst Park",40.71848892,-74.047726625,3185,"City Hall",40.7177325,-74.043845,29534,"Subscriber",1989,2
177,"2018-12-29 08:14:52.6870","2018-12-29 08:17:50.3810",3213,"Van Vorst Park",40.71848892,-74.047726625,3186,"Grove St PATH",40.71958611647166,-74.04311746358871,29221,"Subscriber",1988,1
235,"2018-12-29 08:43:05.4010","2018-12-29 08:47:01.1490",3213,"Van Vorst Park",40.71848892,-74.047726625,3681,"Grand St",40.71517767732029,-74.03768330812454,29536,"Subscriber",1985,1
625,"2018-12-29 09:46:50.4810","2018-12-29 09:57:16.2660",3213,"Van Vorst Park",40.71848892,-74.047726625,3195,"Sip Ave",40.73074262530658,-74.06378388404846,29635,"Subscriber",1962,2
103,"2018-12-29 11:57:58.5560","2018-12-29 11:59:41.7500",3213,"Van Vorst Park",40.71848892,-74.047726625,3211,"Newark Ave",40.72152515,-74.046304543,29276,"Subscriber",1976,1
512,"2018-12-29 12:18:41.8210","2018-12-29 12:27:13.8670",3213,"Van Vorst Park",40.71848892,-74.047726625,3638,"Washington St",40.7242941,-74.0354826,26233,"Customer",1986,1
826,"2018-12-29 12:49:53.2330","2018-12-29 13:03:39.3210",3213,"Van Vorst Park",40.71848892,-74.047726625,3202,"Newport PATH",40.7272235,-74.0337589,29601,"Subscriber",1987,2
163,"2018-12-29 12:49:53.3210","2018-12-29 12:52:36.7260",3213,"Van Vorst Park",40.71848892,-74.047726625,3185,"City Hall",40.7177325,-74.043845,29127,"Subscriber",1986,1
233,"2018-12-29 15:04:46.6050","2018-12-29 15:08:40.0450",3213,"Van Vorst Park",40.71848892,-74.047726625,3272,"Jersey & 3rd",40.72333158646436,-74.04595255851744,29461,"Subscriber",1967,2
106,"2018-12-30 05:41:23.8680","2018-12-30 05:43:10.1750",3213,"Van Vorst Park",40.71848892,-74.047726625,3186,"Grove St PATH",40.71958611647166,-74.04311746358871,29593,"Subscriber",1989,2
121,"2018-12-30 07:04:24.3270","2018-12-30 07:06:25.6300",3213,"Van Vorst Park",40.71848892,-74.047726625,3186,"Grove St PATH",40.71958611647166,-74.04311746358871,29294,"Subscriber",1988,1
156,"2018-12-30 08:39:00.2630","2018-12-30 08:41:36.4480",3213,"Van Vorst Park",40.71848892,-74.047726625,3185,"City Hall",40.7177325,-74.043845,29529,"Subscriber",1989,2
149,"2018-12-30 08:50:41.5310","2018-12-30 08:53:11.1600",3213,"Van Vorst Park",40.71848892,-74.047726625,3186,"Grove St PATH",40.71958611647166,-74.04311746358871,29215,"Subscriber",1952,1
132,"2018-12-30 09:01:28.1080","2018-12-30 09:03:40.4450",3213,"Van Vorst Park",40.71848892,-74.047726625,3186,"Grove St PATH",40.71958611647166,-74.04311746358871,26197,"Subscriber",1977,1
196,"2018-12-30 10:28:39.1600","2018-12-30 10:31:56.0880",3213,"Van Vorst Park",40.71848892,-74.047726625,3186,"Grove St PATH",40.71958611647166,-74.04311746358871,29250,"Subscriber",1982,2
120,"2018-12-30 13:21:39.3630","2018-12-30 13:23:39.7450",3213,"Van Vorst Park",40.71848892,-74.047726625,3185,"City Hall",40.7177325,-74.043845,29461,"Subscriber",1993,2
350,"2018-12-30 16:19:42.9280","2018-12-30 16:25:33.1220",3213,"Van Vorst Park",40.71848892,-74.047726625,3187,"Warren St",40.7211236,-74.03805095,26247,"Subscriber",1967,2
118,"2018-12-31 05:54:26.8470","2018-12-31 05:56:25.3970",3213,"Van Vorst Park",40.71848892,-74.047726625,3186,"Grove St PATH",40.71958611647166,-74.04311746358871,29247,"Subscriber",1989,2
159,"2018-12-31 07:45:09.2330","2018-12-31 07:47:49.2060",3213,"Van Vorst Park",40.71848892,-74.047726625,3186,"Grove St PATH",40.71958611647166,-74.04311746358871,29286,"Subscriber",1967,2
115,"2018-12-31 08:06:41.1720","2018-12-31 08:08:36.9380",3213,"Van Vorst Park",40.71848892,-74.047726625,3186,"Grove St PATH",40.71958611647166,-74.04311746358871,29676,"Subscriber",1977,1
166,"2018-12-31 09:39:21.0010","2018-12-31 09:42:07.1350",3213,"Van Vorst Park",40.71848892,-74.047726625,3186,"Grove St PATH",40.71958611647166,-74.04311746358871,29474,"Subscriber",1964,1
121,"2018-12-31 09:50:40.2370","2018-12-31 09:52:42.2250",3213,"Van Vorst Park",40.71848892,-74.047726625,3186,"Grove St PATH",40.71958611647166,-74.04311746358871,29199,"Subscriber",1977,1
293,"2018-12-31 09:54:08.6890","2018-12-31 09:59:02.2370",3213,"Van Vorst Park",40.71848892,-74.047726625,3269,"Brunswick & 6th",40.72601172964625,-74.05038893222809,29664,"Subscriber",1958,1
118,"2018-12-31 10:02:28.2910","2018-12-31 10:04:26.9330",3213,"Van Vorst Park",40.71848892,-74.047726625,3186,"Grove St PATH",40.71958611647166,-74.04311746358871,26288,"Subscriber",1977,1
688,"2018-12-31 10:17:57.9840","2018-12-31 10:29:26.8000",3213,"Van Vorst Park",40.71848892,-74.047726625,3202,"Newport PATH",40.7272235,-74.0337589,26204,"Subscriber",1987,2
658,"2018-12-31 10:18:26.1840","2018-12-31 10:29:24.2150",3213,"Van Vorst Park",40.71848892,-74.047726625,3202,"Newport PATH",40.7272235,-74.0337589,29475,"Subscriber",1986,1
143,"2018-12-31 11:28:34.0960","2018-12-31 11:30:57.1290",3213,"Van Vorst Park",40.71848892,-74.047726625,3483,"Montgomery St",40.71942,-74.05099,26262,"Subscriber",1993,1
771,"2018-12-31 13:29:02.3960","2018-12-31 13:41:53.5250",3213,"Van Vorst Park",40.71848892,-74.047726625,3199,"Newport Pkwy",40.7287448,-74.0321082,26312,"Subscriber",1982,2
208,"2018-12-31 17:04:59.0740","2018-12-31 17:08:27.2320",3213,"Van Vorst Park",40.71848892,-74.047726625,3186,"Grove St PATH",40.71958611647166,-74.04311746358871,26259,"Subscriber",1988,1
415,"2018-12-01 11:12:44.6100","2018-12-01 11:19:40.3610",3214,"Essex Light Rail",40.7127742,-74.0364857,3275,"Columbus Drive",40.71835519823214,-74.03891444206238,29612,"Subscriber",1991,2
945,"2018-12-01 11:36:15.3010","2018-12-01 11:52:01.0810",3214,"Essex Light Rail",40.7127742,-74.0364857,3192,"Liberty Light Rail",40.7112423,-74.0557013,29515,"Subscriber",1986,2
14235,"2018-12-01 11:36:56.7550","2018-12-01 15:34:12.0700",3214,"Essex Light Rail",40.7127742,-74.0364857,3192,"Liberty Light Rail",40.7112423,-74.0557013,29533,"Subscriber",1988,1
766,"2018-12-01 11:38:51.9070","2018-12-01 11:51:38.7810",3214,"Essex Light Rail",40.7127742,-74.0364857,3192,"Liberty Light Rail",40.7112423,-74.0557013,29672,"Customer",1969,0
268,"2018-12-01 12:11:39.6220","2018-12-01 12:16:08.6030",3214,"Essex Light Rail",40.7127742,-74.0364857,3185,"City Hall",40.7177325,-74.043845,26255,"Subscriber",1986,1
137,"2018-12-01 12:15:09.4410","2018-12-01 12:17:27.2760",3214,"Essex Light Rail",40.7127742,-74.0364857,3276,"Marin Light Rail",40.71458403535893,-74.04281705617905,29213,"Subscriber",1986,1
284,"2018-12-01 12:17:59.6690","2018-12-01 12:22:44.6670",3214,"Essex Light Rail",40.7127742,-74.0364857,3275,"Columbus Drive",40.71835519823214,-74.03891444206238,29593,"Subscriber",1983,2
175,"2018-12-01 14:10:18.1080","2018-12-01 14:13:14.0900",3214,"Essex Light Rail",40.7127742,-74.0364857,3276,"Marin Light Rail",40.71458403535893,-74.04281705617905,29490,"Subscriber",1967,1
517,"2018-12-01 16:07:20.1210","2018-12-01 16:15:57.7080",3214,"Essex Light Rail",40.7127742,-74.0364857,3211,"Newark Ave",40.72152515,-74.046304543,29525,"Subscriber",1981,2
521,"2018-12-01 16:07:20.9230","2018-12-01 16:16:02.2470",3214,"Essex Light Rail",40.7127742,-74.0364857,3211,"Newark Ave",40.72152515,-74.046304543,26182,"Subscriber",1980,1
270,"2018-12-02 12:49:01.2080","2018-12-02 12:53:32.1140",3214,"Essex Light Rail",40.7127742,-74.0364857,3275,"Columbus Drive",40.71835519823214,-74.03891444206238,29513,"Subscriber",1989,1
134,"2018-12-03 07:19:45.6190","2018-12-03 07:22:00.4020",3214,"Essex Light Rail",40.7127742,-74.0364857,3183,"Exchange Place",40.7162469,-74.0334588,26261,"Subscriber",1984,1
196,"2018-12-03 08:04:11.7180","2018-12-03 08:07:28.5300",3214,"Essex Light Rail",40.7127742,-74.0364857,3183,"Exchange Place",40.7162469,-74.0334588,29597,"Subscriber",1960,1
491,"2018-12-03 08:36:24.3010","2018-12-03 08:44:35.6270",3214,"Essex Light Rail",40.7127742,-74.0364857,3202,"Newport PATH",40.7272235,-74.0337589,29288,"Subscriber",1963,1
170,"2018-12-03 09:04:54.7910","2018-12-03 09:07:45.7530",3214,"Essex Light Rail",40.7127742,-74.0364857,3183,"Exchange Place",40.7162469,-74.0334588,26199,"Subscriber",1987,1
142,"2018-12-03 09:20:02.9520","2018-12-03 09:22:25.2030",3214,"Essex Light Rail",40.7127742,-74.0364857,3183,"Exchange Place",40.7162469,-74.0334588,29531,"Subscriber",1994,1
200,"2018-12-03 10:11:55.1980","2018-12-03 10:15:15.5600",3214,"Essex Light Rail",40.7127742,-74.0364857,3183,"Exchange Place",40.7162469,-74.0334588,29636,"Subscriber",1979,2
236,"2018-12-03 10:36:00.3250","2018-12-03 10:39:57.0830",3214,"Essex Light Rail",40.7127742,-74.0364857,3183,"Exchange Place",40.7162469,-74.0334588,26167,"Subscriber",1979,2
678,"2018-12-03 10:55:58.5060","2018-12-03 11:07:16.6700",3214,"Essex Light Rail",40.7127742,-74.0364857,3278,"Monmouth and 6th",40.72568548362901,-74.04879033565521,29273,"Subscriber",1995,2
662,"2018-12-03 17:17:44.1320","2018-12-03 17:28:46.1370",3214,"Essex Light Rail",40.7127742,-74.0364857,3272,"Jersey & 3rd",40.72333158646436,-74.04595255851744,29126,"Subscriber",1987,2
179,"2018-12-03 17:27:54.5530","2018-12-03 17:30:54.1690",3214,"Essex Light Rail",40.7127742,-74.0364857,3183,"Exchange Place",40.7162469,-74.0334588,29475,"Subscriber",1954,2
505,"2018-12-03 17:34:36.7500","2018-12-03 17:43:02.2040",3214,"Essex Light Rail",40.7127742,-74.0364857,3192,"Liberty Light Rail",40.7112423,-74.0557013,26302,"Subscriber",1985,1
313,"2018-12-03 18:06:44.1220","2018-12-03 18:11:57.3150",3214,"Essex Light Rail",40.7127742,-74.0364857,3186,"Grove St PATH",40.71958611647166,-74.04311746358871,33781,"Subscriber",1978,0
1394,"2018-12-03 18:10:15.0430","2018-12-03 18:33:29.5780",3214,"Essex Light Rail",40.7127742,-74.0364857,3225,"Baldwin at Montgomery",40.7236589,-74.0641943,26261,"Subscriber",1980,1
497,"2018-12-03 19:54:15.9990","2018-12-03 20:02:33.4300",3214,"Essex Light Rail",40.7127742,-74.0364857,3202,"Newport PATH",40.7272235,-74.0337589,29475,"Subscriber",1990,2
486,"2018-12-03 20:00:32.1740","2018-12-03 20:08:38.5310",3214,"Essex Light Rail",40.7127742,-74.0364857,3483,"Montgomery St",40.71942,-74.05099,29550,"Subscriber",1971,2
248,"2018-12-04 06:47:25.8090","2018-12-04 06:51:34.0080",3214,"Essex Light Rail",40.7127742,-74.0364857,3639,"Harborside",40.7192517,-74.034234,29573,"Subscriber",1973,1
129,"2018-12-04 07:07:15.3330","2018-12-04 07:09:24.4510",3214,"Essex Light Rail",40.7127742,-74.0364857,3183,"Exchange Place",40.7162469,-74.0334588,29276,"Subscriber",1984,1
144,"2018-12-04 07:34:14.7060","2018-12-04 07:36:39.2910",3214,"Essex Light Rail",40.7127742,-74.0364857,3183,"Exchange Place",40.7162469,-74.0334588,29301,"Subscriber",1960,1
137,"2018-12-04 09:11:26.7920","2018-12-04 09:13:44.1540",3214,"Essex Light Rail",40.7127742,-74.0364857,3183,"Exchange Place",40.7162469,-74.0334588,26171,"Subscriber",1987,1
194,"2018-12-04 10:44:16.9940","2018-12-04 10:47:31.0250",3214,"Essex Light Rail",40.7127742,-74.0364857,3183,"Exchange Place",40.7162469,-74.0334588,26164,"Subscriber",1986,1
427,"2018-12-04 13:38:12.7930","2018-12-04 13:45:20.3610",3214,"Essex Light Rail",40.7127742,-74.0364857,3186,"Grove St PATH",40.71958611647166,-74.04311746358871,29472,"Subscriber",1978,1
856,"2018-12-04 16:34:03.3670","2018-12-04 16:48:20.1660",3214,"Essex Light Rail",40.7127742,-74.0364857,3638,"Washington St",40.7242941,-74.0354826,29249,"Subscriber",1983,2
867,"2018-12-04 17:25:03.7810","2018-12-04 17:39:30.9630",3214,"Essex Light Rail",40.7127742,-74.0364857,3269,"Brunswick & 6th",40.72601172964625,-74.05038893222809,29669,"Subscriber",1987,2
166,"2018-12-04 18:09:38.5180","2018-12-04 18:12:24.6150",3214,"Essex Light Rail",40.7127742,-74.0364857,3183,"Exchange Place",40.7162469,-74.0334588,26260,"Subscriber",1982,1
456,"2018-12-04 20:50:33.1960","2018-12-04 20:58:10.0000",3214,"Essex Light Rail",40.7127742,-74.0364857,3211,"Newark Ave",40.72152515,-74.046304543,26191,"Subscriber",1989,1
278,"2018-12-05 05:59:15.4800","2018-12-05 06:03:53.6540",3214,"Essex Light Rail",40.7127742,-74.0364857,3275,"Columbus Drive",40.71835519823214,-74.03891444206238,29499,"Subscriber",1983,2
523,"2018-12-05 06:08:37.2750","2018-12-05 06:17:20.9250",3214,"Essex Light Rail",40.7127742,-74.0364857,3199,"Newport Pkwy",40.7287448,-74.0321082,29643,"Subscriber",1980,1
135,"2018-12-05 07:31:49.6360","2018-12-05 07:34:05.5480",3214,"Essex Light Rail",40.7127742,-74.0364857,3183,"Exchange Place",40.7162469,-74.0334588,29604,"Subscriber",1960,1
150,"2018-12-05 08:44:51.9290","2018-12-05 08:47:22.5090",3214,"Essex Light Rail",40.7127742,-74.0364857,3183,"Exchange Place",40.7162469,-74.0334588,26186,"Subscriber",1994,1
122,"2018-12-05 09:09:23.9420","2018-12-05 09:11:26.5580",3214,"Essex Light Rail",40.7127742,-74.0364857,3183,"Exchange Place",40.7162469,-74.0334588,26284,"Subscriber",1987,1
129,"2018-12-05 09:21:41.0310","2018-12-05 09:23:50.0980",3214,"Essex Light Rail",40.7127742,-74.0364857,3183,"Exchange Place",40.7162469,-74.0334588,29499,"Subscriber",1984,1
326,"2018-12-05 11:36:16.1360","2018-12-05 11:41:42.3210",3214,"Essex Light Rail",40.7127742,-74.0364857,3185,"City Hall",40.7177325,-74.043845,26173,"Subscriber",1984,1
595,"2018-12-05 11:49:30.0820","2018-12-05 11:59:25.4210",3214,"Essex Light Rail",40.7127742,-74.0364857,3211,"Newark Ave",40.72152515,-74.046304543,26295,"Subscriber",1956,1
391,"2018-12-05 11:56:31.4210","2018-12-05 12:03:02.8960",3214,"Essex Light Rail",40.7127742,-74.0364857,3211,"Newark Ave",40.72152515,-74.046304543,29263,"Subscriber",1984,1
393,"2018-12-05 11:59:22.9620","2018-12-05 12:05:56.5690",3214,"Essex Light Rail",40.7127742,-74.0364857,3185,"City Hall",40.7177325,-74.043845,29677,"Subscriber",1969,2
187,"2018-12-05 14:07:52.7280","2018-12-05 14:11:00.6680",3214,"Essex Light Rail",40.7127742,-74.0364857,3183,"Exchange Place",40.7162469,-74.0334588,26264,"Subscriber",1954,2
398,"2018-12-05 14:49:25.0100","2018-12-05 14:56:03.2560",3214,"Essex Light Rail",40.7127742,-74.0364857,3192,"Liberty Light Rail",40.7112423,-74.0557013,29668,"Subscriber",1978,1
630,"2018-12-05 16:45:00.9960","2018-12-05 16:55:31.4450",3214,"Essex Light Rail",40.7127742,-74.0364857,3205,"JC Medical Center",40.71653978099194,-74.0496379137039,29611,"Subscriber",1994,1
599,"2018-12-05 17:53:40.0690","2018-12-05 18:03:39.9500",3214,"Essex Light Rail",40.7127742,-74.0364857,3192,"Liberty Light Rail",40.7112423,-74.0557013,29536,"Subscriber",1984,1
223,"2018-12-05 19:50:12.6420","2018-12-05 19:53:55.8620",3214,"Essex Light Rail",40.7127742,-74.0364857,3275,"Columbus Drive",40.71835519823214,-74.03891444206238,29440,"Subscriber",1981,1
250,"2018-12-06 06:49:33.7780","2018-12-06 06:53:43.9980",3214,"Essex Light Rail",40.7127742,-74.0364857,3639,"Harborside",40.7192517,-74.034234,29602,"Subscriber",1973,1
123,"2018-12-06 07:17:53.6770","2018-12-06 07:19:57.2580",3214,"Essex Light Rail",40.7127742,-74.0364857,3183,"Exchange Place",40.7162469,-74.0334588,29490,"Subscriber",1984,1
485,"2018-12-06 07:47:30.2760","2018-12-06 07:55:35.2760",3214,"Essex Light Rail",40.7127742,-74.0364857,3199,"Newport Pkwy",40.7287448,-74.0321082,29120,"Subscriber",1980,1
133,"2018-12-06 08:27:33.3960","2018-12-06 08:29:47.1940",3214,"Essex Light Rail",40.7127742,-74.0364857,3183,"Exchange Place",40.7162469,-74.0334588,29540,"Subscriber",1960,1
231,"2018-12-06 08:29:07.4240","2018-12-06 08:32:58.9270",3214,"Essex Light Rail",40.7127742,-74.0364857,3183,"Exchange Place",40.7162469,-74.0334588,29602,"Subscriber",1979,2
136,"2018-12-06 09:14:07.0230","2018-12-06 09:16:23.1800",3214,"Essex Light Rail",40.7127742,-74.0364857,3183,"Exchange Place",40.7162469,-74.0334588,26234,"Subscriber",1987,1
158,"2018-12-06 10:31:52.6490","2018-12-06 10:34:31.0490",3214,"Essex Light Rail",40.7127742,-74.0364857,3183,"Exchange Place",40.7162469,-74.0334588,29259,"Subscriber",1981,0
359,"2018-12-06 11:43:09.0460","2018-12-06 11:49:08.7120",3214,"Essex Light Rail",40.7127742,-74.0364857,3275,"Columbus Drive",40.71835519823214,-74.03891444206238,29239,"Subscriber",1980,1
852,"2018-12-06 13:19:28.6480","2018-12-06 13:33:40.6920",3214,"Essex Light Rail",40.7127742,-74.0364857,3214,"Essex Light Rail",40.7127742,-74.0364857,26262,"Subscriber",1992,2
623,"2018-12-06 13:30:55.7680","2018-12-06 13:41:18.8770",3214,"Essex Light Rail",40.7127742,-74.0364857,3186,"Grove St PATH",40.71958611647166,-74.04311746358871,29499,"Subscriber",1969,2
122,"2018-12-06 17:20:30.5160","2018-12-06 17:22:33.1840",3214,"Essex Light Rail",40.7127742,-74.0364857,3183,"Exchange Place",40.7162469,-74.0334588,26246,"Subscriber",1980,1
529,"2018-12-06 17:35:13.3890","2018-12-06 17:44:02.7930",3214,"Essex Light Rail",40.7127742,-74.0364857,3192,"Liberty Light Rail",40.7112423,-74.0557013,29516,"Subscriber",1985,1
147,"2018-12-06 17:54:51.1900","2018-12-06 17:57:18.7900",3214,"Essex Light Rail",40.7127742,-74.0364857,3681,"Grand St",40.71517767732029,-74.03768330812454,29224,"Subscriber",1980,1
260,"2018-12-06 18:10:23.7340","2018-12-06 18:14:44.2480",3214,"Essex Light Rail",40.7127742,-74.0364857,3183,"Exchange Place",40.7162469,-74.0334588,29293,"Subscriber",1994,1
193,"2018-12-06 18:14:59.3020","2018-12-06 18:18:12.8300",3214,"Essex Light Rail",40.7127742,-74.0364857,3183,"Exchange Place",40.7162469,-74.0334588,26296,"Subscriber",1977,1
190,"2018-12-06 18:15:44.4140","2018-12-06 18:18:54.6400",3214,"Essex Light Rail",40.7127742,-74.0364857,3276,"Marin Light Rail",40.71458403535893,-74.04281705617905,29570,"Subscriber",1994,1
465,"2018-12-06 19:23:46.9150","2018-12-06 19:31:32.6820",3214,"Essex Light Rail",40.7127742,-74.0364857,3192,"Liberty Light Rail",40.7112423,-74.0557013,26262,"Subscriber",1972,1
340,"2018-12-06 21:10:26.2840","2018-12-06 21:16:06.5750",3214,"Essex Light Rail",40.7127742,-74.0364857,3205,"JC Medical Center",40.71653978099194,-74.0496379137039,29530,"Subscriber",1981,1
310,"2018-12-07 05:55:39.1690","2018-12-07 06:00:50.0200",3214,"Essex Light Rail",40.7127742,-74.0364857,3275,"Columbus Drive",40.71835519823214,-74.03891444206238,29293,"Subscriber",1983,2
79,"2018-12-07 05:58:06.6260","2018-12-07 05:59:25.6730",3214,"Essex Light Rail",40.7127742,-74.0364857,3184,"Paulus Hook",40.7141454,-74.0335519,29654,"Subscriber",1973,1
178,"2018-12-07 06:25:28.0620","2018-12-07 06:28:26.8650",3214,"Essex Light Rail",40.7127742,-74.0364857,3183,"Exchange Place",40.7162469,-74.0334588,29500,"Subscriber",1959,1
114,"2018-12-07 07:13:00.4270","2018-12-07 07:14:55.3380",3214,"Essex Light Rail",40.7127742,-74.0364857,3183,"Exchange Place",40.7162469,-74.0334588,29247,"Subscriber",1984,1
179,"2018-12-07 07:47:01.3490","2018-12-07 07:50:01.2910",3214,"Essex Light Rail",40.7127742,-74.0364857,3183,"Exchange Place",40.7162469,-74.0334588,29293,"Subscriber",1987,1
121,"2018-12-07 08:32:22.2620","2018-12-07 08:34:23.6740",3214,"Essex Light Rail",40.7127742,-74.0364857,3184,"Paulus Hook",40.7141454,-74.0335519,26187,"Subscriber",1989,1
175,"2018-12-07 09:12:24.7180","2018-12-07 09:15:19.8820",3214,"Essex Light Rail",40.7127742,-74.0364857,3183,"Exchange Place",40.7162469,-74.0334588,26233,"Subscriber",1987,1
555,"2018-12-07 10:39:16.4690","2018-12-07 10:48:31.9940",3214,"Essex Light Rail",40.7127742,-74.0364857,3186,"Grove St PATH",40.71958611647166,-74.04311746358871,26246,"Subscriber",1954,2
452,"2018-12-07 14:39:17.8450","2018-12-07 14:46:50.2290",3214,"Essex Light Rail",40.7127742,-74.0364857,3186,"Grove St PATH",40.71958611647166,-74.04311746358871,26278,"Subscriber",1989,2
399,"2018-12-07 16:16:24.1540","2018-12-07 16:23:03.4890",3214,"Essex Light Rail",40.7127742,-74.0364857,3275,"Columbus Drive",40.71835519823214,-74.03891444206238,29614,"Subscriber",1980,2
570,"2018-12-07 17:27:10.8310","2018-12-07 17:36:41.2080",3214,"Essex Light Rail",40.7127742,-74.0364857,3192,"Liberty Light Rail",40.7112423,-74.0557013,29212,"Subscriber",1984,1
618,"2018-12-07 17:30:57.5770","2018-12-07 17:41:16.0530",3214,"Essex Light Rail",40.7127742,-74.0364857,3192,"Liberty Light Rail",40.7112423,-74.0557013,29483,"Subscriber",1985,1
237,"2018-12-07 17:39:00.8690","2018-12-07 17:42:58.8390",3214,"Essex Light Rail",40.7127742,-74.0364857,3276,"Marin Light Rail",40.71458403535893,-74.04281705617905,29306,"Subscriber",1994,1
288,"2018-12-07 20:33:36.0020","2018-12-07 20:38:24.8700",3214,"Essex Light Rail",40.7127742,-74.0364857,3185,"City Hall",40.7177325,-74.043845,29641,"Subscriber",1988,1
423,"2018-12-08 08:56:48.1680","2018-12-08 09:03:51.6990",3214,"Essex Light Rail",40.7127742,-74.0364857,3187,"Warren St",40.7211236,-74.03805095,26159,"Subscriber",1991,2
185,"2018-12-08 09:33:18.0070","2018-12-08 09:36:23.1760",3214,"Essex Light Rail",40.7127742,-74.0364857,3276,"Marin Light Rail",40.71458403535893,-74.04281705617905,26209,"Subscriber",1979,1
553,"2018-12-08 11:28:49.7030","2018-12-08 11:38:03.3770",3214,"Essex Light Rail",40.7127742,-74.0364857,3186,"Grove St PATH",40.71958611647166,-74.04311746358871,29642,"Subscriber",1991,2
383,"2018-12-08 17:01:00.9710","2018-12-08 17:07:24.3200",3214,"Essex Light Rail",40.7127742,-74.0364857,3211,"Newark Ave",40.72152515,-74.046304543,29227,"Subscriber",1995,1
427,"2018-12-08 18:18:26.5810","2018-12-08 18:25:33.9250",3214,"Essex Light Rail",40.7127742,-74.0364857,3185,"City Hall",40.7177325,-74.043845,29658,"Subscriber",1985,2
2185,"2018-12-09 08:35:55.6330","2018-12-09 09:12:20.8510",3214,"Essex Light Rail",40.7127742,-74.0364857,3267,"Morris Canal",40.7124188237569,-74.03852552175522,29281,"Subscriber",1985,2
358,"2018-12-09 10:27:04.4440","2018-12-09 10:33:02.7140",3214,"Essex Light Rail",40.7127742,-74.0364857,3187,"Warren St",40.7211236,-74.03805095,29516,"Subscriber",1991,2
381,"2018-12-09 10:30:49.8670","2018-12-09 10:37:11.6390",3214,"Essex Light Rail",40.7127742,-74.0364857,3638,"Washington St",40.7242941,-74.0354826,26243,"Subscriber",1969,2
571,"2018-12-09 12:35:21.6380","2018-12-09 12:44:53.5530",3214,"Essex Light Rail",40.7127742,-74.0364857,3199,"Newport Pkwy",40.7287448,-74.0321082,26243,"Subscriber",1993,1
332,"2018-12-09 12:45:45.3750","2018-12-09 12:51:18.0600",3214,"Essex Light Rail",40.7127742,-74.0364857,3186,"Grove St PATH",40.71958611647166,-74.04311746358871,29516,"Subscriber",1975,1
629,"2018-12-09 15:01:48.5220","2018-12-09 15:12:18.2010",3214,"Essex Light Rail",40.7127742,-74.0364857,3211,"Newark Ave",40.72152515,-74.046304543,29490,"Subscriber",1969,2
199,"2018-12-09 15:48:00.2950","2018-12-09 15:51:19.7950",3214,"Essex Light Rail",40.7127742,-74.0364857,3183,"Exchange Place",40.7162469,-74.0334588,26242,"Subscriber",1968,2
304,"2018-12-09 18:13:59.5300","2018-12-09 18:19:04.0730",3214,"Essex Light Rail",40.7127742,-74.0364857,3185,"City Hall",40.7177325,-74.043845,29239,"Subscriber",1988,1
269,"2018-12-10 05:55:02.9370","2018-12-10 05:59:32.3960",3214,"Essex Light Rail",40.7127742,-74.0364857,3275,"Columbus Drive",40.71835519823214,-74.03891444206238,29618,"Subscriber",1983,2
547,"2018-12-10 06:48:44.9190","2018-12-10 06:57:52.0630",3214,"Essex Light Rail",40.7127742,-74.0364857,3199,"Newport Pkwy",40.7287448,-74.0321082,29534,"Subscriber",1980,1
130,"2018-12-10 07:19:27.0150","2018-12-10 07:21:37.8200",3214,"Essex Light Rail",40.7127742,-74.0364857,3183,"Exchange Place",40.7162469,-74.0334588,29222,"Subscriber",1984,1
195,"2018-12-10 07:55:36.8520","2018-12-10 07:58:52.6200",3214,"Essex Light Rail",40.7127742,-74.0364857,3183,"Exchange Place",40.7162469,-74.0334588,29496,"Subscriber",1989,2
174,"2018-12-10 07:59:52.8090","2018-12-10 08:02:46.9850",3214,"Essex Light Rail",40.7127742,-74.0364857,3184,"Paulus Hook",40.7141454,-74.0335519,29602,"Subscriber",1970,1
66,"2018-12-10 08:12:44.3700","2018-12-10 08:13:51.3550",3214,"Essex Light Rail",40.7127742,-74.0364857,3267,"Morris Canal",40.7124188237569,-74.03852552175522,29247,"Subscriber",1981,1
1741,"2018-12-10 08:22:04.4110","2018-12-10 08:51:06.3210",3214,"Essex Light Rail",40.7127742,-74.0364857,3681,"Grand St",40.71517767732029,-74.03768330812454,26274,"Subscriber",1963,1
124,"2018-12-10 09:01:15.2070","2018-12-10 09:03:19.4350",3214,"Essex Light Rail",40.7127742,-74.0364857,3183,"Exchange Place",40.7162469,-74.0334588,29212,"Subscriber",1994,1
407,"2018-12-10 09:04:41.2780","2018-12-10 09:11:29.1850",3214,"Essex Light Rail",40.7127742,-74.0364857,3638,"Washington St",40.7242941,-74.0354826,29675,"Subscriber",1963,1
175,"2018-12-10 11:00:52.2190","2018-12-10 11:03:47.9560",3214,"Essex Light Rail",40.7127742,-74.0364857,3183,"Exchange Place",40.7162469,-74.0334588,29623,"Subscriber",1993,1
475,"2018-12-10 17:08:09.0710","2018-12-10 17:16:04.6820",3214,"Essex Light Rail",40.7127742,-74.0364857,3186,"Grove St PATH",40.71958611647166,-74.04311746358871,29544,"Subscriber",1957,1
813,"2018-12-10 18:05:06.3380","2018-12-10 18:18:39.4390",3214,"Essex Light Rail",40.7127742,-74.0364857,3192,"Liberty Light Rail",40.7112423,-74.0557013,29266,"Subscriber",1985,1
1281,"2018-12-10 18:13:34.9270","2018-12-10 18:34:56.5290",3214,"Essex Light Rail",40.7127742,-74.0364857,3225,"Baldwin at Montgomery",40.7236589,-74.0641943,29640,"Subscriber",1980,1
203,"2018-12-10 18:51:22.9440","2018-12-10 18:54:46.3980",3214,"Essex Light Rail",40.7127742,-74.0364857,3183,"Exchange Place",40.7162469,-74.0334588,29477,"Subscriber",1993,1
115,"2018-12-11 07:15:15.7990","2018-12-11 07:17:11.7300",3214,"Essex Light Rail",40.7127742,-74.0364857,3183,"Exchange Place",40.7162469,-74.0334588,29672,"Subscriber",1984,1
150,"2018-12-11 07:49:09.1240","2018-12-11 07:51:39.7590",3214,"Essex Light Rail",40.7127742,-74.0364857,3183,"Exchange Place",40.7162469,-74.0334588,29476,"Subscriber",1960,1
547,"2018-12-11 07:53:01.9020","2018-12-11 08:02:08.9660",3214,"Essex Light Rail",40.7127742,-74.0364857,3199,"Newport Pkwy",40.7287448,-74.0321082,26281,"Subscriber",1980,1
142,"2018-12-11 08:26:37.1350","2018-12-11 08:28:59.4600",3214,"Essex Light Rail",40.7127742,-74.0364857,3183,"Exchange Place",40.7162469,-74.0334588,29666,"Subscriber",1954,2
152,"2018-12-11 08:39:31.2940","2018-12-11 08:42:03.7430",3214,"Essex Light Rail",40.7127742,-74.0364857,3183,"Exchange Place",40.7162469,-74.0334588,26198,"Subscriber",1990,1
261,"2018-12-11 09:00:33.3480","2018-12-11 09:04:54.5040",3214,"Essex Light Rail",40.7127742,-74.0364857,3183,"Exchange Place",40.7162469,-74.0334588,29455,"Subscriber",1993,1
90,"2018-12-11 09:13:03.2140","2018-12-11 09:14:34.0580",3214,"Essex Light Rail",40.7127742,-74.0364857,3184,"Paulus Hook",40.7141454,-74.0335519,29656,"Subscriber",1994,1
429,"2018-12-11 17:05:35.8320","2018-12-11 17:12:45.2790",3214,"Essex Light Rail",40.7127742,-74.0364857,3186,"Grove St PATH",40.71958611647166,-74.04311746358871,29663,"Subscriber",1957,1
186,"2018-12-11 17:41:42.3410","2018-12-11 17:44:49.0810",3214,"Essex Light Rail",40.7127742,-74.0364857,3276,"Marin Light Rail",40.71458403535893,-74.04281705617905,26153,"Subscriber",1994,1
284,"2018-12-11 18:15:01.7320","2018-12-11 18:19:45.9750",3214,"Essex Light Rail",40.7127742,-74.0364857,3185,"City Hall",40.7177325,-74.043845,29262,"Subscriber",1988,2
246,"2018-12-11 18:24:51.5300","2018-12-11 18:28:57.7250",3214,"Essex Light Rail",40.7127742,-74.0364857,3681,"Grand St",40.71517767732029,-74.03768330812454,29439,"Subscriber",1980,1
78,"2018-12-11 19:07:41.3600","2018-12-11 19:09:00.0880",3214,"Essex Light Rail",40.7127742,-74.0364857,3267,"Morris Canal",40.7124188237569,-74.03852552175522,26298,"Subscriber",1981,1
424,"2018-12-11 21:10:49.9670","2018-12-11 21:17:54.4180",3214,"Essex Light Rail",40.7127742,-74.0364857,3186,"Grove St PATH",40.71958611647166,-74.04311746358871,29682,"Subscriber",1995,2
274,"2018-12-12 05:56:56.0940","2018-12-12 06:01:30.5310",3214,"Essex Light Rail",40.7127742,-74.0364857,3275,"Columbus Drive",40.71835519823214,-74.03891444206238,26318,"Subscriber",1983,2
121,"2018-12-12 07:08:33.8250","2018-12-12 07:10:35.0900",3214,"Essex Light Rail",40.7127742,-74.0364857,3183,"Exchange Place",40.7162469,-74.0334588,29595,"Subscriber",1984,1
164,"2018-12-12 07:32:13.6650","2018-12-12 07:34:58.2330",3214,"Essex Light Rail",40.7127742,-74.0364857,3183,"Exchange Place",40.7162469,-74.0334588,29673,"Subscriber",1987,1
603,"2018-12-12 07:51:21.5540","2018-12-12 08:01:25.3400",3214,"Essex Light Rail",40.7127742,-74.0364857,3202,"Newport PATH",40.7272235,-74.0337589,26278,"Subscriber",1980,1
141,"2018-12-12 08:04:38.3990","2018-12-12 08:07:00.3940",3214,"Essex Light Rail",40.7127742,-74.0364857,3183,"Exchange Place",40.7162469,-74.0334588,29296,"Subscriber",1985,1
293,"2018-12-12 08:14:59.7170","2018-12-12 08:19:53.6620",3214,"Essex Light Rail",40.7127742,-74.0364857,3183,"Exchange Place",40.7162469,-74.0334588,26270,"Subscriber",1970,1
220,"2018-12-12 08:19:41.7050","2018-12-12 08:23:22.6580",3214,"Essex Light Rail",40.7127742,-74.0364857,3183,"Exchange Place",40.7162469,-74.0334588,26281,"Subscriber",1980,1
69,"2018-12-12 11:03:40.8790","2018-12-12 11:04:50.4730",3214,"Essex Light Rail",40.7127742,-74.0364857,3267,"Morris Canal",40.7124188237569,-74.03852552175522,29268,"Subscriber",1981,1
639,"2018-12-12 12:47:31.1960","2018-12-12 12:58:10.3890",3214,"Essex Light Rail",40.7127742,-74.0364857,3638,"Washington St",40.7242941,-74.0354826,29538,"Subscriber",1961,2
671,"2018-12-12 15:23:07.4720","2018-12-12 15:34:18.7830",3214,"Essex Light Rail",40.7127742,-74.0364857,3276,"Marin Light Rail",40.71458403535893,-74.04281705617905,29608,"Subscriber",1984,1
462,"2018-12-12 17:06:09.6690","2018-12-12 17:13:51.9150",3214,"Essex Light Rail",40.7127742,-74.0364857,3186,"Grove St PATH",40.71958611647166,-74.04311746358871,29644,"Subscriber",1957,1
1035,"2018-12-12 18:03:20.6240","2018-12-12 18:20:35.7780",3214,"Essex Light Rail",40.7127742,-74.0364857,3185,"City Hall",40.7177325,-74.043845,26318,"Subscriber",1984,1
185,"2018-12-12 18:21:46.5160","2018-12-12 18:24:51.9530",3214,"Essex Light Rail",40.7127742,-74.0364857,3275,"Columbus Drive",40.71835519823214,-74.03891444206238,26246,"Subscriber",1992,2
286,"2018-12-12 19:52:17.3400","2018-12-12 19:57:04.2380",3214,"Essex Light Rail",40.7127742,-74.0364857,3185,"City Hall",40.7177325,-74.043845,26275,"Subscriber",1988,2
299,"2018-12-12 23:09:12.3350","2018-12-12 23:14:12.0730",3214,"Essex Light Rail",40.7127742,-74.0364857,3205,"JC Medical Center",40.71653978099194,-74.0496379137039,29502,"Subscriber",1973,1
148,"2018-12-13 07:23:56.5060","2018-12-13 07:26:25.4920",3214,"Essex Light Rail",40.7127742,-74.0364857,3183,"Exchange Place",40.7162469,-74.0334588,29268,"Subscriber",1984,1
567,"2018-12-13 08:05:35.4510","2018-12-13 08:15:03.0950",3214,"Essex Light Rail",40.7127742,-74.0364857,3199,"Newport Pkwy",40.7287448,-74.0321082,26288,"Subscriber",1980,1
259,"2018-12-13 08:38:33.4340","2018-12-13 08:42:53.3880",3214,"Essex Light Rail",40.7127742,-74.0364857,3183,"Exchange Place",40.7162469,-74.0334588,29538,"Subscriber",1992,1
206,"2018-12-13 08:40:20.6940","2018-12-13 08:43:47.6230",3214,"Essex Light Rail",40.7127742,-74.0364857,3183,"Exchange Place",40.7162469,-74.0334588,29663,"Subscriber",1985,1
217,"2018-12-13 09:12:12.7850","2018-12-13 09:15:50.2500",3214,"Essex Light Rail",40.7127742,-74.0364857,3183,"Exchange Place",40.7162469,-74.0334588,26205,"Subscriber",1990,1
162,"2018-12-13 09:24:05.3030","2018-12-13 09:26:48.0160",3214,"Essex Light Rail",40.7127742,-74.0364857,3183,"Exchange Place",40.7162469,-74.0334588,29477,"Subscriber",1994,1
187,"2018-12-13 09:27:37.1470","2018-12-13 09:30:44.4190",3214,"Essex Light Rail",40.7127742,-74.0364857,3183,"Exchange Place",40.7162469,-74.0334588,29542,"Subscriber",1981,0
174,"2018-12-13 09:58:08.5210","2018-12-13 10:01:03.4690",3214,"Essex Light Rail",40.7127742,-74.0364857,3183,"Exchange Place",40.7162469,-74.0334588,26245,"Subscriber",1968,1
551,"2018-12-13 10:16:31.0880","2018-12-13 10:25:42.6690",3214,"Essex Light Rail",40.7127742,-74.0364857,3638,"Washington St",40.7242941,-74.0354826,29614,"Subscriber",1954,2
475,"2018-12-13 11:52:49.1070","2018-12-13 12:00:44.2200",3214,"Essex Light Rail",40.7127742,-74.0364857,3205,"JC Medical Center",40.71653978099194,-74.0496379137039,29443,"Subscriber",1985,1
512,"2018-12-13 13:06:42.3260","2018-12-13 13:15:15.0030",3214,"Essex Light Rail",40.7127742,-74.0364857,3202,"Newport PATH",40.7272235,-74.0337589,29603,"Subscriber",1969,2
213,"2018-12-13 17:54:58.2610","2018-12-13 17:58:31.7460",3214,"Essex Light Rail",40.7127742,-74.0364857,3183,"Exchange Place",40.7162469,-74.0334588,29443,"Subscriber",1994,1
465,"2018-12-13 18:13:32.8380","2018-12-13 18:21:18.7590",3214,"Essex Light Rail",40.7127742,-74.0364857,3213,"Van Vorst Park",40.71848892,-74.047726625,29681,"Subscriber",1987,2
160,"2018-12-13 18:15:23.3150","2018-12-13 18:18:03.3840",3214,"Essex Light Rail",40.7127742,-74.0364857,3183,"Exchange Place",40.7162469,-74.0334588,26189,"Subscriber",1954,2
1068,"2018-12-13 18:24:17.0580","2018-12-13 18:42:05.2270",3214,"Essex Light Rail",40.7127742,-74.0364857,3225,"Baldwin at Montgomery",40.7236589,-74.0641943,26167,"Subscriber",1980,1
251,"2018-12-13 19:35:12.7330","2018-12-13 19:39:24.2070",3214,"Essex Light Rail",40.7127742,-74.0364857,3275,"Columbus Drive",40.71835519823214,-74.03891444206238,26189,"Subscriber",1983,2
232,"2018-12-13 19:35:29.3000","2018-12-13 19:39:22.2810",3214,"Essex Light Rail",40.7127742,-74.0364857,3275,"Columbus Drive",40.71835519823214,-74.03891444206238,29542,"Subscriber",1981,1
287,"2018-12-13 21:25:20.4300","2018-12-13 21:30:07.5010",3214,"Essex Light Rail",40.7127742,-74.0364857,3185,"City Hall",40.7177325,-74.043845,29439,"Subscriber",1988,2
127,"2018-12-14 07:16:22.6680","2018-12-14 07:18:29.7350",3214,"Essex Light Rail",40.7127742,-74.0364857,3183,"Exchange Place",40.7162469,-74.0334588,29629,"Subscriber",1984,1
204,"2018-12-14 08:11:09.2970","2018-12-14 08:14:34.2610",3214,"Essex Light Rail",40.7127742,-74.0364857,3183,"Exchange Place",40.7162469,-74.0334588,26303,"Subscriber",1991,2
683,"2018-12-14 08:11:42.6940","2018-12-14 08:23:06.5260",3214,"Essex Light Rail",40.7127742,-74.0364857,3206,"Hilltop",40.7311689,-74.0575736,29636,"Subscriber",1980,1
143,"2018-12-14 08:27:09.3610","2018-12-14 08:29:32.6190",3214,"Essex Light Rail",40.7127742,-74.0364857,3183,"Exchange Place",40.7162469,-74.0334588,29538,"Subscriber",1987,1
553,"2018-12-14 08:29:59.0700","2018-12-14 08:39:12.9330",3214,"Essex Light Rail",40.7127742,-74.0364857,3202,"Newport PATH",40.7272235,-74.0337589,29234,"Subscriber",1982,1
180,"2018-12-14 09:01:42.5580","2018-12-14 09:04:43.1750",3214,"Essex Light Rail",40.7127742,-74.0364857,3183,"Exchange Place",40.7162469,-74.0334588,26248,"Subscriber",1993,1
160,"2018-12-14 09:05:21.0160","2018-12-14 09:08:01.5340",3214,"Essex Light Rail",40.7127742,-74.0364857,3183,"Exchange Place",40.7162469,-74.0334588,26213,"Subscriber",1963,1
135,"2018-12-14 09:49:33.8370","2018-12-14 09:51:48.9200",3214,"Essex Light Rail",40.7127742,-74.0364857,3183,"Exchange Place",40.7162469,-74.0334588,29589,"Subscriber",1987,1
321,"2018-12-14 10:17:16.3100","2018-12-14 10:22:37.4160",3214,"Essex Light Rail",40.7127742,-74.0364857,3202,"Newport PATH",40.7272235,-74.0337589,29207,"Subscriber",1970,1
150,"2018-12-14 10:39:53.2640","2018-12-14 10:42:23.4580",3214,"Essex Light Rail",40.7127742,-74.0364857,3183,"Exchange Place",40.7162469,-74.0334588,26159,"Subscriber",1960,1
225,"2018-12-14 12:25:41.6240","2018-12-14 12:29:27.0590",3214,"Essex Light Rail",40.7127742,-74.0364857,3183,"Exchange Place",40.7162469,-74.0334588,26281,"Subscriber",1977,1
165,"2018-12-14 14:41:08.7330","2018-12-14 14:43:54.3620",3214,"Essex Light Rail",40.7127742,-74.0364857,3276,"Marin Light Rail",40.71458403535893,-74.04281705617905,29674,"Subscriber",1971,1
982,"2018-12-14 15:13:27.0460","2018-12-14 15:29:49.5150",3214,"Essex Light Rail",40.7127742,-74.0364857,3214,"Essex Light Rail",40.7127742,-74.0364857,29489,"Subscriber",1988,2
938,"2018-12-14 15:14:11.0270","2018-12-14 15:29:49.5970",3214,"Essex Light Rail",40.7127742,-74.0364857,3214,"Essex Light Rail",40.7127742,-74.0364857,29533,"Subscriber",1988,1
434,"2018-12-14 15:46:15.1110","2018-12-14 15:53:29.8900",3214,"Essex Light Rail",40.7127742,-74.0364857,3192,"Liberty Light Rail",40.7112423,-74.0557013,29502,"Subscriber",1967,1
913,"2018-12-14 18:00:15.0150","2018-12-14 18:15:28.8650",3214,"Essex Light Rail",40.7127742,-74.0364857,3225,"Baldwin at Montgomery",40.7236589,-74.0641943,29553,"Subscriber",1980,1
189,"2018-12-14 19:01:14.6410","2018-12-14 19:04:23.9040",3214,"Essex Light Rail",40.7127742,-74.0364857,3183,"Exchange Place",40.7162469,-74.0334588,26211,"Subscriber",1954,2
248,"2018-12-15 00:16:45.9790","2018-12-15 00:20:54.9600",3214,"Essex Light Rail",40.7127742,-74.0364857,3275,"Columbus Drive",40.71835519823214,-74.03891444206238,29533,"Subscriber",1989,1
377,"2018-12-15 09:10:31.0420","2018-12-15 09:16:48.7390",3214,"Essex Light Rail",40.7127742,-74.0364857,3638,"Washington St",40.7242941,-74.0354826,26167,"Subscriber",1969,2
356,"2018-12-15 10:23:47.6830","2018-12-15 10:29:43.8600",3214,"Essex Light Rail",40.7127742,-74.0364857,3187,"Warren St",40.7211236,-74.03805095,29489,"Subscriber",1991,2
298,"2018-12-15 11:03:25.5360","2018-12-15 11:08:23.7690",3214,"Essex Light Rail",40.7127742,-74.0364857,3275,"Columbus Drive",40.71835519823214,-74.03891444206238,29247,"Subscriber",1983,2
296,"2018-12-15 12:20:03.1950","2018-12-15 12:24:59.5730",3214,"Essex Light Rail",40.7127742,-74.0364857,3186,"Grove St PATH",40.71958611647166,-74.04311746358871,29230,"Subscriber",1989,1
256,"2018-12-15 15:57:50.6460","2018-12-15 16:02:07.5660",3214,"Essex Light Rail",40.7127742,-74.0364857,3481,"York St",40.71649,-74.04105,29529,"Subscriber",1985,2
214,"2018-12-15 20:45:58.8630","2018-12-15 20:49:33.7070",3214,"Essex Light Rail",40.7127742,-74.0364857,3183,"Exchange Place",40.7162469,-74.0334588,26294,"Subscriber",1987,1
305,"2018-12-17 05:57:24.2210","2018-12-17 06:02:29.9040",3214,"Essex Light Rail",40.7127742,-74.0364857,3275,"Columbus Drive",40.71835519823214,-74.03891444206238,29536,"Subscriber",1983,2
180,"2018-12-17 08:14:49.4660","2018-12-17 08:17:50.3800",3214,"Essex Light Rail",40.7127742,-74.0364857,3183,"Exchange Place",40.7162469,-74.0334588,29536,"Subscriber",1960,1
214,"2018-12-17 08:15:14.3070","2018-12-17 08:18:48.7420",3214,"Essex Light Rail",40.7127742,-74.0364857,3183,"Exchange Place",40.7162469,-74.0334588,29201,"Subscriber",1980,1
185,"2018-12-17 08:21:34.1960","2018-12-17 08:24:39.7660",3214,"Essex Light Rail",40.7127742,-74.0364857,3183,"Exchange Place",40.7162469,-74.0334588,29507,"Subscriber",1993,1
223,"2018-12-17 08:24:49.5160","2018-12-17 08:28:32.5680",3214,"Essex Light Rail",40.7127742,-74.0364857,3183,"Exchange Place",40.7162469,-74.0334588,29674,"Subscriber",1981,2
218,"2018-12-17 08:37:48.7420","2018-12-17 08:41:26.7600",3214,"Essex Light Rail",40.7127742,-74.0364857,3183,"Exchange Place",40.7162469,-74.0334588,29583,"Subscriber",1955,1
138,"2018-12-17 09:11:45.5890","2018-12-17 09:14:04.3700",3214,"Essex Light Rail",40.7127742,-74.0364857,3183,"Exchange Place",40.7162469,-74.0334588,29206,"Subscriber",1987,1
127,"2018-12-17 09:12:11.7860","2018-12-17 09:14:19.2690",3214,"Essex Light Rail",40.7127742,-74.0364857,3183,"Exchange Place",40.7162469,-74.0334588,29239,"Subscriber",1994,1
227,"2018-12-17 10:06:05.8070","2018-12-17 10:09:53.3360",3214,"Essex Light Rail",40.7127742,-74.0364857,3183,"Exchange Place",40.7162469,-74.0334588,29639,"Subscriber",1979,2
362,"2018-12-17 10:19:26.5380","2018-12-17 10:25:28.7140",3214,"Essex Light Rail",40.7127742,-74.0364857,3183,"Exchange Place",40.7162469,-74.0334588,26187,"Subscriber",1979,2
185,"2018-12-17 11:05:07.0510","2018-12-17 11:08:12.2190",3214,"Essex Light Rail",40.7127742,-74.0364857,3183,"Exchange Place",40.7162469,-74.0334588,29262,"Subscriber",1989,1
458,"2018-12-17 11:44:11.2720","2018-12-17 11:51:49.9640",3214,"Essex Light Rail",40.7127742,-74.0364857,3187,"Warren St",40.7211236,-74.03805095,29444,"Customer",1974,1
524,"2018-12-17 20:57:06.7530","2018-12-17 21:05:51.1760",3214,"Essex Light Rail",40.7127742,-74.0364857,3192,"Liberty Light Rail",40.7112423,-74.0557013,29125,"Subscriber",1972,1
579,"2018-12-17 21:30:38.4910","2018-12-17 21:40:17.9590",3214,"Essex Light Rail",40.7127742,-74.0364857,3192,"Liberty Light Rail",40.7112423,-74.0557013,29525,"Subscriber",1992,2
194,"2018-12-18 06:40:08.7150","2018-12-18 06:43:23.7020",3214,"Essex Light Rail",40.7127742,-74.0364857,3183,"Exchange Place",40.7162469,-74.0334588,29672,"Subscriber",1967,1
366,"2018-12-18 06:47:31.6580","2018-12-18 06:53:38.0770",3214,"Essex Light Rail",40.7127742,-74.0364857,3639,"Harborside",40.7192517,-74.034234,26225,"Subscriber",1973,1
136,"2018-12-18 07:02:21.8730","2018-12-18 07:04:37.8750",3214,"Essex Light Rail",40.7127742,-74.0364857,3184,"Paulus Hook",40.7141454,-74.0335519,26233,"Subscriber",1970,1
187,"2018-12-18 07:40:40.2220","2018-12-18 07:43:47.4020",3214,"Essex Light Rail",40.7127742,-74.0364857,3183,"Exchange Place",40.7162469,-74.0334588,26203,"Subscriber",1985,1
154,"2018-12-18 07:49:34.4930","2018-12-18 07:52:08.9470",3214,"Essex Light Rail",40.7127742,-74.0364857,3183,"Exchange Place",40.7162469,-74.0334588,29544,"Subscriber",1960,1
160,"2018-12-18 08:00:11.0870","2018-12-18 08:02:51.5740",3214,"Essex Light Rail",40.7127742,-74.0364857,3184,"Paulus Hook",40.7141454,-74.0335519,29263,"Subscriber",1993,1
206,"2018-12-18 08:11:22.5260","2018-12-18 08:14:48.9640",3214,"Essex Light Rail",40.7127742,-74.0364857,3183,"Exchange Place",40.7162469,-74.0334588,29507,"Subscriber",1980,1
553,"2018-12-18 08:38:07.5770","2018-12-18 08:47:20.7640",3214,"Essex Light Rail",40.7127742,-74.0364857,3202,"Newport PATH",40.7272235,-74.0337589,26300,"Subscriber",1970,1
510,"2018-12-18 08:38:21.1190","2018-12-18 08:46:52.0510",3214,"Essex Light Rail",40.7127742,-74.0364857,3275,"Columbus Drive",40.71835519823214,-74.03891444206238,29598,"Subscriber",1984,1
182,"2018-12-18 08:46:35.0500","2018-12-18 08:49:37.7720",3214,"Essex Light Rail",40.7127742,-74.0364857,3183,"Exchange Place",40.7162469,-74.0334588,26303,"Subscriber",1993,1
195,"2018-12-18 08:55:50.7270","2018-12-18 08:59:06.3830",3214,"Essex Light Rail",40.7127742,-74.0364857,3183,"Exchange Place",40.7162469,-74.0334588,26295,"Subscriber",1955,1
150,"2018-12-18 09:04:21.8220","2018-12-18 09:06:52.2890",3214,"Essex Light Rail",40.7127742,-74.0364857,3183,"Exchange Place",40.7162469,-74.0334588,29602,"Subscriber",1994,1
210,"2018-12-18 09:08:04.1150","2018-12-18 09:11:34.8450",3214,"Essex Light Rail",40.7127742,-74.0364857,3183,"Exchange Place",40.7162469,-74.0334588,29529,"Subscriber",1990,1
366,"2018-12-18 09:11:07.2100","2018-12-18 09:17:13.8050",3214,"Essex Light Rail",40.7127742,-74.0364857,3638,"Washington St",40.7242941,-74.0354826,29209,"Subscriber",1958,1
158,"2018-12-18 16:01:24.4810","2018-12-18 16:04:03.0300",3214,"Essex Light Rail",40.7127742,-74.0364857,3276,"Marin Light Rail",40.71458403535893,-74.04281705617905,29528,"Subscriber",1979,1
70,"2018-12-18 17:22:49.4520","2018-12-18 17:24:00.2390",3214,"Essex Light Rail",40.7127742,-74.0364857,3267,"Morris Canal",40.7124188237569,-74.03852552175522,26241,"Subscriber",1968,1
272,"2018-12-19 05:57:00.2300","2018-12-19 06:01:33.0770",3214,"Essex Light Rail",40.7127742,-74.0364857,3275,"Columbus Drive",40.71835519823214,-74.03891444206238,29492,"Subscriber",1983,2
135,"2018-12-19 06:14:53.6060","2018-12-19 06:17:08.8930",3214,"Essex Light Rail",40.7127742,-74.0364857,3183,"Exchange Place",40.7162469,-74.0334588,29569,"Subscriber",1973,1
297,"2018-12-19 06:26:59.8170","2018-12-19 06:31:56.9870",3214,"Essex Light Rail",40.7127742,-74.0364857,3186,"Grove St PATH",40.71958611647166,-74.04311746358871,29587,"Subscriber",1958,1
196,"2018-12-19 06:38:19.0710","2018-12-19 06:41:35.9650",3214,"Essex Light Rail",40.7127742,-74.0364857,3183,"Exchange Place",40.7162469,-74.0334588,29126,"Subscriber",1967,1
163,"2018-12-19 07:21:55.2790","2018-12-19 07:24:38.8670",3214,"Essex Light Rail",40.7127742,-74.0364857,3183,"Exchange Place",40.7162469,-74.0334588,29264,"Subscriber",1955,1
181,"2018-12-19 08:02:50.1910","2018-12-19 08:05:52.1030",3214,"Essex Light Rail",40.7127742,-74.0364857,3183,"Exchange Place",40.7162469,-74.0334588,29308,"Subscriber",1985,1
325,"2018-12-19 08:04:55.9820","2018-12-19 08:10:21.6730",3214,"Essex Light Rail",40.7127742,-74.0364857,3183,"Exchange Place",40.7162469,-74.0334588,29529,"Subscriber",1970,1
109,"2018-12-19 08:20:10.5840","2018-12-19 08:22:00.4050",3214,"Essex Light Rail",40.7127742,-74.0364857,3184,"Paulus Hook",40.7141454,-74.0335519,29480,"Subscriber",1993,1
225,"2018-12-19 08:43:04.1630","2018-12-19 08:46:49.9090",3214,"Essex Light Rail",40.7127742,-74.0364857,3183,"Exchange Place",40.7162469,-74.0334588,29298,"Subscriber",1992,1
173,"2018-12-19 09:10:24.6130","2018-12-19 09:13:18.3470",3214,"Essex Light Rail",40.7127742,-74.0364857,3183,"Exchange Place",40.7162469,-74.0334588,26255,"Subscriber",1987,1
140,"2018-12-19 10:44:08.6380","2018-12-19 10:46:28.8970",3214,"Essex Light Rail",40.7127742,-74.0364857,3183,"Exchange Place",40.7162469,-74.0334588,26267,"Subscriber",1993,1
167,"2018-12-19 10:44:13.9030","2018-12-19 10:47:01.6880",3214,"Essex Light Rail",40.7127742,-74.0364857,3183,"Exchange Place",40.7162469,-74.0334588,26196,"Subscriber",1989,1
250,"2018-12-19 11:09:18.8120","2018-12-19 11:13:29.6650",3214,"Essex Light Rail",40.7127742,-74.0364857,3183,"Exchange Place",40.7162469,-74.0334588,29254,"Subscriber",1977,1
296,"2018-12-19 11:44:14.8270","2018-12-19 11:49:11.7920",3214,"Essex Light Rail",40.7127742,-74.0364857,3185,"City Hall",40.7177325,-74.043845,29298,"Subscriber",1976,1
331,"2018-12-19 13:15:16.2090","2018-12-19 13:20:47.9130",3214,"Essex Light Rail",40.7127742,-74.0364857,3275,"Columbus Drive",40.71835519823214,-74.03891444206238,26220,"Subscriber",1980,1
79,"2018-12-19 16:56:09.4300","2018-12-19 16:57:28.6610",3214,"Essex Light Rail",40.7127742,-74.0364857,3267,"Morris Canal",40.7124188237569,-74.03852552175522,26267,"Subscriber",1968,1
160,"2018-12-19 17:15:06.3000","2018-12-19 17:17:47.0180",3214,"Essex Light Rail",40.7127742,-74.0364857,3276,"Marin Light Rail",40.71458403535893,-74.04281705617905,29284,"Subscriber",1994,1
1258,"2018-12-19 18:17:23.7440","2018-12-19 18:38:22.5100",3214,"Essex Light Rail",40.7127742,-74.0364857,3225,"Baldwin at Montgomery",40.7236589,-74.0641943,29675,"Subscriber",1980,1
200,"2018-12-19 21:16:40.9910","2018-12-19 21:20:01.4240",3214,"Essex Light Rail",40.7127742,-74.0364857,3183,"Exchange Place",40.7162469,-74.0334588,26188,"Subscriber",1993,1
221,"2018-12-19 21:23:02.3340","2018-12-19 21:26:43.4630",3214,"Essex Light Rail",40.7127742,-74.0364857,3276,"Marin Light Rail",40.71458403535893,-74.04281705617905,29586,"Subscriber",1963,1
213,"2018-12-19 21:23:14.2890","2018-12-19 21:26:47.5180",3214,"Essex Light Rail",40.7127742,-74.0364857,3276,"Marin Light Rail",40.71458403535893,-74.04281705617905,29264,"Subscriber",1964,2
81,"2018-12-19 22:17:08.2570","2018-12-19 22:18:29.4790",3214,"Essex Light Rail",40.7127742,-74.0364857,3267,"Morris Canal",40.7124188237569,-74.03852552175522,26300,"Subscriber",1981,1
204,"2018-12-20 06:38:30.6000","2018-12-20 06:41:55.1670",3214,"Essex Light Rail",40.7127742,-74.0364857,3183,"Exchange Place",40.7162469,-74.0334588,29307,"Subscriber",1967,1
365,"2018-12-20 06:50:00.5480","2018-12-20 06:56:05.9080",3214,"Essex Light Rail",40.7127742,-74.0364857,3639,"Harborside",40.7192517,-74.034234,26247,"Subscriber",1973,1
173,"2018-12-20 07:39:12.4850","2018-12-20 07:42:06.1940",3214,"Essex Light Rail",40.7127742,-74.0364857,3183,"Exchange Place",40.7162469,-74.0334588,29646,"Subscriber",1989,1
537,"2018-12-20 07:46:05.6070","2018-12-20 07:55:02.9400",3214,"Essex Light Rail",40.7127742,-74.0364857,3199,"Newport Pkwy",40.7287448,-74.0321082,26247,"Subscriber",1980,1
205,"2018-12-20 07:53:42.0640","2018-12-20 07:57:08.0090",3214,"Essex Light Rail",40.7127742,-74.0364857,3183,"Exchange Place",40.7162469,-74.0334588,29512,"Subscriber",1976,2
153,"2018-12-20 07:55:20.6720","2018-12-20 07:57:54.5970",3214,"Essex Light Rail",40.7127742,-74.0364857,3183,"Exchange Place",40.7162469,-74.0334588,29528,"Subscriber",1968,1
304,"2018-12-20 08:02:19.4340","2018-12-20 08:07:23.8710",3214,"Essex Light Rail",40.7127742,-74.0364857,3183,"Exchange Place",40.7162469,-74.0334588,29504,"Subscriber",1994,2
274,"2018-12-20 08:04:15.5230","2018-12-20 08:08:50.1480",3214,"Essex Light Rail",40.7127742,-74.0364857,3183,"Exchange Place",40.7162469,-74.0334588,29460,"Subscriber",1980,1
181,"2018-12-20 08:25:04.6150","2018-12-20 08:28:06.5660",3214,"Essex Light Rail",40.7127742,-74.0364857,3183,"Exchange Place",40.7162469,-74.0334588,29493,"Subscriber",1974,1
524,"2018-12-20 08:58:01.8090","2018-12-20 09:06:46.3190",3214,"Essex Light Rail",40.7127742,-74.0364857,3184,"Paulus Hook",40.7141454,-74.0335519,29247,"Subscriber",1985,1
371,"2018-12-20 09:43:43.7110","2018-12-20 09:49:55.6060",3214,"Essex Light Rail",40.7127742,-74.0364857,3639,"Harborside",40.7192517,-74.034234,29125,"Subscriber",1979,2
178,"2018-12-20 10:31:09.9360","2018-12-20 10:34:08.1150",3214,"Essex Light Rail",40.7127742,-74.0364857,3183,"Exchange Place",40.7162469,-74.0334588,29640,"Subscriber",1989,1
179,"2018-12-20 11:10:47.8630","2018-12-20 11:13:47.2130",3214,"Essex Light Rail",40.7127742,-74.0364857,3183,"Exchange Place",40.7162469,-74.0334588,29529,"Subscriber",1994,1
263,"2018-12-20 13:48:52.4720","2018-12-20 13:53:15.8580",3214,"Essex Light Rail",40.7127742,-74.0364857,3186,"Grove St PATH",40.71958611647166,-74.04311746358871,29298,"Subscriber",1988,2
309,"2018-12-21 11:14:03.6390","2018-12-21 11:19:13.5110",3214,"Essex Light Rail",40.7127742,-74.0364857,3275,"Columbus Drive",40.71835519823214,-74.03891444206238,26175,"Subscriber",1991,2
487,"2018-12-21 12:45:05.4830","2018-12-21 12:53:12.7500",3214,"Essex Light Rail",40.7127742,-74.0364857,3211,"Newark Ave",40.72152515,-74.046304543,29492,"Subscriber",1983,2
435,"2018-12-21 14:56:34.8880","2018-12-21 15:03:50.0610",3214,"Essex Light Rail",40.7127742,-74.0364857,3186,"Grove St PATH",40.71958611647166,-74.04311746358871,26248,"Subscriber",1957,1
237,"2018-12-21 15:20:44.6600","2018-12-21 15:24:41.7350",3214,"Essex Light Rail",40.7127742,-74.0364857,3187,"Warren St",40.7211236,-74.03805095,26179,"Subscriber",1984,2
276,"2018-12-22 09:52:06.5320","2018-12-22 09:56:43.1420",3214,"Essex Light Rail",40.7127742,-74.0364857,3639,"Harborside",40.7192517,-74.034234,29552,"Subscriber",1973,1
270,"2018-12-22 15:40:58.8120","2018-12-22 15:45:28.9950",3214,"Essex Light Rail",40.7127742,-74.0364857,3639,"Harborside",40.7192517,-74.034234,26311,"Subscriber",1985,2
368,"2018-12-23 10:51:42.8450","2018-12-23 10:57:51.5020",3214,"Essex Light Rail",40.7127742,-74.0364857,3186,"Grove St PATH",40.71958611647166,-74.04311746358871,29212,"Subscriber",1983,2
343,"2018-12-23 13:31:43.7540","2018-12-23 13:37:26.9660",3214,"Essex Light Rail",40.7127742,-74.0364857,3276,"Marin Light Rail",40.71458403535893,-74.04281705617905,29593,"Subscriber",1958,1
387,"2018-12-23 13:58:53.5380","2018-12-23 14:05:21.5260",3214,"Essex Light Rail",40.7127742,-74.0364857,3202,"Newport PATH",40.7272235,-74.0337589,26153,"Subscriber",1954,2
200,"2018-12-23 15:15:31.8020","2018-12-23 15:18:52.7580",3214,"Essex Light Rail",40.7127742,-74.0364857,3183,"Exchange Place",40.7162469,-74.0334588,29239,"Subscriber",1979,1
185,"2018-12-24 08:58:32.4220","2018-12-24 09:01:37.5600",3214,"Essex Light Rail",40.7127742,-74.0364857,3183,"Exchange Place",40.7162469,-74.0334588,29601,"Subscriber",1989,1
191,"2018-12-24 09:08:28.5460","2018-12-24 09:11:40.1780",3214,"Essex Light Rail",40.7127742,-74.0364857,3183,"Exchange Place",40.7162469,-74.0334588,29593,"Subscriber",1993,1
194,"2018-12-24 13:36:52.8910","2018-12-24 13:40:07.5440",3214,"Essex Light Rail",40.7127742,-74.0364857,3276,"Marin Light Rail",40.71458403535893,-74.04281705617905,29233,"Subscriber",1994,1
1130,"2018-12-24 15:15:52.4020","2018-12-24 15:34:43.2300",3214,"Essex Light Rail",40.7127742,-74.0364857,3225,"Baldwin at Montgomery",40.7236589,-74.0641943,29677,"Subscriber",1980,1
750,"2018-12-24 15:55:26.0210","2018-12-24 16:07:56.6480",3214,"Essex Light Rail",40.7127742,-74.0364857,3213,"Van Vorst Park",40.71848892,-74.047726625,29516,"Subscriber",1991,2
226,"2018-12-24 16:17:54.0910","2018-12-24 16:21:40.1510",3214,"Essex Light Rail",40.7127742,-74.0364857,3183,"Exchange Place",40.7162469,-74.0334588,26211,"Subscriber",1984,1
3649,"2018-12-25 11:27:49.8010","2018-12-25 12:28:39.6130",3214,"Essex Light Rail",40.7127742,-74.0364857,3267,"Morris Canal",40.7124188237569,-74.03852552175522,29593,"Subscriber",1975,2
177,"2018-12-25 16:48:04.1160","2018-12-25 16:51:01.3750",3214,"Essex Light Rail",40.7127742,-74.0364857,3276,"Marin Light Rail",40.71458403535893,-74.04281705617905,26294,"Subscriber",1958,1
193,"2018-12-26 07:31:32.1910","2018-12-26 07:34:45.8490",3214,"Essex Light Rail",40.7127742,-74.0364857,3183,"Exchange Place",40.7162469,-74.0334588,29635,"Subscriber",1967,1
193,"2018-12-26 08:43:12.1000","2018-12-26 08:46:25.3310",3214,"Essex Light Rail",40.7127742,-74.0364857,3183,"Exchange Place",40.7162469,-74.0334588,29207,"Subscriber",1979,2
129,"2018-12-26 08:59:12.8080","2018-12-26 09:01:22.1130",3214,"Essex Light Rail",40.7127742,-74.0364857,3183,"Exchange Place",40.7162469,-74.0334588,26157,"Subscriber",1994,1
357,"2018-12-26 09:21:48.9880","2018-12-26 09:27:46.1920",3214,"Essex Light Rail",40.7127742,-74.0364857,3183,"Exchange Place",40.7162469,-74.0334588,29500,"Subscriber",1993,1
474,"2018-12-26 09:35:56.9990","2018-12-26 09:43:51.1470",3214,"Essex Light Rail",40.7127742,-74.0364857,3638,"Washington St",40.7242941,-74.0354826,29307,"Subscriber",1958,1
340,"2018-12-26 09:56:49.5700","2018-12-26 10:02:29.8380",3214,"Essex Light Rail",40.7127742,-74.0364857,3186,"Grove St PATH",40.71958611647166,-74.04311746358871,26170,"Subscriber",1979,1
265,"2018-12-26 16:12:47.0350","2018-12-26 16:17:12.1970",3214,"Essex Light Rail",40.7127742,-74.0364857,3639,"Harborside",40.7192517,-74.034234,26261,"Subscriber",1973,1
448,"2018-12-26 16:53:35.6850","2018-12-26 17:01:04.0310",3214,"Essex Light Rail",40.7127742,-74.0364857,3202,"Newport PATH",40.7272235,-74.0337589,29461,"Subscriber",1993,1
253,"2018-12-26 16:58:05.4030","2018-12-26 17:02:18.7770",3214,"Essex Light Rail",40.7127742,-74.0364857,3183,"Exchange Place",40.7162469,-74.0334588,29437,"Subscriber",1994,1
277,"2018-12-26 17:13:03.6620","2018-12-26 17:17:41.4990",3214,"Essex Light Rail",40.7127742,-74.0364857,3185,"City Hall",40.7177325,-74.043845,29455,"Subscriber",1988,2
293,"2018-12-26 19:33:44.6120","2018-12-26 19:38:37.8470",3214,"Essex Light Rail",40.7127742,-74.0364857,3481,"York St",40.71649,-74.04105,29610,"Subscriber",1985,2
199,"2018-12-27 07:43:26.8400","2018-12-27 07:46:46.7590",3214,"Essex Light Rail",40.7127742,-74.0364857,3183,"Exchange Place",40.7162469,-74.0334588,29233,"Subscriber",1967,1
178,"2018-12-27 07:54:37.5700","2018-12-27 07:57:35.7330",3214,"Essex Light Rail",40.7127742,-74.0364857,3183,"Exchange Place",40.7162469,-74.0334588,26157,"Subscriber",1979,1
214,"2018-12-27 08:40:58.3840","2018-12-27 08:44:32.5340",3214,"Essex Light Rail",40.7127742,-74.0364857,3183,"Exchange Place",40.7162469,-74.0334588,29592,"Subscriber",1979,2
170,"2018-12-27 08:58:07.2390","2018-12-27 09:00:57.6890",3214,"Essex Light Rail",40.7127742,-74.0364857,3183,"Exchange Place",40.7162469,-74.0334588,26286,"Subscriber",1993,1
186,"2018-12-27 09:02:58.5700","2018-12-27 09:06:05.5190",3214,"Essex Light Rail",40.7127742,-74.0364857,3275,"Columbus Drive",40.71835519823214,-74.03891444206238,29500,"Subscriber",1970,1
294,"2018-12-27 09:19:57.9580","2018-12-27 09:24:52.6690",3214,"Essex Light Rail",40.7127742,-74.0364857,3275,"Columbus Drive",40.71835519823214,-74.03891444206238,29668,"Subscriber",1983,2
70,"2018-12-27 09:21:19.6520","2018-12-27 09:22:30.4570",3214,"Essex Light Rail",40.7127742,-74.0364857,3267,"Morris Canal",40.7124188237569,-74.03852552175522,29308,"Subscriber",1981,1
300,"2018-12-27 09:34:29.1410","2018-12-27 09:39:29.7920",3214,"Essex Light Rail",40.7127742,-74.0364857,3638,"Washington St",40.7242941,-74.0354826,29672,"Subscriber",1958,1
171,"2018-12-27 11:02:49.6460","2018-12-27 11:05:40.9900",3214,"Essex Light Rail",40.7127742,-74.0364857,3183,"Exchange Place",40.7162469,-74.0334588,29292,"Subscriber",1981,0
454,"2018-12-27 13:30:14.0740","2018-12-27 13:37:48.8420",3214,"Essex Light Rail",40.7127742,-74.0364857,3199,"Newport Pkwy",40.7287448,-74.0321082,29602,"Subscriber",1990,1
361,"2018-12-27 14:17:10.7940","2018-12-27 14:23:11.9160",3214,"Essex Light Rail",40.7127742,-74.0364857,3202,"Newport PATH",40.7272235,-74.0337589,29502,"Subscriber",1954,2
375,"2018-12-27 14:49:58.3510","2018-12-27 14:56:13.9950",3214,"Essex Light Rail",40.7127742,-74.0364857,3273,"Manila & 1st",40.721650724879986,-74.04288411140442,29259,"Subscriber",1994,1
469,"2018-12-27 14:50:45.9400","2018-12-27 14:58:35.4920",3214,"Essex Light Rail",40.7127742,-74.0364857,3192,"Liberty Light Rail",40.7112423,-74.0557013,29448,"Subscriber",1967,1
430,"2018-12-27 16:10:38.7560","2018-12-27 16:17:49.5240",3214,"Essex Light Rail",40.7127742,-74.0364857,3186,"Grove St PATH",40.71958611647166,-74.04311746358871,29250,"Subscriber",1957,1
536,"2018-12-27 17:01:13.2240","2018-12-27 17:10:09.3090",3214,"Essex Light Rail",40.7127742,-74.0364857,3192,"Liberty Light Rail",40.7112423,-74.0557013,29233,"Subscriber",1984,1
325,"2018-12-27 17:12:17.3990","2018-12-27 17:17:42.4270",3214,"Essex Light Rail",40.7127742,-74.0364857,3187,"Warren St",40.7211236,-74.03805095,29602,"Subscriber",1977,1
165,"2018-12-27 18:14:15.8990","2018-12-27 18:17:01.7910",3214,"Essex Light Rail",40.7127742,-74.0364857,3183,"Exchange Place",40.7162469,-74.0334588,29209,"Subscriber",1993,1
168,"2018-12-28 14:39:24.5090","2018-12-28 14:42:13.4810",3214,"Essex Light Rail",40.7127742,-74.0364857,3276,"Marin Light Rail",40.71458403535893,-74.04281705617905,29447,"Subscriber",1994,1
2629,"2018-12-28 19:05:13.7570","2018-12-28 19:49:03.7030",3214,"Essex Light Rail",40.7127742,-74.0364857,3187,"Warren St",40.7211236,-74.03805095,29283,"Subscriber",1991,1
2628,"2018-12-28 19:05:17.3990","2018-12-28 19:49:05.8930",3214,"Essex Light Rail",40.7127742,-74.0364857,3187,"Warren St",40.7211236,-74.03805095,29592,"Subscriber",1993,2
441,"2018-12-28 19:32:25.4790","2018-12-28 19:39:46.7500",3214,"Essex Light Rail",40.7127742,-74.0364857,3202,"Newport PATH",40.7272235,-74.0337589,29677,"Subscriber",1958,1
474,"2018-12-29 08:25:04.7490","2018-12-29 08:32:59.2790",3214,"Essex Light Rail",40.7127742,-74.0364857,3199,"Newport Pkwy",40.7287448,-74.0321082,29215,"Subscriber",1990,1
203,"2018-12-29 08:35:51.6410","2018-12-29 08:39:15.3190",3214,"Essex Light Rail",40.7127742,-74.0364857,3183,"Exchange Place",40.7162469,-74.0334588,29435,"Subscriber",1979,2
496,"2018-12-29 10:47:12.3050","2018-12-29 10:55:28.3120",3214,"Essex Light Rail",40.7127742,-74.0364857,3202,"Newport PATH",40.7272235,-74.0337589,29471,"Subscriber",1988,1
282,"2018-12-29 12:18:15.2330","2018-12-29 12:22:57.5380",3214,"Essex Light Rail",40.7127742,-74.0364857,3275,"Columbus Drive",40.71835519823214,-74.03891444206238,29629,"Subscriber",1983,2
323,"2018-12-29 13:16:39.8440","2018-12-29 13:22:03.4560",3214,"Essex Light Rail",40.7127742,-74.0364857,3681,"Grand St",40.71517767732029,-74.03768330812454,29286,"Subscriber",1992,1
252,"2018-12-29 14:45:12.4350","2018-12-29 14:49:24.5040",3214,"Essex Light Rail",40.7127742,-74.0364857,3187,"Warren St",40.7211236,-74.03805095,26264,"Subscriber",1984,1
438,"2018-12-29 15:15:06.5740","2018-12-29 15:22:24.9830",3214,"Essex Light Rail",40.7127742,-74.0364857,3267,"Morris Canal",40.7124188237569,-74.03852552175522,29629,"Subscriber",1974,1
973,"2018-12-29 16:02:39.6130","2018-12-29 16:18:52.8690",3214,"Essex Light Rail",40.7127742,-74.0364857,3199,"Newport Pkwy",40.7287448,-74.0321082,26186,"Subscriber",1984,1
240,"2018-12-29 17:14:48.2130","2018-12-29 17:18:48.6050",3214,"Essex Light Rail",40.7127742,-74.0364857,3275,"Columbus Drive",40.71835519823214,-74.03891444206238,29257,"Subscriber",1975,1
463,"2018-12-30 08:51:32.2090","2018-12-30 08:59:15.9430",3214,"Essex Light Rail",40.7127742,-74.0364857,3185,"City Hall",40.7177325,-74.043845,26297,"Subscriber",1983,2
359,"2018-12-30 10:55:06.4780","2018-12-30 11:01:05.8860",3214,"Essex Light Rail",40.7127742,-74.0364857,3213,"Van Vorst Park",40.71848892,-74.047726625,29199,"Subscriber",1944,1
334,"2018-12-30 11:46:12.7350","2018-12-30 11:51:47.2430",3214,"Essex Light Rail",40.7127742,-74.0364857,3187,"Warren St",40.7211236,-74.03805095,29502,"Subscriber",1991,2
377,"2018-12-30 11:46:39.8750","2018-12-30 11:52:57.6700",3214,"Essex Light Rail",40.7127742,-74.0364857,3638,"Washington St",40.7242941,-74.0354826,26186,"Subscriber",1969,2
95,"2018-12-30 14:13:56.8300","2018-12-30 14:15:32.0790",3214,"Essex Light Rail",40.7127742,-74.0364857,3267,"Morris Canal",40.7124188237569,-74.03852552175522,26264,"Subscriber",1981,0
194,"2018-12-31 07:52:06.2100","2018-12-31 07:55:20.6220",3214,"Essex Light Rail",40.7127742,-74.0364857,3183,"Exchange Place",40.7162469,-74.0334588,29495,"Subscriber",1994,2
198,"2018-12-31 08:43:21.1900","2018-12-31 08:46:40.0690",3214,"Essex Light Rail",40.7127742,-74.0364857,3183,"Exchange Place",40.7162469,-74.0334588,29307,"Subscriber",1979,2
297,"2018-12-31 09:41:30.7870","2018-12-31 09:46:28.3390",3214,"Essex Light Rail",40.7127742,-74.0364857,3638,"Washington St",40.7242941,-74.0354826,29298,"Subscriber",1958,1
179,"2018-12-31 11:23:01.5910","2018-12-31 11:26:01.2230",3214,"Essex Light Rail",40.7127742,-74.0364857,3183,"Exchange Place",40.7162469,-74.0334588,26300,"Subscriber",1990,1
478,"2018-12-31 12:01:37.2390","2018-12-31 12:09:36.2280",3214,"Essex Light Rail",40.7127742,-74.0364857,3275,"Columbus Drive",40.71835519823214,-74.03891444206238,26174,"Subscriber",1944,1
202,"2018-12-31 13:36:31.9470","2018-12-31 13:39:54.5890",3214,"Essex Light Rail",40.7127742,-74.0364857,3183,"Exchange Place",40.7162469,-74.0334588,26221,"Subscriber",1989,1
948,"2018-12-31 14:41:37.4670","2018-12-31 14:57:26.0060",3214,"Essex Light Rail",40.7127742,-74.0364857,3185,"City Hall",40.7177325,-74.043845,26221,"Subscriber",1956,1
216,"2018-12-31 16:37:21.0540","2018-12-31 16:40:57.2790",3214,"Essex Light Rail",40.7127742,-74.0364857,3276,"Marin Light Rail",40.71458403535893,-74.04281705617905,29298,"Subscriber",1958,1
319,"2018-12-31 19:11:25.1640","2018-12-31 19:16:44.2820",3214,"Essex Light Rail",40.7127742,-74.0364857,3183,"Exchange Place",40.7162469,-74.0334588,26278,"Subscriber",1993,1
167,"2018-12-01 04:03:15.9770","2018-12-01 04:06:03.5890",3220,"5 Corners Library",40.734961020009514,-74.0595030784607,3195,"Sip Ave",40.73074262530658,-74.06378388404846,29457,"Subscriber",1961,1
270,"2018-12-01 08:48:21.5450","2018-12-01 08:52:51.6290",3220,"5 Corners Library",40.734961020009514,-74.0595030784607,3206,"Hilltop",40.7311689,-74.0575736,29462,"Subscriber",1982,2
737,"2018-12-03 09:10:40.4360","2018-12-03 09:22:58.3000",3220,"5 Corners Library",40.734961020009514,-74.0595030784607,3202,"Newport PATH",40.7272235,-74.0337589,29458,"Subscriber",1988,1
277,"2018-12-03 12:31:04.3340","2018-12-03 12:35:41.3940",3220,"5 Corners Library",40.734961020009514,-74.0595030784607,3201,"Dey St",40.737711,-74.066921,26248,"Subscriber",1963,1
490,"2018-12-03 14:54:00.9140","2018-12-03 15:02:11.0820",3220,"5 Corners Library",40.734961020009514,-74.0595030784607,3194,"McGinley Square",40.7253399253558,-74.06762212514877,29227,"Subscriber",1960,1
159,"2018-12-03 17:47:43.6570","2018-12-03 17:50:22.7340",3220,"5 Corners Library",40.734961020009514,-74.0595030784607,3640,"Journal Square",40.73367,-74.0625,26258,"Subscriber",1981,1
554,"2018-12-03 19:52:13.0000","2018-12-03 20:01:27.3190",3220,"5 Corners Library",40.734961020009514,-74.0595030784607,3207,"Oakland Ave",40.7376037,-74.0524783,29281,"Subscriber",1979,1
163,"2018-12-04 04:05:23.4970","2018-12-04 04:08:07.3990",3220,"5 Corners Library",40.734961020009514,-74.0595030784607,3195,"Sip Ave",40.73074262530658,-74.06378388404846,29300,"Subscriber",1961,1
658,"2018-12-04 09:14:39.9650","2018-12-04 09:25:38.1660",3220,"5 Corners Library",40.734961020009514,-74.0595030784607,3202,"Newport PATH",40.7272235,-74.0337589,29443,"Subscriber",1988,1
817,"2018-12-04 19:46:21.1280","2018-12-04 19:59:58.6650",3220,"5 Corners Library",40.734961020009514,-74.0595030784607,3202,"Newport PATH",40.7272235,-74.0337589,26269,"Subscriber",1990,1
202,"2018-12-04 21:16:57.8270","2018-12-04 21:20:20.2010",3220,"5 Corners Library",40.734961020009514,-74.0595030784607,3207,"Oakland Ave",40.7376037,-74.0524783,26184,"Subscriber",1983,1
328,"2018-12-04 21:48:14.4500","2018-12-04 21:53:42.6070",3220,"5 Corners Library",40.734961020009514,-74.0595030784607,3210,"Pershing Field",40.742677141,-74.051788633,29251,"Subscriber",1986,1
711,"2018-12-04 23:55:01.3320","2018-12-05 00:06:52.6500",3220,"5 Corners Library",40.734961020009514,-74.0595030784607,3280,"Astor Place",40.71928220070702,-74.07126188278198,29213,"Subscriber",1953,2
175,"2018-12-05 04:09:58.0260","2018-12-05 04:12:53.1730",3220,"5 Corners Library",40.734961020009514,-74.0595030784607,3195,"Sip Ave",40.73074262530658,-74.06378388404846,29268,"Subscriber",1961,1
434,"2018-12-05 14:29:40.1450","2018-12-05 14:36:54.3450",3220,"5 Corners Library",40.734961020009514,-74.0595030784607,3187,"Warren St",40.7211236,-74.03805095,26166,"Customer",1981,1
581,"2018-12-05 19:43:19.3440","2018-12-05 19:53:00.8340",3220,"5 Corners Library",40.734961020009514,-74.0595030784607,3198,"Heights Elevator",40.748715945380226,-74.04044330120087,26260,"Subscriber",1978,1
480,"2018-12-05 19:57:34.5930","2018-12-05 20:05:34.6940",3220,"5 Corners Library",40.734961020009514,-74.0595030784607,3207,"Oakland Ave",40.7376037,-74.0524783,26196,"Subscriber",1979,1
502,"2018-12-05 20:30:10.8640","2018-12-05 20:38:33.6210",3220,"5 Corners Library",40.734961020009514,-74.0595030784607,3210,"Pershing Field",40.742677141,-74.051788633,29553,"Subscriber",1985,2
365,"2018-12-05 23:01:53.9530","2018-12-05 23:07:59.3440",3220,"5 Corners Library",40.734961020009514,-74.0595030784607,3210,"Pershing Field",40.742677141,-74.051788633,26268,"Subscriber",1986,1
430,"2018-12-05 23:02:27.6160","2018-12-05 23:09:38.5940",3220,"5 Corners Library",40.734961020009514,-74.0595030784607,3210,"Pershing Field",40.742677141,-74.051788633,29222,"Customer",1988,2
230,"2018-12-06 04:03:44.1930","2018-12-06 04:07:35.0370",3220,"5 Corners Library",40.734961020009514,-74.0595030784607,3195,"Sip Ave",40.73074262530658,-74.06378388404846,29215,"Subscriber",1961,1
757,"2018-12-06 09:10:40.9600","2018-12-06 09:23:18.7050",3220,"5 Corners Library",40.734961020009514,-74.0595030784607,3202,"Newport PATH",40.7272235,-74.0337589,29486,"Subscriber",1988,1
1993,"2018-12-06 16:10:55.3560","2018-12-06 16:44:09.1700",3220,"5 Corners Library",40.734961020009514,-74.0595030784607,3195,"Sip Ave",40.73074262530658,-74.06378388404846,29250,"Subscriber",1988,1
205,"2018-12-06 16:19:13.3120","2018-12-06 16:22:39.0600",3220,"5 Corners Library",40.734961020009514,-74.0595030784607,3195,"Sip Ave",40.73074262530658,-74.06378388404846,26301,"Subscriber",1994,1
557,"2018-12-06 19:32:34.9060","2018-12-06 19:41:52.7550",3220,"5 Corners Library",40.734961020009514,-74.0595030784607,3198,"Heights Elevator",40.748715945380226,-74.04044330120087,29286,"Subscriber",1978,1
514,"2018-12-06 20:50:56.3970","2018-12-06 20:59:30.4250",3220,"5 Corners Library",40.734961020009514,-74.0595030784607,3207,"Oakland Ave",40.7376037,-74.0524783,26278,"Subscriber",1979,1
330,"2018-12-07 01:37:18.2720","2018-12-07 01:42:48.9760",3220,"5 Corners Library",40.734961020009514,-74.0595030784607,3210,"Pershing Field",40.742677141,-74.051788633,29582,"Subscriber",1969,1
188,"2018-12-07 04:05:13.7760","2018-12-07 04:08:22.5680",3220,"5 Corners Library",40.734961020009514,-74.0595030784607,3195,"Sip Ave",40.73074262530658,-74.06378388404846,29444,"Subscriber",1961,1
367,"2018-12-07 19:43:03.9210","2018-12-07 19:49:11.1250",3220,"5 Corners Library",40.734961020009514,-74.0595030784607,3212,"Christ Hospital",40.734785818,-74.050443636,29619,"Subscriber",1984,1
995,"2018-12-07 20:21:56.8390","2018-12-07 20:38:32.2610",3220,"5 Corners Library",40.734961020009514,-74.0595030784607,3210,"Pershing Field",40.742677141,-74.051788633,29281,"Subscriber",1979,1
175,"2018-12-08 04:09:36.2220","2018-12-08 04:12:31.2810",3220,"5 Corners Library",40.734961020009514,-74.0595030784607,3195,"Sip Ave",40.73074262530658,-74.06378388404846,33744,"Subscriber",1961,1
522,"2018-12-08 12:14:18.9600","2018-12-08 12:23:01.6000",3220,"5 Corners Library",40.734961020009514,-74.0595030784607,3210,"Pershing Field",40.742677141,-74.051788633,29301,"Subscriber",1983,1
648,"2018-12-08 15:38:37.7460","2018-12-08 15:49:25.7460",3220,"5 Corners Library",40.734961020009514,-74.0595030784607,3198,"Heights Elevator",40.748715945380226,-74.04044330120087,29441,"Subscriber",1978,1
331,"2018-12-08 23:21:19.5820","2018-12-08 23:26:50.7430",3220,"5 Corners Library",40.734961020009514,-74.0595030784607,3209,"Brunswick St",40.7241765,-74.0506564,29266,"Subscriber",1985,0
169,"2018-12-09 06:16:35.7300","2018-12-09 06:19:24.9090",3220,"5 Corners Library",40.734961020009514,-74.0595030784607,3195,"Sip Ave",40.73074262530658,-74.06378388404846,29441,"Subscriber",1961,1
320,"2018-12-09 10:21:41.1120","2018-12-09 10:27:01.6800",3220,"5 Corners Library",40.734961020009514,-74.0595030784607,3209,"Brunswick St",40.7241765,-74.0506564,26172,"Subscriber",1988,1
651,"2018-12-09 13:21:14.3000","2018-12-09 13:32:06.1790",3220,"5 Corners Library",40.734961020009514,-74.0595030784607,3220,"5 Corners Library",40.734961020009514,-74.0595030784607,29452,"Subscriber",1988,1
303,"2018-12-09 15:20:11.5410","2018-12-09 15:25:14.6860",3220,"5 Corners Library",40.734961020009514,-74.0595030784607,3210,"Pershing Field",40.742677141,-74.051788633,29308,"Subscriber",1978,1
478,"2018-12-10 07:50:11.4620","2018-12-10 07:58:09.8240",3220,"5 Corners Library",40.734961020009514,-74.0595030784607,3210,"Pershing Field",40.742677141,-74.051788633,29520,"Subscriber",1983,1
609,"2018-12-10 09:12:00.6850","2018-12-10 09:22:09.8100",3220,"5 Corners Library",40.734961020009514,-74.0595030784607,3638,"Washington St",40.7242941,-74.0354826,29485,"Subscriber",1988,1
1031,"2018-12-10 16:50:01.9270","2018-12-10 17:07:13.7590",3220,"5 Corners Library",40.734961020009514,-74.0595030784607,3481,"York St",40.71649,-74.04105,26286,"Subscriber",1992,1
459,"2018-12-10 20:04:12.7810","2018-12-10 20:11:52.5360",3220,"5 Corners Library",40.734961020009514,-74.0595030784607,3210,"Pershing Field",40.742677141,-74.051788633,29198,"Subscriber",1985,2
311,"2018-12-10 21:17:40.8940","2018-12-10 21:22:52.6560",3220,"5 Corners Library",40.734961020009514,-74.0595030784607,3212,"Christ Hospital",40.734785818,-74.050443636,29213,"Subscriber",1991,2
592,"2018-12-10 21:29:44.6070","2018-12-10 21:39:36.8510",3220,"5 Corners Library",40.734961020009514,-74.0595030784607,3207,"Oakland Ave",40.7376037,-74.0524783,29673,"Subscriber",1979,1
627,"2018-12-11 09:05:01.3660","2018-12-11 09:15:28.8770",3220,"5 Corners Library",40.734961020009514,-74.0595030784607,3202,"Newport PATH",40.7272235,-74.0337589,29213,"Subscriber",1988,1
185,"2018-12-11 09:28:44.1860","2018-12-11 09:31:49.9750",3220,"5 Corners Library",40.734961020009514,-74.0595030784607,3195,"Sip Ave",40.73074262530658,-74.06378388404846,29520,"Subscriber",1961,1
611,"2018-12-11 19:21:29.6780","2018-12-11 19:31:40.7260",3220,"5 Corners Library",40.734961020009514,-74.0595030784607,3198,"Heights Elevator",40.748715945380226,-74.04044330120087,29453,"Subscriber",1978,1
1732,"2018-12-11 19:30:20.3610","2018-12-11 19:59:12.7630",3220,"5 Corners Library",40.734961020009514,-74.0595030784607,3220,"5 Corners Library",40.734961020009514,-74.0595030784607,29452,"Subscriber",1988,1
723,"2018-12-11 22:23:34.2220","2018-12-11 22:35:37.5430",3220,"5 Corners Library",40.734961020009514,-74.0595030784607,3481,"York St",40.71649,-74.04105,29492,"Subscriber",1992,1
188,"2018-12-12 04:05:13.6170","2018-12-12 04:08:21.8820",3220,"5 Corners Library",40.734961020009514,-74.0595030784607,3195,"Sip Ave",40.73074262530658,-74.06378388404846,26224,"Subscriber",1961,1
664,"2018-12-12 09:11:24.8140","2018-12-12 09:22:29.0400",3220,"5 Corners Library",40.734961020009514,-74.0595030784607,3202,"Newport PATH",40.7272235,-74.0337589,29452,"Subscriber",1988,1
920,"2018-12-12 19:31:51.7670","2018-12-12 19:47:12.4310",3220,"5 Corners Library",40.734961020009514,-74.0595030784607,3212,"Christ Hospital",40.734785818,-74.050443636,29575,"Subscriber",1984,1
665,"2018-12-12 19:46:44.1680","2018-12-12 19:57:49.7950",3220,"5 Corners Library",40.734961020009514,-74.0595030784607,3207,"Oakland Ave",40.7376037,-74.0524783,29236,"Subscriber",1979,1
879,"2018-12-12 23:30:09.3150","2018-12-12 23:44:48.6510",3220,"5 Corners Library",40.734961020009514,-74.0595030784607,3280,"Astor Place",40.71928220070702,-74.07126188278198,26151,"Subscriber",1953,2
303,"2018-12-13 00:03:04.0410","2018-12-13 00:08:07.6350",3220,"5 Corners Library",40.734961020009514,-74.0595030784607,3210,"Pershing Field",40.742677141,-74.051788633,26304,"Subscriber",1986,1
763,"2018-12-13 09:03:58.6710","2018-12-13 09:16:42.5620",3220,"5 Corners Library",40.734961020009514,-74.0595030784607,3199,"Newport Pkwy",40.7287448,-74.0321082,26282,"Subscriber",1988,1
960,"2018-12-13 17:04:32.4130","2018-12-13 17:20:33.3840",3220,"5 Corners Library",40.734961020009514,-74.0595030784607,3481,"York St",40.71649,-74.04105,29205,"Subscriber",1992,1
624,"2018-12-13 19:18:54.6420","2018-12-13 19:29:18.6780",3220,"5 Corners Library",40.734961020009514,-74.0595030784607,3198,"Heights Elevator",40.748715945380226,-74.04044330120087,29527,"Subscriber",1978,1
407,"2018-12-14 21:30:35.8710","2018-12-14 21:37:22.9160",3220,"5 Corners Library",40.734961020009514,-74.0595030784607,3278,"Monmouth and 6th",40.72568548362901,-74.04879033565521,29523,"Subscriber",1981,2
1280,"2018-12-15 12:54:37.2370","2018-12-15 13:15:57.4230",3220,"5 Corners Library",40.734961020009514,-74.0595030784607,3220,"5 Corners Library",40.734961020009514,-74.0595030784607,26215,"Subscriber",1988,1
662,"2018-12-15 16:22:14.5890","2018-12-15 16:33:17.5330",3220,"5 Corners Library",40.734961020009514,-74.0595030784607,3210,"Pershing Field",40.742677141,-74.051788633,26215,"Subscriber",1983,1
512,"2018-12-15 18:00:11.2580","2018-12-15 18:08:43.2790",3220,"5 Corners Library",40.734961020009514,-74.0595030784607,3186,"Grove St PATH",40.71958611647166,-74.04311746358871,29487,"Subscriber",1993,1
414,"2018-12-16 09:02:31.5620","2018-12-16 09:09:25.9960",3220,"5 Corners Library",40.734961020009514,-74.0595030784607,3210,"Pershing Field",40.742677141,-74.051788633,29587,"Subscriber",1988,1
813,"2018-12-17 08:40:18.8710","2018-12-17 08:53:52.7390",3220,"5 Corners Library",40.734961020009514,-74.0595030784607,3214,"Essex Light Rail",40.7127742,-74.0364857,29206,"Subscriber",1992,2
414,"2018-12-17 16:01:06.2810","2018-12-17 16:08:00.4820",3220,"5 Corners Library",40.734961020009514,-74.0595030784607,3210,"Pershing Field",40.742677141,-74.051788633,29581,"Subscriber",1979,2
441,"2018-12-17 20:21:22.5360","2018-12-17 20:28:43.8000",3220,"5 Corners Library",40.734961020009514,-74.0595030784607,3210,"Pershing Field",40.742677141,-74.051788633,29198,"Subscriber",1985,2
691,"2018-12-17 23:55:18.1250","2018-12-18 00:06:49.9670",3220,"5 Corners Library",40.734961020009514,-74.0595030784607,3280,"Astor Place",40.71928220070702,-74.07126188278198,29272,"Subscriber",1953,2
185,"2018-12-18 04:06:13.1300","2018-12-18 04:09:18.2410",3220,"5 Corners Library",40.734961020009514,-74.0595030784607,3195,"Sip Ave",40.73074262530658,-74.06378388404846,29278,"Subscriber",1961,1
391,"2018-12-18 14:25:51.1330","2018-12-18 14:32:22.9800",3220,"5 Corners Library",40.734961020009514,-74.0595030784607,3210,"Pershing Field",40.742677141,-74.051788633,29493,"Subscriber",1988,1
652,"2018-12-18 19:14:22.3280","2018-12-18 19:25:14.3650",3220,"5 Corners Library",40.734961020009514,-74.0595030784607,3281,"Leonard Gordon Park",40.74590996631558,-74.0572714805603,26286,"Subscriber",1993,1
456,"2018-12-18 20:11:52.7780","2018-12-18 20:19:28.8450",3220,"5 Corners Library",40.734961020009514,-74.0595030784607,3210,"Pershing Field",40.742677141,-74.051788633,29670,"Subscriber",1985,2
184,"2018-12-19 04:03:48.4700","2018-12-19 04:06:53.2050",3220,"5 Corners Library",40.734961020009514,-74.0595030784607,3195,"Sip Ave",40.73074262530658,-74.06378388404846,29303,"Subscriber",1961,1
156,"2018-12-19 20:54:31.8450","2018-12-19 20:57:08.2630",3220,"5 Corners Library",40.734961020009514,-74.0595030784607,3207,"Oakland Ave",40.7376037,-74.0524783,26151,"Subscriber",1985,1
265,"2018-12-19 22:21:24.1930","2018-12-19 22:25:49.8890",3220,"5 Corners Library",40.734961020009514,-74.0595030784607,3210,"Pershing Field",40.742677141,-74.051788633,26299,"Subscriber",1986,1
288,"2018-12-19 23:16:07.7200","2018-12-19 23:20:56.5020",3220,"5 Corners Library",40.734961020009514,-74.0595030784607,3207,"Oakland Ave",40.7376037,-74.0524783,29645,"Subscriber",1984,1
168,"2018-12-20 04:04:09.1240","2018-12-20 04:06:57.3080",3220,"5 Corners Library",40.734961020009514,-74.0595030784607,3195,"Sip Ave",40.73074262530658,-74.06378388404846,29573,"Subscriber",1961,1
2089,"2018-12-20 19:16:54.1540","2018-12-20 19:51:43.4160",3220,"5 Corners Library",40.734961020009514,-74.0595030784607,3220,"5 Corners Library",40.734961020009514,-74.0595030784607,29641,"Subscriber",1988,1
374,"2018-12-21 16:26:15.3420","2018-12-21 16:32:29.8180",3220,"5 Corners Library",40.734961020009514,-74.0595030784607,3210,"Pershing Field",40.742677141,-74.051788633,29641,"Subscriber",1988,1
534,"2018-12-21 17:35:25.8000","2018-12-21 17:44:19.8010",3220,"5 Corners Library",40.734961020009514,-74.0595030784607,3207,"Oakland Ave",40.7376037,-74.0524783,29554,"Subscriber",1979,1
492,"2018-12-21 19:08:50.8140","2018-12-21 19:17:02.9350",3220,"5 Corners Library",40.734961020009514,-74.0595030784607,3210,"Pershing Field",40.742677141,-74.051788633,29497,"Subscriber",1985,2
391,"2018-12-21 19:52:49.8960","2018-12-21 19:59:21.2720",3220,"5 Corners Library",40.734961020009514,-74.0595030784607,3210,"Pershing Field",40.742677141,-74.051788633,26198,"Subscriber",1977,1
1364,"2018-12-21 22:09:06.9380","2018-12-21 22:31:51.8040",3220,"5 Corners Library",40.734961020009514,-74.0595030784607,3281,"Leonard Gordon Park",40.74590996631558,-74.0572714805603,29602,"Subscriber",1991,1
314,"2018-12-22 02:03:51.4640","2018-12-22 02:09:06.1260",3220,"5 Corners Library",40.734961020009514,-74.0595030784607,3210,"Pershing Field",40.742677141,-74.051788633,29603,"Subscriber",1986,1
798,"2018-12-22 11:44:10.5370","2018-12-22 11:57:29.3940",3220,"5 Corners Library",40.734961020009514,-74.0595030784607,3638,"Washington St",40.7242941,-74.0354826,29468,"Subscriber",1981,1
502,"2018-12-22 14:45:44.1820","2018-12-22 14:54:06.1900",3220,"5 Corners Library",40.734961020009514,-74.0595030784607,3272,"Jersey & 3rd",40.72333158646436,-74.04595255851744,29542,"Subscriber",1981,2
1052,"2018-12-22 20:57:32.8530","2018-12-22 21:15:05.7880",3220,"5 Corners Library",40.734961020009514,-74.0595030784607,3220,"5 Corners Library",40.734961020009514,-74.0595030784607,29575,"Subscriber",1988,1
189,"2018-12-23 06:06:53.4940","2018-12-23 06:10:02.5440",3220,"5 Corners Library",40.734961020009514,-74.0595030784607,3195,"Sip Ave",40.73074262530658,-74.06378388404846,29575,"Subscriber",1961,1
1426,"2018-12-23 14:54:13.7980","2018-12-23 15:18:00.7660",3220,"5 Corners Library",40.734961020009514,-74.0595030784607,3195,"Sip Ave",40.73074262530658,-74.06378388404846,29582,"Subscriber",1988,1
171,"2018-12-24 04:13:31.1010","2018-12-24 04:16:22.4100",3220,"5 Corners Library",40.734961020009514,-74.0595030784607,3195,"Sip Ave",40.73074262530658,-74.06378388404846,29513,"Subscriber",1961,1
1055,"2018-12-24 13:35:48.6710","2018-12-24 13:53:24.3580",3220,"5 Corners Library",40.734961020009514,-74.0595030784607,3275,"Columbus Drive",40.71835519823214,-74.03891444206238,29495,"Subscriber",1985,1
1660,"2018-12-24 17:23:31.2310","2018-12-24 17:51:11.2590",3220,"5 Corners Library",40.734961020009514,-74.0595030784607,3220,"5 Corners Library",40.734961020009514,-74.0595030784607,29245,"Subscriber",1988,1
1026,"2018-12-26 15:43:16.9170","2018-12-26 16:00:23.5440",3220,"5 Corners Library",40.734961020009514,-74.0595030784607,3681,"Grand St",40.71517767732029,-74.03768330812454,29245,"Subscriber",1988,1
760,"2018-12-26 17:06:48.5170","2018-12-26 17:19:29.4860",3220,"5 Corners Library",40.734961020009514,-74.0595030784607,3198,"Heights Elevator",40.748715945380226,-74.04044330120087,29587,"Subscriber",1978,1
2566,"2018-12-26 17:46:01.4670","2018-12-26 18:28:48.3920",3220,"5 Corners Library",40.734961020009514,-74.0595030784607,3195,"Sip Ave",40.73074262530658,-74.06378388404846,26242,"Subscriber",1988,1
105,"2018-12-27 08:52:24.9770","2018-12-27 08:54:10.8430",3220,"5 Corners Library",40.734961020009514,-74.0595030784607,3640,"Journal Square",40.73367,-74.0625,29230,"Subscriber",1988,1
225,"2018-12-27 10:30:30.7890","2018-12-27 10:34:16.3510",3220,"5 Corners Library",40.734961020009514,-74.0595030784607,3195,"Sip Ave",40.73074262530658,-74.06378388404846,26284,"Subscriber",1961,1
408,"2018-12-27 18:10:04.6280","2018-12-27 18:16:53.2670",3220,"5 Corners Library",40.734961020009514,-74.0595030784607,3210,"Pershing Field",40.742677141,-74.051788633,29544,"Subscriber",1977,1
717,"2018-12-27 21:50:16.9050","2018-12-27 22:02:14.2580",3220,"5 Corners Library",40.734961020009514,-74.0595030784607,3678,"Fairmount Ave",40.72572613742557,-74.07195925712585,29515,"Subscriber",1988,1
377,"2018-12-27 22:34:00.0580","2018-12-27 22:40:18.0130",3220,"5 Corners Library",40.734961020009514,-74.0595030784607,3210,"Pershing Field",40.742677141,-74.051788633,29515,"Subscriber",1988,1
337,"2018-12-27 23:30:45.7500","2018-12-27 23:36:23.3070",3220,"5 Corners Library",40.734961020009514,-74.0595030784607,3210,"Pershing Field",40.742677141,-74.051788633,29515,"Subscriber",1988,1
577,"2018-12-28 01:40:50.1140","2018-12-28 01:50:27.7990",3220,"5 Corners Library",40.734961020009514,-74.0595030784607,3677,"Glenwood Ave",40.72755146730012,-74.07106071710587,29468,"Subscriber",1988,1
193,"2018-12-28 04:03:27.8830","2018-12-28 04:06:41.6070",3220,"5 Corners Library",40.734961020009514,-74.0595030784607,3195,"Sip Ave",40.73074262530658,-74.06378388404846,26257,"Subscriber",1961,1
473,"2018-12-28 21:28:58.5980","2018-12-28 21:36:52.0030",3220,"5 Corners Library",40.734961020009514,-74.0595030784607,3210,"Pershing Field",40.742677141,-74.051788633,29212,"Subscriber",1977,1
275,"2018-12-28 21:59:31.2380","2018-12-28 22:04:06.7270",3220,"5 Corners Library",40.734961020009514,-74.0595030784607,3212,"Christ Hospital",40.734785818,-74.050443636,29594,"Subscriber",1986,1
303,"2018-12-28 22:21:52.8640","2018-12-28 22:26:56.6570",3220,"5 Corners Library",40.734961020009514,-74.0595030784607,3210,"Pershing Field",40.742677141,-74.051788633,26296,"Subscriber",1986,1
455,"2018-12-29 03:15:47.8610","2018-12-29 03:23:22.9120",3220,"5 Corners Library",40.734961020009514,-74.0595030784607,3210,"Pershing Field",40.742677141,-74.051788633,29569,"Subscriber",1969,1
382,"2018-12-29 10:54:35.2270","2018-12-29 11:00:57.9380",3220,"5 Corners Library",40.734961020009514,-74.0595030784607,3225,"Baldwin at Montgomery",40.7236589,-74.0641943,26312,"Subscriber",1988,1
411,"2018-12-29 12:35:55.4930","2018-12-29 12:42:46.8250",3220,"5 Corners Library",40.734961020009514,-74.0595030784607,3211,"Newark Ave",40.72152515,-74.046304543,29513,"Subscriber",1957,1
429,"2018-12-29 16:24:28.1010","2018-12-29 16:31:37.8810",3220,"5 Corners Library",40.734961020009514,-74.0595030784607,3210,"Pershing Field",40.742677141,-74.051788633,29589,"Subscriber",1990,2
1339,"2018-12-29 16:43:12.2770","2018-12-29 17:05:31.4920",3220,"5 Corners Library",40.734961020009514,-74.0595030784607,3187,"Warren St",40.7211236,-74.03805095,29551,"Subscriber",1976,2
424,"2018-12-29 21:00:48.0870","2018-12-29 21:07:52.8720",3220,"5 Corners Library",40.734961020009514,-74.0595030784607,3210,"Pershing Field",40.742677141,-74.051788633,29588,"Subscriber",1985,2
399,"2018-12-30 03:18:12.6540","2018-12-30 03:24:51.9730",3220,"5 Corners Library",40.734961020009514,-74.0595030784607,3210,"Pershing Field",40.742677141,-74.051788633,29435,"Subscriber",1969,1
462,"2018-12-30 17:18:47.7470","2018-12-30 17:26:30.1780",3220,"5 Corners Library",40.734961020009514,-74.0595030784607,3210,"Pershing Field",40.742677141,-74.051788633,26225,"Subscriber",1987,2
609,"2018-12-31 00:57:16.1850","2018-12-31 01:07:25.9250",3220,"5 Corners Library",40.734961020009514,-74.0595030784607,3210,"Pershing Field",40.742677141,-74.051788633,29435,"Customer",1969,0
391,"2018-12-31 03:02:23.2370","2018-12-31 03:08:54.7880",3220,"5 Corners Library",40.734961020009514,-74.0595030784607,3210,"Pershing Field",40.742677141,-74.051788633,26225,"Subscriber",1969,1
364,"2018-12-31 10:52:53.2140","2018-12-31 10:58:58.1920",3220,"5 Corners Library",40.734961020009514,-74.0595030784607,3210,"Pershing Field",40.742677141,-74.051788633,29515,"Subscriber",1977,1
1950,"2018-12-01 02:31:44.7570","2018-12-01 03:04:15.0430",3225,"Baldwin at Montgomery",40.7236589,-74.0641943,3194,"McGinley Square",40.7253399253558,-74.06762212514877,29307,"Customer",1969,0
1264,"2018-12-01 06:29:39.5980","2018-12-01 06:50:44.4360",3225,"Baldwin at Montgomery",40.7236589,-74.0641943,3225,"Baldwin at Montgomery",40.7236589,-74.0641943,26159,"Customer",1969,0
517,"2018-12-01 07:36:57.9950","2018-12-01 07:45:35.1770",3225,"Baldwin at Montgomery",40.7236589,-74.0641943,3185,"City Hall",40.7177325,-74.043845,26157,"Customer",1974,1
307,"2018-12-01 08:18:17.0900","2018-12-01 08:23:24.6340",3225,"Baldwin at Montgomery",40.7236589,-74.0641943,3195,"Sip Ave",40.73074262530658,-74.06378388404846,29652,"Subscriber",1962,1
481,"2018-12-01 09:06:37.4570","2018-12-01 09:14:39.3940",3225,"Baldwin at Montgomery",40.7236589,-74.0641943,3211,"Newark Ave",40.72152515,-74.046304543,26159,"Subscriber",1991,2
572,"2018-12-01 11:01:22.2310","2018-12-01 11:10:54.9210",3225,"Baldwin at Montgomery",40.7236589,-74.0641943,3186,"Grove St PATH",40.71958611647166,-74.04311746358871,26254,"Subscriber",1987,2
613,"2018-12-01 11:33:47.0270","2018-12-01 11:44:00.2120",3225,"Baldwin at Montgomery",40.7236589,-74.0641943,3186,"Grove St PATH",40.71958611647166,-74.04311746358871,26224,"Subscriber",1992,1
596,"2018-12-01 11:34:01.6280","2018-12-01 11:43:58.3800",3225,"Baldwin at Montgomery",40.7236589,-74.0641943,3186,"Grove St PATH",40.71958611647166,-74.04311746358871,26174,"Subscriber",1992,2
227,"2018-12-01 12:03:29.9180","2018-12-01 12:07:17.2960",3225,"Baldwin at Montgomery",40.7236589,-74.0641943,3195,"Sip Ave",40.73074262530658,-74.06378388404846,29590,"Subscriber",1986,1
349,"2018-12-01 14:03:16.5720","2018-12-01 14:09:05.7700",3225,"Baldwin at Montgomery",40.7236589,-74.0641943,3213,"Van Vorst Park",40.71848892,-74.047726625,26293,"Subscriber",1978,1
528,"2018-12-01 16:55:21.8990","2018-12-01 17:04:10.7890",3225,"Baldwin at Montgomery",40.7236589,-74.0641943,3186,"Grove St PATH",40.71958611647166,-74.04311746358871,29276,"Subscriber",1989,1
513,"2018-12-01 22:20:31.6990","2018-12-01 22:29:05.1910",3225,"Baldwin at Montgomery",40.7236589,-74.0641943,3186,"Grove St PATH",40.71958611647166,-74.04311746358871,29590,"Subscriber",1988,1
1728,"2018-12-01 22:56:51.8320","2018-12-01 23:25:40.0960",3225,"Baldwin at Montgomery",40.7236589,-74.0641943,3225,"Baldwin at Montgomery",40.7236589,-74.0641943,26257,"Customer",1969,0
1440,"2018-12-02 01:37:09.2240","2018-12-02 02:01:10.1830",3225,"Baldwin at Montgomery",40.7236589,-74.0641943,3225,"Baldwin at Montgomery",40.7236589,-74.0641943,26257,"Customer",1969,0
1581,"2018-12-02 10:36:24.1250","2018-12-02 11:02:45.7120",3225,"Baldwin at Montgomery",40.7236589,-74.0641943,3225,"Baldwin at Montgomery",40.7236589,-74.0641943,26257,"Customer",1969,0
734,"2018-12-02 13:40:24.8370","2018-12-02 13:52:39.1540",3225,"Baldwin at Montgomery",40.7236589,-74.0641943,3187,"Warren St",40.7211236,-74.03805095,26257,"Subscriber",1994,1
501,"2018-12-02 22:10:17.5240","2018-12-02 22:18:38.6820",3225,"Baldwin at Montgomery",40.7236589,-74.0641943,3186,"Grove St PATH",40.71958611647166,-74.04311746358871,26170,"Subscriber",1988,1
322,"2018-12-02 22:15:35.0830","2018-12-02 22:20:57.1310",3225,"Baldwin at Montgomery",40.7236589,-74.0641943,3211,"Newark Ave",40.72152515,-74.046304543,26155,"Subscriber",1976,0
369,"2018-12-03 05:21:55.8050","2018-12-03 05:28:05.3430",3225,"Baldwin at Montgomery",40.7236589,-74.0641943,3186,"Grove St PATH",40.71958611647166,-74.04311746358871,29257,"Subscriber",1966,1
375,"2018-12-03 05:51:47.6450","2018-12-03 05:58:03.2570",3225,"Baldwin at Montgomery",40.7236589,-74.0641943,3195,"Sip Ave",40.73074262530658,-74.06378388404846,29246,"Subscriber",1962,1
620,"2018-12-03 07:12:22.2110","2018-12-03 07:22:42.4930",3225,"Baldwin at Montgomery",40.7236589,-74.0641943,3186,"Grove St PATH",40.71958611647166,-74.04311746358871,26292,"Subscriber",1980,1
596,"2018-12-03 08:20:06.4920","2018-12-03 08:30:03.0780",3225,"Baldwin at Montgomery",40.7236589,-74.0641943,3185,"City Hall",40.7177325,-74.043845,26254,"Subscriber",1992,2
306,"2018-12-03 08:34:34.6840","2018-12-03 08:39:41.6470",3225,"Baldwin at Montgomery",40.7236589,-74.0641943,3195,"Sip Ave",40.73074262530658,-74.06378388404846,29249,"Subscriber",1976,0
609,"2018-12-03 08:37:53.1430","2018-12-03 08:48:02.1670",3225,"Baldwin at Montgomery",40.7236589,-74.0641943,3183,"Exchange Place",40.7162469,-74.0334588,29678,"Subscriber",1994,1
2016,"2018-12-03 08:46:50.8440","2018-12-03 09:20:27.4020",3225,"Baldwin at Montgomery",40.7236589,-74.0641943,3225,"Baldwin at Montgomery",40.7236589,-74.0641943,20783,"Customer",1969,0
1091,"2018-12-03 09:47:50.2680","2018-12-03 10:06:01.5050",3225,"Baldwin at Montgomery",40.7236589,-74.0641943,3639,"Harborside",40.7192517,-74.034234,20783,"Subscriber",1984,2
236,"2018-12-03 17:01:37.0960","2018-12-03 17:05:33.3980",3225,"Baldwin at Montgomery",40.7236589,-74.0641943,3206,"Hilltop",40.7311689,-74.0575736,26268,"Subscriber",1993,1
678,"2018-12-03 20:58:33.6520","2018-12-03 21:09:51.9770",3225,"Baldwin at Montgomery",40.7236589,-74.0641943,3640,"Journal Square",40.73367,-74.0625,26268,"Subscriber",1984,1
461,"2018-12-03 22:19:05.8850","2018-12-03 22:26:47.6500",3225,"Baldwin at Montgomery",40.7236589,-74.0641943,3186,"Grove St PATH",40.71958611647166,-74.04311746358871,29668,"Subscriber",1988,1
446,"2018-12-04 05:09:55.1580","2018-12-04 05:17:21.9810",3225,"Baldwin at Montgomery",40.7236589,-74.0641943,3186,"Grove St PATH",40.71958611647166,-74.04311746358871,26246,"Subscriber",1964,1
1968,"2018-12-04 05:15:28.1050","2018-12-04 05:48:16.4680",3225,"Baldwin at Montgomery",40.7236589,-74.0641943,3195,"Sip Ave",40.73074262530658,-74.06378388404846,29257,"Customer",1969,0
330,"2018-12-04 05:51:38.7270","2018-12-04 05:57:08.7860",3225,"Baldwin at Montgomery",40.7236589,-74.0641943,3195,"Sip Ave",40.73074262530658,-74.06378388404846,26300,"Subscriber",1962,1
351,"2018-12-04 05:55:50.3750","2018-12-04 06:01:42.3580",3225,"Baldwin at Montgomery",40.7236589,-74.0641943,3186,"Grove St PATH",40.71958611647166,-74.04311746358871,29307,"Customer",1974,1
243,"2018-12-04 07:54:42.9020","2018-12-04 07:58:46.1510",3225,"Baldwin at Montgomery",40.7236589,-74.0641943,3195,"Sip Ave",40.73074262530658,-74.06378388404846,29660,"Subscriber",1991,1
499,"2018-12-04 08:08:52.4860","2018-12-04 08:17:11.8530",3225,"Baldwin at Montgomery",40.7236589,-74.0641943,3186,"Grove St PATH",40.71958611647166,-74.04311746358871,29257,"Subscriber",1992,2
254,"2018-12-04 08:19:38.9790","2018-12-04 08:23:53.7290",3225,"Baldwin at Montgomery",40.7236589,-74.0641943,3206,"Hilltop",40.7311689,-74.0575736,29261,"Subscriber",1986,1
1128,"2018-12-04 08:22:33.1060","2018-12-04 08:41:21.1980",3225,"Baldwin at Montgomery",40.7236589,-74.0641943,3183,"Exchange Place",40.7162469,-74.0334588,26203,"Subscriber",1984,2
380,"2018-12-04 18:12:30.5290","2018-12-04 18:18:51.0890",3225,"Baldwin at Montgomery",40.7236589,-74.0641943,3211,"Newark Ave",40.72152515,-74.046304543,26248,"Subscriber",1976,0
443,"2018-12-04 22:26:58.2140","2018-12-04 22:34:21.5620",3225,"Baldwin at Montgomery",40.7236589,-74.0641943,3186,"Grove St PATH",40.71958611647166,-74.04311746358871,29602,"Subscriber",1988,1
1390,"2018-12-04 23:21:41.3210","2018-12-04 23:44:51.5600",3225,"Baldwin at Montgomery",40.7236589,-74.0641943,3225,"Baldwin at Montgomery",40.7236589,-74.0641943,29293,"Customer",1969,0
495,"2018-12-05 05:13:14.0540","2018-12-05 05:21:29.6520",3225,"Baldwin at Montgomery",40.7236589,-74.0641943,3186,"Grove St PATH",40.71958611647166,-74.04311746358871,29442,"Subscriber",1964,1
316,"2018-12-05 05:52:47.8680","2018-12-05 05:58:04.6630",3225,"Baldwin at Montgomery",40.7236589,-74.0641943,3195,"Sip Ave",40.73074262530658,-74.06378388404846,29554,"Subscriber",1962,1
305,"2018-12-05 07:55:58.2030","2018-12-05 08:01:03.2740",3225,"Baldwin at Montgomery",40.7236589,-74.0641943,3206,"Hilltop",40.7311689,-74.0575736,29547,"Subscriber",1986,2
312,"2018-12-05 08:13:08.3640","2018-12-05 08:18:20.6020",3225,"Baldwin at Montgomery",40.7236589,-74.0641943,3206,"Hilltop",40.7311689,-74.0575736,26212,"Subscriber",1993,1
502,"2018-12-05 08:22:24.9210","2018-12-05 08:30:47.7460",3225,"Baldwin at Montgomery",40.7236589,-74.0641943,3186,"Grove St PATH",40.71958611647166,-74.04311746358871,29554,"Subscriber",1992,2
1070,"2018-12-05 08:36:49.6370","2018-12-05 08:54:40.0190",3225,"Baldwin at Montgomery",40.7236589,-74.0641943,3183,"Exchange Place",40.7162469,-74.0334588,26223,"Subscriber",1984,2
609,"2018-12-05 08:39:43.6860","2018-12-05 08:49:53.2690",3225,"Baldwin at Montgomery",40.7236589,-74.0641943,3183,"Exchange Place",40.7162469,-74.0334588,29293,"Subscriber",1994,1
340,"2018-12-05 09:00:47.1580","2018-12-05 09:06:27.8000",3225,"Baldwin at Montgomery",40.7236589,-74.0641943,3195,"Sip Ave",40.73074262530658,-74.06378388404846,29682,"Subscriber",1994,1
270,"2018-12-05 11:52:03.6930","2018-12-05 11:56:34.3930",3225,"Baldwin at Montgomery",40.7236589,-74.0641943,3195,"Sip Ave",40.73074262530658,-74.06378388404846,29497,"Subscriber",1986,1
360,"2018-12-05 19:29:49.3010","2018-12-05 19:35:49.8600",3225,"Baldwin at Montgomery",40.7236589,-74.0641943,3211,"Newark Ave",40.72152515,-74.046304543,29578,"Subscriber",1976,0
463,"2018-12-05 22:22:40.7980","2018-12-05 22:30:24.1000",3225,"Baldwin at Montgomery",40.7236589,-74.0641943,3186,"Grove St PATH",40.71958611647166,-74.04311746358871,29227,"Subscriber",1988,1
2753,"2018-12-06 02:21:21.9930","2018-12-06 03:07:15.4580",3225,"Baldwin at Montgomery",40.7236589,-74.0641943,3225,"Baldwin at Montgomery",40.7236589,-74.0641943,29532,"Customer",1969,0
649,"2018-12-06 05:09:10.2450","2018-12-06 05:20:00.0740",3225,"Baldwin at Montgomery",40.7236589,-74.0641943,3186,"Grove St PATH",40.71958611647166,-74.04311746358871,29538,"Subscriber",1964,1
341,"2018-12-06 05:52:45.1270","2018-12-06 05:58:26.1350",3225,"Baldwin at Montgomery",40.7236589,-74.0641943,3195,"Sip Ave",40.73074262530658,-74.06378388404846,29444,"Subscriber",1962,1
542,"2018-12-06 06:59:58.8300","2018-12-06 07:09:01.6070",3225,"Baldwin at Montgomery",40.7236589,-74.0641943,3195,"Sip Ave",40.73074262530658,-74.06378388404846,29532,"Customer",1969,0
280,"2018-12-06 08:23:22.8730","2018-12-06 08:28:03.7410",3225,"Baldwin at Montgomery",40.7236589,-74.0641943,3195,"Sip Ave",40.73074262530658,-74.06378388404846,29661,"Subscriber",1994,1
277,"2018-12-06 08:56:04.8400","2018-12-06 09:00:42.0780",3225,"Baldwin at Montgomery",40.7236589,-74.0641943,3195,"Sip Ave",40.73074262530658,-74.06378388404846,29286,"Subscriber",1986,1
679,"2018-12-06 09:11:51.3930","2018-12-06 09:23:10.5470",3225,"Baldwin at Montgomery",40.7236589,-74.0641943,3186,"Grove St PATH",40.71958611647166,-74.04311746358871,29453,"Subscriber",1986,1
1022,"2018-12-06 09:18:25.1340","2018-12-06 09:35:27.7550",3225,"Baldwin at Montgomery",40.7236589,-74.0641943,3183,"Exchange Place",40.7162469,-74.0334588,29308,"Subscriber",1984,2
538,"2018-12-06 09:28:23.1040","2018-12-06 09:37:21.8250",3225,"Baldwin at Montgomery",40.7236589,-74.0641943,3183,"Exchange Place",40.7162469,-74.0334588,29531,"Subscriber",1994,1
1654,"2018-12-06 17:04:51.8190","2018-12-06 17:32:26.1050",3225,"Baldwin at Montgomery",40.7236589,-74.0641943,3225,"Baldwin at Montgomery",40.7236589,-74.0641943,26276,"Customer",1969,0
318,"2018-12-06 17:17:37.6270","2018-12-06 17:22:56.0960",3225,"Baldwin at Montgomery",40.7236589,-74.0641943,3206,"Hilltop",40.7311689,-74.0575736,29260,"Subscriber",1988,2
628,"2018-12-07 03:13:05.9720","2018-12-07 03:23:34.2770",3225,"Baldwin at Montgomery",40.7236589,-74.0641943,3206,"Hilltop",40.7311689,-74.0575736,26283,"Customer",1969,0
604,"2018-12-07 05:09:51.6240","2018-12-07 05:19:56.3870",3225,"Baldwin at Montgomery",40.7236589,-74.0641943,3186,"Grove St PATH",40.71958611647166,-74.04311746358871,29572,"Subscriber",1964,1
326,"2018-12-07 05:53:37.2740","2018-12-07 05:59:03.5000",3225,"Baldwin at Montgomery",40.7236589,-74.0641943,3195,"Sip Ave",40.73074262530658,-74.06378388404846,33744,"Subscriber",1962,1
998,"2018-12-07 08:06:23.1680","2018-12-07 08:23:01.7040",3225,"Baldwin at Montgomery",40.7236589,-74.0641943,3183,"Exchange Place",40.7162469,-74.0334588,26276,"Subscriber",1984,2
579,"2018-12-07 08:53:17.0320","2018-12-07 09:02:56.4270",3225,"Baldwin at Montgomery",40.7236589,-74.0641943,3183,"Exchange Place",40.7162469,-74.0334588,29252,"Subscriber",1994,1
915,"2018-12-07 09:37:35.3180","2018-12-07 09:52:50.7320",3225,"Baldwin at Montgomery",40.7236589,-74.0641943,3481,"York St",40.71649,-74.04105,29532,"Customer",1991,1
501,"2018-12-07 18:08:51.6720","2018-12-07 18:17:12.9580",3225,"Baldwin at Montgomery",40.7236589,-74.0641943,3211,"Newark Ave",40.72152515,-74.046304543,29307,"Subscriber",1976,0
147,"2018-12-08 08:50:25.1450","2018-12-08 08:52:52.2310",3225,"Baldwin at Montgomery",40.7236589,-74.0641943,3194,"McGinley Square",40.7253399253558,-74.06762212514877,26301,"Subscriber",1962,1
699,"2018-12-08 10:47:56.4210","2018-12-08 10:59:35.4680",3225,"Baldwin at Montgomery",40.7236589,-74.0641943,3186,"Grove St PATH",40.71958611647166,-74.04311746358871,29674,"Subscriber",1991,2
499,"2018-12-08 12:59:26.8520","2018-12-08 13:07:45.8700",3225,"Baldwin at Montgomery",40.7236589,-74.0641943,3185,"City Hall",40.7177325,-74.043845,29604,"Subscriber",1987,1
454,"2018-12-08 13:09:17.7190","2018-12-08 13:16:52.5510",3225,"Baldwin at Montgomery",40.7236589,-74.0641943,3186,"Grove St PATH",40.71958611647166,-74.04311746358871,26174,"Subscriber",1983,1
450,"2018-12-08 15:07:11.4940","2018-12-08 15:14:42.3360",3225,"Baldwin at Montgomery",40.7236589,-74.0641943,3270,"Jersey & 6th St",40.72528910781132,-74.04557168483734,29476,"Subscriber",1985,1
1968,"2018-12-08 15:49:26.2680","2018-12-08 16:22:14.8400",3225,"Baldwin at Montgomery",40.7236589,-74.0641943,3225,"Baldwin at Montgomery",40.7236589,-74.0641943,29587,"Customer",1969,0
666,"2018-12-08 17:27:53.4800","2018-12-08 17:38:59.9080",3225,"Baldwin at Montgomery",40.7236589,-74.0641943,3186,"Grove St PATH",40.71958611647166,-74.04311746358871,26161,"Subscriber",1989,1
532,"2018-12-08 22:10:24.9790","2018-12-08 22:19:17.8480",3225,"Baldwin at Montgomery",40.7236589,-74.0641943,3186,"Grove St PATH",40.71958611647166,-74.04311746358871,29239,"Subscriber",1988,1
2415,"2018-12-09 07:59:10.6510","2018-12-09 08:39:26.4480",3225,"Baldwin at Montgomery",40.7236589,-74.0641943,3225,"Baldwin at Montgomery",40.7236589,-74.0641943,29587,"Customer",1969,0
489,"2018-12-09 08:00:45.9320","2018-12-09 08:08:55.6260",3225,"Baldwin at Montgomery",40.7236589,-74.0641943,3186,"Grove St PATH",40.71958611647166,-74.04311746358871,29459,"Subscriber",1972,1
265,"2018-12-09 12:05:44.0380","2018-12-09 12:10:09.8480",3225,"Baldwin at Montgomery",40.7236589,-74.0641943,3195,"Sip Ave",40.73074262530658,-74.06378388404846,26316,"Subscriber",1986,1
519,"2018-12-09 13:36:17.2840","2018-12-09 13:44:56.6900",3225,"Baldwin at Montgomery",40.7236589,-74.0641943,3195,"Sip Ave",40.73074262530658,-74.06378388404846,29587,"Customer",1969,0
462,"2018-12-09 14:27:46.1410","2018-12-09 14:35:28.2740",3225,"Baldwin at Montgomery",40.7236589,-74.0641943,3186,"Grove St PATH",40.71958611647166,-74.04311746358871,29587,"Subscriber",1972,1
309,"2018-12-09 16:16:17.8390","2018-12-09 16:21:26.9560",3225,"Baldwin at Montgomery",40.7236589,-74.0641943,3206,"Hilltop",40.7311689,-74.0575736,26280,"Subscriber",1983,1
570,"2018-12-09 17:14:32.7670","2018-12-09 17:24:03.7130",3225,"Baldwin at Montgomery",40.7236589,-74.0641943,3187,"Warren St",40.7211236,-74.03805095,29577,"Subscriber",1994,1
690,"2018-12-09 18:20:52.0170","2018-12-09 18:32:22.9440",3225,"Baldwin at Montgomery",40.7236589,-74.0641943,3640,"Journal Square",40.73367,-74.0625,29485,"Subscriber",1991,1
318,"2018-12-09 19:39:14.7430","2018-12-09 19:44:33.5030",3225,"Baldwin at Montgomery",40.7236589,-74.0641943,3211,"Newark Ave",40.72152515,-74.046304543,26268,"Subscriber",1976,0
510,"2018-12-09 22:13:24.3150","2018-12-09 22:21:54.7910",3225,"Baldwin at Montgomery",40.7236589,-74.0641943,3186,"Grove St PATH",40.71958611647166,-74.04311746358871,29676,"Subscriber",1988,1
337,"2018-12-10 05:52:35.0330","2018-12-10 05:58:12.9650",3225,"Baldwin at Montgomery",40.7236589,-74.0641943,3195,"Sip Ave",40.73074262530658,-74.06378388404846,29660,"Subscriber",1962,1
245,"2018-12-10 08:06:32.7490","2018-12-10 08:10:37.7990",3225,"Baldwin at Montgomery",40.7236589,-74.0641943,3195,"Sip Ave",40.73074262530658,-74.06378388404846,29239,"Subscriber",1991,1
247,"2018-12-10 08:07:09.8850","2018-12-10 08:11:17.4440",3225,"Baldwin at Montgomery",40.7236589,-74.0641943,3195,"Sip Ave",40.73074262530658,-74.06378388404846,26196,"Subscriber",1986,1
496,"2018-12-10 08:34:00.1690","2018-12-10 08:42:16.5990",3225,"Baldwin at Montgomery",40.7236589,-74.0641943,3186,"Grove St PATH",40.71958611647166,-74.04311746358871,29680,"Subscriber",1992,2
243,"2018-12-10 08:37:27.3890","2018-12-10 08:41:30.5100",3225,"Baldwin at Montgomery",40.7236589,-74.0641943,3195,"Sip Ave",40.73074262530658,-74.06378388404846,29441,"Subscriber",1976,0
587,"2018-12-10 08:43:27.6690","2018-12-10 08:53:15.5720",3225,"Baldwin at Montgomery",40.7236589,-74.0641943,3183,"Exchange Place",40.7162469,-74.0334588,33744,"Subscriber",1994,1
823,"2018-12-10 09:10:07.3640","2018-12-10 09:23:51.3370",3225,"Baldwin at Montgomery",40.7236589,-74.0641943,3214,"Essex Light Rail",40.7127742,-74.0364857,29623,"Subscriber",1980,1
801,"2018-12-10 09:43:04.0830","2018-12-10 09:56:25.6820",3225,"Baldwin at Montgomery",40.7236589,-74.0641943,3481,"York St",40.71649,-74.04105,26309,"Subscriber",1991,1
276,"2018-12-10 11:40:34.8380","2018-12-10 11:45:11.0780",3225,"Baldwin at Montgomery",40.7236589,-74.0641943,3195,"Sip Ave",40.73074262530658,-74.06378388404846,26193,"Subscriber",1986,1
950,"2018-12-10 20:01:26.7480","2018-12-10 20:17:16.9930",3225,"Baldwin at Montgomery",40.7236589,-74.0641943,3225,"Baldwin at Montgomery",40.7236589,-74.0641943,29493,"Customer",1969,0
588,"2018-12-10 22:18:49.6020","2018-12-10 22:28:38.2330",3225,"Baldwin at Montgomery",40.7236589,-74.0641943,3186,"Grove St PATH",40.71958611647166,-74.04311746358871,29548,"Subscriber",1988,1
575,"2018-12-11 05:08:58.9620","2018-12-11 05:18:34.7710",3225,"Baldwin at Montgomery",40.7236589,-74.0641943,3186,"Grove St PATH",40.71958611647166,-74.04311746358871,29490,"Subscriber",1964,1
332,"2018-12-11 05:53:04.2700","2018-12-11 05:58:36.2900",3225,"Baldwin at Montgomery",40.7236589,-74.0641943,3195,"Sip Ave",40.73074262530658,-74.06378388404846,29211,"Subscriber",1962,1
265,"2018-12-11 08:01:42.8590","2018-12-11 08:06:07.9210",3225,"Baldwin at Montgomery",40.7236589,-74.0641943,3195,"Sip Ave",40.73074262530658,-74.06378388404846,26300,"Subscriber",1986,1
491,"2018-12-11 08:32:15.9840","2018-12-11 08:40:27.1550",3225,"Baldwin at Montgomery",40.7236589,-74.0641943,3186,"Grove St PATH",40.71958611647166,-74.04311746358871,29260,"Subscriber",1992,2
334,"2018-12-11 09:02:38.5370","2018-12-11 09:08:13.4980",3225,"Baldwin at Montgomery",40.7236589,-74.0641943,3195,"Sip Ave",40.73074262530658,-74.06378388404846,26188,"Subscriber",1994,1
616,"2018-12-11 09:15:32.3520","2018-12-11 09:25:48.3830",3225,"Baldwin at Montgomery",40.7236589,-74.0641943,3183,"Exchange Place",40.7162469,-74.0334588,29640,"Subscriber",1994,1
724,"2018-12-11 09:22:26.8130","2018-12-11 09:34:31.2090",3225,"Baldwin at Montgomery",40.7236589,-74.0641943,3214,"Essex Light Rail",40.7127742,-74.0364857,26298,"Subscriber",1980,1
639,"2018-12-11 09:52:59.8400","2018-12-11 10:03:38.9440",3225,"Baldwin at Montgomery",40.7236589,-74.0641943,3481,"York St",40.71649,-74.04105,26296,"Subscriber",1991,1
2871,"2018-12-11 10:12:12.3490","2018-12-11 11:00:03.4250",3225,"Baldwin at Montgomery",40.7236589,-74.0641943,3225,"Baldwin at Montgomery",40.7236589,-74.0641943,29499,"Customer",1969,0
448,"2018-12-11 15:39:29.4810","2018-12-11 15:46:57.7070",3225,"Baldwin at Montgomery",40.7236589,-74.0641943,3186,"Grove St PATH",40.71958611647166,-74.04311746358871,29499,"Subscriber",1968,1
381,"2018-12-11 18:02:38.2820","2018-12-11 18:08:59.7780",3225,"Baldwin at Montgomery",40.7236589,-74.0641943,3195,"Sip Ave",40.73074262530658,-74.06378388404846,29493,"Subscriber",1988,1
267,"2018-12-11 19:32:02.7930","2018-12-11 19:36:30.1700",3225,"Baldwin at Montgomery",40.7236589,-74.0641943,3280,"Astor Place",40.71928220070702,-74.07126188278198,26300,"Subscriber",1978,1
430,"2018-12-11 22:22:28.7740","2018-12-11 22:29:39.5900",3225,"Baldwin at Montgomery",40.7236589,-74.0641943,3186,"Grove St PATH",40.71958611647166,-74.04311746358871,29569,"Subscriber",1988,1
549,"2018-12-12 05:05:01.2930","2018-12-12 05:14:10.7000",3225,"Baldwin at Montgomery",40.7236589,-74.0641943,3186,"Grove St PATH",40.71958611647166,-74.04311746358871,29679,"Subscriber",1964,1
334,"2018-12-12 05:51:59.4220","2018-12-12 05:57:33.4550",3225,"Baldwin at Montgomery",40.7236589,-74.0641943,3195,"Sip Ave",40.73074262530658,-74.06378388404846,26245,"Subscriber",1962,1
208,"2018-12-12 08:08:24.9800","2018-12-12 08:11:53.5820",3225,"Baldwin at Montgomery",40.7236589,-74.0641943,3195,"Sip Ave",40.73074262530658,-74.06378388404846,26158,"Subscriber",1986,1
585,"2018-12-12 08:24:06.5230","2018-12-12 08:33:52.4310",3225,"Baldwin at Montgomery",40.7236589,-74.0641943,3186,"Grove St PATH",40.71958611647166,-74.04311746358871,26234,"Subscriber",1992,2
582,"2018-12-12 08:58:47.8710","2018-12-12 09:08:29.9200",3225,"Baldwin at Montgomery",40.7236589,-74.0641943,3184,"Paulus Hook",40.7141454,-74.0335519,29217,"Subscriber",1994,1
281,"2018-12-12 09:17:47.3280","2018-12-12 09:22:28.4940",3225,"Baldwin at Montgomery",40.7236589,-74.0641943,3195,"Sip Ave",40.73074262530658,-74.06378388404846,29446,"Subscriber",1994,1
494,"2018-12-12 10:17:40.0120","2018-12-12 10:25:54.6290",3225,"Baldwin at Montgomery",40.7236589,-74.0641943,3206,"Hilltop",40.7311689,-74.0575736,26152,"Subscriber",1986,1
1078,"2018-12-12 13:12:09.5780","2018-12-12 13:30:07.7120",3225,"Baldwin at Montgomery",40.7236589,-74.0641943,3202,"Newport PATH",40.7272235,-74.0337589,29519,"Subscriber",1984,1
349,"2018-12-12 19:04:29.3320","2018-12-12 19:10:19.3070",3225,"Baldwin at Montgomery",40.7236589,-74.0641943,3205,"JC Medical Center",40.71653978099194,-74.0496379137039,29583,"Subscriber",1975,1
363,"2018-12-12 20:28:57.5220","2018-12-12 20:35:01.0770",3225,"Baldwin at Montgomery",40.7236589,-74.0641943,3211,"Newark Ave",40.72152515,-74.046304543,29582,"Subscriber",1976,0
488,"2018-12-12 22:27:27.3230","2018-12-12 22:35:35.5420",3225,"Baldwin at Montgomery",40.7236589,-74.0641943,3186,"Grove St PATH",40.71958611647166,-74.04311746358871,29553,"Subscriber",1988,1
623,"2018-12-13 05:12:56.9990","2018-12-13 05:23:20.8570",3225,"Baldwin at Montgomery",40.7236589,-74.0641943,3186,"Grove St PATH",40.71958611647166,-74.04311746358871,26191,"Subscriber",1964,1
308,"2018-12-13 05:52:33.2820","2018-12-13 05:57:42.1870",3225,"Baldwin at Montgomery",40.7236589,-74.0641943,3195,"Sip Ave",40.73074262530658,-74.06378388404846,29642,"Subscriber",1962,1
240,"2018-12-13 08:01:10.0260","2018-12-13 08:05:10.0840",3225,"Baldwin at Montgomery",40.7236589,-74.0641943,3195,"Sip Ave",40.73074262530658,-74.06378388404846,29513,"Subscriber",1986,1
1226,"2018-12-13 08:24:30.9310","2018-12-13 08:44:57.7500",3225,"Baldwin at Montgomery",40.7236589,-74.0641943,3183,"Exchange Place",40.7162469,-74.0334588,26170,"Subscriber",1984,2
432,"2018-12-13 08:40:01.3430","2018-12-13 08:47:13.3690",3225,"Baldwin at Montgomery",40.7236589,-74.0641943,3186,"Grove St PATH",40.71958611647166,-74.04311746358871,29578,"Subscriber",1992,2
277,"2018-12-13 08:49:09.4950","2018-12-13 08:53:47.2360",3225,"Baldwin at Montgomery",40.7236589,-74.0641943,3195,"Sip Ave",40.73074262530658,-74.06378388404846,29266,"Subscriber",1986,1
745,"2018-12-13 09:23:12.2270","2018-12-13 09:35:37.9560",3225,"Baldwin at Montgomery",40.7236589,-74.0641943,3214,"Essex Light Rail",40.7127742,-74.0364857,26245,"Subscriber",1980,1
535,"2018-12-13 09:29:06.7200","2018-12-13 09:38:02.0060",3225,"Baldwin at Montgomery",40.7236589,-74.0641943,3183,"Exchange Place",40.7162469,-74.0334588,26189,"Subscriber",1994,1
616,"2018-12-13 09:43:06.1580","2018-12-13 09:53:23.0020",3225,"Baldwin at Montgomery",40.7236589,-74.0641943,3481,"York St",40.71649,-74.04105,29646,"Subscriber",1991,1
992,"2018-12-13 17:58:54.0780","2018-12-13 18:15:26.7110",3225,"Baldwin at Montgomery",40.7236589,-74.0641943,3275,"Columbus Drive",40.71835519823214,-74.03891444206238,26161,"Subscriber",1988,1
337,"2018-12-14 05:52:58.5730","2018-12-14 05:58:35.6160",3225,"Baldwin at Montgomery",40.7236589,-74.0641943,3195,"Sip Ave",40.73074262530658,-74.06378388404846,29575,"Subscriber",1962,1
2647,"2018-12-14 06:39:54.7820","2018-12-14 07:24:02.1390",3225,"Baldwin at Montgomery",40.7236589,-74.0641943,3225,"Baldwin at Montgomery",40.7236589,-74.0641943,29205,"Customer",1969,0
597,"2018-12-14 08:26:14.7340","2018-12-14 08:36:12.5690",3225,"Baldwin at Montgomery",40.7236589,-74.0641943,3185,"City Hall",40.7177325,-74.043845,29205,"Subscriber",1992,2
988,"2018-12-14 08:32:21.2240","2018-12-14 08:48:49.8110",3225,"Baldwin at Montgomery",40.7236589,-74.0641943,3183,"Exchange Place",40.7162469,-74.0334588,26309,"Subscriber",1984,2
633,"2018-12-14 08:38:02.3790","2018-12-14 08:48:36.0900",3225,"Baldwin at Montgomery",40.7236589,-74.0641943,3183,"Exchange Place",40.7162469,-74.0334588,26167,"Subscriber",1994,1
740,"2018-12-14 09:20:38.4830","2018-12-14 09:32:59.3350",3225,"Baldwin at Montgomery",40.7236589,-74.0641943,3214,"Essex Light Rail",40.7127742,-74.0364857,26281,"Subscriber",1980,1
278,"2018-12-14 09:23:11.8870","2018-12-14 09:27:49.9430",3225,"Baldwin at Montgomery",40.7236589,-74.0641943,3195,"Sip Ave",40.73074262530658,-74.06378388404846,29657,"Subscriber",1994,1
294,"2018-12-14 09:25:46.1610","2018-12-14 09:30:41.0230",3225,"Baldwin at Montgomery",40.7236589,-74.0641943,3195,"Sip Ave",40.73074262530658,-74.06378388404846,29259,"Subscriber",1976,0
673,"2018-12-14 09:44:38.9050","2018-12-14 09:55:52.0500",3225,"Baldwin at Montgomery",40.7236589,-74.0641943,3481,"York St",40.71649,-74.04105,29498,"Subscriber",1991,1
263,"2018-12-14 11:54:27.9400","2018-12-14 11:58:51.8870",3225,"Baldwin at Montgomery",40.7236589,-74.0641943,3195,"Sip Ave",40.73074262530658,-74.06378388404846,29550,"Subscriber",1986,1
302,"2018-12-14 20:14:14.3190","2018-12-14 20:19:16.5470",3225,"Baldwin at Montgomery",40.7236589,-74.0641943,3195,"Sip Ave",40.73074262530658,-74.06378388404846,26175,"Subscriber",1976,0
495,"2018-12-15 08:09:22.2490","2018-12-15 08:17:38.2470",3225,"Baldwin at Montgomery",40.7236589,-74.0641943,3275,"Columbus Drive",40.71835519823214,-74.03891444206238,26151,"Subscriber",1982,1
452,"2018-12-15 08:14:45.9850","2018-12-15 08:22:18.8390",3225,"Baldwin at Montgomery",40.7236589,-74.0641943,3186,"Grove St PATH",40.71958611647166,-74.04311746358871,29553,"Subscriber",1972,1
352,"2018-12-15 08:56:54.2360","2018-12-15 09:02:46.8740",3225,"Baldwin at Montgomery",40.7236589,-74.0641943,3195,"Sip Ave",40.73074262530658,-74.06378388404846,29211,"Subscriber",1962,1
445,"2018-12-15 09:54:50.6030","2018-12-15 10:02:16.4490",3225,"Baldwin at Montgomery",40.7236589,-74.0641943,3640,"Journal Square",40.73367,-74.0625,29457,"Subscriber",1988,1
283,"2018-12-15 12:17:26.7210","2018-12-15 12:22:10.4180",3225,"Baldwin at Montgomery",40.7236589,-74.0641943,3195,"Sip Ave",40.73074262530658,-74.06378388404846,26280,"Subscriber",1986,1
1041,"2018-12-15 12:40:41.2940","2018-12-15 12:58:02.6860",3225,"Baldwin at Montgomery",40.7236589,-74.0641943,3275,"Columbus Drive",40.71835519823214,-74.03891444206238,29457,"Subscriber",1989,1
577,"2018-12-15 13:18:26.7360","2018-12-15 13:28:04.5920",3225,"Baldwin at Montgomery",40.7236589,-74.0641943,3275,"Columbus Drive",40.71835519823214,-74.03891444206238,29671,"Subscriber",1983,1
672,"2018-12-15 14:51:24.2990","2018-12-15 15:02:36.5690",3225,"Baldwin at Montgomery",40.7236589,-74.0641943,3186,"Grove St PATH",40.71958611647166,-74.04311746358871,26175,"Subscriber",1992,1
640,"2018-12-15 14:51:41.7920","2018-12-15 15:02:22.0550",3225,"Baldwin at Montgomery",40.7236589,-74.0641943,3186,"Grove St PATH",40.71958611647166,-74.04311746358871,29498,"Subscriber",1992,2
554,"2018-12-15 16:39:05.0500","2018-12-15 16:48:19.3750",3225,"Baldwin at Montgomery",40.7236589,-74.0641943,3183,"Exchange Place",40.7162469,-74.0334588,29583,"Subscriber",1994,1
523,"2018-12-15 16:47:46.0210","2018-12-15 16:56:29.1620",3225,"Baldwin at Montgomery",40.7236589,-74.0641943,3186,"Grove St PATH",40.71958611647166,-74.04311746358871,26296,"Subscriber",1989,1
520,"2018-12-15 22:05:42.6770","2018-12-15 22:14:23.2200",3225,"Baldwin at Montgomery",40.7236589,-74.0641943,3186,"Grove St PATH",40.71958611647166,-74.04311746358871,29257,"Subscriber",1988,1
571,"2018-12-16 12:06:09.9810","2018-12-16 12:15:41.4620",3225,"Baldwin at Montgomery",40.7236589,-74.0641943,3640,"Journal Square",40.73367,-74.0625,29448,"Subscriber",1988,1
507,"2018-12-16 15:55:36.1650","2018-12-16 16:04:03.6710",3225,"Baldwin at Montgomery",40.7236589,-74.0641943,3211,"Newark Ave",40.72152515,-74.046304543,29679,"Subscriber",1991,2
345,"2018-12-17 05:54:12.0800","2018-12-17 05:59:57.9790",3225,"Baldwin at Montgomery",40.7236589,-74.0641943,3195,"Sip Ave",40.73074262530658,-74.06378388404846,29448,"Subscriber",1962,1
477,"2018-12-17 08:24:15.6160","2018-12-17 08:32:12.9000",3225,"Baldwin at Montgomery",40.7236589,-74.0641943,3186,"Grove St PATH",40.71958611647166,-74.04311746358871,29276,"Subscriber",1992,2
247,"2018-12-17 12:23:35.0900","2018-12-17 12:27:42.6860",3225,"Baldwin at Montgomery",40.7236589,-74.0641943,3195,"Sip Ave",40.73074262530658,-74.06378388404846,26193,"Subscriber",1986,1
370,"2018-12-17 15:24:06.8250","2018-12-17 15:30:17.5890",3225,"Baldwin at Montgomery",40.7236589,-74.0641943,3277,"Communipaw & Berry Lane",40.71435836870427,-74.06661093235016,29243,"Subscriber",1989,1
321,"2018-12-17 17:57:38.1700","2018-12-17 18:02:59.7260",3225,"Baldwin at Montgomery",40.7236589,-74.0641943,3206,"Hilltop",40.7311689,-74.0575736,26182,"Subscriber",1988,2
206,"2018-12-17 19:50:12.2560","2018-12-17 19:53:38.8900",3225,"Baldwin at Montgomery",40.7236589,-74.0641943,3483,"Montgomery St",40.71942,-74.05099,29490,"Subscriber",1994,1
399,"2018-12-17 21:53:35.5220","2018-12-17 22:00:15.1830",3225,"Baldwin at Montgomery",40.7236589,-74.0641943,3186,"Grove St PATH",40.71958611647166,-74.04311746358871,29520,"Subscriber",1988,1
340,"2018-12-18 05:52:32.2740","2018-12-18 05:58:12.6240",3225,"Baldwin at Montgomery",40.7236589,-74.0641943,3195,"Sip Ave",40.73074262530658,-74.06378388404846,29551,"Subscriber",1962,1
652,"2018-12-18 08:26:22.2430","2018-12-18 08:37:15.1390",3225,"Baldwin at Montgomery",40.7236589,-74.0641943,3186,"Grove St PATH",40.71958611647166,-74.04311746358871,26173,"Subscriber",1992,2
234,"2018-12-18 09:07:42.4300","2018-12-18 09:11:36.8330",3225,"Baldwin at Montgomery",40.7236589,-74.0641943,3195,"Sip Ave",40.73074262530658,-74.06378388404846,29289,"Subscriber",1986,1
474,"2018-12-18 09:12:14.9750","2018-12-18 09:20:09.8850",3225,"Baldwin at Montgomery",40.7236589,-74.0641943,3640,"Journal Square",40.73367,-74.0625,29448,"Subscriber",1986,2
221,"2018-12-18 09:13:26.6490","2018-12-18 09:17:08.2120",3225,"Baldwin at Montgomery",40.7236589,-74.0641943,3483,"Montgomery St",40.71942,-74.05099,29505,"Subscriber",1994,1
293,"2018-12-18 10:07:04.5110","2018-12-18 10:11:57.6460",3225,"Baldwin at Montgomery",40.7236589,-74.0641943,3195,"Sip Ave",40.73074262530658,-74.06378388404846,29618,"Subscriber",1986,1
711,"2018-12-18 10:28:17.0400","2018-12-18 10:40:08.5180",3225,"Baldwin at Montgomery",40.7236589,-74.0641943,3214,"Essex Light Rail",40.7127742,-74.0364857,29528,"Subscriber",1980,1
868,"2018-12-18 14:12:42.8100","2018-12-18 14:27:11.0060",3225,"Baldwin at Montgomery",40.7236589,-74.0641943,3639,"Harborside",40.7192517,-74.034234,29531,"Subscriber",1973,2
277,"2018-12-18 14:27:37.5320","2018-12-18 14:32:15.1350",3225,"Baldwin at Montgomery",40.7236589,-74.0641943,3678,"Fairmount Ave",40.72572613742557,-74.07195925712585,29241,"Subscriber",1968,1
517,"2018-12-18 21:51:54.4550","2018-12-18 22:00:31.7780",3225,"Baldwin at Montgomery",40.7236589,-74.0641943,3186,"Grove St PATH",40.71958611647166,-74.04311746358871,29512,"Subscriber",1988,1
322,"2018-12-19 05:54:35.9430","2018-12-19 05:59:58.5550",3225,"Baldwin at Montgomery",40.7236589,-74.0641943,3195,"Sip Ave",40.73074262530658,-74.06378388404846,29230,"Subscriber",1962,1
239,"2018-12-19 07:15:56.7690","2018-12-19 07:19:56.1020",3225,"Baldwin at Montgomery",40.7236589,-74.0641943,3195,"Sip Ave",40.73074262530658,-74.06378388404846,29618,"Subscriber",1986,1
631,"2018-12-19 08:26:50.1200","2018-12-19 08:37:21.4310",3225,"Baldwin at Montgomery",40.7236589,-74.0641943,3186,"Grove St PATH",40.71958611647166,-74.04311746358871,26174,"Subscriber",1992,2
1258,"2018-12-19 09:06:50.6460","2018-12-19 09:27:49.2690",3225,"Baldwin at Montgomery",40.7236589,-74.0641943,3183,"Exchange Place",40.7162469,-74.0334588,29262,"Subscriber",1984,2
369,"2018-12-19 09:12:10.9170","2018-12-19 09:18:20.8590",3225,"Baldwin at Montgomery",40.7236589,-74.0641943,3640,"Journal Square",40.73367,-74.0625,29218,"Subscriber",1986,2
597,"2018-12-19 09:20:02.6720","2018-12-19 09:30:00.3320",3225,"Baldwin at Montgomery",40.7236589,-74.0641943,3183,"Exchange Place",40.7162469,-74.0334588,29572,"Subscriber",1994,1
265,"2018-12-19 11:24:14.2100","2018-12-19 11:28:39.3690",3225,"Baldwin at Montgomery",40.7236589,-74.0641943,3195,"Sip Ave",40.73074262530658,-74.06378388404846,29551,"Subscriber",1986,1
375,"2018-12-19 17:37:44.1530","2018-12-19 17:44:00.0200",3225,"Baldwin at Montgomery",40.7236589,-74.0641943,3213,"Van Vorst Park",40.71848892,-74.047726625,29502,"Subscriber",1993,1
382,"2018-12-19 20:08:15.0440","2018-12-19 20:14:37.8530",3225,"Baldwin at Montgomery",40.7236589,-74.0641943,3483,"Montgomery St",40.71942,-74.05099,29551,"Subscriber",1989,2
459,"2018-12-19 22:04:25.8510","2018-12-19 22:12:05.4070",3225,"Baldwin at Montgomery",40.7236589,-74.0641943,3186,"Grove St PATH",40.71958611647166,-74.04311746358871,29259,"Subscriber",1988,1
331,"2018-12-20 05:54:20.2610","2018-12-20 05:59:51.5600",3225,"Baldwin at Montgomery",40.7236589,-74.0641943,3195,"Sip Ave",40.73074262530658,-74.06378388404846,29668,"Subscriber",1962,1
251,"2018-12-20 07:10:57.9470","2018-12-20 07:15:09.8180",3225,"Baldwin at Montgomery",40.7236589,-74.0641943,3195,"Sip Ave",40.73074262530658,-74.06378388404846,29260,"Subscriber",1986,1
781,"2018-12-20 07:48:09.7880","2018-12-20 08:01:11.3740",3225,"Baldwin at Montgomery",40.7236589,-74.0641943,3639,"Harborside",40.7192517,-74.034234,29675,"Subscriber",1977,1
592,"2018-12-20 08:37:25.6660","2018-12-20 08:47:17.9030",3225,"Baldwin at Montgomery",40.7236589,-74.0641943,3186,"Grove St PATH",40.71958611647166,-74.04311746358871,29605,"Subscriber",1981,1
263,"2018-12-20 09:17:31.1860","2018-12-20 09:21:54.3690",3225,"Baldwin at Montgomery",40.7236589,-74.0641943,3195,"Sip Ave",40.73074262530658,-74.06378388404846,29668,"Subscriber",1986,1
651,"2018-12-20 09:22:50.9570","2018-12-20 09:33:42.5950",3225,"Baldwin at Montgomery",40.7236589,-74.0641943,3639,"Harborside",40.7192517,-74.034234,26292,"Subscriber",1994,1
741,"2018-12-21 19:28:11.6230","2018-12-21 19:40:33.0720",3225,"Baldwin at Montgomery",40.7236589,-74.0641943,3195,"Sip Ave",40.73074262530658,-74.06378388404846,29551,"Subscriber",1995,1
1663,"2018-12-22 15:06:10.8550","2018-12-22 15:33:53.9390",3225,"Baldwin at Montgomery",40.7236589,-74.0641943,3205,"JC Medical Center",40.71653978099194,-74.0496379137039,29674,"Subscriber",1994,1
213,"2018-12-22 18:31:28.4920","2018-12-22 18:35:02.0720",3225,"Baldwin at Montgomery",40.7236589,-74.0641943,3195,"Sip Ave",40.73074262530658,-74.06378388404846,29520,"Subscriber",1994,1
524,"2018-12-22 22:21:49.0820","2018-12-22 22:30:33.1370",3225,"Baldwin at Montgomery",40.7236589,-74.0641943,3186,"Grove St PATH",40.71958611647166,-74.04311746358871,26295,"Subscriber",1988,1
464,"2018-12-22 23:44:24.9950","2018-12-22 23:52:09.8950",3225,"Baldwin at Montgomery",40.7236589,-74.0641943,3193,"Lincoln Park",40.7246050998869,-74.07840594649315,26247,"Subscriber",1969,1
345,"2018-12-23 13:08:10.3400","2018-12-23 13:13:56.1630",3225,"Baldwin at Montgomery",40.7236589,-74.0641943,3206,"Hilltop",40.7311689,-74.0575736,29550,"Customer",1969,0
481,"2018-12-23 14:07:19.0110","2018-12-23 14:15:20.5420",3225,"Baldwin at Montgomery",40.7236589,-74.0641943,3186,"Grove St PATH",40.71958611647166,-74.04311746358871,26286,"Subscriber",1976,0
1818,"2018-12-23 14:44:52.7350","2018-12-23 15:15:10.8570",3225,"Baldwin at Montgomery",40.7236589,-74.0641943,3183,"Exchange Place",40.7162469,-74.0334588,29668,"Subscriber",1994,1
298,"2018-12-23 16:35:33.4550","2018-12-23 16:40:32.2590",3225,"Baldwin at Montgomery",40.7236589,-74.0641943,3483,"Montgomery St",40.71942,-74.05099,26288,"Subscriber",1989,1
252,"2018-12-23 18:05:42.2550","2018-12-23 18:09:54.7920",3225,"Baldwin at Montgomery",40.7236589,-74.0641943,3206,"Hilltop",40.7311689,-74.0575736,26288,"Subscriber",1986,1
437,"2018-12-23 21:56:52.3740","2018-12-23 22:04:10.1850",3225,"Baldwin at Montgomery",40.7236589,-74.0641943,3186,"Grove St PATH",40.71958611647166,-74.04311746358871,29641,"Subscriber",1988,1
249,"2018-12-24 07:17:44.3940","2018-12-24 07:21:53.4510",3225,"Baldwin at Montgomery",40.7236589,-74.0641943,3195,"Sip Ave",40.73074262530658,-74.06378388404846,26165,"Subscriber",1986,1
598,"2018-12-24 09:20:10.4930","2018-12-24 09:30:09.1760",3225,"Baldwin at Montgomery",40.7236589,-74.0641943,3183,"Exchange Place",40.7162469,-74.0334588,29493,"Subscriber",1994,1
1549,"2018-12-24 11:56:16.3110","2018-12-24 12:22:06.1620",3225,"Baldwin at Montgomery",40.7236589,-74.0641943,3275,"Columbus Drive",40.71835519823214,-74.03891444206238,29505,"Subscriber",1988,1
159,"2018-12-24 17:12:30.6890","2018-12-24 17:15:09.8530",3225,"Baldwin at Montgomery",40.7236589,-74.0641943,3194,"McGinley Square",40.7253399253558,-74.06762212514877,29295,"Subscriber",1962,1
461,"2018-12-24 17:16:47.5200","2018-12-24 17:24:28.6290",3225,"Baldwin at Montgomery",40.7236589,-74.0641943,3186,"Grove St PATH",40.71958611647166,-74.04311746358871,29602,"Subscriber",1994,1
133,"2018-12-25 09:22:21.2670","2018-12-25 09:24:34.9690",3225,"Baldwin at Montgomery",40.7236589,-74.0641943,3194,"McGinley Square",40.7253399253558,-74.06762212514877,29271,"Subscriber",1962,1
1659,"2018-12-25 11:02:41.8030","2018-12-25 11:30:21.4910",3225,"Baldwin at Montgomery",40.7236589,-74.0641943,3205,"JC Medical Center",40.71653978099194,-74.0496379137039,29677,"Subscriber",1994,1
391,"2018-12-25 16:30:33.4040","2018-12-25 16:37:04.7620",3225,"Baldwin at Montgomery",40.7236589,-74.0641943,3186,"Grove St PATH",40.71958611647166,-74.04311746358871,29575,"Subscriber",1994,1
424,"2018-12-25 16:52:20.0180","2018-12-25 16:59:24.4920",3225,"Baldwin at Montgomery",40.7236589,-74.0641943,3186,"Grove St PATH",40.71958611647166,-74.04311746358871,26224,"Subscriber",1986,1
486,"2018-12-25 21:51:23.1320","2018-12-25 21:59:29.9300",3225,"Baldwin at Montgomery",40.7236589,-74.0641943,3186,"Grove St PATH",40.71958611647166,-74.04311746358871,29601,"Subscriber",1988,1
540,"2018-12-25 21:59:05.5340","2018-12-25 22:08:05.7830",3225,"Baldwin at Montgomery",40.7236589,-74.0641943,3213,"Van Vorst Park",40.71848892,-74.047726625,29295,"Subscriber",1990,1
623,"2018-12-26 05:46:53.6930","2018-12-26 05:57:17.3520",3225,"Baldwin at Montgomery",40.7236589,-74.0641943,3195,"Sip Ave",40.73074262530658,-74.06378388404846,29222,"Subscriber",1962,1
1025,"2018-12-26 08:22:37.2750","2018-12-26 08:39:43.0780",3225,"Baldwin at Montgomery",40.7236589,-74.0641943,3198,"Heights Elevator",40.748715945380226,-74.04044330120087,29491,"Subscriber",1982,1
599,"2018-12-26 09:44:16.6570","2018-12-26 09:54:16.2770",3225,"Baldwin at Montgomery",40.7236589,-74.0641943,3183,"Exchange Place",40.7162469,-74.0334588,29665,"Subscriber",1994,1
287,"2018-12-26 12:26:03.7310","2018-12-26 12:30:50.9260",3225,"Baldwin at Montgomery",40.7236589,-74.0641943,3213,"Van Vorst Park",40.71848892,-74.047726625,29582,"Subscriber",1971,1
331,"2018-12-26 12:44:00.0550","2018-12-26 12:49:31.1400",3225,"Baldwin at Montgomery",40.7236589,-74.0641943,3640,"Journal Square",40.73367,-74.0625,29553,"Subscriber",1991,1
516,"2018-12-26 22:19:12.6280","2018-12-26 22:27:49.0180",3225,"Baldwin at Montgomery",40.7236589,-74.0641943,3186,"Grove St PATH",40.71958611647166,-74.04311746358871,29222,"Subscriber",1988,1
427,"2018-12-26 23:14:19.9040","2018-12-26 23:21:27.4270",3225,"Baldwin at Montgomery",40.7236589,-74.0641943,3679,"Bergen Ave",40.722103786686034,-74.07145500183105,29444,"Subscriber",1988,1
438,"2018-12-27 01:01:46.3830","2018-12-27 01:09:04.9930",3225,"Baldwin at Montgomery",40.7236589,-74.0641943,3679,"Bergen Ave",40.722103786686034,-74.07145500183105,29268,"Subscriber",1988,1
328,"2018-12-27 05:53:36.8440","2018-12-27 05:59:05.6230",3225,"Baldwin at Montgomery",40.7236589,-74.0641943,3195,"Sip Ave",40.73074262530658,-74.06378388404846,29552,"Subscriber",1962,1
393,"2018-12-27 10:08:18.1130","2018-12-27 10:14:51.1160",3225,"Baldwin at Montgomery",40.7236589,-74.0641943,3195,"Sip Ave",40.73074262530658,-74.06378388404846,29263,"Subscriber",1980,1
739,"2018-12-27 10:35:39.6710","2018-12-27 10:47:59.0420",3225,"Baldwin at Montgomery",40.7236589,-74.0641943,3183,"Exchange Place",40.7162469,-74.0334588,29534,"Subscriber",1992,1
431,"2018-12-27 12:58:48.9310","2018-12-27 13:06:00.1240",3225,"Baldwin at Montgomery",40.7236589,-74.0641943,3195,"Sip Ave",40.73074262530658,-74.06378388404846,29249,"Subscriber",1974,2
601,"2018-12-27 15:44:05.9750","2018-12-27 15:54:07.8440",3225,"Baldwin at Montgomery",40.7236589,-74.0641943,3183,"Exchange Place",40.7162469,-74.0334588,26166,"Subscriber",1994,1
247,"2018-12-27 19:04:44.4330","2018-12-27 19:08:52.4100",3225,"Baldwin at Montgomery",40.7236589,-74.0641943,3206,"Hilltop",40.7311689,-74.0575736,26165,"Subscriber",1991,2
276,"2018-12-27 19:19:59.7270","2018-12-27 19:24:35.9990",3225,"Baldwin at Montgomery",40.7236589,-74.0641943,3206,"Hilltop",40.7311689,-74.0575736,29492,"Subscriber",1988,2
348,"2018-12-27 21:29:49.0380","2018-12-27 21:35:37.3850",3225,"Baldwin at Montgomery",40.7236589,-74.0641943,3209,"Brunswick St",40.7241765,-74.0506564,26247,"Subscriber",1976,0
536,"2018-12-27 21:58:16.9120","2018-12-27 22:07:13.1530",3225,"Baldwin at Montgomery",40.7236589,-74.0641943,3186,"Grove St PATH",40.71958611647166,-74.04311746358871,29603,"Subscriber",1988,1
653,"2018-12-28 19:50:52.2550","2018-12-28 20:01:45.3290",3225,"Baldwin at Montgomery",40.7236589,-74.0641943,3183,"Exchange Place",40.7162469,-74.0334588,26247,"Subscriber",1994,1
404,"2018-12-29 08:10:06.7980","2018-12-29 08:16:51.7410",3225,"Baldwin at Montgomery",40.7236589,-74.0641943,3186,"Grove St PATH",40.71958611647166,-74.04311746358871,29285,"Subscriber",1983,1
517,"2018-12-29 08:18:41.8780","2018-12-29 08:27:19.1910",3225,"Baldwin at Montgomery",40.7236589,-74.0641943,3279,"Dixon Mills",40.721630142638354,-74.04996782541275,29533,"Subscriber",1989,1
321,"2018-12-29 08:20:42.2490","2018-12-29 08:26:03.8830",3225,"Baldwin at Montgomery",40.7236589,-74.0641943,3195,"Sip Ave",40.73074262530658,-74.06378388404846,29125,"Subscriber",1962,1
856,"2018-12-29 08:37:26.0950","2018-12-29 08:51:42.3660",3225,"Baldwin at Montgomery",40.7236589,-74.0641943,3202,"Newport PATH",40.7272235,-74.0337589,29581,"Subscriber",1984,1
623,"2018-12-29 09:48:28.4880","2018-12-29 09:58:52.1530",3225,"Baldwin at Montgomery",40.7236589,-74.0641943,3183,"Exchange Place",40.7162469,-74.0334588,29263,"Subscriber",1965,1
405,"2018-12-29 10:42:03.0190","2018-12-29 10:48:48.8000",3225,"Baldwin at Montgomery",40.7236589,-74.0641943,3220,"5 Corners Library",40.734961020009514,-74.0595030784607,26312,"Subscriber",1988,1
939,"2018-12-29 14:08:20.6750","2018-12-29 14:23:59.7600",3225,"Baldwin at Montgomery",40.7236589,-74.0641943,3185,"City Hall",40.7177325,-74.043845,26192,"Customer",1969,0
908,"2018-12-29 14:09:07.3330","2018-12-29 14:24:15.5890",3225,"Baldwin at Montgomery",40.7236589,-74.0641943,3185,"City Hall",40.7177325,-74.043845,29657,"Customer",1969,0
1568,"2018-12-29 15:11:27.1780","2018-12-29 15:37:35.7150",3225,"Baldwin at Montgomery",40.7236589,-74.0641943,3202,"Newport PATH",40.7272235,-74.0337589,29675,"Subscriber",1989,1
1565,"2018-12-29 15:11:50.8320","2018-12-29 15:37:55.9500",3225,"Baldwin at Montgomery",40.7236589,-74.0641943,3202,"Newport PATH",40.7272235,-74.0337589,26312,"Subscriber",1987,2
703,"2018-12-30 10:43:51.2210","2018-12-30 10:55:35.1350",3225,"Baldwin at Montgomery",40.7236589,-74.0641943,3183,"Exchange Place",40.7162469,-74.0334588,26300,"Subscriber",1992,1
676,"2018-12-30 10:44:16.7880","2018-12-30 10:55:33.6360",3225,"Baldwin at Montgomery",40.7236589,-74.0641943,3183,"Exchange Place",40.7162469,-74.0334588,29522,"Subscriber",1992,2
3255,"2018-12-30 11:13:23.6880","2018-12-30 12:07:39.2150",3225,"Baldwin at Montgomery",40.7236589,-74.0641943,3225,"Baldwin at Montgomery",40.7236589,-74.0641943,29601,"Customer",1989,2
282,"2018-12-30 12:00:10.5320","2018-12-30 12:04:52.8820",3225,"Baldwin at Montgomery",40.7236589,-74.0641943,3483,"Montgomery St",40.71942,-74.05099,29125,"Subscriber",1994,1
336,"2018-12-30 12:16:05.1720","2018-12-30 12:21:41.5410",3225,"Baldwin at Montgomery",40.7236589,-74.0641943,3195,"Sip Ave",40.73074262530658,-74.06378388404846,29126,"Subscriber",1986,1
450,"2018-12-30 13:37:34.0410","2018-12-30 13:45:04.6560",3225,"Baldwin at Montgomery",40.7236589,-74.0641943,3185,"City Hall",40.7177325,-74.043845,26211,"Subscriber",1976,0
1173,"2018-12-30 14:13:59.4700","2018-12-30 14:33:32.6910",3225,"Baldwin at Montgomery",40.7236589,-74.0641943,3201,"Dey St",40.737711,-74.066921,29601,"Subscriber",1986,1
541,"2018-12-30 22:08:20.8910","2018-12-30 22:17:22.4290",3225,"Baldwin at Montgomery",40.7236589,-74.0641943,3186,"Grove St PATH",40.71958611647166,-74.04311746358871,29609,"Subscriber",1988,1
1850,"2018-12-30 22:39:32.8690","2018-12-30 23:10:23.1270",3225,"Baldwin at Montgomery",40.7236589,-74.0641943,3638,"Washington St",40.7242941,-74.0354826,29250,"Customer",1969,0
1732,"2018-12-30 22:41:23.2780","2018-12-30 23:10:16.1970",3225,"Baldwin at Montgomery",40.7236589,-74.0641943,3638,"Washington St",40.7242941,-74.0354826,29657,"Subscriber",1993,1
333,"2018-12-31 05:53:17.3230","2018-12-31 05:58:50.8790",3225,"Baldwin at Montgomery",40.7236589,-74.0641943,3195,"Sip Ave",40.73074262530658,-74.06378388404846,29635,"Subscriber",1962,1
261,"2018-12-31 09:31:12.2760","2018-12-31 09:35:34.0830",3225,"Baldwin at Montgomery",40.7236589,-74.0641943,3280,"Astor Place",40.71928220070702,-74.07126188278198,26299,"Subscriber",1988,1
686,"2018-12-31 10:27:26.3500","2018-12-31 10:38:52.9930",3225,"Baldwin at Montgomery",40.7236589,-74.0641943,3214,"Essex Light Rail",40.7127742,-74.0364857,29250,"Subscriber",1980,1
319,"2018-12-31 11:49:12.4140","2018-12-31 11:54:31.6600",3225,"Baldwin at Montgomery",40.7236589,-74.0641943,3195,"Sip Ave",40.73074262530658,-74.06378388404846,29677,"Subscriber",1994,1
471,"2018-12-31 13:21:36.2670","2018-12-31 13:29:27.6020",3225,"Baldwin at Montgomery",40.7236589,-74.0641943,3195,"Sip Ave",40.73074262530658,-74.06378388404846,29463,"Subscriber",1964,1
3414,"2018-12-31 14:46:47.5960","2018-12-31 15:43:42.2990",3225,"Baldwin at Montgomery",40.7236589,-74.0641943,3225,"Baldwin at Montgomery",40.7236589,-74.0641943,29657,"Subscriber",1993,1
744,"2018-12-31 15:28:17.9840","2018-12-31 15:40:42.9460",3225,"Baldwin at Montgomery",40.7236589,-74.0641943,3186,"Grove St PATH",40.71958611647166,-74.04311746358871,29665,"Subscriber",1977,1
834,"2018-12-31 16:38:57.7650","2018-12-31 16:52:51.9820",3225,"Baldwin at Montgomery",40.7236589,-74.0641943,3640,"Journal Square",40.73367,-74.0625,29472,"Subscriber",1984,2
1374,"2018-12-31 19:46:49.6900","2018-12-31 20:09:44.1490",3225,"Baldwin at Montgomery",40.7236589,-74.0641943,3225,"Baldwin at Montgomery",40.7236589,-74.0641943,29657,"Subscriber",1993,1
193,"2018-12-01 05:51:31.2210","2018-12-01 05:54:44.2570",3267,"Morris Canal",40.7124188237569,-74.03852552175522,3183,"Exchange Place",40.7162469,-74.0334588,29658,"Subscriber",1981,0
228,"2018-12-01 07:58:01.2620","2018-12-01 08:01:49.9880",3267,"Morris Canal",40.7124188237569,-74.03852552175522,3183,"Exchange Place",40.7162469,-74.0334588,29599,"Subscriber",1960,1
246,"2018-12-01 08:25:28.8100","2018-12-01 08:29:34.9590",3267,"Morris Canal",40.7124188237569,-74.03852552175522,3183,"Exchange Place",40.7162469,-74.0334588,29301,"Subscriber",1990,1
576,"2018-12-01 09:31:16.6920","2018-12-01 09:40:53.5250",3267,"Morris Canal",40.7124188237569,-74.03852552175522,3202,"Newport PATH",40.7272235,-74.0337589,29255,"Subscriber",1988,2
707,"2018-12-01 10:14:21.2960","2018-12-01 10:26:08.9340",3267,"Morris Canal",40.7124188237569,-74.03852552175522,3186,"Grove St PATH",40.71958611647166,-74.04311746358871,29465,"Subscriber",1962,1
269,"2018-12-01 11:16:25.3790","2018-12-01 11:20:54.7160",3267,"Morris Canal",40.7124188237569,-74.03852552175522,3275,"Columbus Drive",40.71835519823214,-74.03891444206238,26200,"Subscriber",1993,1
246,"2018-12-01 11:26:55.7170","2018-12-01 11:31:02.3630",3267,"Morris Canal",40.7124188237569,-74.03852552175522,3183,"Exchange Place",40.7162469,-74.0334588,31443,"Subscriber",1990,1
338,"2018-12-01 11:41:58.7580","2018-12-01 11:47:37.1110",3267,"Morris Canal",40.7124188237569,-74.03852552175522,3187,"Warren St",40.7211236,-74.03805095,29606,"Subscriber",1976,1
80,"2018-12-01 11:53:43.2520","2018-12-01 11:55:03.2600",3267,"Morris Canal",40.7124188237569,-74.03852552175522,3214,"Essex Light Rail",40.7127742,-74.0364857,26255,"Subscriber",1980,1
375,"2018-12-01 11:59:52.1600","2018-12-01 12:06:07.2570",3267,"Morris Canal",40.7124188237569,-74.03852552175522,3185,"City Hall",40.7177325,-74.043845,29581,"Subscriber",1990,2
542,"2018-12-01 12:05:54.7350","2018-12-01 12:14:57.1540",3267,"Morris Canal",40.7124188237569,-74.03852552175522,3638,"Washington St",40.7242941,-74.0354826,29243,"Subscriber",1977,2
150,"2018-12-01 12:31:06.7670","2018-12-01 12:33:37.3170",3267,"Morris Canal",40.7124188237569,-74.03852552175522,3184,"Paulus Hook",40.7141454,-74.0335519,29640,"Subscriber",1977,1
246,"2018-12-01 14:35:41.6100","2018-12-01 14:39:48.3760",3267,"Morris Canal",40.7124188237569,-74.03852552175522,3267,"Morris Canal",40.7124188237569,-74.03852552175522,29595,"Subscriber",1984,1
551,"2018-12-02 07:04:38.4580","2018-12-02 07:13:50.3390",3267,"Morris Canal",40.7124188237569,-74.03852552175522,3269,"Brunswick & 6th",40.72601172964625,-74.05038893222809,29595,"Subscriber",1960,1
159,"2018-12-02 10:22:54.9070","2018-12-02 10:25:33.9130",3267,"Morris Canal",40.7124188237569,-74.03852552175522,3183,"Exchange Place",40.7162469,-74.0334588,29262,"Subscriber",1980,1
252,"2018-12-02 10:28:40.9810","2018-12-02 10:32:53.2540",3267,"Morris Canal",40.7124188237569,-74.03852552175522,3183,"Exchange Place",40.7162469,-74.0334588,29237,"Subscriber",1990,1
356,"2018-12-02 11:03:08.1510","2018-12-02 11:09:04.8160",3267,"Morris Canal",40.7124188237569,-74.03852552175522,3187,"Warren St",40.7211236,-74.03805095,29542,"Subscriber",1993,1
222,"2018-12-02 12:42:23.1420","2018-12-02 12:46:05.4830",3267,"Morris Canal",40.7124188237569,-74.03852552175522,3183,"Exchange Place",40.7162469,-74.0334588,26274,"Subscriber",1993,1
275,"2018-12-02 12:57:57.7520","2018-12-02 13:02:33.2510",3267,"Morris Canal",40.7124188237569,-74.03852552175522,3267,"Morris Canal",40.7124188237569,-74.03852552175522,29485,"Subscriber",1968,1
230,"2018-12-02 16:24:05.1850","2018-12-02 16:27:55.8990",3267,"Morris Canal",40.7124188237569,-74.03852552175522,3275,"Columbus Drive",40.71835519823214,-74.03891444206238,29583,"Subscriber",1981,0
786,"2018-12-02 20:21:23.3690","2018-12-02 20:34:29.9720",3267,"Morris Canal",40.7124188237569,-74.03852552175522,3270,"Jersey & 6th St",40.72528910781132,-74.04557168483734,26251,"Subscriber",1977,2
194,"2018-12-03 05:54:18.0320","2018-12-03 05:57:32.6590",3267,"Morris Canal",40.7124188237569,-74.03852552175522,3184,"Paulus Hook",40.7141454,-74.0335519,29485,"Subscriber",1961,1
240,"2018-12-03 06:31:53.4320","2018-12-03 06:35:54.3260",3267,"Morris Canal",40.7124188237569,-74.03852552175522,3183,"Exchange Place",40.7162469,-74.0334588,26274,"Subscriber",1974,1
268,"2018-12-03 07:14:12.6880","2018-12-03 07:18:41.1250",3267,"Morris Canal",40.7124188237569,-74.03852552175522,3183,"Exchange Place",40.7162469,-74.0334588,26182,"Subscriber",1973,1
359,"2018-12-03 07:38:30.0680","2018-12-03 07:44:29.9110",3267,"Morris Canal",40.7124188237569,-74.03852552175522,3186,"Grove St PATH",40.71958611647166,-74.04311746358871,29457,"Subscriber",1983,1
305,"2018-12-03 07:38:55.2690","2018-12-03 07:44:00.6350",3267,"Morris Canal",40.7124188237569,-74.03852552175522,3183,"Exchange Place",40.7162469,-74.0334588,29653,"Subscriber",1970,1
180,"2018-12-03 07:49:02.6640","2018-12-03 07:52:03.1490",3267,"Morris Canal",40.7124188237569,-74.03852552175522,3184,"Paulus Hook",40.7141454,-74.0335519,26303,"Subscriber",1993,1
439,"2018-12-03 07:50:21.3700","2018-12-03 07:57:40.8160",3267,"Morris Canal",40.7124188237569,-74.03852552175522,3186,"Grove St PATH",40.71958611647166,-74.04311746358871,29584,"Subscriber",1981,2
511,"2018-12-03 07:58:49.9420","2018-12-03 08:07:20.9530",3267,"Morris Canal",40.7124188237569,-74.03852552175522,3202,"Newport PATH",40.7272235,-74.0337589,29593,"Subscriber",1981,1
207,"2018-12-03 07:59:43.4490","2018-12-03 08:03:10.8240",3267,"Morris Canal",40.7124188237569,-74.03852552175522,3183,"Exchange Place",40.7162469,-74.0334588,29441,"Subscriber",1989,2
310,"2018-12-03 08:09:58.1200","2018-12-03 08:15:09.0350",3267,"Morris Canal",40.7124188237569,-74.03852552175522,3186,"Grove St PATH",40.71958611647166,-74.04311746358871,29439,"Subscriber",1990,1
223,"2018-12-03 08:14:46.6710","2018-12-03 08:18:30.3500",3267,"Morris Canal",40.7124188237569,-74.03852552175522,3183,"Exchange Place",40.7162469,-74.0334588,26200,"Subscriber",1985,1
301,"2018-12-03 08:29:34.1640","2018-12-03 08:34:35.6530",3267,"Morris Canal",40.7124188237569,-74.03852552175522,3183,"Exchange Place",40.7162469,-74.0334588,29653,"Subscriber",1989,1
245,"2018-12-03 08:38:07.4890","2018-12-03 08:42:13.2380",3267,"Morris Canal",40.7124188237569,-74.03852552175522,3183,"Exchange Place",40.7162469,-74.0334588,29673,"Subscriber",1980,1
229,"2018-12-03 08:53:20.1970","2018-12-03 08:57:09.3440",3267,"Morris Canal",40.7124188237569,-74.03852552175522,3183,"Exchange Place",40.7162469,-74.0334588,29448,"Subscriber",1990,1
200,"2018-12-03 09:18:18.7380","2018-12-03 09:21:39.0730",3267,"Morris Canal",40.7124188237569,-74.03852552175522,3183,"Exchange Place",40.7162469,-74.0334588,29612,"Subscriber",1981,0
310,"2018-12-03 09:22:51.0140","2018-12-03 09:28:01.9580",3267,"Morris Canal",40.7124188237569,-74.03852552175522,3183,"Exchange Place",40.7162469,-74.0334588,26263,"Subscriber",1980,2
245,"2018-12-03 09:24:52.0540","2018-12-03 09:28:57.3490",3267,"Morris Canal",40.7124188237569,-74.03852552175522,3183,"Exchange Place",40.7162469,-74.0334588,26261,"Subscriber",1990,1
276,"2018-12-03 09:44:24.3480","2018-12-03 09:49:01.0880",3267,"Morris Canal",40.7124188237569,-74.03852552175522,3183,"Exchange Place",40.7162469,-74.0334588,29659,"Subscriber",1977,1
105,"2018-12-03 09:45:33.7090","2018-12-03 09:47:18.8460",3267,"Morris Canal",40.7124188237569,-74.03852552175522,3184,"Paulus Hook",40.7141454,-74.0335519,29532,"Subscriber",1980,1
211,"2018-12-03 10:49:45.8030","2018-12-03 10:53:17.6550",3267,"Morris Canal",40.7124188237569,-74.03852552175522,3183,"Exchange Place",40.7162469,-74.0334588,29224,"Subscriber",1978,1
679,"2018-12-03 11:18:49.7010","2018-12-03 11:30:09.4130",3267,"Morris Canal",40.7124188237569,-74.03852552175522,3276,"Marin Light Rail",40.71458403535893,-74.04281705617905,26159,"Subscriber",1968,1
301,"2018-12-03 18:41:02.5880","2018-12-03 18:46:03.6810",3267,"Morris Canal",40.7124188237569,-74.03852552175522,3183,"Exchange Place",40.7162469,-74.0334588,29644,"Subscriber",1961,2
180,"2018-12-03 19:07:35.7740","2018-12-03 19:10:36.7480",3267,"Morris Canal",40.7124188237569,-74.03852552175522,3276,"Marin Light Rail",40.71458403535893,-74.04281705617905,29513,"Subscriber",1959,1
235,"2018-12-03 19:11:43.9420","2018-12-03 19:15:39.8400",3267,"Morris Canal",40.7124188237569,-74.03852552175522,3185,"City Hall",40.7177325,-74.043845,29644,"Subscriber",1980,1
145,"2018-12-04 05:54:26.4800","2018-12-04 05:56:52.3820",3267,"Morris Canal",40.7124188237569,-74.03852552175522,3184,"Paulus Hook",40.7141454,-74.0335519,29587,"Subscriber",1961,1
293,"2018-12-04 06:17:18.7450","2018-12-04 06:22:12.6010",3267,"Morris Canal",40.7124188237569,-74.03852552175522,3186,"Grove St PATH",40.71958611647166,-74.04311746358871,29639,"Subscriber",1958,1
265,"2018-12-04 07:06:44.0890","2018-12-04 07:11:09.7030",3267,"Morris Canal",40.7124188237569,-74.03852552175522,3183,"Exchange Place",40.7162469,-74.0334588,26275,"Subscriber",1973,1
289,"2018-12-04 07:11:42.4970","2018-12-04 07:16:31.7740",3267,"Morris Canal",40.7124188237569,-74.03852552175522,3183,"Exchange Place",40.7162469,-74.0334588,26241,"Subscriber",1983,1
225,"2018-12-04 07:17:53.3970","2018-12-04 07:21:39.3220",3267,"Morris Canal",40.7124188237569,-74.03852552175522,3183,"Exchange Place",40.7162469,-74.0334588,29271,"Subscriber",1974,1
256,"2018-12-04 07:32:27.1620","2018-12-04 07:36:44.0070",3267,"Morris Canal",40.7124188237569,-74.03852552175522,3183,"Exchange Place",40.7162469,-74.0334588,29513,"Subscriber",1970,1
238,"2018-12-04 07:42:02.4330","2018-12-04 07:46:01.2110",3267,"Morris Canal",40.7124188237569,-74.03852552175522,3183,"Exchange Place",40.7162469,-74.0334588,29296,"Subscriber",1990,1
323,"2018-12-04 07:48:41.9960","2018-12-04 07:54:05.7870",3267,"Morris Canal",40.7124188237569,-74.03852552175522,3183,"Exchange Place",40.7162469,-74.0334588,26287,"Subscriber",1994,2
188,"2018-12-04 07:50:57.0370","2018-12-04 07:54:05.6030",3267,"Morris Canal",40.7124188237569,-74.03852552175522,3184,"Paulus Hook",40.7141454,-74.0335519,31443,"Subscriber",1993,1
204,"2018-12-04 07:51:55.1590","2018-12-04 07:55:19.2760",3267,"Morris Canal",40.7124188237569,-74.03852552175522,3183,"Exchange Place",40.7162469,-74.0334588,29276,"Subscriber",1980,1
575,"2018-12-04 07:51:55.5400","2018-12-04 08:01:30.6400",3267,"Morris Canal",40.7124188237569,-74.03852552175522,3202,"Newport PATH",40.7272235,-74.0337589,26255,"Subscriber",1981,1
261,"2018-12-04 08:00:27.0850","2018-12-04 08:04:48.6940",3267,"Morris Canal",40.7124188237569,-74.03852552175522,3183,"Exchange Place",40.7162469,-74.0334588,26275,"Subscriber",1989,2
328,"2018-12-04 08:18:15.1110","2018-12-04 08:23:43.7220",3267,"Morris Canal",40.7124188237569,-74.03852552175522,3186,"Grove St PATH",40.71958611647166,-74.04311746358871,29301,"Subscriber",1990,1
633,"2018-12-04 08:18:24.9790","2018-12-04 08:28:58.3120",3267,"Morris Canal",40.7124188237569,-74.03852552175522,3183,"Exchange Place",40.7162469,-74.0334588,26224,"Subscriber",1978,1
362,"2018-12-04 08:24:36.7320","2018-12-04 08:30:38.7880",3267,"Morris Canal",40.7124188237569,-74.03852552175522,3186,"Grove St PATH",40.71958611647166,-74.04311746358871,29444,"Subscriber",1984,1
256,"2018-12-04 08:33:01.7650","2018-12-04 08:37:18.6540",3267,"Morris Canal",40.7124188237569,-74.03852552175522,3183,"Exchange Place",40.7162469,-74.0334588,26211,"Subscriber",1990,1
290,"2018-12-04 08:34:08.4840","2018-12-04 08:38:59.1450",3267,"Morris Canal",40.7124188237569,-74.03852552175522,3183,"Exchange Place",40.7162469,-74.0334588,26216,"Subscriber",1992,1
264,"2018-12-04 08:41:08.6920","2018-12-04 08:45:33.6090",3267,"Morris Canal",40.7124188237569,-74.03852552175522,3183,"Exchange Place",40.7162469,-74.0334588,26209,"Subscriber",1985,1
215,"2018-12-04 08:52:47.4680","2018-12-04 08:56:22.9300",3267,"Morris Canal",40.7124188237569,-74.03852552175522,3183,"Exchange Place",40.7162469,-74.0334588,26278,"Subscriber",1955,1
110,"2018-12-04 09:44:47.7280","2018-12-04 09:46:37.8470",3267,"Morris Canal",40.7124188237569,-74.03852552175522,3184,"Paulus Hook",40.7141454,-74.0335519,29593,"Subscriber",1980,1
372,"2018-12-04 11:33:16.3900","2018-12-04 11:39:28.7180",3267,"Morris Canal",40.7124188237569,-74.03852552175522,3186,"Grove St PATH",40.71958611647166,-74.04311746358871,29286,"Subscriber",1967,1
303,"2018-12-04 12:13:56.8610","2018-12-04 12:19:00.4320",3267,"Morris Canal",40.7124188237569,-74.03852552175522,3185,"City Hall",40.7177325,-74.043845,26241,"Subscriber",1968,1
269,"2018-12-04 13:51:54.7460","2018-12-04 13:56:24.2000",3267,"Morris Canal",40.7124188237569,-74.03852552175522,3639,"Harborside",40.7192517,-74.034234,26155,"Subscriber",1982,1
242,"2018-12-04 17:02:01.1900","2018-12-04 17:06:03.3780",3267,"Morris Canal",40.7124188237569,-74.03852552175522,3184,"Paulus Hook",40.7141454,-74.0335519,29573,"Subscriber",1984,1
220,"2018-12-04 17:05:27.7450","2018-12-04 17:09:08.4010",3267,"Morris Canal",40.7124188237569,-74.03852552175522,3184,"Paulus Hook",40.7141454,-74.0335519,29127,"Subscriber",1981,0
390,"2018-12-04 18:07:08.7700","2018-12-04 18:13:39.6470",3267,"Morris Canal",40.7124188237569,-74.03852552175522,3186,"Grove St PATH",40.71958611647166,-74.04311746358871,29573,"Subscriber",1961,2
291,"2018-12-04 18:28:22.4150","2018-12-04 18:33:13.8830",3267,"Morris Canal",40.7124188237569,-74.03852552175522,3183,"Exchange Place",40.7162469,-74.0334588,29224,"Subscriber",1988,2
717,"2018-12-04 21:27:32.5140","2018-12-04 21:39:30.5020",3267,"Morris Canal",40.7124188237569,-74.03852552175522,3214,"Essex Light Rail",40.7127742,-74.0364857,29643,"Subscriber",1980,1
294,"2018-12-04 21:27:56.0350","2018-12-04 21:32:50.4670",3267,"Morris Canal",40.7124188237569,-74.03852552175522,3275,"Columbus Drive",40.71835519823214,-74.03891444206238,29272,"Subscriber",1960,1
324,"2018-12-05 06:26:57.5660","2018-12-05 06:32:22.3060",3267,"Morris Canal",40.7124188237569,-74.03852552175522,3186,"Grove St PATH",40.71958611647166,-74.04311746358871,26260,"Subscriber",1958,1
235,"2018-12-05 06:47:23.2950","2018-12-05 06:51:18.3200",3267,"Morris Canal",40.7124188237569,-74.03852552175522,3183,"Exchange Place",40.7162469,-74.0334588,20783,"Subscriber",1993,1
222,"2018-12-05 07:17:06.1900","2018-12-05 07:20:48.9780",3267,"Morris Canal",40.7124188237569,-74.03852552175522,3183,"Exchange Place",40.7162469,-74.0334588,26155,"Subscriber",1955,1
377,"2018-12-05 07:30:56.2250","2018-12-05 07:37:13.7450",3267,"Morris Canal",40.7124188237569,-74.03852552175522,3186,"Grove St PATH",40.71958611647166,-74.04311746358871,29472,"Subscriber",1983,1
244,"2018-12-05 07:35:11.5260","2018-12-05 07:39:15.9460",3267,"Morris Canal",40.7124188237569,-74.03852552175522,3183,"Exchange Place",40.7162469,-74.0334588,26227,"Subscriber",1970,1
237,"2018-12-05 07:36:16.6850","2018-12-05 07:40:14.1260",3267,"Morris Canal",40.7124188237569,-74.03852552175522,3183,"Exchange Place",40.7162469,-74.0334588,29214,"Subscriber",1990,1
316,"2018-12-05 07:45:08.7870","2018-12-05 07:50:25.6520",3267,"Morris Canal",40.7124188237569,-74.03852552175522,3183,"Exchange Place",40.7162469,-74.0334588,29570,"Subscriber",1994,2
253,"2018-12-05 07:47:03.7140","2018-12-05 07:51:16.9480",3267,"Morris Canal",40.7124188237569,-74.03852552175522,3183,"Exchange Place",40.7162469,-74.0334588,29272,"Subscriber",1985,1
527,"2018-12-05 07:56:59.6840","2018-12-05 08:05:47.1840",3267,"Morris Canal",40.7124188237569,-74.03852552175522,3202,"Newport PATH",40.7272235,-74.0337589,29269,"Subscriber",1981,1
257,"2018-12-05 08:01:47.8700","2018-12-05 08:06:04.9070",3267,"Morris Canal",40.7124188237569,-74.03852552175522,3183,"Exchange Place",40.7162469,-74.0334588,26236,"Subscriber",1989,2
362,"2018-12-05 08:15:34.4700","2018-12-05 08:21:36.5330",3267,"Morris Canal",40.7124188237569,-74.03852552175522,3186,"Grove St PATH",40.71958611647166,-74.04311746358871,29439,"Subscriber",1990,1
221,"2018-12-05 08:17:17.5050","2018-12-05 08:20:58.7990",3267,"Morris Canal",40.7124188237569,-74.03852552175522,3183,"Exchange Place",40.7162469,-74.0334588,29460,"Customer",1969,0
397,"2018-12-05 08:19:19.9010","2018-12-05 08:25:57.7780",3267,"Morris Canal",40.7124188237569,-74.03852552175522,3186,"Grove St PATH",40.71958611647166,-74.04311746358871,29285,"Subscriber",1981,2
354,"2018-12-05 08:31:11.0420","2018-12-05 08:37:05.0690",3267,"Morris Canal",40.7124188237569,-74.03852552175522,3186,"Grove St PATH",40.71958611647166,-74.04311746358871,29263,"Subscriber",1984,1
447,"2018-12-05 08:34:40.9610","2018-12-05 08:42:08.6480",3267,"Morris Canal",40.7124188237569,-74.03852552175522,3638,"Washington St",40.7242941,-74.0354826,26204,"Subscriber",1970,1
170,"2018-12-05 08:36:47.5440","2018-12-05 08:39:38.1310",3267,"Morris Canal",40.7124188237569,-74.03852552175522,3184,"Paulus Hook",40.7141454,-74.0335519,29575,"Subscriber",1987,1
291,"2018-12-05 09:21:54.2950","2018-12-05 09:26:45.5590",3267,"Morris Canal",40.7124188237569,-74.03852552175522,3183,"Exchange Place",40.7162469,-74.0334588,29602,"Subscriber",1980,2
102,"2018-12-05 09:47:51.2440","2018-12-05 09:49:33.9580",3267,"Morris Canal",40.7124188237569,-74.03852552175522,3184,"Paulus Hook",40.7141454,-74.0335519,29455,"Subscriber",1980,1
263,"2018-12-05 09:58:37.4740","2018-12-05 10:03:00.7730",3267,"Morris Canal",40.7124188237569,-74.03852552175522,3183,"Exchange Place",40.7162469,-74.0334588,29451,"Subscriber",1990,1
250,"2018-12-05 10:37:47.4850","2018-12-05 10:41:58.4060",3267,"Morris Canal",40.7124188237569,-74.03852552175522,3183,"Exchange Place",40.7162469,-74.0334588,26302,"Subscriber",1977,1
248,"2018-12-05 11:11:50.1580","2018-12-05 11:15:58.9190",3267,"Morris Canal",40.7124188237569,-74.03852552175522,3183,"Exchange Place",40.7162469,-74.0334588,29533,"Subscriber",1981,0
1111,"2018-12-05 14:25:03.4700","2018-12-05 14:43:34.9200",3267,"Morris Canal",40.7124188237569,-74.03852552175522,3483,"Montgomery St",40.71942,-74.05099,29472,"Subscriber",1980,2
1987,"2018-12-05 15:51:22.3070","2018-12-05 16:24:29.6180",3267,"Morris Canal",40.7124188237569,-74.03852552175522,3210,"Pershing Field",40.742677141,-74.051788633,26166,"Subscriber",1988,1
182,"2018-12-06 06:11:49.3870","2018-12-06 06:14:51.3950",3267,"Morris Canal",40.7124188237569,-74.03852552175522,3183,"Exchange Place",40.7162469,-74.0334588,26287,"Subscriber",1973,1
332,"2018-12-06 06:16:17.5880","2018-12-06 06:21:50.0630",3267,"Morris Canal",40.7124188237569,-74.03852552175522,3186,"Grove St PATH",40.71958611647166,-74.04311746358871,29673,"Subscriber",1958,1
256,"2018-12-06 06:45:33.2240","2018-12-06 06:49:49.8860",3267,"Morris Canal",40.7124188237569,-74.03852552175522,3183,"Exchange Place",40.7162469,-74.0334588,26197,"Subscriber",1993,1
231,"2018-12-06 07:01:36.9570","2018-12-06 07:05:28.2280",3267,"Morris Canal",40.7124188237569,-74.03852552175522,3183,"Exchange Place",40.7162469,-74.0334588,29606,"Subscriber",1973,1
254,"2018-12-06 07:37:19.2690","2018-12-06 07:41:33.9620",3267,"Morris Canal",40.7124188237569,-74.03852552175522,3183,"Exchange Place",40.7162469,-74.0334588,26223,"Subscriber",1980,1
302,"2018-12-06 07:39:43.7480","2018-12-06 07:44:46.4090",3267,"Morris Canal",40.7124188237569,-74.03852552175522,3183,"Exchange Place",40.7162469,-74.0334588,29273,"Subscriber",1976,1
285,"2018-12-06 07:41:33.5740","2018-12-06 07:46:18.8640",3267,"Morris Canal",40.7124188237569,-74.03852552175522,3183,"Exchange Place",40.7162469,-74.0334588,26280,"Subscriber",1978,1
624,"2018-12-06 07:48:39.2780","2018-12-06 07:59:04.0340",3267,"Morris Canal",40.7124188237569,-74.03852552175522,3202,"Newport PATH",40.7272235,-74.0337589,26257,"Subscriber",1981,1
266,"2018-12-06 07:56:19.6230","2018-12-06 08:00:46.5810",3267,"Morris Canal",40.7124188237569,-74.03852552175522,3183,"Exchange Place",40.7162469,-74.0334588,26211,"Subscriber",1989,2
308,"2018-12-06 07:57:23.1300","2018-12-06 08:02:31.5510",3267,"Morris Canal",40.7124188237569,-74.03852552175522,3183,"Exchange Place",40.7162469,-74.0334588,29219,"Subscriber",1970,1
241,"2018-12-06 08:12:28.6320","2018-12-06 08:16:30.5640",3267,"Morris Canal",40.7124188237569,-74.03852552175522,3183,"Exchange Place",40.7162469,-74.0334588,26273,"Subscriber",1985,1
317,"2018-12-06 08:13:08.6340","2018-12-06 08:18:25.7170",3267,"Morris Canal",40.7124188237569,-74.03852552175522,3183,"Exchange Place",40.7162469,-74.0334588,26225,"Subscriber",1994,2
211,"2018-12-06 08:18:06.7100","2018-12-06 08:21:37.9180",3267,"Morris Canal",40.7124188237569,-74.03852552175522,3183,"Exchange Place",40.7162469,-74.0334588,29474,"Subscriber",1955,1
517,"2018-12-06 08:31:21.5900","2018-12-06 08:39:59.2310",3267,"Morris Canal",40.7124188237569,-74.03852552175522,3202,"Newport PATH",40.7272235,-74.0337589,29127,"Subscriber",1970,1
275,"2018-12-06 08:31:36.1980","2018-12-06 08:36:12.1970",3267,"Morris Canal",40.7124188237569,-74.03852552175522,3183,"Exchange Place",40.7162469,-74.0334588,26193,"Subscriber",1992,1
423,"2018-12-06 08:31:31.9160","2018-12-06 08:38:35.0250",3267,"Morris Canal",40.7124188237569,-74.03852552175522,3186,"Grove St PATH",40.71958611647166,-74.04311746358871,26227,"Subscriber",1984,1
275,"2018-12-06 08:40:19.3870","2018-12-06 08:44:55.3150",3267,"Morris Canal",40.7124188237569,-74.03852552175522,3184,"Paulus Hook",40.7141454,-74.0335519,29292,"Subscriber",1990,1
680,"2018-12-06 08:43:55.5380","2018-12-06 08:55:15.8660",3267,"Morris Canal",40.7124188237569,-74.03852552175522,3638,"Washington St",40.7242941,-74.0354826,26215,"Subscriber",1980,2
215,"2018-12-06 08:56:56.5980","2018-12-06 09:00:31.6360",3267,"Morris Canal",40.7124188237569,-74.03852552175522,3183,"Exchange Place",40.7162469,-74.0334588,29289,"Subscriber",1991,1
227,"2018-12-06 09:01:29.4210","2018-12-06 09:05:16.4680",3267,"Morris Canal",40.7124188237569,-74.03852552175522,3183,"Exchange Place",40.7162469,-74.0334588,26281,"Subscriber",1990,1
237,"2018-12-06 09:04:09.0370","2018-12-06 09:08:06.0950",3267,"Morris Canal",40.7124188237569,-74.03852552175522,3183,"Exchange Place",40.7162469,-74.0334588,29446,"Subscriber",1990,2
273,"2018-12-06 09:27:00.3830","2018-12-06 09:31:33.7960",3267,"Morris Canal",40.7124188237569,-74.03852552175522,3183,"Exchange Place",40.7162469,-74.0334588,26203,"Subscriber",1990,1
316,"2018-12-06 09:36:50.9910","2018-12-06 09:42:07.8640",3267,"Morris Canal",40.7124188237569,-74.03852552175522,3183,"Exchange Place",40.7162469,-74.0334588,29669,"Subscriber",1980,2
115,"2018-12-06 09:46:02.5960","2018-12-06 09:47:57.7460",3267,"Morris Canal",40.7124188237569,-74.03852552175522,3184,"Paulus Hook",40.7141454,-74.0335519,29197,"Subscriber",1980,1
250,"2018-12-06 10:06:14.3180","2018-12-06 10:10:24.5740",3267,"Morris Canal",40.7124188237569,-74.03852552175522,3275,"Columbus Drive",40.71835519823214,-74.03891444206238,29304,"Subscriber",1988,2
291,"2018-12-06 10:21:04.8020","2018-12-06 10:25:56.1030",3267,"Morris Canal",40.7124188237569,-74.03852552175522,3187,"Warren St",40.7211236,-74.03805095,29214,"Subscriber",1968,1
231,"2018-12-06 13:50:02.3430","2018-12-06 13:53:54.3350",3267,"Morris Canal",40.7124188237569,-74.03852552175522,3267,"Morris Canal",40.7124188237569,-74.03852552175522,29214,"Subscriber",1968,1
259,"2018-12-06 18:46:47.0250","2018-12-06 18:51:06.6590",3267,"Morris Canal",40.7124188237569,-74.03852552175522,3183,"Exchange Place",40.7162469,-74.0334588,29266,"Subscriber",1990,1
614,"2018-12-06 20:31:16.4020","2018-12-06 20:41:30.5480",3267,"Morris Canal",40.7124188237569,-74.03852552175522,3267,"Morris Canal",40.7124188237569,-74.03852552175522,29536,"Subscriber",1974,1
440,"2018-12-06 21:36:16.4080","2018-12-06 21:43:37.1010",3267,"Morris Canal",40.7124188237569,-74.03852552175522,3267,"Morris Canal",40.7124188237569,-74.03852552175522,29536,"Subscriber",1974,1
363,"2018-12-07 06:32:32.3030","2018-12-07 06:38:35.7550",3267,"Morris Canal",40.7124188237569,-74.03852552175522,3186,"Grove St PATH",40.71958611647166,-74.04311746358871,29536,"Subscriber",1974,1
158,"2018-12-07 07:04:47.0540","2018-12-07 07:07:25.4980",3267,"Morris Canal",40.7124188237569,-74.03852552175522,3183,"Exchange Place",40.7162469,-74.0334588,29520,"Subscriber",1990,1
157,"2018-12-07 07:15:52.8030","2018-12-07 07:18:30.1250",3267,"Morris Canal",40.7124188237569,-74.03852552175522,3184,"Paulus Hook",40.7141454,-74.0335519,29474,"Subscriber",1969,0
174,"2018-12-07 07:35:45.8410","2018-12-07 07:38:39.9130",3267,"Morris Canal",40.7124188237569,-74.03852552175522,3184,"Paulus Hook",40.7141454,-74.0335519,28164,"Subscriber",1993,1
209,"2018-12-07 07:45:32.7250","2018-12-07 07:49:02.0340",3267,"Morris Canal",40.7124188237569,-74.03852552175522,3183,"Exchange Place",40.7162469,-74.0334588,29573,"Subscriber",1968,1
231,"2018-12-07 07:57:08.0360","2018-12-07 08:00:59.9930",3267,"Morris Canal",40.7124188237569,-74.03852552175522,3183,"Exchange Place",40.7162469,-74.0334588,26160,"Subscriber",1980,1
346,"2018-12-07 08:05:21.3190","2018-12-07 08:11:07.5480",3267,"Morris Canal",40.7124188237569,-74.03852552175522,3183,"Exchange Place",40.7162469,-74.0334588,26206,"Subscriber",1970,1
361,"2018-12-07 08:08:44.7090","2018-12-07 08:14:45.8740",3267,"Morris Canal",40.7124188237569,-74.03852552175522,3183,"Exchange Place",40.7162469,-74.0334588,29581,"Subscriber",1994,2
408,"2018-12-07 08:11:32.2570","2018-12-07 08:18:20.3760",3267,"Morris Canal",40.7124188237569,-74.03852552175522,3186,"Grove St PATH",40.71958611647166,-74.04311746358871,29453,"Subscriber",1990,1
171,"2018-12-07 08:21:41.4590","2018-12-07 08:24:33.1490",3267,"Morris Canal",40.7124188237569,-74.03852552175522,3184,"Paulus Hook",40.7141454,-74.0335519,29572,"Subscriber",1987,1
283,"2018-12-07 08:40:27.0370","2018-12-07 08:45:10.7310",3267,"Morris Canal",40.7124188237569,-74.03852552175522,3183,"Exchange Place",40.7162469,-74.0334588,29642,"Subscriber",1992,1
280,"2018-12-07 08:50:34.5860","2018-12-07 08:55:14.8060",3267,"Morris Canal",40.7124188237569,-74.03852552175522,3183,"Exchange Place",40.7162469,-74.0334588,26213,"Subscriber",1990,1
246,"2018-12-07 09:06:13.6760","2018-12-07 09:10:19.9390",3267,"Morris Canal",40.7124188237569,-74.03852552175522,3183,"Exchange Place",40.7162469,-74.0334588,29508,"Subscriber",1981,0
225,"2018-12-07 10:41:08.1920","2018-12-07 10:44:53.3690",3267,"Morris Canal",40.7124188237569,-74.03852552175522,3183,"Exchange Place",40.7162469,-74.0334588,29204,"Subscriber",1985,1
138,"2018-12-07 10:43:41.0930","2018-12-07 10:45:59.5720",3267,"Morris Canal",40.7124188237569,-74.03852552175522,3267,"Morris Canal",40.7124188237569,-74.03852552175522,26197,"Customer",1965,1
3613,"2018-12-07 10:50:08.6330","2018-12-07 11:50:22.0900",3267,"Morris Canal",40.7124188237569,-74.03852552175522,3205,"JC Medical Center",40.71653978099194,-74.0496379137039,29670,"Customer",1965,1
3566,"2018-12-07 10:51:02.5340","2018-12-07 11:50:28.5740",3267,"Morris Canal",40.7124188237569,-74.03852552175522,3205,"JC Medical Center",40.71653978099194,-74.0496379137039,26197,"Customer",1979,2
311,"2018-12-07 12:08:40.2970","2018-12-07 12:13:51.6010",3267,"Morris Canal",40.7124188237569,-74.03852552175522,3275,"Columbus Drive",40.71835519823214,-74.03891444206238,26309,"Subscriber",1988,2
442,"2018-12-07 12:20:23.2600","2018-12-07 12:27:45.5230",3267,"Morris Canal",40.7124188237569,-74.03852552175522,3183,"Exchange Place",40.7162469,-74.0334588,26260,"Subscriber",1984,1
263,"2018-12-07 12:56:56.2010","2018-12-07 13:01:20.0160",3267,"Morris Canal",40.7124188237569,-74.03852552175522,3183,"Exchange Place",40.7162469,-74.0334588,26257,"Subscriber",1959,1
545,"2018-12-07 13:12:35.1690","2018-12-07 13:21:40.8290",3267,"Morris Canal",40.7124188237569,-74.03852552175522,3184,"Paulus Hook",40.7141454,-74.0335519,26209,"Subscriber",1961,2
80,"2018-12-07 13:46:15.8560","2018-12-07 13:47:36.0710",3267,"Morris Canal",40.7124188237569,-74.03852552175522,3214,"Essex Light Rail",40.7127742,-74.0364857,29483,"Subscriber",1989,2
496,"2018-12-07 16:32:19.3180","2018-12-07 16:40:35.9560",3267,"Morris Canal",40.7124188237569,-74.03852552175522,3211,"Newark Ave",40.72152515,-74.046304543,29606,"Subscriber",1985,1
480,"2018-12-07 17:24:05.1130","2018-12-07 17:32:05.7600",3267,"Morris Canal",40.7124188237569,-74.03852552175522,3186,"Grove St PATH",40.71958611647166,-74.04311746358871,29497,"Subscriber",1961,2
438,"2018-12-07 18:12:53.1700","2018-12-07 18:20:11.3050",3267,"Morris Canal",40.7124188237569,-74.03852552175522,3638,"Washington St",40.7242941,-74.0354826,29536,"Subscriber",1984,1
666,"2018-12-07 18:37:45.7250","2018-12-07 18:48:51.9040",3267,"Morris Canal",40.7124188237569,-74.03852552175522,3199,"Newport Pkwy",40.7287448,-74.0321082,26293,"Subscriber",1990,2
259,"2018-12-07 18:44:54.2890","2018-12-07 18:49:13.6430",3267,"Morris Canal",40.7124188237569,-74.03852552175522,3183,"Exchange Place",40.7162469,-74.0334588,29605,"Subscriber",1977,1
314,"2018-12-08 08:02:51.4030","2018-12-08 08:08:06.0700",3267,"Morris Canal",40.7124188237569,-74.03852552175522,3213,"Van Vorst Park",40.71848892,-74.047726625,29658,"Subscriber",1977,1
206,"2018-12-08 08:35:20.8080","2018-12-08 08:38:47.7020",3267,"Morris Canal",40.7124188237569,-74.03852552175522,3183,"Exchange Place",40.7162469,-74.0334588,29555,"Subscriber",1990,1
946,"2018-12-08 10:44:50.8390","2018-12-08 11:00:37.1190",3267,"Morris Canal",40.7124188237569,-74.03852552175522,3211,"Newark Ave",40.72152515,-74.046304543,26260,"Customer",1967,2
175,"2018-12-08 11:33:15.1500","2018-12-08 11:36:10.2590",3267,"Morris Canal",40.7124188237569,-74.03852552175522,3184,"Paulus Hook",40.7141454,-74.0335519,29607,"Subscriber",1993,1
231,"2018-12-08 11:47:22.7980","2018-12-08 11:51:13.9630",3267,"Morris Canal",40.7124188237569,-74.03852552175522,3183,"Exchange Place",40.7162469,-74.0334588,29497,"Subscriber",1977,1
211,"2018-12-08 12:39:25.7570","2018-12-08 12:42:57.6220",3267,"Morris Canal",40.7124188237569,-74.03852552175522,3183,"Exchange Place",40.7162469,-74.0334588,29306,"Subscriber",1976,1
374,"2018-12-08 13:18:53.7990","2018-12-08 13:25:08.0060",3267,"Morris Canal",40.7124188237569,-74.03852552175522,3186,"Grove St PATH",40.71958611647166,-74.04311746358871,26245,"Subscriber",1951,1
232,"2018-12-08 13:46:24.8840","2018-12-08 13:50:17.5770",3267,"Morris Canal",40.7124188237569,-74.03852552175522,3183,"Exchange Place",40.7162469,-74.0334588,26288,"Subscriber",1981,0
533,"2018-12-08 14:46:49.4530","2018-12-08 14:55:43.0290",3267,"Morris Canal",40.7124188237569,-74.03852552175522,3199,"Newport Pkwy",40.7287448,-74.0321082,26221,"Subscriber",1977,1
293,"2018-12-08 14:52:18.5560","2018-12-08 14:57:11.7660",3267,"Morris Canal",40.7124188237569,-74.03852552175522,3275,"Columbus Drive",40.71835519823214,-74.03891444206238,26280,"Subscriber",1959,1
181,"2018-12-08 15:09:03.3190","2018-12-08 15:12:04.4190",3267,"Morris Canal",40.7124188237569,-74.03852552175522,3183,"Exchange Place",40.7162469,-74.0334588,26206,"Subscriber",1980,1
342,"2018-12-08 15:24:45.4650","2018-12-08 15:30:28.1000",3267,"Morris Canal",40.7124188237569,-74.03852552175522,3186,"Grove St PATH",40.71958611647166,-74.04311746358871,26190,"Subscriber",1951,1
276,"2018-12-08 15:48:30.2920","2018-12-08 15:53:06.9390",3267,"Morris Canal",40.7124188237569,-74.03852552175522,3183,"Exchange Place",40.7162469,-74.0334588,26215,"Subscriber",1980,2
251,"2018-12-08 15:48:35.1750","2018-12-08 15:52:47.0840",3267,"Morris Canal",40.7124188237569,-74.03852552175522,3183,"Exchange Place",40.7162469,-74.0334588,26208,"Subscriber",1979,1
289,"2018-12-08 17:22:02.4990","2018-12-08 17:26:51.8690",3267,"Morris Canal",40.7124188237569,-74.03852552175522,3183,"Exchange Place",40.7162469,-74.0334588,29545,"Customer",1994,2
310,"2018-12-08 17:50:37.8940","2018-12-08 17:55:48.3080",3267,"Morris Canal",40.7124188237569,-74.03852552175522,3275,"Columbus Drive",40.71835519823214,-74.03891444206238,29492,"Subscriber",1993,1
639,"2018-12-08 19:51:36.1510","2018-12-08 20:02:16.0630",3267,"Morris Canal",40.7124188237569,-74.03852552175522,3267,"Morris Canal",40.7124188237569,-74.03852552175522,29605,"Subscriber",1981,1
349,"2018-12-08 20:06:39.4960","2018-12-08 20:12:28.5920",3267,"Morris Canal",40.7124188237569,-74.03852552175522,3185,"City Hall",40.7177325,-74.043845,26280,"Subscriber",1977,1
191,"2018-12-09 08:01:50.9050","2018-12-09 08:05:02.2680",3267,"Morris Canal",40.7124188237569,-74.03852552175522,3183,"Exchange Place",40.7162469,-74.0334588,29497,"Subscriber",1973,1
199,"2018-12-09 11:20:05.4370","2018-12-09 11:23:25.1330",3267,"Morris Canal",40.7124188237569,-74.03852552175522,3183,"Exchange Place",40.7162469,-74.0334588,29458,"Subscriber",1981,0
286,"2018-12-09 12:11:24.9650","2018-12-09 12:16:11.1430",3267,"Morris Canal",40.7124188237569,-74.03852552175522,3275,"Columbus Drive",40.71835519823214,-74.03891444206238,26203,"Subscriber",1993,1
345,"2018-12-09 12:46:30.0950","2018-12-09 12:52:15.2590",3267,"Morris Canal",40.7124188237569,-74.03852552175522,3186,"Grove St PATH",40.71958611647166,-74.04311746358871,29281,"Subscriber",1955,1
295,"2018-12-09 12:47:59.8550","2018-12-09 12:52:55.3730",3267,"Morris Canal",40.7124188237569,-74.03852552175522,3183,"Exchange Place",40.7162469,-74.0334588,29594,"Subscriber",1980,2
266,"2018-12-09 12:48:26.1110","2018-12-09 12:52:53.0500",3267,"Morris Canal",40.7124188237569,-74.03852552175522,3183,"Exchange Place",40.7162469,-74.0334588,26190,"Subscriber",1979,1
169,"2018-12-09 12:53:28.4210","2018-12-09 12:56:17.7980",3267,"Morris Canal",40.7124188237569,-74.03852552175522,3183,"Exchange Place",40.7162469,-74.0334588,29123,"Subscriber",1982,1
227,"2018-12-09 14:09:18.7960","2018-12-09 14:13:06.1360",3267,"Morris Canal",40.7124188237569,-74.03852552175522,3183,"Exchange Place",40.7162469,-74.0334588,29215,"Subscriber",1976,1
249,"2018-12-09 15:32:05.5580","2018-12-09 15:36:15.0580",3267,"Morris Canal",40.7124188237569,-74.03852552175522,3275,"Columbus Drive",40.71835519823214,-74.03891444206238,29283,"Subscriber",1960,1
201,"2018-12-09 17:26:45.8470","2018-12-09 17:30:07.6300",3267,"Morris Canal",40.7124188237569,-74.03852552175522,3183,"Exchange Place",40.7162469,-74.0334588,29578,"Subscriber",1974,1
1222,"2018-12-09 19:14:51.8370","2018-12-09 19:35:14.1780",3267,"Morris Canal",40.7124188237569,-74.03852552175522,3207,"Oakland Ave",40.7376037,-74.0524783,29283,"Subscriber",1960,1
119,"2018-12-10 06:20:18.0390","2018-12-10 06:22:18.0070",3267,"Morris Canal",40.7124188237569,-74.03852552175522,3184,"Paulus Hook",40.7141454,-74.0335519,29284,"Subscriber",1973,1
247,"2018-12-10 06:21:29.4160","2018-12-10 06:25:37.3060",3267,"Morris Canal",40.7124188237569,-74.03852552175522,3183,"Exchange Place",40.7162469,-74.0334588,26234,"Subscriber",1994,2
276,"2018-12-10 06:31:13.2800","2018-12-10 06:35:50.0320",3267,"Morris Canal",40.7124188237569,-74.03852552175522,3186,"Grove St PATH",40.71958611647166,-74.04311746358871,29457,"Subscriber",1958,1
216,"2018-12-10 06:52:00.1840","2018-12-10 06:55:36.6580",3267,"Morris Canal",40.7124188237569,-74.03852552175522,3183,"Exchange Place",40.7162469,-74.0334588,29595,"Subscriber",1973,1
191,"2018-12-10 07:48:09.3120","2018-12-10 07:51:20.7080",3267,"Morris Canal",40.7124188237569,-74.03852552175522,3183,"Exchange Place",40.7162469,-74.0334588,29605,"Subscriber",1985,1
201,"2018-12-10 07:50:27.6660","2018-12-10 07:53:49.5420",3267,"Morris Canal",40.7124188237569,-74.03852552175522,3184,"Paulus Hook",40.7141454,-74.0335519,29588,"Subscriber",1993,1
107,"2018-12-10 08:22:31.7700","2018-12-10 08:24:19.5780",3267,"Morris Canal",40.7124188237569,-74.03852552175522,3681,"Grand St",40.71517767732029,-74.03768330812454,29247,"Subscriber",1990,1
498,"2018-12-10 09:02:59.2820","2018-12-10 09:11:17.6960",3267,"Morris Canal",40.7124188237569,-74.03852552175522,3186,"Grove St PATH",40.71958611647166,-74.04311746358871,29222,"Subscriber",1981,2
113,"2018-12-10 09:45:40.1120","2018-12-10 09:47:33.2670",3267,"Morris Canal",40.7124188237569,-74.03852552175522,3184,"Paulus Hook",40.7141454,-74.0335519,29678,"Subscriber",1980,1
311,"2018-12-10 09:45:55.7820","2018-12-10 09:51:07.2640",3267,"Morris Canal",40.7124188237569,-74.03852552175522,3186,"Grove St PATH",40.71958611647166,-74.04311746358871,29578,"Subscriber",1976,1
1602,"2018-12-10 10:24:48.3560","2018-12-10 10:51:30.4060",3267,"Morris Canal",40.7124188237569,-74.03852552175522,3209,"Brunswick St",40.7241765,-74.0506564,29458,"Subscriber",1975,1
231,"2018-12-10 10:35:09.2460","2018-12-10 10:39:00.2470",3267,"Morris Canal",40.7124188237569,-74.03852552175522,3183,"Exchange Place",40.7162469,-74.0334588,29656,"Subscriber",1981,0
328,"2018-12-10 12:30:15.9860","2018-12-10 12:35:44.1480",3267,"Morris Canal",40.7124188237569,-74.03852552175522,3275,"Columbus Drive",40.71835519823214,-74.03891444206238,29496,"Subscriber",1988,2
1739,"2018-12-10 14:16:49.4400","2018-12-10 14:45:49.3490",3267,"Morris Canal",40.7124188237569,-74.03852552175522,3198,"Heights Elevator",40.748715945380226,-74.04044330120087,29594,"Subscriber",1988,1
467,"2018-12-10 15:31:43.4910","2018-12-10 15:39:31.4830",3267,"Morris Canal",40.7124188237569,-74.03852552175522,3639,"Harborside",40.7192517,-74.034234,29204,"Subscriber",1967,1
272,"2018-12-10 17:25:16.3820","2018-12-10 17:29:48.9760",3267,"Morris Canal",40.7124188237569,-74.03852552175522,3183,"Exchange Place",40.7162469,-74.0334588,29640,"Subscriber",1977,1
276,"2018-12-10 18:38:57.1680","2018-12-10 18:43:33.9810",3267,"Morris Canal",40.7124188237569,-74.03852552175522,3183,"Exchange Place",40.7162469,-74.0334588,26191,"Subscriber",1961,2
147,"2018-12-11 05:54:27.4920","2018-12-11 05:56:55.3410",3267,"Morris Canal",40.7124188237569,-74.03852552175522,3184,"Paulus Hook",40.7141454,-74.0335519,29613,"Subscriber",1961,1
128,"2018-12-11 06:07:59.2050","2018-12-11 06:10:08.1040",3267,"Morris Canal",40.7124188237569,-74.03852552175522,3184,"Paulus Hook",40.7141454,-74.0335519,26246,"Subscriber",1973,1
351,"2018-12-11 06:14:04.7630","2018-12-11 06:19:56.5150",3267,"Morris Canal",40.7124188237569,-74.03852552175522,3639,"Harborside",40.7192517,-74.034234,26191,"Subscriber",1957,1
183,"2018-12-11 06:19:03.2300","2018-12-11 06:22:07.1430",3267,"Morris Canal",40.7124188237569,-74.03852552175522,3183,"Exchange Place",40.7162469,-74.0334588,29296,"Subscriber",1994,2
260,"2018-12-11 06:52:31.7890","2018-12-11 06:56:52.6710",3267,"Morris Canal",40.7124188237569,-74.03852552175522,3183,"Exchange Place",40.7162469,-74.0334588,29479,"Subscriber",1970,1
251,"2018-12-11 06:59:04.9510","2018-12-11 07:03:16.8460",3267,"Morris Canal",40.7124188237569,-74.03852552175522,3183,"Exchange Place",40.7162469,-74.0334588,29588,"Subscriber",1973,1
225,"2018-12-11 07:23:41.4870","2018-12-11 07:27:26.9430",3267,"Morris Canal",40.7124188237569,-74.03852552175522,3183,"Exchange Place",40.7162469,-74.0334588,26262,"Subscriber",1968,1
344,"2018-12-11 07:41:59.5430","2018-12-11 07:47:43.8230",3267,"Morris Canal",40.7124188237569,-74.03852552175522,3183,"Exchange Place",40.7162469,-74.0334588,29494,"Subscriber",1994,2
144,"2018-12-11 07:43:53.1910","2018-12-11 07:46:17.2500",3267,"Morris Canal",40.7124188237569,-74.03852552175522,3184,"Paulus Hook",40.7141454,-74.0335519,29593,"Subscriber",1993,1
259,"2018-12-11 07:50:50.1700","2018-12-11 07:55:09.4350",3267,"Morris Canal",40.7124188237569,-74.03852552175522,3183,"Exchange Place",40.7162469,-74.0334588,26251,"Subscriber",1989,2
566,"2018-12-11 07:55:35.6780","2018-12-11 08:05:01.8820",3267,"Morris Canal",40.7124188237569,-74.03852552175522,3202,"Newport PATH",40.7272235,-74.0337589,29307,"Subscriber",1981,1
389,"2018-12-11 08:02:24.8090","2018-12-11 08:08:54.5130",3267,"Morris Canal",40.7124188237569,-74.03852552175522,3186,"Grove St PATH",40.71958611647166,-74.04311746358871,29606,"Subscriber",1981,2
282,"2018-12-11 08:09:36.5070","2018-12-11 08:14:18.5910",3267,"Morris Canal",40.7124188237569,-74.03852552175522,3183,"Exchange Place",40.7162469,-74.0334588,29237,"Subscriber",1980,1
296,"2018-12-11 08:36:42.5020","2018-12-11 08:41:39.2120",3267,"Morris Canal",40.7124188237569,-74.03852552175522,3183,"Exchange Place",40.7162469,-74.0334588,29675,"Subscriber",1992,1
216,"2018-12-11 09:57:57.2300","2018-12-11 10:01:33.6840",3267,"Morris Canal",40.7124188237569,-74.03852552175522,3183,"Exchange Place",40.7162469,-74.0334588,29482,"Subscriber",1981,0
710,"2018-12-11 10:26:12.4660","2018-12-11 10:38:02.4700",3267,"Morris Canal",40.7124188237569,-74.03852552175522,3638,"Washington St",40.7242941,-74.0354826,29523,"Subscriber",1980,2
224,"2018-12-11 11:24:03.2540","2018-12-11 11:27:47.3340",3267,"Morris Canal",40.7124188237569,-74.03852552175522,3275,"Columbus Drive",40.71835519823214,-74.03891444206238,29640,"Subscriber",1988,2
246,"2018-12-11 12:26:16.7150","2018-12-11 12:30:23.1530",3267,"Morris Canal",40.7124188237569,-74.03852552175522,3183,"Exchange Place",40.7162469,-74.0334588,29295,"Subscriber",1967,1
189,"2018-12-11 13:49:38.7330","2018-12-11 13:52:48.7280",3267,"Morris Canal",40.7124188237569,-74.03852552175522,3183,"Exchange Place",40.7162469,-74.0334588,29594,"Subscriber",1982,1
188,"2018-12-11 14:39:36.2070","2018-12-11 14:42:44.9950",3267,"Morris Canal",40.7124188237569,-74.03852552175522,3183,"Exchange Place",40.7162469,-74.0334588,26198,"Subscriber",1958,1
228,"2018-12-11 16:34:31.7030","2018-12-11 16:38:20.1190",3267,"Morris Canal",40.7124188237569,-74.03852552175522,3183,"Exchange Place",40.7162469,-74.0334588,29434,"Subscriber",1976,1
186,"2018-12-11 17:02:59.1080","2018-12-11 17:06:05.8820",3267,"Morris Canal",40.7124188237569,-74.03852552175522,3184,"Paulus Hook",40.7141454,-74.0335519,26251,"Subscriber",1987,1
777,"2018-12-11 17:27:40.8570","2018-12-11 17:40:38.0050",3267,"Morris Canal",40.7124188237569,-74.03852552175522,3267,"Morris Canal",40.7124188237569,-74.03852552175522,26248,"Subscriber",1970,1
494,"2018-12-11 18:05:36.4570","2018-12-11 18:13:51.1530",3267,"Morris Canal",40.7124188237569,-74.03852552175522,3186,"Grove St PATH",40.71958611647166,-74.04311746358871,26210,"Subscriber",1961,2
153,"2018-12-12 05:55:25.0180","2018-12-12 05:57:58.4330",3267,"Morris Canal",40.7124188237569,-74.03852552175522,3184,"Paulus Hook",40.7141454,-74.0335519,29602,"Subscriber",1961,1
206,"2018-12-12 06:23:46.4540","2018-12-12 06:27:13.4300",3267,"Morris Canal",40.7124188237569,-74.03852552175522,3275,"Columbus Drive",40.71835519823214,-74.03891444206238,29604,"Subscriber",1958,1
206,"2018-12-12 06:24:04.8940","2018-12-12 06:27:31.7880",3267,"Morris Canal",40.7124188237569,-74.03852552175522,3183,"Exchange Place",40.7162469,-74.0334588,26297,"Subscriber",1994,2
250,"2018-12-12 06:31:10.9390","2018-12-12 06:35:21.6690",3267,"Morris Canal",40.7124188237569,-74.03852552175522,3183,"Exchange Place",40.7162469,-74.0334588,26271,"Subscriber",1974,1
221,"2018-12-12 07:13:31.6730","2018-12-12 07:17:13.0890",3267,"Morris Canal",40.7124188237569,-74.03852552175522,3183,"Exchange Place",40.7162469,-74.0334588,29473,"Subscriber",1973,1
303,"2018-12-12 07:22:33.3070","2018-12-12 07:27:37.2390",3267,"Morris Canal",40.7124188237569,-74.03852552175522,3183,"Exchange Place",40.7162469,-74.0334588,29491,"Subscriber",1983,1
205,"2018-12-12 07:25:37.9160","2018-12-12 07:29:03.1830",3267,"Morris Canal",40.7124188237569,-74.03852552175522,3183,"Exchange Place",40.7162469,-74.0334588,29262,"Subscriber",1968,1
202,"2018-12-12 07:52:31.4970","2018-12-12 07:55:54.0610",3267,"Morris Canal",40.7124188237569,-74.03852552175522,3184,"Paulus Hook",40.7141454,-74.0335519,29307,"Subscriber",1993,1
319,"2018-12-12 07:54:29.6210","2018-12-12 07:59:48.9240",3267,"Morris Canal",40.7124188237569,-74.03852552175522,3183,"Exchange Place",40.7162469,-74.0334588,29198,"Subscriber",1994,2
260,"2018-12-12 07:55:01.2110","2018-12-12 07:59:21.7500",3267,"Morris Canal",40.7124188237569,-74.03852552175522,3183,"Exchange Place",40.7162469,-74.0334588,26298,"Subscriber",1989,2
319,"2018-12-12 08:26:25.4940","2018-12-12 08:31:45.1410",3267,"Morris Canal",40.7124188237569,-74.03852552175522,3186,"Grove St PATH",40.71958611647166,-74.04311746358871,29291,"Subscriber",1990,1
284,"2018-12-12 08:36:32.8610","2018-12-12 08:41:17.0850",3267,"Morris Canal",40.7124188237569,-74.03852552175522,3183,"Exchange Place",40.7162469,-74.0334588,29500,"Subscriber",1992,1
228,"2018-12-12 08:38:20.9340","2018-12-12 08:42:09.1430",3267,"Morris Canal",40.7124188237569,-74.03852552175522,3183,"Exchange Place",40.7162469,-74.0334588,29476,"Subscriber",1955,1
402,"2018-12-12 08:44:07.6370","2018-12-12 08:50:49.9660",3267,"Morris Canal",40.7124188237569,-74.03852552175522,3186,"Grove St PATH",40.71958611647166,-74.04311746358871,26271,"Subscriber",1970,1
296,"2018-12-12 08:45:20.5830","2018-12-12 08:50:16.6190",3267,"Morris Canal",40.7124188237569,-74.03852552175522,3183,"Exchange Place",40.7162469,-74.0334588,26298,"Subscriber",1981,1
312,"2018-12-12 08:51:51.2140","2018-12-12 08:57:03.5340",3267,"Morris Canal",40.7124188237569,-74.03852552175522,3183,"Exchange Place",40.7162469,-74.0334588,29296,"Subscriber",1980,2
118,"2018-12-12 09:01:53.9120","2018-12-12 09:03:52.3830",3267,"Morris Canal",40.7124188237569,-74.03852552175522,3184,"Paulus Hook",40.7141454,-74.0335519,29233,"Subscriber",1980,1
453,"2018-12-12 09:23:09.9240","2018-12-12 09:30:43.2280",3267,"Morris Canal",40.7124188237569,-74.03852552175522,3184,"Paulus Hook",40.7141454,-74.0335519,29517,"Subscriber",1984,1
336,"2018-12-12 09:35:07.4840","2018-12-12 09:40:43.7820",3267,"Morris Canal",40.7124188237569,-74.03852552175522,3639,"Harborside",40.7192517,-74.034234,26297,"Subscriber",1969,0
381,"2018-12-12 09:45:53.2250","2018-12-12 09:52:15.1670",3267,"Morris Canal",40.7124188237569,-74.03852552175522,3186,"Grove St PATH",40.71958611647166,-74.04311746358871,29491,"Subscriber",1981,2
315,"2018-12-12 10:02:02.5850","2018-12-12 10:07:18.3390",3267,"Morris Canal",40.7124188237569,-74.03852552175522,3186,"Grove St PATH",40.71958611647166,-74.04311746358871,29482,"Subscriber",1976,1
223,"2018-12-12 10:23:17.9870","2018-12-12 10:27:01.1350",3267,"Morris Canal",40.7124188237569,-74.03852552175522,3183,"Exchange Place",40.7162469,-74.0334588,29198,"Subscriber",1981,0
269,"2018-12-12 11:44:10.9600","2018-12-12 11:48:40.9460",3267,"Morris Canal",40.7124188237569,-74.03852552175522,3183,"Exchange Place",40.7162469,-74.0334588,29268,"Subscriber",1987,1
260,"2018-12-12 17:36:53.7350","2018-12-12 17:41:14.7190",3267,"Morris Canal",40.7124188237569,-74.03852552175522,3183,"Exchange Place",40.7162469,-74.0334588,29434,"Subscriber",1961,2
154,"2018-12-13 05:54:28.9490","2018-12-13 05:57:03.0000",3267,"Morris Canal",40.7124188237569,-74.03852552175522,3184,"Paulus Hook",40.7141454,-74.0335519,29595,"Subscriber",1961,1
193,"2018-12-13 06:09:53.3640","2018-12-13 06:13:07.1430",3267,"Morris Canal",40.7124188237569,-74.03852552175522,3183,"Exchange Place",40.7162469,-74.0334588,29459,"Subscriber",1973,1
262,"2018-12-13 06:18:10.5710","2018-12-13 06:22:33.0500",3267,"Morris Canal",40.7124188237569,-74.03852552175522,3186,"Grove St PATH",40.71958611647166,-74.04311746358871,29672,"Subscriber",1958,1
209,"2018-12-13 06:24:56.5470","2018-12-13 06:28:25.6300",3267,"Morris Canal",40.7124188237569,-74.03852552175522,3183,"Exchange Place",40.7162469,-74.0334588,26255,"Subscriber",1994,2
354,"2018-12-13 06:41:08.3370","2018-12-13 06:47:03.1100",3267,"Morris Canal",40.7124188237569,-74.03852552175522,3639,"Harborside",40.7192517,-74.034234,26302,"Subscriber",1957,1
204,"2018-12-13 07:10:09.5290","2018-12-13 07:13:33.9460",3267,"Morris Canal",40.7124188237569,-74.03852552175522,3183,"Exchange Place",40.7162469,-74.0334588,29246,"Subscriber",1955,1
317,"2018-12-13 07:34:16.8190","2018-12-13 07:39:34.4070",3267,"Morris Canal",40.7124188237569,-74.03852552175522,3183,"Exchange Place",40.7162469,-74.0334588,29233,"Subscriber",1970,1
554,"2018-12-13 07:50:33.6240","2018-12-13 07:59:48.5360",3267,"Morris Canal",40.7124188237569,-74.03852552175522,3202,"Newport PATH",40.7272235,-74.0337589,29198,"Subscriber",1981,1
188,"2018-12-13 08:00:58.2170","2018-12-13 08:04:06.3360",3267,"Morris Canal",40.7124188237569,-74.03852552175522,3184,"Paulus Hook",40.7141454,-74.0335519,29289,"Subscriber",1993,1
221,"2018-12-13 08:05:03.8560","2018-12-13 08:08:45.3410",3267,"Morris Canal",40.7124188237569,-74.03852552175522,3183,"Exchange Place",40.7162469,-74.0334588,26302,"Subscriber",1990,1
271,"2018-12-13 08:09:00.1040","2018-12-13 08:13:31.3180",3267,"Morris Canal",40.7124188237569,-74.03852552175522,3183,"Exchange Place",40.7162469,-74.0334588,29531,"Subscriber",1980,1
299,"2018-12-13 08:09:15.3030","2018-12-13 08:14:14.9380",3267,"Morris Canal",40.7124188237569,-74.03852552175522,3183,"Exchange Place",40.7162469,-74.0334588,29247,"Subscriber",1994,2
319,"2018-12-13 08:25:31.7870","2018-12-13 08:30:51.5020",3267,"Morris Canal",40.7124188237569,-74.03852552175522,3186,"Grove St PATH",40.71958611647166,-74.04311746358871,29440,"Subscriber",1990,1
518,"2018-12-13 08:33:51.3220","2018-12-13 08:42:29.6470",3267,"Morris Canal",40.7124188237569,-74.03852552175522,3202,"Newport PATH",40.7272235,-74.0337589,29437,"Subscriber",1970,1
348,"2018-12-13 12:26:25.8910","2018-12-13 12:32:14.0090",3267,"Morris Canal",40.7124188237569,-74.03852552175522,3275,"Columbus Drive",40.71835519823214,-74.03891444206238,29307,"Subscriber",1988,2
310,"2018-12-13 17:25:28.4820","2018-12-13 17:30:39.1830",3267,"Morris Canal",40.7124188237569,-74.03852552175522,3267,"Morris Canal",40.7124188237569,-74.03852552175522,26212,"Subscriber",1968,1
626,"2018-12-13 17:44:22.5200","2018-12-13 17:54:49.0680",3267,"Morris Canal",40.7124188237569,-74.03852552175522,3483,"Montgomery St",40.71942,-74.05099,29243,"Subscriber",1980,2
647,"2018-12-13 23:56:45.9980","2018-12-14 00:07:33.2780",3267,"Morris Canal",40.7124188237569,-74.03852552175522,3270,"Jersey & 6th St",40.72528910781132,-74.04557168483734,29250,"Subscriber",1978,1
632,"2018-12-13 23:56:47.4390","2018-12-14 00:07:20.4020",3267,"Morris Canal",40.7124188237569,-74.03852552175522,3270,"Jersey & 6th St",40.72528910781132,-74.04557168483734,29660,"Subscriber",1976,2
183,"2018-12-14 06:27:03.9580","2018-12-14 06:30:07.5460",3267,"Morris Canal",40.7124188237569,-74.03852552175522,3183,"Exchange Place",40.7162469,-74.0334588,26170,"Subscriber",1994,2
239,"2018-12-14 06:27:27.7390","2018-12-14 06:31:27.2440",3267,"Morris Canal",40.7124188237569,-74.03852552175522,3186,"Grove St PATH",40.71958611647166,-74.04311746358871,26212,"Subscriber",1958,1
287,"2018-12-14 06:43:02.2890","2018-12-14 06:47:49.9210",3267,"Morris Canal",40.7124188237569,-74.03852552175522,3183,"Exchange Place",40.7162469,-74.0334588,29497,"Subscriber",1970,1
217,"2018-12-14 06:53:45.8730","2018-12-14 06:57:23.1000",3267,"Morris Canal",40.7124188237569,-74.03852552175522,3183,"Exchange Place",40.7162469,-74.0334588,26284,"Subscriber",1990,1
194,"2018-12-14 07:04:24.4300","2018-12-14 07:07:39.1180",3267,"Morris Canal",40.7124188237569,-74.03852552175522,3183,"Exchange Place",40.7162469,-74.0334588,29212,"Subscriber",1990,1
221,"2018-12-14 07:36:37.9450","2018-12-14 07:40:19.2420",3267,"Morris Canal",40.7124188237569,-74.03852552175522,3183,"Exchange Place",40.7162469,-74.0334588,26221,"Subscriber",1974,1
154,"2018-12-14 07:48:04.3710","2018-12-14 07:50:39.0370",3267,"Morris Canal",40.7124188237569,-74.03852552175522,3184,"Paulus Hook",40.7141454,-74.0335519,26283,"Subscriber",1972,1
516,"2018-12-14 07:56:40.8540","2018-12-14 08:05:17.1130",3267,"Morris Canal",40.7124188237569,-74.03852552175522,3202,"Newport PATH",40.7272235,-74.0337589,29246,"Subscriber",1981,1
405,"2018-12-14 07:57:09.4370","2018-12-14 08:03:55.3230",3267,"Morris Canal",40.7124188237569,-74.03852552175522,3186,"Grove St PATH",40.71958611647166,-74.04311746358871,29281,"Subscriber",1984,1
158,"2018-12-14 08:01:15.2170","2018-12-14 08:03:53.5970",3267,"Morris Canal",40.7124188237569,-74.03852552175522,3184,"Paulus Hook",40.7141454,-74.0335519,26307,"Subscriber",1993,1
253,"2018-12-14 08:11:21.3090","2018-12-14 08:15:34.4040",3267,"Morris Canal",40.7124188237569,-74.03852552175522,3183,"Exchange Place",40.7162469,-74.0334588,29537,"Subscriber",1980,2
262,"2018-12-14 08:17:49.4390","2018-12-14 08:22:12.0440",3267,"Morris Canal",40.7124188237569,-74.03852552175522,3183,"Exchange Place",40.7162469,-74.0334588,29233,"Subscriber",1980,1
213,"2018-12-14 08:25:26.9880","2018-12-14 08:29:00.3360",3267,"Morris Canal",40.7124188237569,-74.03852552175522,3183,"Exchange Place",40.7162469,-74.0334588,29674,"Subscriber",1968,1
681,"2018-12-14 08:31:18.2940","2018-12-14 08:42:39.9880",3267,"Morris Canal",40.7124188237569,-74.03852552175522,3202,"Newport PATH",40.7272235,-74.0337589,26161,"Subscriber",1970,1
218,"2018-12-14 08:38:43.5090","2018-12-14 08:42:22.3720",3267,"Morris Canal",40.7124188237569,-74.03852552175522,3183,"Exchange Place",40.7162469,-74.0334588,29640,"Subscriber",1985,1
290,"2018-12-14 08:39:03.8360","2018-12-14 08:43:54.6750",3267,"Morris Canal",40.7124188237569,-74.03852552175522,3183,"Exchange Place",40.7162469,-74.0334588,26294,"Subscriber",1992,1
281,"2018-12-14 08:43:29.5940","2018-12-14 08:48:11.4640",3267,"Morris Canal",40.7124188237569,-74.03852552175522,3183,"Exchange Place",40.7162469,-74.0334588,29240,"Subscriber",1990,1
220,"2018-12-14 08:48:23.5080","2018-12-14 08:52:03.8540",3267,"Morris Canal",40.7124188237569,-74.03852552175522,3183,"Exchange Place",40.7162469,-74.0334588,29244,"Subscriber",1955,1
523,"2018-12-14 09:17:19.3320","2018-12-14 09:26:03.0430",3267,"Morris Canal",40.7124188237569,-74.03852552175522,3275,"Columbus Drive",40.71835519823214,-74.03891444206238,26211,"Subscriber",1981,2
334,"2018-12-14 09:21:20.5100","2018-12-14 09:26:55.0820",3267,"Morris Canal",40.7124188237569,-74.03852552175522,3183,"Exchange Place",40.7162469,-74.0334588,26155,"Subscriber",1984,1
218,"2018-12-14 10:22:51.1060","2018-12-14 10:26:30.0130",3267,"Morris Canal",40.7124188237569,-74.03852552175522,3183,"Exchange Place",40.7162469,-74.0334588,29553,"Subscriber",1981,0
113,"2018-12-14 13:17:35.6330","2018-12-14 13:19:29.3870",3267,"Morris Canal",40.7124188237569,-74.03852552175522,3184,"Paulus Hook",40.7141454,-74.0335519,26275,"Subscriber",1980,1
561,"2018-12-14 13:28:35.1170","2018-12-14 13:37:56.9430",3267,"Morris Canal",40.7124188237569,-74.03852552175522,3275,"Columbus Drive",40.71835519823214,-74.03891444206238,26161,"Subscriber",1962,1
250,"2018-12-14 18:02:15.8240","2018-12-14 18:06:26.7660",3267,"Morris Canal",40.7124188237569,-74.03852552175522,3183,"Exchange Place",40.7162469,-74.0334588,29652,"Subscriber",1990,1
221,"2018-12-14 19:13:47.4920","2018-12-14 19:17:28.6870",3267,"Morris Canal",40.7124188237569,-74.03852552175522,3183,"Exchange Place",40.7162469,-74.0334588,26269,"Subscriber",1977,1
618,"2018-12-14 19:32:03.5650","2018-12-14 19:42:21.7250",3267,"Morris Canal",40.7124188237569,-74.03852552175522,3211,"Newark Ave",40.72152515,-74.046304543,26316,"Subscriber",1993,1
301,"2018-12-14 20:04:14.1180","2018-12-14 20:09:15.9660",3267,"Morris Canal",40.7124188237569,-74.03852552175522,3275,"Columbus Drive",40.71835519823214,-74.03891444206238,29465,"Subscriber",1960,1
243,"2018-12-15 09:51:57.6860","2018-12-15 09:56:01.3110",3267,"Morris Canal",40.7124188237569,-74.03852552175522,3183,"Exchange Place",40.7162469,-74.0334588,29629,"Subscriber",1993,1
699,"2018-12-15 10:08:14.2560","2018-12-15 10:19:53.9020",3267,"Morris Canal",40.7124188237569,-74.03852552175522,3202,"Newport PATH",40.7272235,-74.0337589,29504,"Subscriber",1994,1
79,"2018-12-15 12:26:37.6540","2018-12-15 12:27:57.4060",3267,"Morris Canal",40.7124188237569,-74.03852552175522,3214,"Essex Light Rail",40.7127742,-74.0364857,29674,"Subscriber",1983,1
117,"2018-12-15 12:30:18.0520","2018-12-15 12:32:15.9470",3267,"Morris Canal",40.7124188237569,-74.03852552175522,3214,"Essex Light Rail",40.7127742,-74.0364857,29639,"Subscriber",1983,1
98,"2018-12-15 12:35:44.5840","2018-12-15 12:37:23.3490",3267,"Morris Canal",40.7124188237569,-74.03852552175522,3681,"Grand St",40.71517767732029,-74.03768330812454,29672,"Subscriber",1983,1
527,"2018-12-15 13:03:38.0130","2018-12-15 13:12:25.4650",3267,"Morris Canal",40.7124188237569,-74.03852552175522,3202,"Newport PATH",40.7272235,-74.0337589,29209,"Subscriber",1981,0
763,"2018-12-15 13:30:24.8130","2018-12-15 13:43:08.4720",3267,"Morris Canal",40.7124188237569,-74.03852552175522,3203,"Hamilton Park",40.727595966,-74.044247311,29506,"Subscriber",1970,1
723,"2018-12-15 13:30:43.7010","2018-12-15 13:42:46.8750",3267,"Morris Canal",40.7124188237569,-74.03852552175522,3203,"Hamilton Park",40.727595966,-74.044247311,29296,"Subscriber",1970,2
379,"2018-12-15 15:22:12.3210","2018-12-15 15:28:31.9940",3267,"Morris Canal",40.7124188237569,-74.03852552175522,3185,"City Hall",40.7177325,-74.043845,29645,"Subscriber",1977,1
1021,"2018-12-15 18:24:20.0870","2018-12-15 18:41:22.0030",3267,"Morris Canal",40.7124188237569,-74.03852552175522,3267,"Morris Canal",40.7124188237569,-74.03852552175522,29465,"Subscriber",1985,1
197,"2018-12-15 19:09:16.4750","2018-12-15 19:12:33.9610",3267,"Morris Canal",40.7124188237569,-74.03852552175522,3184,"Paulus Hook",40.7141454,-74.0335519,29244,"Subscriber",1960,1
1054,"2018-12-15 19:49:36.2600","2018-12-15 20:07:10.5010",3267,"Morris Canal",40.7124188237569,-74.03852552175522,3212,"Christ Hospital",40.734785818,-74.050443636,29465,"Subscriber",1960,1
330,"2018-12-15 20:34:47.9460","2018-12-15 20:40:18.9350",3267,"Morris Canal",40.7124188237569,-74.03852552175522,3183,"Exchange Place",40.7162469,-74.0334588,29548,"Subscriber",1984,1
77863,"2018-12-15 22:50:06.7960","2018-12-16 20:27:50.3390",3267,"Morris Canal",40.7124188237569,-74.03852552175522,3267,"Morris Canal",40.7124188237569,-74.03852552175522,29519,"Customer",1994,2
156,"2018-12-16 16:06:31.0750","2018-12-16 16:09:07.5990",3267,"Morris Canal",40.7124188237569,-74.03852552175522,3184,"Paulus Hook",40.7141454,-74.0335519,29500,"Subscriber",1994,2
264,"2018-12-16 17:32:05.6110","2018-12-16 17:36:29.9910",3267,"Morris Canal",40.7124188237569,-74.03852552175522,3275,"Columbus Drive",40.71835519823214,-74.03891444206238,29602,"Subscriber",1960,1
198,"2018-12-17 06:10:35.9400","2018-12-17 06:13:54.2080",3267,"Morris Canal",40.7124188237569,-74.03852552175522,3183,"Exchange Place",40.7162469,-74.0334588,26159,"Subscriber",1973,1
393,"2018-12-17 06:11:49.2300","2018-12-17 06:18:22.6240",3267,"Morris Canal",40.7124188237569,-74.03852552175522,3639,"Harborside",40.7192517,-74.034234,29260,"Subscriber",1957,1
276,"2018-12-17 06:22:44.8580","2018-12-17 06:27:21.5170",3267,"Morris Canal",40.7124188237569,-74.03852552175522,3186,"Grove St PATH",40.71958611647166,-74.04311746358871,29598,"Subscriber",1958,1
183,"2018-12-17 06:23:35.3740","2018-12-17 06:26:38.5670",3267,"Morris Canal",40.7124188237569,-74.03852552175522,3183,"Exchange Place",40.7162469,-74.0334588,29519,"Subscriber",1994,2
293,"2018-12-17 06:31:07.5040","2018-12-17 06:36:01.2940",3267,"Morris Canal",40.7124188237569,-74.03852552175522,3183,"Exchange Place",40.7162469,-74.0334588,29498,"Subscriber",1990,1
252,"2018-12-17 07:29:30.6740","2018-12-17 07:33:43.3920",3267,"Morris Canal",40.7124188237569,-74.03852552175522,3183,"Exchange Place",40.7162469,-74.0334588,29465,"Subscriber",1973,1
192,"2018-12-17 07:36:48.3400","2018-12-17 07:40:00.7730",3267,"Morris Canal",40.7124188237569,-74.03852552175522,3183,"Exchange Place",40.7162469,-74.0334588,29125,"Subscriber",1985,1
382,"2018-12-17 07:43:49.9890","2018-12-17 07:50:12.1390",3267,"Morris Canal",40.7124188237569,-74.03852552175522,3183,"Exchange Place",40.7162469,-74.0334588,26203,"Subscriber",1970,1
325,"2018-12-17 07:55:03.9060","2018-12-17 08:00:29.3240",3267,"Morris Canal",40.7124188237569,-74.03852552175522,3186,"Grove St PATH",40.71958611647166,-74.04311746358871,29260,"Subscriber",1990,1
206,"2018-12-17 07:57:57.0340","2018-12-17 08:01:23.2060",3267,"Morris Canal",40.7124188237569,-74.03852552175522,3184,"Paulus Hook",40.7141454,-74.0335519,26219,"Subscriber",1993,1
582,"2018-12-17 07:58:42.1940","2018-12-17 08:08:24.6400",3267,"Morris Canal",40.7124188237569,-74.03852552175522,3202,"Newport PATH",40.7272235,-74.0337589,26302,"Subscriber",1981,1
341,"2018-12-17 08:01:33.9970","2018-12-17 08:07:15.9850",3267,"Morris Canal",40.7124188237569,-74.03852552175522,3183,"Exchange Place",40.7162469,-74.0334588,29548,"Subscriber",1994,2
319,"2018-12-17 08:13:11.8380","2018-12-17 08:18:30.9560",3267,"Morris Canal",40.7124188237569,-74.03852552175522,3183,"Exchange Place",40.7162469,-74.0334588,29476,"Subscriber",1985,1
477,"2018-12-17 08:56:39.4140","2018-12-17 09:04:36.5690",3267,"Morris Canal",40.7124188237569,-74.03852552175522,3638,"Washington St",40.7242941,-74.0354826,29526,"Subscriber",1988,1
114,"2018-12-17 09:44:45.6830","2018-12-17 09:46:39.8420",3267,"Morris Canal",40.7124188237569,-74.03852552175522,3184,"Paulus Hook",40.7141454,-74.0335519,29465,"Subscriber",1980,1
607,"2018-12-17 10:36:17.9770","2018-12-17 10:46:25.0640",3267,"Morris Canal",40.7124188237569,-74.03852552175522,3202,"Newport PATH",40.7272235,-74.0337589,26215,"Subscriber",1988,1
272,"2018-12-17 10:53:07.5330","2018-12-17 10:57:40.1880",3267,"Morris Canal",40.7124188237569,-74.03852552175522,3275,"Columbus Drive",40.71835519823214,-74.03891444206238,29215,"Subscriber",1988,2
204,"2018-12-17 11:49:44.9950","2018-12-17 11:53:09.1840",3267,"Morris Canal",40.7124188237569,-74.03852552175522,3183,"Exchange Place",40.7162469,-74.0334588,26202,"Subscriber",1981,0
437,"2018-12-17 15:31:28.4110","2018-12-17 15:38:45.6630",3267,"Morris Canal",40.7124188237569,-74.03852552175522,3186,"Grove St PATH",40.71958611647166,-74.04311746358871,26255,"Subscriber",1987,1
886,"2018-12-17 15:36:57.8550","2018-12-17 15:51:44.6110",3267,"Morris Canal",40.7124188237569,-74.03852552175522,3275,"Columbus Drive",40.71835519823214,-74.03891444206238,29125,"Subscriber",1972,1
179,"2018-12-17 18:19:11.1810","2018-12-17 18:22:10.5260",3267,"Morris Canal",40.7124188237569,-74.03852552175522,3184,"Paulus Hook",40.7141454,-74.0335519,29612,"Subscriber",1960,1
449,"2018-12-18 06:19:32.4940","2018-12-18 06:27:01.6160",3267,"Morris Canal",40.7124188237569,-74.03852552175522,3186,"Grove St PATH",40.71958611647166,-74.04311746358871,29276,"Subscriber",1958,1
187,"2018-12-18 06:26:08.5690","2018-12-18 06:29:15.8310",3267,"Morris Canal",40.7124188237569,-74.03852552175522,3183,"Exchange Place",40.7162469,-74.0334588,29262,"Subscriber",1994,2
195,"2018-12-18 11:05:03.8830","2018-12-18 11:08:19.4550",3267,"Morris Canal",40.7124188237569,-74.03852552175522,3183,"Exchange Place",40.7162469,-74.0334588,29499,"Subscriber",1981,0
259,"2018-12-18 11:07:52.5330","2018-12-18 11:12:12.4820",3267,"Morris Canal",40.7124188237569,-74.03852552175522,3275,"Columbus Drive",40.71835519823214,-74.03891444206238,29608,"Subscriber",1988,2
436,"2018-12-18 11:40:38.0140","2018-12-18 11:47:54.1640",3267,"Morris Canal",40.7124188237569,-74.03852552175522,3275,"Columbus Drive",40.71835519823214,-74.03891444206238,26245,"Customer",1994,1
757,"2018-12-18 13:57:39.4220","2018-12-18 14:10:16.5160",3267,"Morris Canal",40.7124188237569,-74.03852552175522,3211,"Newark Ave",40.72152515,-74.046304543,26187,"Subscriber",1963,2
313,"2018-12-18 16:37:06.2070","2018-12-18 16:42:19.6440",3267,"Morris Canal",40.7124188237569,-74.03852552175522,3275,"Columbus Drive",40.71835519823214,-74.03891444206238,29305,"Subscriber",1960,1
251,"2018-12-18 18:16:46.6770","2018-12-18 18:20:57.8940",3267,"Morris Canal",40.7124188237569,-74.03852552175522,3183,"Exchange Place",40.7162469,-74.0334588,29553,"Subscriber",1969,0
343,"2018-12-18 19:04:42.4030","2018-12-18 19:10:25.9820",3267,"Morris Canal",40.7124188237569,-74.03852552175522,3185,"City Hall",40.7177325,-74.043845,26241,"Subscriber",1977,1
761,"2018-12-18 21:57:16.6990","2018-12-18 22:09:57.9060",3267,"Morris Canal",40.7124188237569,-74.03852552175522,3267,"Morris Canal",40.7124188237569,-74.03852552175522,26303,"Subscriber",1974,1
291,"2018-12-19 09:12:24.5950","2018-12-19 09:17:15.9470",3267,"Morris Canal",40.7124188237569,-74.03852552175522,3183,"Exchange Place",40.7162469,-74.0334588,26189,"Subscriber",1980,2
281,"2018-12-19 09:21:52.0000","2018-12-19 09:26:33.4590",3267,"Morris Canal",40.7124188237569,-74.03852552175522,3183,"Exchange Place",40.7162469,-74.0334588,29616,"Subscriber",1984,1
441,"2018-12-19 09:24:55.8750","2018-12-19 09:32:16.9740",3267,"Morris Canal",40.7124188237569,-74.03852552175522,3186,"Grove St PATH",40.71958611647166,-74.04311746358871,29212,"Subscriber",1976,1
226,"2018-12-19 09:38:55.9240","2018-12-19 09:42:42.5830",3267,"Morris Canal",40.7124188237569,-74.03852552175522,3183,"Exchange Place",40.7162469,-74.0334588,26303,"Subscriber",1990,1
140,"2018-12-19 12:58:03.0560","2018-12-19 13:00:23.2250",3267,"Morris Canal",40.7124188237569,-74.03852552175522,3184,"Paulus Hook",40.7141454,-74.0335519,29577,"Subscriber",1993,1
202,"2018-12-19 13:43:21.8230","2018-12-19 13:46:44.1950",3267,"Morris Canal",40.7124188237569,-74.03852552175522,3183,"Exchange Place",40.7162469,-74.0334588,26247,"Subscriber",1994,2
221,"2018-12-19 14:38:07.4410","2018-12-19 14:41:49.0070",3267,"Morris Canal",40.7124188237569,-74.03852552175522,3183,"Exchange Place",40.7162469,-74.0334588,29608,"Subscriber",1960,1
338,"2018-12-20 05:49:21.7070","2018-12-20 05:55:00.0040",3267,"Morris Canal",40.7124188237569,-74.03852552175522,3639,"Harborside",40.7192517,-74.034234,29608,"Subscriber",1957,1
282,"2018-12-20 06:23:16.6120","2018-12-20 06:27:59.4140",3267,"Morris Canal",40.7124188237569,-74.03852552175522,3186,"Grove St PATH",40.71958611647166,-74.04311746358871,29507,"Subscriber",1958,1
235,"2018-12-20 06:31:51.7890","2018-12-20 06:35:47.3980",3267,"Morris Canal",40.7124188237569,-74.03852552175522,3183,"Exchange Place",40.7162469,-74.0334588,26300,"Subscriber",1990,1
192,"2018-12-20 06:32:23.7200","2018-12-20 06:35:36.2700",3267,"Morris Canal",40.7124188237569,-74.03852552175522,3183,"Exchange Place",40.7162469,-74.0334588,26236,"Subscriber",1994,2
375,"2018-12-20 07:05:21.9180","2018-12-20 07:11:37.3370",3267,"Morris Canal",40.7124188237569,-74.03852552175522,3183,"Exchange Place",40.7162469,-74.0334588,29503,"Subscriber",1970,1
245,"2018-12-20 07:29:18.3190","2018-12-20 07:33:23.7050",3267,"Morris Canal",40.7124188237569,-74.03852552175522,3186,"Grove St PATH",40.71958611647166,-74.04311746358871,29608,"Subscriber",1990,1
246,"2018-12-20 08:28:44.2170","2018-12-20 08:32:50.6660",3267,"Morris Canal",40.7124188237569,-74.03852552175522,3183,"Exchange Place",40.7162469,-74.0334588,26203,"Subscriber",1990,1
142,"2018-12-20 08:58:46.7690","2018-12-20 09:01:09.4940",3267,"Morris Canal",40.7124188237569,-74.03852552175522,3184,"Paulus Hook",40.7141454,-74.0335519,29283,"Subscriber",1980,1
625,"2018-12-20 09:55:16.4510","2018-12-20 10:05:41.5030",3267,"Morris Canal",40.7124188237569,-74.03852552175522,3639,"Harborside",40.7192517,-74.034234,29262,"Subscriber",1984,1
200,"2018-12-20 10:49:53.7920","2018-12-20 10:53:14.6930",3267,"Morris Canal",40.7124188237569,-74.03852552175522,3183,"Exchange Place",40.7162469,-74.0334588,29207,"Subscriber",1981,0
541,"2018-12-20 13:14:11.7590","2018-12-20 13:23:13.2190",3267,"Morris Canal",40.7124188237569,-74.03852552175522,3202,"Newport PATH",40.7272235,-74.0337589,29569,"Subscriber",1956,1
488,"2018-12-20 13:56:27.5130","2018-12-20 14:04:36.3870",3267,"Morris Canal",40.7124188237569,-74.03852552175522,3183,"Exchange Place",40.7162469,-74.0334588,26189,"Subscriber",1982,1
445,"2018-12-20 14:06:33.7470","2018-12-20 14:13:59.0740",3267,"Morris Canal",40.7124188237569,-74.03852552175522,3184,"Paulus Hook",40.7141454,-74.0335519,26201,"Subscriber",1961,2
206,"2018-12-21 00:13:18.1700","2018-12-21 00:16:44.3960",3267,"Morris Canal",40.7124188237569,-74.03852552175522,3275,"Columbus Drive",40.71835519823214,-74.03891444206238,26158,"Subscriber",1972,1
261,"2018-12-21 05:53:47.6760","2018-12-21 05:58:09.4270",3267,"Morris Canal",40.7124188237569,-74.03852552175522,3183,"Exchange Place",40.7162469,-74.0334588,26266,"Subscriber",1974,1
204,"2018-12-21 08:03:19.5270","2018-12-21 08:06:44.3400",3267,"Morris Canal",40.7124188237569,-74.03852552175522,3184,"Paulus Hook",40.7141454,-74.0335519,26311,"Subscriber",1993,1
267,"2018-12-21 08:05:23.7350","2018-12-21 08:09:50.7450",3267,"Morris Canal",40.7124188237569,-74.03852552175522,3183,"Exchange Place",40.7162469,-74.0334588,26219,"Subscriber",1985,1
419,"2018-12-21 13:06:22.5130","2018-12-21 13:13:22.4370",3267,"Morris Canal",40.7124188237569,-74.03852552175522,3185,"City Hall",40.7177325,-74.043845,29640,"Subscriber",1970,1
291,"2018-12-21 14:25:40.3380","2018-12-21 14:30:31.7510",3267,"Morris Canal",40.7124188237569,-74.03852552175522,3681,"Grand St",40.71517767732029,-74.03768330812454,29554,"Subscriber",1988,1
273,"2018-12-21 15:33:09.2140","2018-12-21 15:37:42.6370",3267,"Morris Canal",40.7124188237569,-74.03852552175522,3183,"Exchange Place",40.7162469,-74.0334588,33744,"Subscriber",1990,1
213,"2018-12-21 16:33:33.9850","2018-12-21 16:37:07.9620",3267,"Morris Canal",40.7124188237569,-74.03852552175522,3184,"Paulus Hook",40.7141454,-74.0335519,29639,"Subscriber",1980,1
80,"2018-12-21 16:49:55.3720","2018-12-21 16:51:16.2330",3267,"Morris Canal",40.7124188237569,-74.03852552175522,3214,"Essex Light Rail",40.7127742,-74.0364857,26311,"Subscriber",1978,1
81,"2018-12-21 16:53:50.8680","2018-12-21 16:55:12.6460",3267,"Morris Canal",40.7124188237569,-74.03852552175522,3214,"Essex Light Rail",40.7127742,-74.0364857,29552,"Subscriber",1978,1
96,"2018-12-21 16:57:43.4520","2018-12-21 16:59:20.3560",3267,"Morris Canal",40.7124188237569,-74.03852552175522,3681,"Grand St",40.71517767732029,-74.03768330812454,29480,"Subscriber",1978,1
508,"2018-12-21 17:14:12.5880","2018-12-21 17:22:40.9650",3267,"Morris Canal",40.7124188237569,-74.03852552175522,3209,"Brunswick St",40.7241765,-74.0506564,29213,"Subscriber",1960,1
205,"2018-12-21 17:35:02.6820","2018-12-21 17:38:28.1610",3267,"Morris Canal",40.7124188237569,-74.03852552175522,3184,"Paulus Hook",40.7141454,-74.0335519,26175,"Subscriber",1981,0
260,"2018-12-21 17:48:13.1980","2018-12-21 17:52:34.0040",3267,"Morris Canal",40.7124188237569,-74.03852552175522,3639,"Harborside",40.7192517,-74.034234,29544,"Subscriber",1982,1
581,"2018-12-21 22:54:55.3490","2018-12-21 23:04:36.3850",3267,"Morris Canal",40.7124188237569,-74.03852552175522,3213,"Van Vorst Park",40.71848892,-74.047726625,29304,"Subscriber",1992,2
198,"2018-12-22 08:16:17.1270","2018-12-22 08:19:35.1640",3267,"Morris Canal",40.7124188237569,-74.03852552175522,3183,"Exchange Place",40.7162469,-74.0334588,29640,"Subscriber",1973,1
169,"2018-12-22 09:46:22.9000","2018-12-22 09:49:12.6940",3267,"Morris Canal",40.7124188237569,-74.03852552175522,3276,"Marin Light Rail",40.71458403535893,-74.04281705617905,29597,"Subscriber",1964,2
362,"2018-12-22 10:17:18.4720","2018-12-22 10:23:21.0020",3267,"Morris Canal",40.7124188237569,-74.03852552175522,3186,"Grove St PATH",40.71958611647166,-74.04311746358871,29469,"Subscriber",1957,1
256,"2018-12-22 11:26:33.0190","2018-12-22 11:30:49.8220",3267,"Morris Canal",40.7124188237569,-74.03852552175522,3183,"Exchange Place",40.7162469,-74.0334588,29499,"Subscriber",1984,1
202,"2018-12-22 11:34:34.0230","2018-12-22 11:37:56.1310",3267,"Morris Canal",40.7124188237569,-74.03852552175522,3183,"Exchange Place",40.7162469,-74.0334588,26175,"Subscriber",1990,1
403,"2018-12-22 11:45:16.2220","2018-12-22 11:51:59.6340",3267,"Morris Canal",40.7124188237569,-74.03852552175522,3186,"Grove St PATH",40.71958611647166,-74.04311746358871,29553,"Subscriber",1993,1
163,"2018-12-22 11:45:40.5910","2018-12-22 11:48:24.1830",3267,"Morris Canal",40.7124188237569,-74.03852552175522,3275,"Columbus Drive",40.71835519823214,-74.03891444206238,29491,"Subscriber",1980,1
316,"2018-12-22 12:24:19.4060","2018-12-22 12:29:35.5400",3267,"Morris Canal",40.7124188237569,-74.03852552175522,3185,"City Hall",40.7177325,-74.043845,26219,"Subscriber",1990,1
214,"2018-12-22 14:49:10.1930","2018-12-22 14:52:44.7530",3267,"Morris Canal",40.7124188237569,-74.03852552175522,3183,"Exchange Place",40.7162469,-74.0334588,29273,"Subscriber",1981,0
1961,"2018-12-22 15:03:56.4910","2018-12-22 15:36:38.2210",3267,"Morris Canal",40.7124188237569,-74.03852552175522,3267,"Morris Canal",40.7124188237569,-74.03852552175522,29549,"Customer",1988,1
168,"2018-12-22 15:44:12.9720","2018-12-22 15:47:01.4030",3267,"Morris Canal",40.7124188237569,-74.03852552175522,3184,"Paulus Hook",40.7141454,-74.0335519,29549,"Subscriber",1977,1
191,"2018-12-22 18:11:39.7770","2018-12-22 18:14:50.9340",3267,"Morris Canal",40.7124188237569,-74.03852552175522,3183,"Exchange Place",40.7162469,-74.0334588,29549,"Subscriber",1980,1
661,"2018-12-22 19:26:01.5650","2018-12-22 19:37:02.7760",3267,"Morris Canal",40.7124188237569,-74.03852552175522,3209,"Brunswick St",40.7241765,-74.0506564,29646,"Subscriber",1960,1
172,"2018-12-23 07:36:19.6540","2018-12-23 07:39:11.9050",3267,"Morris Canal",40.7124188237569,-74.03852552175522,3275,"Columbus Drive",40.71835519823214,-74.03891444206238,29598,"Subscriber",1990,1
170,"2018-12-23 09:18:50.3900","2018-12-23 09:21:40.9360",3267,"Morris Canal",40.7124188237569,-74.03852552175522,3184,"Paulus Hook",40.7141454,-74.0335519,26187,"Subscriber",1993,1
371,"2018-12-23 10:22:43.8540","2018-12-23 10:28:54.8960",3267,"Morris Canal",40.7124188237569,-74.03852552175522,3213,"Van Vorst Park",40.71848892,-74.047726625,29658,"Subscriber",1960,1
7491,"2018-12-23 11:21:12.8440","2018-12-23 13:26:04.5670",3267,"Morris Canal",40.7124188237569,-74.03852552175522,3276,"Marin Light Rail",40.71458403535893,-74.04281705617905,29506,"Subscriber",1975,2
488,"2018-12-23 14:05:53.7080","2018-12-23 14:14:02.3310",3267,"Morris Canal",40.7124188237569,-74.03852552175522,3211,"Newark Ave",40.72152515,-74.046304543,29457,"Subscriber",1955,1
635,"2018-12-23 14:27:27.3790","2018-12-23 14:38:03.3540",3267,"Morris Canal",40.7124188237569,-74.03852552175522,3211,"Newark Ave",40.72152515,-74.046304543,29549,"Subscriber",1967,1
274,"2018-12-23 15:20:03.9000","2018-12-23 15:24:38.2810",3267,"Morris Canal",40.7124188237569,-74.03852552175522,3183,"Exchange Place",40.7162469,-74.0334588,29594,"Subscriber",1968,2
1993,"2018-12-23 16:39:33.8830","2018-12-23 17:12:46.9150",3267,"Morris Canal",40.7124188237569,-74.03852552175522,3205,"JC Medical Center",40.71653978099194,-74.0496379137039,29598,"Subscriber",1994,0
284,"2018-12-23 17:50:41.4230","2018-12-23 17:55:26.3130",3267,"Morris Canal",40.7124188237569,-74.03852552175522,3275,"Columbus Drive",40.71835519823214,-74.03891444206238,29661,"Subscriber",1960,1
195,"2018-12-23 21:33:21.1110","2018-12-23 21:36:36.3590",3267,"Morris Canal",40.7124188237569,-74.03852552175522,3184,"Paulus Hook",40.7141454,-74.0335519,29283,"Subscriber",1981,0
198,"2018-12-24 06:15:14.2620","2018-12-24 06:18:32.2970",3267,"Morris Canal",40.7124188237569,-74.03852552175522,3183,"Exchange Place",40.7162469,-74.0334588,26163,"Subscriber",1973,1
184,"2018-12-24 06:26:14.9540","2018-12-24 06:29:19.7890",3267,"Morris Canal",40.7124188237569,-74.03852552175522,3183,"Exchange Place",40.7162469,-74.0334588,26208,"Subscriber",1994,2
233,"2018-12-24 07:40:02.9540","2018-12-24 07:43:56.2140",3267,"Morris Canal",40.7124188237569,-74.03852552175522,3183,"Exchange Place",40.7162469,-74.0334588,29661,"Subscriber",1980,1
238,"2018-12-24 08:32:49.0670","2018-12-24 08:36:47.5820",3267,"Morris Canal",40.7124188237569,-74.03852552175522,3183,"Exchange Place",40.7162469,-74.0334588,29277,"Subscriber",1985,1
246,"2018-12-24 11:35:53.6900","2018-12-24 11:40:00.5570",3267,"Morris Canal",40.7124188237569,-74.03852552175522,3183,"Exchange Place",40.7162469,-74.0334588,29668,"Subscriber",1993,1
200,"2018-12-24 12:38:11.5780","2018-12-24 12:41:31.6420",3267,"Morris Canal",40.7124188237569,-74.03852552175522,3183,"Exchange Place",40.7162469,-74.0334588,26208,"Subscriber",1990,1
211,"2018-12-24 17:28:26.4480","2018-12-24 17:31:58.3570",3267,"Morris Canal",40.7124188237569,-74.03852552175522,3183,"Exchange Place",40.7162469,-74.0334588,29661,"Subscriber",1977,1
1045,"2018-12-24 19:22:46.1140","2018-12-24 19:40:11.8440",3267,"Morris Canal",40.7124188237569,-74.03852552175522,3207,"Oakland Ave",40.7376037,-74.0524783,29230,"Subscriber",1960,1
467,"2018-12-24 21:12:25.6110","2018-12-24 21:20:12.7990",3267,"Morris Canal",40.7124188237569,-74.03852552175522,3186,"Grove St PATH",40.71958611647166,-74.04311746358871,26197,"Subscriber",1974,1
414,"2018-12-25 11:19:32.5790","2018-12-25 11:26:27.1060",3267,"Morris Canal",40.7124188237569,-74.03852552175522,3214,"Essex Light Rail",40.7127742,-74.0364857,29668,"Subscriber",1975,2
521,"2018-12-25 11:44:50.3760","2018-12-25 11:53:32.1360",3267,"Morris Canal",40.7124188237569,-74.03852552175522,3199,"Newport Pkwy",40.7287448,-74.0321082,29230,"Subscriber",1977,1
2576,"2018-12-25 14:16:51.7730","2018-12-25 14:59:48.4280",3267,"Morris Canal",40.7124188237569,-74.03852552175522,3267,"Morris Canal",40.7124188237569,-74.03852552175522,29593,"Subscriber",1980,1
337,"2018-12-25 15:17:51.1630","2018-12-25 15:23:28.8700",3267,"Morris Canal",40.7124188237569,-74.03852552175522,3639,"Harborside",40.7192517,-74.034234,29230,"Subscriber",1983,1
174,"2018-12-26 07:19:58.1360","2018-12-26 07:22:52.5000",3267,"Morris Canal",40.7124188237569,-74.03852552175522,3183,"Exchange Place",40.7162469,-74.0334588,29593,"Subscriber",1955,1
246,"2018-12-26 07:44:47.9870","2018-12-26 07:48:54.0390",3267,"Morris Canal",40.7124188237569,-74.03852552175522,3183,"Exchange Place",40.7162469,-74.0334588,29126,"Subscriber",1985,1
186,"2018-12-26 07:47:46.1880","2018-12-26 07:50:52.3900",3267,"Morris Canal",40.7124188237569,-74.03852552175522,3184,"Paulus Hook",40.7141454,-74.0335519,29197,"Subscriber",1993,1
295,"2018-12-26 08:38:41.8520","2018-12-26 08:43:37.4100",3267,"Morris Canal",40.7124188237569,-74.03852552175522,3186,"Grove St PATH",40.71958611647166,-74.04311746358871,29447,"Subscriber",1990,1
303,"2018-12-26 08:40:33.1140","2018-12-26 08:45:36.6900",3267,"Morris Canal",40.7124188237569,-74.03852552175522,3183,"Exchange Place",40.7162469,-74.0334588,29259,"Subscriber",1994,2
118,"2018-12-26 09:47:48.8780","2018-12-26 09:49:47.4840",3267,"Morris Canal",40.7124188237569,-74.03852552175522,3184,"Paulus Hook",40.7141454,-74.0335519,29264,"Subscriber",1980,1
1332,"2018-12-26 12:34:53.1960","2018-12-26 12:57:05.4540",3267,"Morris Canal",40.7124188237569,-74.03852552175522,3267,"Morris Canal",40.7124188237569,-74.03852552175522,29586,"Customer",1980,1
162,"2018-12-26 12:38:59.4680","2018-12-26 12:41:42.4290",3267,"Morris Canal",40.7124188237569,-74.03852552175522,3681,"Grand St",40.71517767732029,-74.03768330812454,29542,"Subscriber",1990,1
165,"2018-12-26 12:39:46.6330","2018-12-26 12:42:31.9230",3267,"Morris Canal",40.7124188237569,-74.03852552175522,3681,"Grand St",40.71517767732029,-74.03768330812454,26223,"Subscriber",1961,2
311,"2018-12-26 12:42:24.2720","2018-12-26 12:47:36.0830",3267,"Morris Canal",40.7124188237569,-74.03852552175522,3267,"Morris Canal",40.7124188237569,-74.03852552175522,29308,"Subscriber",1983,1
110,"2018-12-26 14:46:44.5590","2018-12-26 14:48:35.3340",3267,"Morris Canal",40.7124188237569,-74.03852552175522,3214,"Essex Light Rail",40.7127742,-74.0364857,29308,"Subscriber",1981,0
535,"2018-12-26 17:19:42.2160","2018-12-26 17:28:37.5130",3267,"Morris Canal",40.7124188237569,-74.03852552175522,3192,"Liberty Light Rail",40.7112423,-74.0557013,26245,"Subscriber",1984,1
174,"2018-12-26 18:22:36.0810","2018-12-26 18:25:30.5170",3267,"Morris Canal",40.7124188237569,-74.03852552175522,3183,"Exchange Place",40.7162469,-74.0334588,26264,"Subscriber",1990,1
190,"2018-12-27 06:14:58.3830","2018-12-27 06:18:08.6000",3267,"Morris Canal",40.7124188237569,-74.03852552175522,3183,"Exchange Place",40.7162469,-74.0334588,26203,"Subscriber",1994,2
200,"2018-12-27 07:40:28.0600","2018-12-27 07:43:48.4510",3267,"Morris Canal",40.7124188237569,-74.03852552175522,3183,"Exchange Place",40.7162469,-74.0334588,29602,"Subscriber",1987,1
312,"2018-12-27 07:56:25.9880","2018-12-27 08:01:38.6510",3267,"Morris Canal",40.7124188237569,-74.03852552175522,3183,"Exchange Place",40.7162469,-74.0334588,29660,"Subscriber",1994,2
185,"2018-12-27 08:12:42.0700","2018-12-27 08:15:47.4030",3267,"Morris Canal",40.7124188237569,-74.03852552175522,3267,"Morris Canal",40.7124188237569,-74.03852552175522,29640,"Subscriber",1993,1
166,"2018-12-27 08:21:58.5570","2018-12-27 08:24:45.1390",3267,"Morris Canal",40.7124188237569,-74.03852552175522,3184,"Paulus Hook",40.7141454,-74.0335519,29640,"Subscriber",1993,1
196,"2018-12-27 08:30:48.1510","2018-12-27 08:34:04.9780",3267,"Morris Canal",40.7124188237569,-74.03852552175522,3183,"Exchange Place",40.7162469,-74.0334588,29439,"Subscriber",1985,1
353,"2018-12-27 08:59:16.7680","2018-12-27 09:05:10.2830",3267,"Morris Canal",40.7124188237569,-74.03852552175522,3186,"Grove St PATH",40.71958611647166,-74.04311746358871,29283,"Subscriber",1955,1
111,"2018-12-27 09:47:09.7430","2018-12-27 09:49:00.7690",3267,"Morris Canal",40.7124188237569,-74.03852552175522,3184,"Paulus Hook",40.7141454,-74.0335519,29308,"Subscriber",1980,1
181,"2018-12-27 10:45:42.9830","2018-12-27 10:48:44.5890",3267,"Morris Canal",40.7124188237569,-74.03852552175522,3183,"Exchange Place",40.7162469,-74.0334588,29476,"Subscriber",1990,1
229,"2018-12-27 12:24:48.1880","2018-12-27 12:28:37.7080",3267,"Morris Canal",40.7124188237569,-74.03852552175522,3183,"Exchange Place",40.7162469,-74.0334588,26294,"Subscriber",1980,1
258,"2018-12-27 15:41:44.2570","2018-12-27 15:46:03.1980",3267,"Morris Canal",40.7124188237569,-74.03852552175522,3183,"Exchange Place",40.7162469,-74.0334588,29283,"Subscriber",1987,1
488,"2018-12-27 16:40:22.8090","2018-12-27 16:48:30.8770",3267,"Morris Canal",40.7124188237569,-74.03852552175522,3275,"Columbus Drive",40.71835519823214,-74.03891444206238,29652,"Subscriber",1990,1
473,"2018-12-27 16:40:22.5240","2018-12-27 16:48:15.6910",3267,"Morris Canal",40.7124188237569,-74.03852552175522,3275,"Columbus Drive",40.71835519823214,-74.03891444206238,29438,"Customer",1969,0
2152,"2018-12-27 16:51:54.3720","2018-12-27 17:27:47.1640",3267,"Morris Canal",40.7124188237569,-74.03852552175522,3267,"Morris Canal",40.7124188237569,-74.03852552175522,29307,"Subscriber",1974,1
184,"2018-12-27 17:06:51.9040","2018-12-27 17:09:56.0340",3267,"Morris Canal",40.7124188237569,-74.03852552175522,3275,"Columbus Drive",40.71835519823214,-74.03891444206238,29499,"Subscriber",1961,1
199,"2018-12-27 17:12:11.7470","2018-12-27 17:15:31.5600",3267,"Morris Canal",40.7124188237569,-74.03852552175522,3184,"Paulus Hook",40.7141454,-74.0335519,26163,"Subscriber",1981,1
199,"2018-12-27 17:40:43.9270","2018-12-27 17:44:03.8930",3267,"Morris Canal",40.7124188237569,-74.03852552175522,3275,"Columbus Drive",40.71835519823214,-74.03891444206238,29307,"Subscriber",1975,1
166,"2018-12-27 20:53:10.8920","2018-12-27 20:55:57.3230",3267,"Morris Canal",40.7124188237569,-74.03852552175522,3184,"Paulus Hook",40.7141454,-74.0335519,29247,"Subscriber",1982,1
214,"2018-12-27 21:02:40.6760","2018-12-27 21:06:15.1870",3267,"Morris Canal",40.7124188237569,-74.03852552175522,3184,"Paulus Hook",40.7141454,-74.0335519,29284,"Subscriber",1960,1
185,"2018-12-28 06:26:19.1080","2018-12-28 06:29:24.6570",3267,"Morris Canal",40.7124188237569,-74.03852552175522,3183,"Exchange Place",40.7162469,-74.0334588,29207,"Subscriber",1994,2
317,"2018-12-28 09:00:53.4120","2018-12-28 09:06:10.8540",3267,"Morris Canal",40.7124188237569,-74.03852552175522,3183,"Exchange Place",40.7162469,-74.0334588,26166,"Subscriber",1974,1
290,"2018-12-28 13:41:35.4790","2018-12-28 13:46:26.1120",3267,"Morris Canal",40.7124188237569,-74.03852552175522,3639,"Harborside",40.7192517,-74.034234,26166,"Subscriber",1982,1
247,"2018-12-28 17:53:27.8490","2018-12-28 17:57:35.6500",3267,"Morris Canal",40.7124188237569,-74.03852552175522,3184,"Paulus Hook",40.7141454,-74.0335519,29197,"Subscriber",1981,0
368,"2018-12-28 18:44:40.6700","2018-12-28 18:50:49.3680",3267,"Morris Canal",40.7124188237569,-74.03852552175522,3183,"Exchange Place",40.7162469,-74.0334588,26186,"Subscriber",1984,1
273,"2018-12-28 18:56:59.6390","2018-12-28 19:01:33.0100",3267,"Morris Canal",40.7124188237569,-74.03852552175522,3275,"Columbus Drive",40.71835519823214,-74.03891444206238,29207,"Subscriber",1960,1
493,"2018-12-29 08:25:45.6170","2018-12-29 08:33:59.4920",3267,"Morris Canal",40.7124188237569,-74.03852552175522,3186,"Grove St PATH",40.71958611647166,-74.04311746358871,29640,"Subscriber",1990,1
440,"2018-12-29 08:26:40.8280","2018-12-29 08:34:01.7640",3267,"Morris Canal",40.7124188237569,-74.03852552175522,3186,"Grove St PATH",40.71958611647166,-74.04311746358871,26261,"Customer",1969,0
806,"2018-12-29 10:32:03.6830","2018-12-29 10:45:29.7570",3267,"Morris Canal",40.7124188237569,-74.03852552175522,3276,"Marin Light Rail",40.71458403535893,-74.04281705617905,26266,"Subscriber",1968,1
296,"2018-12-29 10:42:12.8210","2018-12-29 10:47:09.2790",3267,"Morris Canal",40.7124188237569,-74.03852552175522,3275,"Columbus Drive",40.71835519823214,-74.03891444206238,26278,"Subscriber",1993,1
388,"2018-12-29 12:22:24.2560","2018-12-29 12:28:53.1240",3267,"Morris Canal",40.7124188237569,-74.03852552175522,3186,"Grove St PATH",40.71958611647166,-74.04311746358871,29209,"Subscriber",1969,0
271,"2018-12-29 12:51:20.2080","2018-12-29 12:55:51.3690",3267,"Morris Canal",40.7124188237569,-74.03852552175522,3183,"Exchange Place",40.7162469,-74.0334588,29499,"Subscriber",1990,1
1217,"2018-12-29 14:01:08.5130","2018-12-29 14:21:25.6150",3267,"Morris Canal",40.7124188237569,-74.03852552175522,3267,"Morris Canal",40.7124188237569,-74.03852552175522,29201,"Subscriber",1968,1
240,"2018-12-29 14:23:36.1300","2018-12-29 14:27:36.8160",3267,"Morris Canal",40.7124188237569,-74.03852552175522,3183,"Exchange Place",40.7162469,-74.0334588,29197,"Subscriber",1981,0
1206,"2018-12-29 15:21:09.9820","2018-12-29 15:41:16.9540",3267,"Morris Canal",40.7124188237569,-74.03852552175522,3183,"Exchange Place",40.7162469,-74.0334588,26291,"Customer",1992,2
62,"2018-12-29 20:08:04.1840","2018-12-29 20:09:07.1620",3267,"Morris Canal",40.7124188237569,-74.03852552175522,3267,"Morris Canal",40.7124188237569,-74.03852552175522,29221,"Subscriber",1974,1
248,"2018-12-29 23:50:50.0030","2018-12-29 23:54:58.5430",3267,"Morris Canal",40.7124188237569,-74.03852552175522,3187,"Warren St",40.7211236,-74.03805095,29629,"Subscriber",1989,1
880,"2018-12-30 06:56:21.9140","2018-12-30 07:11:02.0520",3267,"Morris Canal",40.7124188237569,-74.03852552175522,3267,"Morris Canal",40.7124188237569,-74.03852552175522,29221,"Subscriber",1989,2
223,"2018-12-30 09:31:21.7350","2018-12-30 09:35:04.8800",3267,"Morris Canal",40.7124188237569,-74.03852552175522,3187,"Warren St",40.7211236,-74.03805095,29608,"Subscriber",1980,1
187,"2018-12-30 09:57:04.8630","2018-12-30 10:00:12.1630",3267,"Morris Canal",40.7124188237569,-74.03852552175522,3184,"Paulus Hook",40.7141454,-74.0335519,29263,"Subscriber",1993,1
478,"2018-12-30 11:01:35.8650","2018-12-30 11:09:33.9490",3267,"Morris Canal",40.7124188237569,-74.03852552175522,3272,"Jersey & 3rd",40.72333158646436,-74.04595255851744,29220,"Subscriber",1957,1
375,"2018-12-30 11:46:55.7640","2018-12-30 11:53:11.5850",3267,"Morris Canal",40.7124188237569,-74.03852552175522,3638,"Washington St",40.7242941,-74.0354826,29197,"Subscriber",1990,2
407,"2018-12-30 12:17:53.5100","2018-12-30 12:24:40.5820",3267,"Morris Canal",40.7124188237569,-74.03852552175522,3183,"Exchange Place",40.7162469,-74.0334588,29198,"Customer",1994,2
307,"2018-12-30 12:19:26.1730","2018-12-30 12:24:33.3760",3267,"Morris Canal",40.7124188237569,-74.03852552175522,3183,"Exchange Place",40.7162469,-74.0334588,29221,"Customer",1995,2
176,"2018-12-30 13:33:51.4930","2018-12-30 13:36:47.8920",3267,"Morris Canal",40.7124188237569,-74.03852552175522,3184,"Paulus Hook",40.7141454,-74.0335519,29278,"Subscriber",1981,0
311,"2018-12-30 13:50:02.0520","2018-12-30 13:55:13.2220",3267,"Morris Canal",40.7124188237569,-74.03852552175522,3186,"Grove St PATH",40.71958611647166,-74.04311746358871,26212,"Subscriber",1994,2
92,"2018-12-30 14:05:45.4540","2018-12-30 14:07:17.8420",3267,"Morris Canal",40.7124188237569,-74.03852552175522,3214,"Essex Light Rail",40.7127742,-74.0364857,26264,"Subscriber",1981,0
2171,"2018-12-30 14:43:15.7660","2018-12-30 15:19:27.0220",3267,"Morris Canal",40.7124188237569,-74.03852552175522,3681,"Grand St",40.71517767732029,-74.03768330812454,29201,"Subscriber",1961,1
500,"2018-12-30 15:10:18.6900","2018-12-30 15:18:38.7150",3267,"Morris Canal",40.7124188237569,-74.03852552175522,3211,"Newark Ave",40.72152515,-74.046304543,26264,"Subscriber",1969,2
551,"2018-12-30 15:40:44.1180","2018-12-30 15:49:55.9640",3267,"Morris Canal",40.7124188237569,-74.03852552175522,3186,"Grove St PATH",40.71958611647166,-74.04311746358871,29677,"Subscriber",1961,1
519,"2018-12-30 15:40:47.1940","2018-12-30 15:49:26.2070",3267,"Morris Canal",40.7124188237569,-74.03852552175522,3186,"Grove St PATH",40.71958611647166,-74.04311746358871,29641,"Subscriber",1967,1
259,"2018-12-30 17:28:50.5300","2018-12-30 17:33:09.8360",3267,"Morris Canal",40.7124188237569,-74.03852552175522,3275,"Columbus Drive",40.71835519823214,-74.03891444206238,29675,"Subscriber",1960,1
70,"2018-12-30 20:04:02.0950","2018-12-30 20:05:12.1270",3267,"Morris Canal",40.7124188237569,-74.03852552175522,3214,"Essex Light Rail",40.7127742,-74.0364857,26300,"Subscriber",1978,1
188,"2018-12-30 20:15:16.0070","2018-12-30 20:18:24.7210",3267,"Morris Canal",40.7124188237569,-74.03852552175522,3481,"York St",40.71649,-74.04105,26272,"Subscriber",1978,1
205,"2018-12-31 06:17:11.2090","2018-12-31 06:20:36.3680",3267,"Morris Canal",40.7124188237569,-74.03852552175522,3183,"Exchange Place",40.7162469,-74.0334588,29545,"Subscriber",1994,2
223,"2018-12-31 07:27:50.6590","2018-12-31 07:31:33.7280",3267,"Morris Canal",40.7124188237569,-74.03852552175522,3183,"Exchange Place",40.7162469,-74.0334588,26208,"Subscriber",1974,1
186,"2018-12-31 08:09:48.8390","2018-12-31 08:12:54.8830",3267,"Morris Canal",40.7124188237569,-74.03852552175522,3184,"Paulus Hook",40.7141454,-74.0335519,29252,"Subscriber",1993,1
349,"2018-12-31 11:19:53.9530","2018-12-31 11:25:43.2450",3267,"Morris Canal",40.7124188237569,-74.03852552175522,3639,"Harborside",40.7192517,-74.034234,26184,"Subscriber",1982,1
348,"2018-12-31 11:20:01.1700","2018-12-31 11:25:49.6510",3267,"Morris Canal",40.7124188237569,-74.03852552175522,3639,"Harborside",40.7192517,-74.034234,29447,"Subscriber",1984,2
96,"2018-12-31 12:39:45.8530","2018-12-31 12:41:22.6440",3267,"Morris Canal",40.7124188237569,-74.03852552175522,3681,"Grand St",40.71517767732029,-74.03768330812454,29484,"Subscriber",1981,0
435,"2018-12-31 16:30:05.8520","2018-12-31 16:37:21.4890",3267,"Morris Canal",40.7124188237569,-74.03852552175522,3187,"Warren St",40.7211236,-74.03805095,26163,"Subscriber",1993,1
438,"2018-12-01 06:21:40.3740","2018-12-01 06:28:58.4850",3268,"Lafayette Park",40.71346382669195,-74.06285852193832,3185,"City Hall",40.7177325,-74.043845,29611,"Customer",1991,1
292,"2018-12-01 12:21:17.9720","2018-12-01 12:26:10.2940",3268,"Lafayette Park",40.71346382669195,-74.06285852193832,3192,"Liberty Light Rail",40.7112423,-74.0557013,29471,"Customer",1996,2
256,"2018-12-01 12:21:47.9710","2018-12-01 12:26:04.2740",3268,"Lafayette Park",40.71346382669195,-74.06285852193832,3192,"Liberty Light Rail",40.7112423,-74.0557013,29519,"Subscriber",1991,1
483,"2018-12-01 13:23:18.5170","2018-12-01 13:31:21.8830",3268,"Lafayette Park",40.71346382669195,-74.06285852193832,3185,"City Hall",40.7177325,-74.043845,26245,"Subscriber",1998,1
214,"2018-12-03 06:41:08.1940","2018-12-03 06:44:43.1170",3268,"Lafayette Park",40.71346382669195,-74.06285852193832,3192,"Liberty Light Rail",40.7112423,-74.0557013,29586,"Subscriber",1979,1
236,"2018-12-03 07:26:42.1660","2018-12-03 07:30:38.8110",3268,"Lafayette Park",40.71346382669195,-74.06285852193832,3192,"Liberty Light Rail",40.7112423,-74.0557013,26245,"Subscriber",1985,2
581,"2018-12-03 08:49:44.4980","2018-12-03 08:59:26.4810",3268,"Lafayette Park",40.71346382669195,-74.06285852193832,3186,"Grove St PATH",40.71958611647166,-74.04311746358871,29446,"Subscriber",1989,1
204,"2018-12-03 09:27:11.9030","2018-12-03 09:30:36.3320",3268,"Lafayette Park",40.71346382669195,-74.06285852193832,3192,"Liberty Light Rail",40.7112423,-74.0557013,29254,"Subscriber",1991,1
472,"2018-12-03 11:51:03.8810","2018-12-03 11:58:56.6810",3268,"Lafayette Park",40.71346382669195,-74.06285852193832,3185,"City Hall",40.7177325,-74.043845,26174,"Subscriber",1991,1
1903,"2018-12-03 16:06:25.6890","2018-12-03 16:38:09.1700",3268,"Lafayette Park",40.71346382669195,-74.06285852193832,3183,"Exchange Place",40.7162469,-74.0334588,29656,"Subscriber",1971,1
639,"2018-12-03 16:59:42.7430","2018-12-03 17:10:22.4010",3268,"Lafayette Park",40.71346382669195,-74.06285852193832,3186,"Grove St PATH",40.71958611647166,-74.04311746358871,29235,"Subscriber",1984,2
195,"2018-12-04 07:41:41.9140","2018-12-04 07:44:57.0620",3268,"Lafayette Park",40.71346382669195,-74.06285852193832,3192,"Liberty Light Rail",40.7112423,-74.0557013,29653,"Subscriber",1979,1
785,"2018-12-04 08:07:33.5470","2018-12-04 08:20:39.0480",3268,"Lafayette Park",40.71346382669195,-74.06285852193832,3275,"Columbus Drive",40.71835519823214,-74.03891444206238,29607,"Subscriber",1987,1
589,"2018-12-04 08:40:05.5850","2018-12-04 08:49:55.5670",3268,"Lafayette Park",40.71346382669195,-74.06285852193832,3186,"Grove St PATH",40.71958611647166,-74.04311746358871,29580,"Subscriber",1989,1
592,"2018-12-04 09:15:46.8470","2018-12-04 09:25:39.5660",3268,"Lafayette Park",40.71346382669195,-74.06285852193832,3186,"Grove St PATH",40.71958611647166,-74.04311746358871,29208,"Subscriber",1986,2
453,"2018-12-04 12:14:03.8050","2018-12-04 12:21:37.0940",3268,"Lafayette Park",40.71346382669195,-74.06285852193832,3185,"City Hall",40.7177325,-74.043845,29663,"Customer",1991,1
553,"2018-12-04 12:26:34.9210","2018-12-04 12:35:47.9410",3268,"Lafayette Park",40.71346382669195,-74.06285852193832,3186,"Grove St PATH",40.71958611647166,-74.04311746358871,29467,"Subscriber",1987,1
192,"2018-12-05 07:49:44.1490","2018-12-05 07:52:56.4190",3268,"Lafayette Park",40.71346382669195,-74.06285852193832,3192,"Liberty Light Rail",40.7112423,-74.0557013,29588,"Subscriber",1979,1
621,"2018-12-05 08:22:01.7800","2018-12-05 08:32:23.3050",3268,"Lafayette Park",40.71346382669195,-74.06285852193832,3209,"Brunswick St",40.7241765,-74.0506564,26173,"Subscriber",1998,1
446,"2018-12-05 09:06:56.4160","2018-12-05 09:14:22.8540",3268,"Lafayette Park",40.71346382669195,-74.06285852193832,3213,"Van Vorst Park",40.71848892,-74.047726625,26316,"Subscriber",1989,1
565,"2018-12-05 09:32:34.8100","2018-12-05 09:42:00.0310",3268,"Lafayette Park",40.71346382669195,-74.06285852193832,3183,"Exchange Place",40.7162469,-74.0334588,29307,"Subscriber",1984,1
198,"2018-12-05 10:24:18.7820","2018-12-05 10:27:37.4750",3268,"Lafayette Park",40.71346382669195,-74.06285852193832,3192,"Liberty Light Rail",40.7112423,-74.0557013,29483,"Subscriber",1991,1
2092,"2018-12-05 14:59:11.7930","2018-12-05 15:34:04.6170",3268,"Lafayette Park",40.71346382669195,-74.06285852193832,3199,"Newport Pkwy",40.7287448,-74.0321082,29663,"Subscriber",1989,2
178,"2018-12-06 07:46:56.2770","2018-12-06 07:49:54.4790",3268,"Lafayette Park",40.71346382669195,-74.06285852193832,3192,"Liberty Light Rail",40.7112423,-74.0557013,29573,"Subscriber",1979,1
632,"2018-12-06 08:23:17.4790","2018-12-06 08:33:50.3380",3268,"Lafayette Park",40.71346382669195,-74.06285852193832,3186,"Grove St PATH",40.71958611647166,-74.04311746358871,29665,"Subscriber",1998,1
497,"2018-12-06 10:02:42.1600","2018-12-06 10:10:59.6010",3268,"Lafayette Park",40.71346382669195,-74.06285852193832,3183,"Exchange Place",40.7162469,-74.0334588,29588,"Subscriber",1984,1
526,"2018-12-06 10:20:34.5510","2018-12-06 10:29:21.3650",3268,"Lafayette Park",40.71346382669195,-74.06285852193832,3186,"Grove St PATH",40.71958611647166,-74.04311746358871,29595,"Subscriber",1989,1
274,"2018-12-06 11:23:41.8350","2018-12-06 11:28:16.6000",3268,"Lafayette Park",40.71346382669195,-74.06285852193832,3192,"Liberty Light Rail",40.7112423,-74.0557013,29610,"Subscriber",1991,1
438,"2018-12-07 06:15:06.3180","2018-12-07 06:22:24.8600",3268,"Lafayette Park",40.71346382669195,-74.06285852193832,3186,"Grove St PATH",40.71958611647166,-74.04311746358871,29595,"Subscriber",1979,1
223,"2018-12-07 09:14:23.3270","2018-12-07 09:18:07.2570",3268,"Lafayette Park",40.71346382669195,-74.06285852193832,3192,"Liberty Light Rail",40.7112423,-74.0557013,29212,"Subscriber",1991,1
687,"2018-12-07 09:21:04.5520","2018-12-07 09:32:31.7000",3268,"Lafayette Park",40.71346382669195,-74.06285852193832,3185,"City Hall",40.7177325,-74.043845,29610,"Subscriber",1989,1
473,"2018-12-07 09:22:09.5430","2018-12-07 09:30:03.4050",3268,"Lafayette Park",40.71346382669195,-74.06285852193832,3183,"Exchange Place",40.7162469,-74.0334588,26307,"Subscriber",1984,1
363,"2018-12-07 11:40:42.7720","2018-12-07 11:46:46.0050",3268,"Lafayette Park",40.71346382669195,-74.06285852193832,3213,"Van Vorst Park",40.71848892,-74.047726625,26225,"Customer",1991,1
613,"2018-12-07 13:58:25.1080","2018-12-07 14:08:38.9950",3268,"Lafayette Park",40.71346382669195,-74.06285852193832,3186,"Grove St PATH",40.71958611647166,-74.04311746358871,26294,"Customer",1986,1
390,"2018-12-08 05:38:08.3970","2018-12-08 05:44:38.9460",3268,"Lafayette Park",40.71346382669195,-74.06285852193832,3185,"City Hall",40.7177325,-74.043845,26234,"Customer",1991,1
535,"2018-12-08 10:05:50.5410","2018-12-08 10:14:46.1510",3268,"Lafayette Park",40.71346382669195,-74.06285852193832,3186,"Grove St PATH",40.71958611647166,-74.04311746358871,29468,"Subscriber",1998,1
679,"2018-12-09 12:51:10.5600","2018-12-09 13:02:30.5300",3268,"Lafayette Park",40.71346382669195,-74.06285852193832,3213,"Van Vorst Park",40.71848892,-74.047726625,29531,"Subscriber",1993,1
896,"2018-12-09 13:49:00.1970","2018-12-09 14:03:56.8160",3268,"Lafayette Park",40.71346382669195,-74.06285852193832,3640,"Journal Square",40.73367,-74.0625,26278,"Subscriber",1987,1
500,"2018-12-10 08:12:13.2890","2018-12-10 08:20:33.7590",3268,"Lafayette Park",40.71346382669195,-74.06285852193832,3185,"City Hall",40.7177325,-74.043845,26302,"Customer",1991,1
647,"2018-12-10 08:29:13.3420","2018-12-10 08:40:00.9100",3268,"Lafayette Park",40.71346382669195,-74.06285852193832,3186,"Grove St PATH",40.71958611647166,-74.04311746358871,29546,"Subscriber",1990,1
590,"2018-12-10 09:00:34.9180","2018-12-10 09:10:25.1320",3268,"Lafayette Park",40.71346382669195,-74.06285852193832,3186,"Grove St PATH",40.71958611647166,-74.04311746358871,33781,"Subscriber",1989,1
519,"2018-12-10 09:12:19.5630","2018-12-10 09:20:59.0560",3268,"Lafayette Park",40.71346382669195,-74.06285852193832,3183,"Exchange Place",40.7162469,-74.0334588,29292,"Subscriber",1984,1
203,"2018-12-10 11:06:46.1170","2018-12-10 11:10:09.9080",3268,"Lafayette Park",40.71346382669195,-74.06285852193832,3192,"Liberty Light Rail",40.7112423,-74.0557013,26248,"Subscriber",1991,1
796,"2018-12-10 11:37:15.4630","2018-12-10 11:50:32.2470",3268,"Lafayette Park",40.71346382669195,-74.06285852193832,3205,"JC Medical Center",40.71653978099194,-74.0496379137039,26152,"Subscriber",1987,2
209,"2018-12-11 07:56:11.2070","2018-12-11 07:59:41.0030",3268,"Lafayette Park",40.71346382669195,-74.06285852193832,3192,"Liberty Light Rail",40.7112423,-74.0557013,29471,"Subscriber",1979,1
277,"2018-12-11 08:47:41.2510","2018-12-11 08:52:19.1550",3268,"Lafayette Park",40.71346382669195,-74.06285852193832,3192,"Liberty Light Rail",40.7112423,-74.0557013,26274,"Subscriber",1991,1
570,"2018-12-11 09:14:57.8940","2018-12-11 09:24:28.7520",3268,"Lafayette Park",40.71346382669195,-74.06285852193832,3186,"Grove St PATH",40.71958611647166,-74.04311746358871,29663,"Subscriber",1989,1
522,"2018-12-11 09:34:40.2050","2018-12-11 09:43:22.5870",3268,"Lafayette Park",40.71346382669195,-74.06285852193832,3186,"Grove St PATH",40.71958611647166,-74.04311746358871,29468,"Subscriber",1983,1
526,"2018-12-11 09:38:16.3690","2018-12-11 09:47:02.8030",3268,"Lafayette Park",40.71346382669195,-74.06285852193832,3183,"Exchange Place",40.7162469,-74.0334588,29440,"Subscriber",1984,1
361,"2018-12-11 11:44:13.1670","2018-12-11 11:50:14.7190",3268,"Lafayette Park",40.71346382669195,-74.06285852193832,3213,"Van Vorst Park",40.71848892,-74.047726625,29444,"Customer",1991,1
209,"2018-12-12 07:53:33.9560","2018-12-12 07:57:03.0880",3268,"Lafayette Park",40.71346382669195,-74.06285852193832,3192,"Liberty Light Rail",40.7112423,-74.0557013,26276,"Subscriber",1979,1
736,"2018-12-12 08:16:34.2130","2018-12-12 08:28:51.1050",3268,"Lafayette Park",40.71346382669195,-74.06285852193832,3186,"Grove St PATH",40.71958611647166,-74.04311746358871,29241,"Subscriber",1998,1
617,"2018-12-12 08:32:32.3160","2018-12-12 08:42:49.7210",3268,"Lafayette Park",40.71346382669195,-74.06285852193832,3183,"Exchange Place",40.7162469,-74.0334588,26220,"Subscriber",1984,1
213,"2018-12-12 09:33:20.3030","2018-12-12 09:36:53.4440",3268,"Lafayette Park",40.71346382669195,-74.06285852193832,3192,"Liberty Light Rail",40.7112423,-74.0557013,29639,"Subscriber",1991,1
347,"2018-12-12 11:57:46.7780","2018-12-12 12:03:34.1100",3268,"Lafayette Park",40.71346382669195,-74.06285852193832,3213,"Van Vorst Park",40.71848892,-74.047726625,29541,"Customer",1991,1
529,"2018-12-12 12:14:03.3550","2018-12-12 12:22:53.2200",3268,"Lafayette Park",40.71346382669195,-74.06285852193832,3186,"Grove St PATH",40.71958611647166,-74.04311746358871,29294,"Subscriber",1989,1
747,"2018-12-12 13:34:59.8520","2018-12-12 13:47:27.8310",3268,"Lafayette Park",40.71346382669195,-74.06285852193832,3276,"Marin Light Rail",40.71458403535893,-74.04281705617905,29125,"Customer",1969,0
196,"2018-12-13 07:55:18.8620","2018-12-13 07:58:35.5980",3268,"Lafayette Park",40.71346382669195,-74.06285852193832,3192,"Liberty Light Rail",40.7112423,-74.0557013,26270,"Subscriber",1979,1
648,"2018-12-13 09:26:42.7580","2018-12-13 09:37:30.8020",3268,"Lafayette Park",40.71346382669195,-74.06285852193832,3186,"Grove St PATH",40.71958611647166,-74.04311746358871,26260,"Subscriber",1989,1
647,"2018-12-13 10:00:42.0170","2018-12-13 10:11:29.5190",3268,"Lafayette Park",40.71346382669195,-74.06285852193832,3184,"Paulus Hook",40.7141454,-74.0335519,29445,"Subscriber",1984,1
366,"2018-12-13 13:34:24.3540","2018-12-13 13:40:31.2670",3268,"Lafayette Park",40.71346382669195,-74.06285852193832,3213,"Van Vorst Park",40.71848892,-74.047726625,29439,"Customer",1991,1
508,"2018-12-13 14:16:54.2130","2018-12-13 14:25:22.3370",3268,"Lafayette Park",40.71346382669195,-74.06285852193832,3186,"Grove St PATH",40.71958611647166,-74.04311746358871,29516,"Subscriber",1998,1
728,"2018-12-14 07:50:15.7620","2018-12-14 08:02:24.6390",3268,"Lafayette Park",40.71346382669195,-74.06285852193832,3275,"Columbus Drive",40.71835519823214,-74.03891444206238,26311,"Subscriber",1987,1
210,"2018-12-14 08:50:56.9350","2018-12-14 08:54:27.6090",3268,"Lafayette Park",40.71346382669195,-74.06285852193832,3192,"Liberty Light Rail",40.7112423,-74.0557013,26179,"Subscriber",1979,1
526,"2018-12-14 08:57:03.9810","2018-12-14 09:05:50.9380",3268,"Lafayette Park",40.71346382669195,-74.06285852193832,3185,"City Hall",40.7177325,-74.043845,26264,"Subscriber",1989,1
390,"2018-12-14 11:54:14.8120","2018-12-14 12:00:45.5630",3268,"Lafayette Park",40.71346382669195,-74.06285852193832,3185,"City Hall",40.7177325,-74.043845,26260,"Customer",1991,1
427,"2018-12-14 20:46:30.0190","2018-12-14 20:53:37.8650",3268,"Lafayette Park",40.71346382669195,-74.06285852193832,3186,"Grove St PATH",40.71958611647166,-74.04311746358871,29250,"Subscriber",1979,1
665,"2018-12-14 21:53:14.9770","2018-12-14 22:04:20.6050",3268,"Lafayette Park",40.71346382669195,-74.06285852193832,3273,"Manila & 1st",40.721650724879986,-74.04288411140442,29646,"Subscriber",1987,1
464,"2018-12-15 08:42:19.8130","2018-12-15 08:50:04.6780",3268,"Lafayette Park",40.71346382669195,-74.06285852193832,3186,"Grove St PATH",40.71958611647166,-74.04311746358871,29482,"Subscriber",1978,1
533,"2018-12-15 11:42:21.7640","2018-12-15 11:51:15.2260",3268,"Lafayette Park",40.71346382669195,-74.06285852193832,3186,"Grove St PATH",40.71958611647166,-74.04311746358871,29612,"Subscriber",1979,1
474,"2018-12-15 13:15:54.1260","2018-12-15 13:23:49.0760",3268,"Lafayette Park",40.71346382669195,-74.06285852193832,3186,"Grove St PATH",40.71958611647166,-74.04311746358871,29524,"Customer",1991,1
502,"2018-12-15 19:36:45.1740","2018-12-15 19:45:07.2580",3268,"Lafayette Park",40.71346382669195,-74.06285852193832,3211,"Newark Ave",40.72152515,-74.046304543,26204,"Subscriber",1987,1
603,"2018-12-16 13:12:24.6780","2018-12-16 13:22:28.3180",3268,"Lafayette Park",40.71346382669195,-74.06285852193832,3186,"Grove St PATH",40.71958611647166,-74.04311746358871,29126,"Subscriber",1998,1
416,"2018-12-16 14:50:05.9390","2018-12-16 14:57:02.8140",3268,"Lafayette Park",40.71346382669195,-74.06285852193832,3483,"Montgomery St",40.71942,-74.05099,29459,"Subscriber",1991,1
191,"2018-12-17 07:55:52.3410","2018-12-17 07:59:03.7360",3268,"Lafayette Park",40.71346382669195,-74.06285852193832,3192,"Liberty Light Rail",40.7112423,-74.0557013,29215,"Subscriber",1979,1
545,"2018-12-17 08:53:55.5880","2018-12-17 09:03:00.8190",3268,"Lafayette Park",40.71346382669195,-74.06285852193832,3185,"City Hall",40.7177325,-74.043845,29297,"Subscriber",1989,1
285,"2018-12-17 08:58:20.8280","2018-12-17 09:03:06.2720",3268,"Lafayette Park",40.71346382669195,-74.06285852193832,3192,"Liberty Light Rail",40.7112423,-74.0557013,29459,"Subscriber",1991,1
178,"2018-12-18 07:54:30.3240","2018-12-18 07:57:28.8000",3268,"Lafayette Park",40.71346382669195,-74.06285852193832,3192,"Liberty Light Rail",40.7112423,-74.0557013,29652,"Subscriber",1979,1
534,"2018-12-18 08:58:21.9990","2018-12-18 09:07:16.4200",3268,"Lafayette Park",40.71346382669195,-74.06285852193832,3185,"City Hall",40.7177325,-74.043845,29483,"Subscriber",1989,1
525,"2018-12-18 09:23:28.7460","2018-12-18 09:32:14.5840",3268,"Lafayette Park",40.71346382669195,-74.06285852193832,3183,"Exchange Place",40.7162469,-74.0334588,29246,"Subscriber",1984,1
544,"2018-12-19 07:19:32.1990","2018-12-19 07:28:36.5040",3268,"Lafayette Park",40.71346382669195,-74.06285852193832,3186,"Grove St PATH",40.71958611647166,-74.04311746358871,29460,"Subscriber",1979,1
469,"2018-12-19 09:03:19.4340","2018-12-19 09:11:09.1850",3268,"Lafayette Park",40.71346382669195,-74.06285852193832,3185,"City Hall",40.7177325,-74.043845,29450,"Subscriber",1989,1
495,"2018-12-19 09:43:32.1990","2018-12-19 09:51:47.4920",3268,"Lafayette Park",40.71346382669195,-74.06285852193832,3183,"Exchange Place",40.7162469,-74.0334588,29442,"Subscriber",1984,1
356,"2018-12-19 10:00:10.6550","2018-12-19 10:06:07.1870",3268,"Lafayette Park",40.71346382669195,-74.06285852193832,3185,"City Hall",40.7177325,-74.043845,26183,"Customer",1991,1
179,"2018-12-19 11:34:54.9550","2018-12-19 11:37:54.7670",3268,"Lafayette Park",40.71346382669195,-74.06285852193832,3192,"Liberty Light Rail",40.7112423,-74.0557013,26291,"Subscriber",1991,1
415,"2018-12-20 06:07:45.4760","2018-12-20 06:14:41.0300",3268,"Lafayette Park",40.71346382669195,-74.06285852193832,3185,"City Hall",40.7177325,-74.043845,26309,"Customer",1991,1
397,"2018-12-20 07:48:55.7690","2018-12-20 07:55:33.7080",3268,"Lafayette Park",40.71346382669195,-74.06285852193832,3186,"Grove St PATH",40.71958611647166,-74.04311746358871,29595,"Subscriber",1978,1
197,"2018-12-20 07:55:23.9520","2018-12-20 07:58:41.0610",3268,"Lafayette Park",40.71346382669195,-74.06285852193832,3192,"Liberty Light Rail",40.7112423,-74.0557013,29546,"Subscriber",1979,1
574,"2018-12-20 09:10:36.1880","2018-12-20 09:20:11.1130",3268,"Lafayette Park",40.71346382669195,-74.06285852193832,3185,"City Hall",40.7177325,-74.043845,29491,"Subscriber",1989,1
643,"2018-12-20 09:40:42.8390","2018-12-20 09:51:26.4700",3268,"Lafayette Park",40.71346382669195,-74.06285852193832,3184,"Paulus Hook",40.7141454,-74.0335519,29534,"Subscriber",1984,1
718,"2018-12-20 11:44:06.6660","2018-12-20 11:56:05.0670",3268,"Lafayette Park",40.71346382669195,-74.06285852193832,3203,"Hamilton Park",40.727595966,-74.044247311,29236,"Subscriber",1993,1
227,"2018-12-21 07:49:59.5760","2018-12-21 07:53:47.5300",3268,"Lafayette Park",40.71346382669195,-74.06285852193832,3192,"Liberty Light Rail",40.7112423,-74.0557013,29549,"Subscriber",1979,1
384,"2018-12-21 20:04:01.4490","2018-12-21 20:10:25.9090",3268,"Lafayette Park",40.71346382669195,-74.06285852193832,3213,"Van Vorst Park",40.71848892,-74.047726625,29244,"Subscriber",1989,1
400,"2018-12-22 05:53:23.8870","2018-12-22 06:00:04.6020",3268,"Lafayette Park",40.71346382669195,-74.06285852193832,3185,"City Hall",40.7177325,-74.043845,29277,"Customer",1991,1
662,"2018-12-22 06:43:51.9510","2018-12-22 06:54:54.3340",3268,"Lafayette Park",40.71346382669195,-74.06285852193832,3186,"Grove St PATH",40.71958611647166,-74.04311746358871,29601,"Customer",1976,1
547,"2018-12-22 18:30:47.7010","2018-12-22 18:39:54.9290",3268,"Lafayette Park",40.71346382669195,-74.06285852193832,3272,"Jersey & 3rd",40.72333158646436,-74.04595255851744,34791,"Subscriber",1989,1
766,"2018-12-22 19:25:35.2200","2018-12-22 19:38:21.7240",3268,"Lafayette Park",40.71346382669195,-74.06285852193832,3203,"Hamilton Park",40.727595966,-74.044247311,26212,"Subscriber",1979,1
197,"2018-12-24 08:46:20.2750","2018-12-24 08:49:37.6860",3268,"Lafayette Park",40.71346382669195,-74.06285852193832,3192,"Liberty Light Rail",40.7112423,-74.0557013,26286,"Subscriber",1979,1
769,"2018-12-24 09:57:20.3750","2018-12-24 10:10:10.0840",3268,"Lafayette Park",40.71346382669195,-74.06285852193832,3214,"Essex Light Rail",40.7127742,-74.0364857,26230,"Subscriber",1993,1
657,"2018-12-24 12:12:54.4530","2018-12-24 12:23:52.0370",3268,"Lafayette Park",40.71346382669195,-74.06285852193832,3186,"Grove St PATH",40.71958611647166,-74.04311746358871,29288,"Subscriber",1998,1
916,"2018-12-26 08:30:48.0120","2018-12-26 08:46:04.5010",3268,"Lafayette Park",40.71346382669195,-74.06285852193832,3275,"Columbus Drive",40.71835519823214,-74.03891444206238,29443,"Subscriber",1987,1
201,"2018-12-26 12:26:51.5610","2018-12-26 12:30:12.5750",3268,"Lafayette Park",40.71346382669195,-74.06285852193832,3192,"Liberty Light Rail",40.7112423,-74.0557013,29608,"Subscriber",1979,1
393,"2018-12-27 06:07:54.4100","2018-12-27 06:14:27.5260",3268,"Lafayette Park",40.71346382669195,-74.06285852193832,3185,"City Hall",40.7177325,-74.043845,29463,"Customer",1991,1
890,"2018-12-27 08:19:30.1080","2018-12-27 08:34:20.7920",3268,"Lafayette Park",40.71346382669195,-74.06285852193832,3275,"Columbus Drive",40.71835519823214,-74.03891444206238,29219,"Subscriber",1987,1
557,"2018-12-27 11:54:56.8450","2018-12-27 12:04:13.9870",3268,"Lafayette Park",40.71346382669195,-74.06285852193832,3183,"Exchange Place",40.7162469,-74.0334588,29474,"Subscriber",1984,1
204,"2018-12-28 12:39:42.6570","2018-12-28 12:43:07.1050",3268,"Lafayette Park",40.71346382669195,-74.06285852193832,3192,"Liberty Light Rail",40.7112423,-74.0557013,26197,"Subscriber",1979,1
502,"2018-12-28 21:26:45.1820","2018-12-28 21:35:07.8360",3268,"Lafayette Park",40.71346382669195,-74.06285852193832,3211,"Newark Ave",40.72152515,-74.046304543,29588,"Subscriber",1993,1
423,"2018-12-28 21:54:56.1270","2018-12-28 22:01:59.6440",3268,"Lafayette Park",40.71346382669195,-74.06285852193832,3185,"City Hall",40.7177325,-74.043845,26259,"Subscriber",1987,1
680,"2018-12-29 13:17:37.0220","2018-12-29 13:28:57.6070",3268,"Lafayette Park",40.71346382669195,-74.06285852193832,3270,"Jersey & 6th St",40.72528910781132,-74.04557168483734,26193,"Customer",1991,2
595,"2018-12-30 09:54:09.5540","2018-12-30 10:04:04.6620",3268,"Lafayette Park",40.71346382669195,-74.06285852193832,3186,"Grove St PATH",40.71958611647166,-74.04311746358871,26233,"Subscriber",1998,1
231,"2018-12-31 07:55:42.6000","2018-12-31 07:59:34.3680",3268,"Lafayette Park",40.71346382669195,-74.06285852193832,3192,"Liberty Light Rail",40.7112423,-74.0557013,29645,"Subscriber",1987,1
366,"2018-12-01 06:38:08.8670","2018-12-01 06:44:15.5720",3269,"Brunswick & 6th",40.72601172964625,-74.05038893222809,3638,"Washington St",40.7242941,-74.0354826,26199,"Subscriber",1986,1
189,"2018-12-01 07:40:30.2200","2018-12-01 07:43:39.6700",3269,"Brunswick & 6th",40.72601172964625,-74.05038893222809,3272,"Jersey & 3rd",40.72333158646436,-74.04595255851744,29602,"Subscriber",1982,2
1002,"2018-12-01 10:24:41.7200","2018-12-01 10:41:24.2060",3269,"Brunswick & 6th",40.72601172964625,-74.05038893222809,3195,"Sip Ave",40.73074262530658,-74.06378388404846,29668,"Customer",1969,0
985,"2018-12-01 10:24:58.3550","2018-12-01 10:41:24.2440",3269,"Brunswick & 6th",40.72601172964625,-74.05038893222809,3195,"Sip Ave",40.73074262530658,-74.06378388404846,29223,"Subscriber",1993,2
222,"2018-12-01 12:42:48.1970","2018-12-01 12:46:31.1560",3269,"Brunswick & 6th",40.72601172964625,-74.05038893222809,3186,"Grove St PATH",40.71958611647166,-74.04311746358871,29575,"Subscriber",1992,1
420,"2018-12-01 12:48:25.7710","2018-12-01 12:55:26.3960",3269,"Brunswick & 6th",40.72601172964625,-74.05038893222809,3186,"Grove St PATH",40.71958611647166,-74.04311746358871,29587,"Subscriber",1964,1
297,"2018-12-01 13:38:55.1480","2018-12-01 13:43:52.4670",3269,"Brunswick & 6th",40.72601172964625,-74.05038893222809,3186,"Grove St PATH",40.71958611647166,-74.04311746358871,29448,"Subscriber",1983,1
277,"2018-12-01 14:39:43.5460","2018-12-01 14:44:20.8120",3269,"Brunswick & 6th",40.72601172964625,-74.05038893222809,3203,"Hamilton Park",40.727595966,-74.044247311,26183,"Subscriber",1985,2
167,"2018-12-01 16:11:43.1630","2018-12-01 16:14:30.7140",3269,"Brunswick & 6th",40.72601172964625,-74.05038893222809,3272,"Jersey & 3rd",40.72333158646436,-74.04595255851744,29306,"Subscriber",1969,0
1677,"2018-12-01 20:45:45.4360","2018-12-01 21:13:43.1560",3269,"Brunswick & 6th",40.72601172964625,-74.05038893222809,3269,"Brunswick & 6th",40.72601172964625,-74.05038893222809,29269,"Subscriber",1990,1
1001,"2018-12-01 20:50:43.2770","2018-12-01 21:07:25.2650",3269,"Brunswick & 6th",40.72601172964625,-74.05038893222809,3202,"Newport PATH",40.7272235,-74.0337589,26270,"Subscriber",1981,1
243,"2018-12-01 21:16:00.6840","2018-12-01 21:20:04.3520",3269,"Brunswick & 6th",40.72601172964625,-74.05038893222809,3186,"Grove St PATH",40.71958611647166,-74.04311746358871,29678,"Subscriber",1992,1
216,"2018-12-02 11:00:52.7950","2018-12-02 11:04:29.7670",3269,"Brunswick & 6th",40.72601172964625,-74.05038893222809,3273,"Manila & 1st",40.721650724879986,-74.04288411140442,29595,"Subscriber",1991,1
393,"2018-12-02 12:53:26.3870","2018-12-02 12:59:59.5030",3269,"Brunswick & 6th",40.72601172964625,-74.05038893222809,3273,"Manila & 1st",40.721650724879986,-74.04288411140442,29492,"Subscriber",1968,1
419,"2018-12-02 14:26:42.1510","2018-12-02 14:33:41.9070",3269,"Brunswick & 6th",40.72601172964625,-74.05038893222809,3186,"Grove St PATH",40.71958611647166,-74.04311746358871,29289,"Subscriber",1991,1
403,"2018-12-02 14:26:59.3360","2018-12-02 14:33:43.0800",3269,"Brunswick & 6th",40.72601172964625,-74.05038893222809,3186,"Grove St PATH",40.71958611647166,-74.04311746358871,29306,"Subscriber",1987,2
279,"2018-12-02 15:14:11.8100","2018-12-02 15:18:51.7940",3269,"Brunswick & 6th",40.72601172964625,-74.05038893222809,3186,"Grove St PATH",40.71958611647166,-74.04311746358871,29269,"Subscriber",1990,1
357,"2018-12-02 19:25:03.3740","2018-12-02 19:31:00.5110",3269,"Brunswick & 6th",40.72601172964625,-74.05038893222809,3211,"Newark Ave",40.72152515,-74.046304543,29453,"Subscriber",1964,1
173,"2018-12-02 21:37:59.9730","2018-12-02 21:40:53.1270",3269,"Brunswick & 6th",40.72601172964625,-74.05038893222809,3272,"Jersey & 3rd",40.72333158646436,-74.04595255851744,29223,"Subscriber",1964,1
239,"2018-12-03 04:12:31.7900","2018-12-03 04:16:31.2490",3269,"Brunswick & 6th",40.72601172964625,-74.05038893222809,3186,"Grove St PATH",40.71958611647166,-74.04311746358871,26270,"Subscriber",1981,1
165,"2018-12-03 05:25:49.8310","2018-12-03 05:28:35.4500",3269,"Brunswick & 6th",40.72601172964625,-74.05038893222809,3273,"Manila & 1st",40.721650724879986,-74.04288411140442,29223,"Subscriber",1991,1
420,"2018-12-03 06:03:23.3570","2018-12-03 06:10:23.5590",3269,"Brunswick & 6th",40.72601172964625,-74.05038893222809,3186,"Grove St PATH",40.71958611647166,-74.04311746358871,29595,"Subscriber",1982,1
360,"2018-12-03 07:27:10.9390","2018-12-03 07:33:10.9750",3269,"Brunswick & 6th",40.72601172964625,-74.05038893222809,3186,"Grove St PATH",40.71958611647166,-74.04311746358871,26152,"Subscriber",1991,1
323,"2018-12-03 07:36:47.6580","2018-12-03 07:42:11.2480",3269,"Brunswick & 6th",40.72601172964625,-74.05038893222809,3186,"Grove St PATH",40.71958611647166,-74.04311746358871,26264,"Subscriber",1973,1
320,"2018-12-03 07:56:51.1860","2018-12-03 08:02:11.9440",3269,"Brunswick & 6th",40.72601172964625,-74.05038893222809,3186,"Grove St PATH",40.71958611647166,-74.04311746358871,29298,"Subscriber",1988,2
484,"2018-12-03 07:59:03.7830","2018-12-03 08:07:08.5190",3269,"Brunswick & 6th",40.72601172964625,-74.05038893222809,3638,"Washington St",40.7242941,-74.0354826,26215,"Subscriber",1991,2
366,"2018-12-03 08:05:45.4210","2018-12-03 08:11:51.6420",3269,"Brunswick & 6th",40.72601172964625,-74.05038893222809,3186,"Grove St PATH",40.71958611647166,-74.04311746358871,26170,"Subscriber",1986,1
410,"2018-12-03 08:10:03.3540","2018-12-03 08:16:53.8960",3269,"Brunswick & 6th",40.72601172964625,-74.05038893222809,3183,"Exchange Place",40.7162469,-74.0334588,26164,"Subscriber",1976,1
311,"2018-12-03 08:10:29.4150","2018-12-03 08:15:41.0770",3269,"Brunswick & 6th",40.72601172964625,-74.05038893222809,3186,"Grove St PATH",40.71958611647166,-74.04311746358871,29291,"Subscriber",1982,1
223,"2018-12-03 08:13:00.9160","2018-12-03 08:16:43.9270",3269,"Brunswick & 6th",40.72601172964625,-74.05038893222809,3186,"Grove St PATH",40.71958611647166,-74.04311746358871,26160,"Subscriber",1979,1
407,"2018-12-03 08:13:02.1580","2018-12-03 08:19:49.8020",3269,"Brunswick & 6th",40.72601172964625,-74.05038893222809,3186,"Grove St PATH",40.71958611647166,-74.04311746358871,29545,"Subscriber",1981,2
359,"2018-12-03 08:14:26.6880","2018-12-03 08:20:25.9160",3269,"Brunswick & 6th",40.72601172964625,-74.05038893222809,3186,"Grove St PATH",40.71958611647166,-74.04311746358871,29510,"Subscriber",1983,2
264,"2018-12-03 08:16:15.9890","2018-12-03 08:20:40.5680",3269,"Brunswick & 6th",40.72601172964625,-74.05038893222809,3186,"Grove St PATH",40.71958611647166,-74.04311746358871,29443,"Subscriber",1993,1
312,"2018-12-03 08:17:57.8630","2018-12-03 08:23:09.8640",3269,"Brunswick & 6th",40.72601172964625,-74.05038893222809,3186,"Grove St PATH",40.71958611647166,-74.04311746358871,29667,"Subscriber",1986,2
378,"2018-12-03 08:18:57.7360","2018-12-03 08:25:16.5150",3269,"Brunswick & 6th",40.72601172964625,-74.05038893222809,3186,"Grove St PATH",40.71958611647166,-74.04311746358871,29221,"Subscriber",1985,2
1309,"2018-12-03 08:19:09.2020","2018-12-03 08:40:59.0310",3269,"Brunswick & 6th",40.72601172964625,-74.05038893222809,3211,"Newark Ave",40.72152515,-74.046304543,29257,"Subscriber",1982,1
517,"2018-12-03 08:36:34.0260","2018-12-03 08:45:12.0130",3269,"Brunswick & 6th",40.72601172964625,-74.05038893222809,3187,"Warren St",40.7211236,-74.03805095,29286,"Subscriber",1975,1
387,"2018-12-03 08:41:00.6090","2018-12-03 08:47:28.1100",3269,"Brunswick & 6th",40.72601172964625,-74.05038893222809,3186,"Grove St PATH",40.71958611647166,-74.04311746358871,29587,"Subscriber",1964,1
602,"2018-12-03 08:41:47.9270","2018-12-03 08:51:49.9350",3269,"Brunswick & 6th",40.72601172964625,-74.05038893222809,3481,"York St",40.71649,-74.04105,26227,"Subscriber",1977,2
595,"2018-12-03 08:41:54.9380","2018-12-03 08:51:50.2780",3269,"Brunswick & 6th",40.72601172964625,-74.05038893222809,3481,"York St",40.71649,-74.04105,29667,"Subscriber",1980,1
322,"2018-12-03 08:52:59.8670","2018-12-03 08:58:22.0090",3269,"Brunswick & 6th",40.72601172964625,-74.05038893222809,3186,"Grove St PATH",40.71958611647166,-74.04311746358871,26245,"Subscriber",1973,1
235,"2018-12-03 08:56:09.2070","2018-12-03 09:00:04.4720",3269,"Brunswick & 6th",40.72601172964625,-74.05038893222809,3186,"Grove St PATH",40.71958611647166,-74.04311746358871,26264,"Subscriber",1981,1
375,"2018-12-03 09:00:38.1670","2018-12-03 09:06:53.7190",3269,"Brunswick & 6th",40.72601172964625,-74.05038893222809,3186,"Grove St PATH",40.71958611647166,-74.04311746358871,29443,"Subscriber",1984,1
380,"2018-12-03 09:15:44.8150","2018-12-03 09:22:05.5370",3269,"Brunswick & 6th",40.72601172964625,-74.05038893222809,3186,"Grove St PATH",40.71958611647166,-74.04311746358871,29550,"Subscriber",1991,1
398,"2018-12-03 09:17:33.7320","2018-12-03 09:24:11.7690",3269,"Brunswick & 6th",40.72601172964625,-74.05038893222809,3186,"Grove St PATH",40.71958611647166,-74.04311746358871,29204,"Subscriber",1964,1
230,"2018-12-03 10:01:10.6340","2018-12-03 10:05:01.1450",3269,"Brunswick & 6th",40.72601172964625,-74.05038893222809,3186,"Grove St PATH",40.71958611647166,-74.04311746358871,29291,"Subscriber",1986,1
331,"2018-12-03 10:30:20.6690","2018-12-03 10:35:51.6800",3269,"Brunswick & 6th",40.72601172964625,-74.05038893222809,3186,"Grove St PATH",40.71958611647166,-74.04311746358871,29605,"Subscriber",1982,2
2105,"2018-12-03 11:21:15.1430","2018-12-03 11:56:21.1410",3269,"Brunswick & 6th",40.72601172964625,-74.05038893222809,3209,"Brunswick St",40.7241765,-74.0506564,29484,"Subscriber",1975,1
377,"2018-12-03 11:46:05.0660","2018-12-03 11:52:22.8510",3269,"Brunswick & 6th",40.72601172964625,-74.05038893222809,3187,"Warren St",40.7211236,-74.03805095,29623,"Subscriber",1991,2
370,"2018-12-03 12:46:14.8890","2018-12-03 12:52:25.2150",3269,"Brunswick & 6th",40.72601172964625,-74.05038893222809,3205,"JC Medical Center",40.71653978099194,-74.0496379137039,29614,"Subscriber",1980,2
201,"2018-12-03 15:51:57.2350","2018-12-03 15:55:18.4390",3269,"Brunswick & 6th",40.72601172964625,-74.05038893222809,3186,"Grove St PATH",40.71958611647166,-74.04311746358871,26282,"Subscriber",1985,1
230,"2018-12-03 18:56:51.1140","2018-12-03 19:00:41.3380",3269,"Brunswick & 6th",40.72601172964625,-74.05038893222809,3272,"Jersey & 3rd",40.72333158646436,-74.04595255851744,29234,"Subscriber",1990,1
210,"2018-12-04 05:22:56.4690","2018-12-04 05:26:26.6860",3269,"Brunswick & 6th",40.72601172964625,-74.05038893222809,3273,"Manila & 1st",40.721650724879986,-74.04288411140442,29209,"Subscriber",1991,1
368,"2018-12-04 06:31:06.0050","2018-12-04 06:37:14.5530",3269,"Brunswick & 6th",40.72601172964625,-74.05038893222809,3186,"Grove St PATH",40.71958611647166,-74.04311746358871,26276,"Subscriber",1988,2
639,"2018-12-04 07:12:49.4430","2018-12-04 07:23:28.5730",3269,"Brunswick & 6th",40.72601172964625,-74.05038893222809,3183,"Exchange Place",40.7162469,-74.0334588,26255,"Subscriber",1987,1
334,"2018-12-04 07:19:58.1390","2018-12-04 07:25:32.8050",3269,"Brunswick & 6th",40.72601172964625,-74.05038893222809,3186,"Grove St PATH",40.71958611647166,-74.04311746358871,26291,"Subscriber",1982,1
337,"2018-12-04 07:26:11.1860","2018-12-04 07:31:48.2250",3269,"Brunswick & 6th",40.72601172964625,-74.05038893222809,3186,"Grove St PATH",40.71958611647166,-74.04311746358871,29209,"Subscriber",1980,1
459,"2018-12-04 07:29:18.7070","2018-12-04 07:36:57.7240",3269,"Brunswick & 6th",40.72601172964625,-74.05038893222809,3186,"Grove St PATH",40.71958611647166,-74.04311746358871,26155,"Customer",1979,2
270,"2018-12-04 07:38:33.0070","2018-12-04 07:43:03.4920",3269,"Brunswick & 6th",40.72601172964625,-74.05038893222809,3186,"Grove St PATH",40.71958611647166,-74.04311746358871,29438,"Subscriber",1973,1
266,"2018-12-04 07:39:11.3200","2018-12-04 07:43:37.9880",3269,"Brunswick & 6th",40.72601172964625,-74.05038893222809,3186,"Grove St PATH",40.71958611647166,-74.04311746358871,26209,"Subscriber",1993,1
336,"2018-12-04 07:39:31.9710","2018-12-04 07:45:08.7830",3269,"Brunswick & 6th",40.72601172964625,-74.05038893222809,3186,"Grove St PATH",40.71958611647166,-74.04311746358871,29588,"Subscriber",1991,1
360,"2018-12-04 08:06:37.6770","2018-12-04 08:12:38.2220",3269,"Brunswick & 6th",40.72601172964625,-74.05038893222809,3186,"Grove St PATH",40.71958611647166,-74.04311746358871,26301,"Subscriber",1988,2
311,"2018-12-04 08:06:44.1730","2018-12-04 08:11:56.0010",3269,"Brunswick & 6th",40.72601172964625,-74.05038893222809,3186,"Grove St PATH",40.71958611647166,-74.04311746358871,29258,"Subscriber",1982,2
448,"2018-12-04 08:08:07.6670","2018-12-04 08:15:35.7110",3269,"Brunswick & 6th",40.72601172964625,-74.05038893222809,3186,"Grove St PATH",40.71958611647166,-74.04311746358871,29487,"Subscriber",1985,2
165,"2018-12-04 08:09:16.2410","2018-12-04 08:12:02.1480",3269,"Brunswick & 6th",40.72601172964625,-74.05038893222809,3272,"Jersey & 3rd",40.72333158646436,-74.04595255851744,29197,"Subscriber",1982,1
317,"2018-12-04 08:14:50.1550","2018-12-04 08:20:07.2000",3269,"Brunswick & 6th",40.72601172964625,-74.05038893222809,3186,"Grove St PATH",40.71958611647166,-74.04311746358871,29223,"Subscriber",1984,2
315,"2018-12-04 08:18:28.7400","2018-12-04 08:23:44.0110",3269,"Brunswick & 6th",40.72601172964625,-74.05038893222809,3186,"Grove St PATH",40.71958611647166,-74.04311746358871,29521,"Subscriber",1982,1
1058,"2018-12-04 08:27:18.6310","2018-12-04 08:44:57.0280",3269,"Brunswick & 6th",40.72601172964625,-74.05038893222809,3269,"Brunswick & 6th",40.72601172964625,-74.05038893222809,29206,"Subscriber",1982,1
323,"2018-12-04 08:27:19.5990","2018-12-04 08:32:42.8030",3269,"Brunswick & 6th",40.72601172964625,-74.05038893222809,3186,"Grove St PATH",40.71958611647166,-74.04311746358871,29235,"Subscriber",1986,1
992,"2018-12-04 08:28:43.1060","2018-12-04 08:45:15.5710",3269,"Brunswick & 6th",40.72601172964625,-74.05038893222809,3186,"Grove St PATH",40.71958611647166,-74.04311746358871,29588,"Subscriber",1964,1
717,"2018-12-04 08:38:12.6340","2018-12-04 08:50:10.3710",3269,"Brunswick & 6th",40.72601172964625,-74.05038893222809,3639,"Harborside",40.7192517,-74.034234,29236,"Subscriber",1975,1
2235,"2018-12-04 08:50:44.2910","2018-12-04 09:28:00.2050",3269,"Brunswick & 6th",40.72601172964625,-74.05038893222809,3184,"Paulus Hook",40.7141454,-74.0335519,29483,"Subscriber",1981,1
274,"2018-12-04 08:58:04.3660","2018-12-04 09:02:39.2960",3269,"Brunswick & 6th",40.72601172964625,-74.05038893222809,3186,"Grove St PATH",40.71958611647166,-74.04311746358871,29212,"Subscriber",1981,2
243,"2018-12-04 08:58:35.5260","2018-12-04 09:02:39.2310",3269,"Brunswick & 6th",40.72601172964625,-74.05038893222809,3186,"Grove St PATH",40.71958611647166,-74.04311746358871,26174,"Subscriber",1981,1
244,"2018-12-04 09:10:19.4930","2018-12-04 09:14:23.8950",3269,"Brunswick & 6th",40.72601172964625,-74.05038893222809,3186,"Grove St PATH",40.71958611647166,-74.04311746358871,26209,"Subscriber",1976,1
267,"2018-12-04 09:22:01.6310","2018-12-04 09:26:29.5640",3269,"Brunswick & 6th",40.72601172964625,-74.05038893222809,3186,"Grove St PATH",40.71958611647166,-74.04311746358871,29276,"Subscriber",1988,1
573,"2018-12-04 09:35:39.4060","2018-12-04 09:45:12.6060",3269,"Brunswick & 6th",40.72601172964625,-74.05038893222809,3184,"Paulus Hook",40.7141454,-74.0335519,29531,"Subscriber",1990,1
417,"2018-12-04 10:56:49.7540","2018-12-04 11:03:46.9470",3269,"Brunswick & 6th",40.72601172964625,-74.05038893222809,3638,"Washington St",40.7242941,-74.0354826,29516,"Subscriber",1982,2
468,"2018-12-04 11:45:20.7280","2018-12-04 11:53:09.6290",3269,"Brunswick & 6th",40.72601172964625,-74.05038893222809,3187,"Warren St",40.7211236,-74.03805095,26203,"Subscriber",1991,2
365,"2018-12-04 11:51:55.7050","2018-12-04 11:58:01.5070",3269,"Brunswick & 6th",40.72601172964625,-74.05038893222809,3186,"Grove St PATH",40.71958611647166,-74.04311746358871,26216,"Subscriber",1978,1
292,"2018-12-04 11:52:54.7980","2018-12-04 11:57:47.0520",3269,"Brunswick & 6th",40.72601172964625,-74.05038893222809,3186,"Grove St PATH",40.71958611647166,-74.04311746358871,29500,"Subscriber",1980,1
343,"2018-12-04 13:45:21.2910","2018-12-04 13:51:05.0310",3269,"Brunswick & 6th",40.72601172964625,-74.05038893222809,3186,"Grove St PATH",40.71958611647166,-74.04311746358871,29667,"Subscriber",1990,1
206,"2018-12-04 14:56:23.0000","2018-12-04 14:59:49.3630",3269,"Brunswick & 6th",40.72601172964625,-74.05038893222809,3186,"Grove St PATH",40.71958611647166,-74.04311746358871,26284,"Subscriber",1981,1
203,"2018-12-04 16:26:34.4850","2018-12-04 16:29:58.2580",3269,"Brunswick & 6th",40.72601172964625,-74.05038893222809,3203,"Hamilton Park",40.727595966,-74.044247311,29497,"Subscriber",1975,2
288,"2018-12-04 17:20:55.9640","2018-12-04 17:25:44.6590",3269,"Brunswick & 6th",40.72601172964625,-74.05038893222809,3186,"Grove St PATH",40.71958611647166,-74.04311746358871,29673,"Subscriber",1988,2
178,"2018-12-04 18:46:07.5210","2018-12-04 18:49:06.3720",3269,"Brunswick & 6th",40.72601172964625,-74.05038893222809,3211,"Newark Ave",40.72152515,-74.046304543,29528,"Subscriber",1990,1
297,"2018-12-05 06:16:37.1770","2018-12-05 06:21:34.7240",3269,"Brunswick & 6th",40.72601172964625,-74.05038893222809,3186,"Grove St PATH",40.71958611647166,-74.04311746358871,29235,"Customer",1993,1
611,"2018-12-05 06:27:52.5190","2018-12-05 06:38:04.4940",3269,"Brunswick & 6th",40.72601172964625,-74.05038893222809,3183,"Exchange Place",40.7162469,-74.0334588,29582,"Subscriber",1987,1
322,"2018-12-05 06:29:51.3610","2018-12-05 06:35:13.5060",3269,"Brunswick & 6th",40.72601172964625,-74.05038893222809,3186,"Grove St PATH",40.71958611647166,-74.04311746358871,29510,"Subscriber",1982,1
270,"2018-12-05 07:03:38.7520","2018-12-05 07:08:09.0430",3269,"Brunswick & 6th",40.72601172964625,-74.05038893222809,3186,"Grove St PATH",40.71958611647166,-74.04311746358871,29669,"Subscriber",1989,2
3192,"2018-12-05 07:27:32.8680","2018-12-05 08:20:45.1320",3269,"Brunswick & 6th",40.72601172964625,-74.05038893222809,3267,"Morris Canal",40.7124188237569,-74.03852552175522,26199,"Subscriber",1988,1
339,"2018-12-05 07:29:27.6030","2018-12-05 07:35:07.5350",3269,"Brunswick & 6th",40.72601172964625,-74.05038893222809,3186,"Grove St PATH",40.71958611647166,-74.04311746358871,29451,"Customer",1979,2
306,"2018-12-05 07:30:12.2820","2018-12-05 07:35:18.8530",3269,"Brunswick & 6th",40.72601172964625,-74.05038893222809,3186,"Grove St PATH",40.71958611647166,-74.04311746358871,29271,"Subscriber",1977,1
271,"2018-12-05 08:10:14.9220","2018-12-05 08:14:46.9110",3269,"Brunswick & 6th",40.72601172964625,-74.05038893222809,3186,"Grove St PATH",40.71958611647166,-74.04311746358871,29257,"Subscriber",1992,1
323,"2018-12-05 08:13:21.4030","2018-12-05 08:18:45.0490",3269,"Brunswick & 6th",40.72601172964625,-74.05038893222809,3186,"Grove St PATH",40.71958611647166,-74.04311746358871,29271,"Subscriber",1985,2
345,"2018-12-05 08:16:11.5150","2018-12-05 08:21:57.3390",3269,"Brunswick & 6th",40.72601172964625,-74.05038893222809,3186,"Grove St PATH",40.71958611647166,-74.04311746358871,29669,"Subscriber",1976,1
244,"2018-12-05 08:20:42.0820","2018-12-05 08:24:46.8450",3269,"Brunswick & 6th",40.72601172964625,-74.05038893222809,3273,"Manila & 1st",40.721650724879986,-74.04288411140442,26216,"Subscriber",1980,1
476,"2018-12-05 08:20:55.5340","2018-12-05 08:28:52.0750",3269,"Brunswick & 6th",40.72601172964625,-74.05038893222809,3183,"Exchange Place",40.7162469,-74.0334588,29467,"Subscriber",1976,1
397,"2018-12-05 08:31:45.9580","2018-12-05 08:38:23.5640",3269,"Brunswick & 6th",40.72601172964625,-74.05038893222809,3639,"Harborside",40.7192517,-74.034234,26208,"Subscriber",1994,1
385,"2018-12-05 08:33:51.6630","2018-12-05 08:40:16.7760",3269,"Brunswick & 6th",40.72601172964625,-74.05038893222809,3186,"Grove St PATH",40.71958611647166,-74.04311746358871,29593,"Subscriber",1984,1
860,"2018-12-05 08:35:28.7470","2018-12-05 08:49:49.3250",3269,"Brunswick & 6th",40.72601172964625,-74.05038893222809,3639,"Harborside",40.7192517,-74.034234,26209,"Subscriber",1975,1
446,"2018-12-05 08:46:08.6520","2018-12-05 08:53:35.3350",3269,"Brunswick & 6th",40.72601172964625,-74.05038893222809,3186,"Grove St PATH",40.71958611647166,-74.04311746358871,29235,"Subscriber",1977,1
291,"2018-12-05 08:46:52.2360","2018-12-05 08:51:43.4720",3269,"Brunswick & 6th",40.72601172964625,-74.05038893222809,3186,"Grove St PATH",40.71958611647166,-74.04311746358871,29659,"Subscriber",1977,2
259,"2018-12-05 08:55:30.2200","2018-12-05 08:59:49.4680",3269,"Brunswick & 6th",40.72601172964625,-74.05038893222809,3186,"Grove St PATH",40.71958611647166,-74.04311746358871,26206,"Subscriber",1971,1
265,"2018-12-05 09:00:47.2890","2018-12-05 09:05:12.4610",3269,"Brunswick & 6th",40.72601172964625,-74.05038893222809,3213,"Van Vorst Park",40.71848892,-74.047726625,29266,"Subscriber",1973,1
301,"2018-12-05 09:22:35.3200","2018-12-05 09:27:36.6490",3269,"Brunswick & 6th",40.72601172964625,-74.05038893222809,3186,"Grove St PATH",40.71958611647166,-74.04311746358871,26294,"Subscriber",1984,1
227,"2018-12-05 09:29:52.0680","2018-12-05 09:33:39.6870",3269,"Brunswick & 6th",40.72601172964625,-74.05038893222809,3186,"Grove St PATH",40.71958611647166,-74.04311746358871,26158,"Subscriber",1986,1
304,"2018-12-05 09:31:47.9680","2018-12-05 09:36:52.2760",3269,"Brunswick & 6th",40.72601172964625,-74.05038893222809,3186,"Grove St PATH",40.71958611647166,-74.04311746358871,26281,"Subscriber",1988,1
386,"2018-12-05 09:46:24.9950","2018-12-05 09:52:51.0600",3269,"Brunswick & 6th",40.72601172964625,-74.05038893222809,3186,"Grove St PATH",40.71958611647166,-74.04311746358871,29667,"Subscriber",1988,1
353,"2018-12-05 10:19:33.4830","2018-12-05 10:25:27.2060",3269,"Brunswick & 6th",40.72601172964625,-74.05038893222809,3186,"Grove St PATH",40.71958611647166,-74.04311746358871,26301,"Subscriber",1982,2
350,"2018-12-05 12:07:52.9890","2018-12-05 12:13:43.3000",3269,"Brunswick & 6th",40.72601172964625,-74.05038893222809,3213,"Van Vorst Park",40.71848892,-74.047726625,26152,"Subscriber",1988,1
218,"2018-12-05 12:22:28.3660","2018-12-05 12:26:06.8910",3269,"Brunswick & 6th",40.72601172964625,-74.05038893222809,3186,"Grove St PATH",40.71958611647166,-74.04311746358871,29595,"Subscriber",1981,1
296,"2018-12-05 19:44:05.2740","2018-12-05 19:49:01.8110",3269,"Brunswick & 6th",40.72601172964625,-74.05038893222809,3186,"Grove St PATH",40.71958611647166,-74.04311746358871,29642,"Subscriber",1989,1
360,"2018-12-05 20:05:56.7260","2018-12-05 20:11:56.9430",3269,"Brunswick & 6th",40.72601172964625,-74.05038893222809,3483,"Montgomery St",40.71942,-74.05099,29593,"Subscriber",1993,2
324,"2018-12-05 20:06:33.3180","2018-12-05 20:11:58.2110",3269,"Brunswick & 6th",40.72601172964625,-74.05038893222809,3483,"Montgomery St",40.71942,-74.05099,29635,"Subscriber",1990,1
307,"2018-12-05 20:24:58.3490","2018-12-05 20:30:05.6820",3269,"Brunswick & 6th",40.72601172964625,-74.05038893222809,3273,"Manila & 1st",40.721650724879986,-74.04288411140442,29589,"Subscriber",1987,1
276,"2018-12-05 20:34:30.4620","2018-12-05 20:39:07.3380",3269,"Brunswick & 6th",40.72601172964625,-74.05038893222809,3211,"Newark Ave",40.72152515,-74.046304543,29664,"Subscriber",1964,1
286,"2018-12-06 05:10:11.3730","2018-12-06 05:14:58.0280",3269,"Brunswick & 6th",40.72601172964625,-74.05038893222809,3186,"Grove St PATH",40.71958611647166,-74.04311746358871,29198,"Customer",1993,1
254,"2018-12-06 05:56:33.6310","2018-12-06 06:00:48.1330",3269,"Brunswick & 6th",40.72601172964625,-74.05038893222809,3186,"Grove St PATH",40.71958611647166,-74.04311746358871,29548,"Subscriber",1982,1
268,"2018-12-06 05:59:57.6290","2018-12-06 06:04:26.3210",3269,"Brunswick & 6th",40.72601172964625,-74.05038893222809,3186,"Grove St PATH",40.71958611647166,-74.04311746358871,29467,"Subscriber",1989,2
2315,"2018-12-06 07:38:08.6360","2018-12-06 08:16:44.0170",3269,"Brunswick & 6th",40.72601172964625,-74.05038893222809,3267,"Morris Canal",40.7124188237569,-74.03852552175522,29197,"Subscriber",1988,1
330,"2018-12-06 07:57:33.9740","2018-12-06 08:03:04.2440",3269,"Brunswick & 6th",40.72601172964625,-74.05038893222809,3186,"Grove St PATH",40.71958611647166,-74.04311746358871,29496,"Subscriber",1978,1
327,"2018-12-06 07:57:29.3770","2018-12-06 08:02:56.8090",3269,"Brunswick & 6th",40.72601172964625,-74.05038893222809,3186,"Grove St PATH",40.71958611647166,-74.04311746358871,29639,"Subscriber",1986,2
424,"2018-12-06 08:01:40.4730","2018-12-06 08:08:45.0370",3269,"Brunswick & 6th",40.72601172964625,-74.05038893222809,3186,"Grove St PATH",40.71958611647166,-74.04311746358871,26253,"Subscriber",1984,2
575,"2018-12-06 08:09:01.6460","2018-12-06 08:18:36.7490",3269,"Brunswick & 6th",40.72601172964625,-74.05038893222809,3276,"Marin Light Rail",40.71458403535893,-74.04281705617905,29645,"Subscriber",1989,1
290,"2018-12-06 08:09:16.4030","2018-12-06 08:14:06.7880",3269,"Brunswick & 6th",40.72601172964625,-74.05038893222809,3186,"Grove St PATH",40.71958611647166,-74.04311746358871,26204,"Subscriber",1978,1
274,"2018-12-06 08:12:48.8690","2018-12-06 08:17:23.7620",3269,"Brunswick & 6th",40.72601172964625,-74.05038893222809,3186,"Grove St PATH",40.71958611647166,-74.04311746358871,29608,"Subscriber",1982,1
326,"2018-12-06 08:16:15.2270","2018-12-06 08:21:41.7310",3269,"Brunswick & 6th",40.72601172964625,-74.05038893222809,3186,"Grove St PATH",40.71958611647166,-74.04311746358871,29227,"Subscriber",1969,0
319,"2018-12-06 08:17:14.6510","2018-12-06 08:22:34.0310",3269,"Brunswick & 6th",40.72601172964625,-74.05038893222809,3186,"Grove St PATH",40.71958611647166,-74.04311746358871,29458,"Subscriber",1983,2
232,"2018-12-06 08:18:57.8830","2018-12-06 08:22:50.7790",3269,"Brunswick & 6th",40.72601172964625,-74.05038893222809,3186,"Grove St PATH",40.71958611647166,-74.04311746358871,26284,"Subscriber",1971,1
279,"2018-12-06 09:40:08.3130","2018-12-06 09:44:47.5440",3269,"Brunswick & 6th",40.72601172964625,-74.05038893222809,3186,"Grove St PATH",40.71958611647166,-74.04311746358871,29613,"Subscriber",1988,1
223,"2018-12-06 09:42:33.3350","2018-12-06 09:46:16.6700",3269,"Brunswick & 6th",40.72601172964625,-74.05038893222809,3186,"Grove St PATH",40.71958611647166,-74.04311746358871,29570,"Subscriber",1992,1
319,"2018-12-06 09:43:47.4910","2018-12-06 09:49:06.9330",3269,"Brunswick & 6th",40.72601172964625,-74.05038893222809,3273,"Manila & 1st",40.721650724879986,-74.04288411140442,29434,"Subscriber",1956,1
272,"2018-12-06 09:47:16.4620","2018-12-06 09:51:48.5300",3269,"Brunswick & 6th",40.72601172964625,-74.05038893222809,3186,"Grove St PATH",40.71958611647166,-74.04311746358871,29513,"Subscriber",1988,1
236,"2018-12-06 09:50:50.8460","2018-12-06 09:54:47.7880",3269,"Brunswick & 6th",40.72601172964625,-74.05038893222809,3186,"Grove St PATH",40.71958611647166,-74.04311746358871,29601,"Subscriber",1981,2
78,"2018-12-06 10:08:10.1200","2018-12-06 10:09:28.1770",3269,"Brunswick & 6th",40.72601172964625,-74.05038893222809,3209,"Brunswick St",40.7241765,-74.0506564,29662,"Subscriber",1982,2
5228,"2018-12-06 10:24:09.7330","2018-12-06 11:51:18.2610",3269,"Brunswick & 6th",40.72601172964625,-74.05038893222809,3203,"Hamilton Park",40.727595966,-74.044247311,26182,"Subscriber",1970,2
403,"2018-12-06 10:43:54.0820","2018-12-06 10:50:38.0260",3269,"Brunswick & 6th",40.72601172964625,-74.05038893222809,3186,"Grove St PATH",40.71958611647166,-74.04311746358871,29494,"Subscriber",1964,1
173,"2018-12-06 17:57:50.5490","2018-12-06 18:00:44.2320",3269,"Brunswick & 6th",40.72601172964625,-74.05038893222809,3211,"Newark Ave",40.72152515,-74.046304543,29670,"Subscriber",1981,1
371,"2018-12-06 19:33:44.3410","2018-12-06 19:39:55.5950",3269,"Brunswick & 6th",40.72601172964625,-74.05038893222809,3185,"City Hall",40.7177325,-74.043845,26159,"Subscriber",1989,2
421,"2018-12-06 19:53:34.5050","2018-12-06 20:00:35.6590",3269,"Brunswick & 6th",40.72601172964625,-74.05038893222809,3186,"Grove St PATH",40.71958611647166,-74.04311746358871,29605,"Subscriber",1985,2
248,"2018-12-06 20:05:36.7410","2018-12-06 20:09:44.8720",3269,"Brunswick & 6th",40.72601172964625,-74.05038893222809,3203,"Hamilton Park",40.727595966,-74.044247311,26164,"Subscriber",1988,1
324,"2018-12-07 05:56:20.3010","2018-12-07 06:01:44.4750",3269,"Brunswick & 6th",40.72601172964625,-74.05038893222809,3638,"Washington St",40.7242941,-74.0354826,29512,"Subscriber",1986,1
242,"2018-12-07 06:22:01.0790","2018-12-07 06:26:03.8690",3269,"Brunswick & 6th",40.72601172964625,-74.05038893222809,3186,"Grove St PATH",40.71958611647166,-74.04311746358871,29485,"Subscriber",1982,1
365,"2018-12-07 06:25:17.5510","2018-12-07 06:31:22.7980",3269,"Brunswick & 6th",40.72601172964625,-74.05038893222809,3186,"Grove St PATH",40.71958611647166,-74.04311746358871,26295,"Subscriber",1988,2
352,"2018-12-07 07:27:02.8500","2018-12-07 07:32:55.8460",3269,"Brunswick & 6th",40.72601172964625,-74.05038893222809,3186,"Grove St PATH",40.71958611647166,-74.04311746358871,26293,"Subscriber",1980,1
240,"2018-12-07 07:39:17.9930","2018-12-07 07:43:18.4570",3269,"Brunswick & 6th",40.72601172964625,-74.05038893222809,3186,"Grove St PATH",40.71958611647166,-74.04311746358871,29231,"Subscriber",1973,1
230,"2018-12-07 07:44:06.1460","2018-12-07 07:47:56.8940",3269,"Brunswick & 6th",40.72601172964625,-74.05038893222809,3186,"Grove St PATH",40.71958611647166,-74.04311746358871,29227,"Subscriber",1993,1
267,"2018-12-07 08:00:51.1170","2018-12-07 08:05:18.1930",3269,"Brunswick & 6th",40.72601172964625,-74.05038893222809,3186,"Grove St PATH",40.71958611647166,-74.04311746358871,29512,"Subscriber",1983,2
311,"2018-12-07 08:01:12.4780","2018-12-07 08:06:23.7670",3269,"Brunswick & 6th",40.72601172964625,-74.05038893222809,3186,"Grove St PATH",40.71958611647166,-74.04311746358871,26211,"Subscriber",1978,1
412,"2018-12-07 08:02:05.1770","2018-12-07 08:08:57.7960",3269,"Brunswick & 6th",40.72601172964625,-74.05038893222809,3183,"Exchange Place",40.7162469,-74.0334588,26273,"Subscriber",1976,1
336,"2018-12-07 08:06:42.5350","2018-12-07 08:12:19.4200",3269,"Brunswick & 6th",40.72601172964625,-74.05038893222809,3186,"Grove St PATH",40.71958611647166,-74.04311746358871,29210,"Subscriber",1985,2
239,"2018-12-07 08:07:08.1090","2018-12-07 08:11:08.0950",3269,"Brunswick & 6th",40.72601172964625,-74.05038893222809,3186,"Grove St PATH",40.71958611647166,-74.04311746358871,29198,"Subscriber",1986,1
579,"2018-12-07 08:11:50.9750","2018-12-07 08:21:30.3290",3269,"Brunswick & 6th",40.72601172964625,-74.05038893222809,3681,"Grand St",40.71517767732029,-74.03768330812454,29455,"Subscriber",1987,1
261,"2018-12-07 09:01:25.3920","2018-12-07 09:05:46.7950",3269,"Brunswick & 6th",40.72601172964625,-74.05038893222809,3273,"Manila & 1st",40.721650724879986,-74.04288411140442,29512,"Subscriber",1987,1
250,"2018-12-07 09:08:47.4990","2018-12-07 09:12:57.7560",3269,"Brunswick & 6th",40.72601172964625,-74.05038893222809,3213,"Van Vorst Park",40.71848892,-74.047726625,26241,"Subscriber",1973,1
353,"2018-12-07 09:27:19.4450","2018-12-07 09:33:12.5420",3269,"Brunswick & 6th",40.72601172964625,-74.05038893222809,3185,"City Hall",40.7177325,-74.043845,29268,"Subscriber",1988,1
1105,"2018-12-07 09:58:46.1410","2018-12-07 10:17:11.9710",3269,"Brunswick & 6th",40.72601172964625,-74.05038893222809,3186,"Grove St PATH",40.71958611647166,-74.04311746358871,29445,"Subscriber",1982,2
250,"2018-12-07 10:01:32.0550","2018-12-07 10:05:42.9750",3269,"Brunswick & 6th",40.72601172964625,-74.05038893222809,3186,"Grove St PATH",40.71958611647166,-74.04311746358871,26243,"Subscriber",1986,1
241,"2018-12-07 10:14:28.5080","2018-12-07 10:18:30.3340",3269,"Brunswick & 6th",40.72601172964625,-74.05038893222809,3186,"Grove St PATH",40.71958611647166,-74.04311746358871,26204,"Subscriber",1992,1
544,"2018-12-07 12:04:36.6130","2018-12-07 12:13:41.1970",3269,"Brunswick & 6th",40.72601172964625,-74.05038893222809,3183,"Exchange Place",40.7162469,-74.0334588,29489,"Subscriber",1981,1
430,"2018-12-07 12:17:48.9850","2018-12-07 12:24:59.5370",3269,"Brunswick & 6th",40.72601172964625,-74.05038893222809,3270,"Jersey & 6th St",40.72528910781132,-74.04557168483734,26211,"Subscriber",1978,1
238,"2018-12-07 16:10:50.9040","2018-12-07 16:14:49.7040",3269,"Brunswick & 6th",40.72601172964625,-74.05038893222809,3186,"Grove St PATH",40.71958611647166,-74.04311746358871,29672,"Subscriber",1985,1
513,"2018-12-07 18:35:05.6700","2018-12-07 18:43:39.2820",3269,"Brunswick & 6th",40.72601172964625,-74.05038893222809,3639,"Harborside",40.7192517,-74.034234,26153,"Subscriber",1986,1
242,"2018-12-07 18:42:35.9760","2018-12-07 18:46:38.3650",3269,"Brunswick & 6th",40.72601172964625,-74.05038893222809,3211,"Newark Ave",40.72152515,-74.046304543,29445,"Subscriber",1990,1
309,"2018-12-07 20:23:36.2260","2018-12-07 20:28:45.3610",3269,"Brunswick & 6th",40.72601172964625,-74.05038893222809,3186,"Grove St PATH",40.71958611647166,-74.04311746358871,26186,"Subscriber",1985,1
402,"2018-12-08 08:18:04.1220","2018-12-08 08:24:46.5420",3269,"Brunswick & 6th",40.72601172964625,-74.05038893222809,3272,"Jersey & 3rd",40.72333158646436,-74.04595255851744,29592,"Subscriber",1986,1
149,"2018-12-08 11:28:03.8050","2018-12-08 11:30:33.2490",3269,"Brunswick & 6th",40.72601172964625,-74.05038893222809,3272,"Jersey & 3rd",40.72333158646436,-74.04595255851744,26257,"Subscriber",1971,1
357,"2018-12-08 11:43:52.3310","2018-12-08 11:49:49.4720",3269,"Brunswick & 6th",40.72601172964625,-74.05038893222809,3206,"Hilltop",40.7311689,-74.0575736,26267,"Subscriber",1986,1
373,"2018-12-08 14:58:59.3720","2018-12-08 15:05:12.5970",3269,"Brunswick & 6th",40.72601172964625,-74.05038893222809,3273,"Manila & 1st",40.721650724879986,-74.04288411140442,29592,"Subscriber",1987,2
423,"2018-12-08 16:12:33.6400","2018-12-08 16:19:36.9520",3269,"Brunswick & 6th",40.72601172964625,-74.05038893222809,3273,"Manila & 1st",40.721650724879986,-74.04288411140442,26255,"Subscriber",1988,1
216,"2018-12-08 16:30:28.2560","2018-12-08 16:34:04.7360",3269,"Brunswick & 6th",40.72601172964625,-74.05038893222809,3211,"Newark Ave",40.72152515,-74.046304543,26257,"Subscriber",1986,1
347,"2018-12-08 18:03:43.1340","2018-12-08 18:09:30.4740",3269,"Brunswick & 6th",40.72601172964625,-74.05038893222809,3186,"Grove St PATH",40.71958611647166,-74.04311746358871,29296,"Customer",1992,1
159,"2018-12-08 20:48:55.9720","2018-12-08 20:51:35.7520",3269,"Brunswick & 6th",40.72601172964625,-74.05038893222809,3272,"Jersey & 3rd",40.72333158646436,-74.04595255851744,29258,"Subscriber",1985,1
323,"2018-12-09 06:48:20.0510","2018-12-09 06:53:43.5020",3269,"Brunswick & 6th",40.72601172964625,-74.05038893222809,3638,"Washington St",40.7242941,-74.0354826,29260,"Subscriber",1986,1
289,"2018-12-09 08:15:54.4550","2018-12-09 08:20:44.2210",3269,"Brunswick & 6th",40.72601172964625,-74.05038893222809,3203,"Hamilton Park",40.727595966,-74.044247311,26157,"Subscriber",1988,1
298,"2018-12-09 09:04:22.0660","2018-12-09 09:09:21.0250",3269,"Brunswick & 6th",40.72601172964625,-74.05038893222809,3273,"Manila & 1st",40.721650724879986,-74.04288411140442,29258,"Subscriber",1989,2
202,"2018-12-09 11:16:34.7810","2018-12-09 11:19:57.0700",3269,"Brunswick & 6th",40.72601172964625,-74.05038893222809,3203,"Hamilton Park",40.727595966,-74.044247311,29484,"Subscriber",1988,1
289,"2018-12-09 11:29:08.6330","2018-12-09 11:33:58.6220",3269,"Brunswick & 6th",40.72601172964625,-74.05038893222809,3273,"Manila & 1st",40.721650724879986,-74.04288411140442,29604,"Subscriber",1993,2
267,"2018-12-09 12:08:51.5060","2018-12-09 12:13:18.7180",3269,"Brunswick & 6th",40.72601172964625,-74.05038893222809,3273,"Manila & 1st",40.721650724879986,-74.04288411140442,26253,"Subscriber",1980,1
327,"2018-12-09 15:21:57.6390","2018-12-09 15:27:24.7040",3269,"Brunswick & 6th",40.72601172964625,-74.05038893222809,3638,"Washington St",40.7242941,-74.0354826,29595,"Subscriber",1983,1
532,"2018-12-09 17:46:18.2680","2018-12-09 17:55:10.3120",3269,"Brunswick & 6th",40.72601172964625,-74.05038893222809,3185,"City Hall",40.7177325,-74.043845,29532,"Subscriber",1985,2
255,"2018-12-09 18:21:32.7310","2018-12-09 18:25:48.5860",3269,"Brunswick & 6th",40.72601172964625,-74.05038893222809,3213,"Van Vorst Park",40.71848892,-74.047726625,29301,"Subscriber",1987,1
251,"2018-12-09 20:06:10.4070","2018-12-09 20:10:21.7310",3269,"Brunswick & 6th",40.72601172964625,-74.05038893222809,3272,"Jersey & 3rd",40.72333158646436,-74.04595255851744,26160,"Subscriber",1988,1
265,"2018-12-09 20:06:07.3730","2018-12-09 20:10:32.4100",3269,"Brunswick & 6th",40.72601172964625,-74.05038893222809,3272,"Jersey & 3rd",40.72333158646436,-74.04595255851744,29639,"Subscriber",1991,2
188,"2018-12-10 05:26:26.5960","2018-12-10 05:29:34.7630",3269,"Brunswick & 6th",40.72601172964625,-74.05038893222809,3273,"Manila & 1st",40.721650724879986,-74.04288411140442,26160,"Subscriber",1991,1
260,"2018-12-10 05:56:41.6510","2018-12-10 06:01:01.6550",3269,"Brunswick & 6th",40.72601172964625,-74.05038893222809,3186,"Grove St PATH",40.71958611647166,-74.04311746358871,29639,"Subscriber",1982,1
297,"2018-12-10 07:33:47.6520","2018-12-10 07:38:45.5630",3269,"Brunswick & 6th",40.72601172964625,-74.05038893222809,3186,"Grove St PATH",40.71958611647166,-74.04311746358871,29271,"Subscriber",1973,1
315,"2018-12-10 07:39:17.5330","2018-12-10 07:44:33.3500",3269,"Brunswick & 6th",40.72601172964625,-74.05038893222809,3186,"Grove St PATH",40.71958611647166,-74.04311746358871,29596,"Subscriber",1991,1
258,"2018-12-10 07:52:17.2750","2018-12-10 07:56:36.1350",3269,"Brunswick & 6th",40.72601172964625,-74.05038893222809,3186,"Grove St PATH",40.71958611647166,-74.04311746358871,29593,"Subscriber",1993,1
380,"2018-12-10 08:03:55.9190","2018-12-10 08:10:16.2450",3269,"Brunswick & 6th",40.72601172964625,-74.05038893222809,3186,"Grove St PATH",40.71958611647166,-74.04311746358871,29639,"Subscriber",1985,2
438,"2018-12-10 08:06:56.3580","2018-12-10 08:14:15.0090",3269,"Brunswick & 6th",40.72601172964625,-74.05038893222809,3183,"Exchange Place",40.7162469,-74.0334588,26158,"Subscriber",1976,1
367,"2018-12-10 08:12:46.5640","2018-12-10 08:18:53.8510",3269,"Brunswick & 6th",40.72601172964625,-74.05038893222809,3186,"Grove St PATH",40.71958611647166,-74.04311746358871,29460,"Subscriber",1981,2
322,"2018-12-10 08:51:36.0520","2018-12-10 08:56:58.7470",3269,"Brunswick & 6th",40.72601172964625,-74.05038893222809,3186,"Grove St PATH",40.71958611647166,-74.04311746358871,26233,"Subscriber",1984,1
275,"2018-12-10 08:57:13.7110","2018-12-10 09:01:48.7630",3269,"Brunswick & 6th",40.72601172964625,-74.05038893222809,3273,"Manila & 1st",40.721650724879986,-74.04288411140442,29444,"Subscriber",1987,1
337,"2018-12-10 09:03:14.8860","2018-12-10 09:08:52.2310",3269,"Brunswick & 6th",40.72601172964625,-74.05038893222809,3273,"Manila & 1st",40.721650724879986,-74.04288411140442,29215,"Subscriber",1973,1
315,"2018-12-10 09:50:25.3750","2018-12-10 09:55:41.1960",3269,"Brunswick & 6th",40.72601172964625,-74.05038893222809,3273,"Manila & 1st",40.721650724879986,-74.04288411140442,29457,"Subscriber",1986,2
769,"2018-12-10 10:09:48.4070","2018-12-10 10:22:38.2690",3269,"Brunswick & 6th",40.72601172964625,-74.05038893222809,3267,"Morris Canal",40.7124188237569,-74.03852552175522,29594,"Subscriber",1975,1
888,"2018-12-10 13:55:51.9070","2018-12-10 14:10:39.9430",3269,"Brunswick & 6th",40.72601172964625,-74.05038893222809,3269,"Brunswick & 6th",40.72601172964625,-74.05038893222809,29523,"Subscriber",1981,1
310,"2018-12-10 14:14:25.2270","2018-12-10 14:19:35.8790",3269,"Brunswick & 6th",40.72601172964625,-74.05038893222809,3186,"Grove St PATH",40.71958611647166,-74.04311746358871,26206,"Subscriber",1989,2
334,"2018-12-10 18:53:02.3630","2018-12-10 18:58:36.8430",3269,"Brunswick & 6th",40.72601172964625,-74.05038893222809,3186,"Grove St PATH",40.71958611647166,-74.04311746358871,26295,"Subscriber",1990,1
194,"2018-12-10 19:48:52.1630","2018-12-10 19:52:06.4010",3269,"Brunswick & 6th",40.72601172964625,-74.05038893222809,3272,"Jersey & 3rd",40.72333158646436,-74.04595255851744,26204,"Subscriber",1990,1
196,"2018-12-11 05:25:29.0360","2018-12-11 05:28:45.6270",3269,"Brunswick & 6th",40.72601172964625,-74.05038893222809,3273,"Manila & 1st",40.721650724879986,-74.04288411140442,29682,"Subscriber",1991,1
220,"2018-12-11 05:59:45.3360","2018-12-11 06:03:26.2510",3269,"Brunswick & 6th",40.72601172964625,-74.05038893222809,3186,"Grove St PATH",40.71958611647166,-74.04311746358871,26153,"Subscriber",1989,2
218,"2018-12-11 06:54:01.8850","2018-12-11 06:57:40.0890",3269,"Brunswick & 6th",40.72601172964625,-74.05038893222809,3211,"Newark Ave",40.72152515,-74.046304543,29547,"Subscriber",1986,2
193,"2018-12-11 07:12:27.3330","2018-12-11 07:15:40.4310",3269,"Brunswick & 6th",40.72601172964625,-74.05038893222809,3211,"Newark Ave",40.72152515,-74.046304543,26243,"Subscriber",1981,2
180,"2018-12-11 07:12:45.3890","2018-12-11 07:15:45.9630",3269,"Brunswick & 6th",40.72601172964625,-74.05038893222809,3211,"Newark Ave",40.72152515,-74.046304543,29581,"Subscriber",1981,1
294,"2018-12-11 07:16:26.5830","2018-12-11 07:21:20.8290",3269,"Brunswick & 6th",40.72601172964625,-74.05038893222809,3186,"Grove St PATH",40.71958611647166,-74.04311746358871,29655,"Subscriber",1987,2
338,"2018-12-11 07:31:40.6690","2018-12-11 07:37:19.0590",3269,"Brunswick & 6th",40.72601172964625,-74.05038893222809,3186,"Grove St PATH",40.71958611647166,-74.04311746358871,26216,"Subscriber",1980,1
280,"2018-12-11 07:32:12.5870","2018-12-11 07:36:53.0890",3269,"Brunswick & 6th",40.72601172964625,-74.05038893222809,3186,"Grove St PATH",40.71958611647166,-74.04311746358871,29635,"Subscriber",1973,1
325,"2018-12-11 07:38:21.8680","2018-12-11 07:43:47.1980",3269,"Brunswick & 6th",40.72601172964625,-74.05038893222809,3186,"Grove St PATH",40.71958611647166,-74.04311746358871,26190,"Subscriber",1985,2
298,"2018-12-11 07:50:04.4710","2018-12-11 07:55:02.7030",3269,"Brunswick & 6th",40.72601172964625,-74.05038893222809,3186,"Grove St PATH",40.71958611647166,-74.04311746358871,29682,"Subscriber",1991,1
211,"2018-12-11 07:54:45.7340","2018-12-11 07:58:16.7590",3269,"Brunswick & 6th",40.72601172964625,-74.05038893222809,3186,"Grove St PATH",40.71958611647166,-74.04311746358871,29214,"Subscriber",1993,1
289,"2018-12-11 07:56:00.9650","2018-12-11 08:00:50.3110",3269,"Brunswick & 6th",40.72601172964625,-74.05038893222809,3186,"Grove St PATH",40.71958611647166,-74.04311746358871,29444,"Subscriber",1988,1
478,"2018-12-11 08:06:48.1500","2018-12-11 08:14:46.6730",3269,"Brunswick & 6th",40.72601172964625,-74.05038893222809,3183,"Exchange Place",40.7162469,-74.0334588,26206,"Subscriber",1976,1
318,"2018-12-11 08:07:08.1180","2018-12-11 08:12:26.9800",3269,"Brunswick & 6th",40.72601172964625,-74.05038893222809,3273,"Manila & 1st",40.721650724879986,-74.04288411140442,29583,"Subscriber",1980,2
322,"2018-12-11 08:07:11.0260","2018-12-11 08:12:33.4330",3269,"Brunswick & 6th",40.72601172964625,-74.05038893222809,3273,"Manila & 1st",40.721650724879986,-74.04288411140442,29661,"Subscriber",1983,1
201,"2018-12-11 08:07:50.2340","2018-12-11 08:11:11.2630",3269,"Brunswick & 6th",40.72601172964625,-74.05038893222809,3186,"Grove St PATH",40.71958611647166,-74.04311746358871,29473,"Subscriber",1992,1
232,"2018-12-11 08:07:46.4950","2018-12-11 08:11:39.0410",3269,"Brunswick & 6th",40.72601172964625,-74.05038893222809,3186,"Grove St PATH",40.71958611647166,-74.04311746358871,29295,"Subscriber",1986,1
625,"2018-12-11 08:11:41.7410","2018-12-11 08:22:07.1500",3269,"Brunswick & 6th",40.72601172964625,-74.05038893222809,3276,"Marin Light Rail",40.71458403535893,-74.04281705617905,29300,"Subscriber",1989,1
281,"2018-12-11 08:12:02.7350","2018-12-11 08:16:44.4800",3269,"Brunswick & 6th",40.72601172964625,-74.05038893222809,3273,"Manila & 1st",40.721650724879986,-74.04288411140442,26179,"Subscriber",1981,1
216,"2018-12-11 08:17:54.8270","2018-12-11 08:21:31.3210",3269,"Brunswick & 6th",40.72601172964625,-74.05038893222809,3186,"Grove St PATH",40.71958611647166,-74.04311746358871,29588,"Subscriber",1971,1
293,"2018-12-11 08:26:21.2830","2018-12-11 08:31:14.6300",3269,"Brunswick & 6th",40.72601172964625,-74.05038893222809,3186,"Grove St PATH",40.71958611647166,-74.04311746358871,29547,"Subscriber",1969,0
318,"2018-12-11 08:27:51.6790","2018-12-11 08:33:10.1970",3269,"Brunswick & 6th",40.72601172964625,-74.05038893222809,3186,"Grove St PATH",40.71958611647166,-74.04311746358871,29635,"Subscriber",1982,1
184,"2018-12-11 08:29:03.0900","2018-12-11 08:32:07.4880",3269,"Brunswick & 6th",40.72601172964625,-74.05038893222809,3211,"Newark Ave",40.72152515,-74.046304543,29614,"Subscriber",1982,1
307,"2018-12-11 08:31:25.2500","2018-12-11 08:36:32.2890",3269,"Brunswick & 6th",40.72601172964625,-74.05038893222809,3186,"Grove St PATH",40.71958611647166,-74.04311746358871,29645,"Subscriber",1982,1
305,"2018-12-11 08:31:21.4410","2018-12-11 08:36:26.9540",3269,"Brunswick & 6th",40.72601172964625,-74.05038893222809,3638,"Washington St",40.7242941,-74.0354826,29657,"Subscriber",1985,1
680,"2018-12-11 08:33:53.9990","2018-12-11 08:45:14.4730",3269,"Brunswick & 6th",40.72601172964625,-74.05038893222809,3639,"Harborside",40.7192517,-74.034234,29535,"Subscriber",1975,1
338,"2018-12-11 08:39:53.9200","2018-12-11 08:45:32.0150",3269,"Brunswick & 6th",40.72601172964625,-74.05038893222809,3186,"Grove St PATH",40.71958611647166,-74.04311746358871,29475,"Subscriber",1977,2
338,"2018-12-11 08:39:53.7900","2018-12-11 08:45:31.9090",3269,"Brunswick & 6th",40.72601172964625,-74.05038893222809,3186,"Grove St PATH",40.71958611647166,-74.04311746358871,26243,"Subscriber",1980,1
328,"2018-12-11 08:42:57.0270","2018-12-11 08:48:25.6850",3269,"Brunswick & 6th",40.72601172964625,-74.05038893222809,3186,"Grove St PATH",40.71958611647166,-74.04311746358871,29485,"Subscriber",1986,1
277,"2018-12-11 08:58:13.8100","2018-12-11 09:02:50.9880",3269,"Brunswick & 6th",40.72601172964625,-74.05038893222809,3186,"Grove St PATH",40.71958611647166,-74.04311746358871,29257,"Subscriber",1977,1
590,"2018-12-11 09:05:44.2350","2018-12-11 09:15:35.0390",3269,"Brunswick & 6th",40.72601172964625,-74.05038893222809,3186,"Grove St PATH",40.71958611647166,-74.04311746358871,26157,"Subscriber",1983,1
268,"2018-12-11 09:13:37.5410","2018-12-11 09:18:06.0400",3269,"Brunswick & 6th",40.72601172964625,-74.05038893222809,3186,"Grove St PATH",40.71958611647166,-74.04311746358871,29296,"Subscriber",1983,1
712,"2018-12-11 09:17:11.3380","2018-12-11 09:29:03.5530",3269,"Brunswick & 6th",40.72601172964625,-74.05038893222809,3183,"Exchange Place",40.7162469,-74.0334588,26210,"Subscriber",1980,1
327,"2018-12-11 09:37:42.1680","2018-12-11 09:43:09.1900",3269,"Brunswick & 6th",40.72601172964625,-74.05038893222809,3273,"Manila & 1st",40.721650724879986,-74.04288411140442,26175,"Subscriber",1986,2
273,"2018-12-11 10:28:39.4740","2018-12-11 10:33:12.9600",3269,"Brunswick & 6th",40.72601172964625,-74.05038893222809,3186,"Grove St PATH",40.71958611647166,-74.04311746358871,29497,"Subscriber",1981,1
367,"2018-12-11 10:39:24.1670","2018-12-11 10:45:31.9890",3269,"Brunswick & 6th",40.72601172964625,-74.05038893222809,3186,"Grove St PATH",40.71958611647166,-74.04311746358871,29294,"Subscriber",1982,2
297,"2018-12-11 11:21:34.4760","2018-12-11 11:26:31.9650",3269,"Brunswick & 6th",40.72601172964625,-74.05038893222809,3186,"Grove St PATH",40.71958611647166,-74.04311746358871,29473,"Subscriber",1964,1
225,"2018-12-11 17:14:22.0170","2018-12-11 17:18:07.8940",3269,"Brunswick & 6th",40.72601172964625,-74.05038893222809,3203,"Hamilton Park",40.727595966,-74.044247311,17260,"Subscriber",1975,2
629,"2018-12-11 19:11:31.9390","2018-12-11 19:22:01.0610",3269,"Brunswick & 6th",40.72601172964625,-74.05038893222809,3198,"Heights Elevator",40.748715945380226,-74.04044330120087,29674,"Subscriber",1992,1
596,"2018-12-11 21:00:40.5740","2018-12-11 21:10:36.6690",3269,"Brunswick & 6th",40.72601172964625,-74.05038893222809,3681,"Grand St",40.71517767732029,-74.03768330812454,29275,"Subscriber",1987,1
1721,"2018-12-11 21:10:07.1890","2018-12-11 21:38:49.0520",3269,"Brunswick & 6th",40.72601172964625,-74.05038893222809,3281,"Leonard Gordon Park",40.74590996631558,-74.0572714805603,29523,"Subscriber",1991,1
217,"2018-12-11 21:58:48.7760","2018-12-11 22:02:26.6510",3269,"Brunswick & 6th",40.72601172964625,-74.05038893222809,3272,"Jersey & 3rd",40.72333158646436,-74.04595255851744,29502,"Subscriber",1990,1
381,"2018-12-11 22:34:56.0170","2018-12-11 22:41:17.5110",3269,"Brunswick & 6th",40.72601172964625,-74.05038893222809,3185,"City Hall",40.7177325,-74.043845,26198,"Subscriber",1989,2
210,"2018-12-12 05:22:07.5780","2018-12-12 05:25:37.8060",3269,"Brunswick & 6th",40.72601172964625,-74.05038893222809,3273,"Manila & 1st",40.721650724879986,-74.04288411140442,29655,"Subscriber",1991,1
251,"2018-12-12 05:51:29.1590","2018-12-12 05:55:40.4100",3269,"Brunswick & 6th",40.72601172964625,-74.05038893222809,3186,"Grove St PATH",40.71958611647166,-74.04311746358871,29546,"Subscriber",1982,1
219,"2018-12-12 06:01:06.0470","2018-12-12 06:04:45.1810",3269,"Brunswick & 6th",40.72601172964625,-74.05038893222809,3186,"Grove St PATH",40.71958611647166,-74.04311746358871,29534,"Subscriber",1989,2
267,"2018-12-12 07:06:56.5490","2018-12-12 07:11:24.4200",3269,"Brunswick & 6th",40.72601172964625,-74.05038893222809,3186,"Grove St PATH",40.71958611647166,-74.04311746358871,29460,"Subscriber",1988,1
268,"2018-12-12 07:15:53.1330","2018-12-12 07:20:21.8700",3269,"Brunswick & 6th",40.72601172964625,-74.05038893222809,3186,"Grove St PATH",40.71958611647166,-74.04311746358871,29240,"Subscriber",1987,2
319,"2018-12-12 07:29:52.4020","2018-12-12 07:35:12.3490",3269,"Brunswick & 6th",40.72601172964625,-74.05038893222809,3186,"Grove St PATH",40.71958611647166,-74.04311746358871,29490,"Subscriber",1991,1
289,"2018-12-12 07:39:59.4200","2018-12-12 07:44:49.3730",3269,"Brunswick & 6th",40.72601172964625,-74.05038893222809,3186,"Grove St PATH",40.71958611647166,-74.04311746358871,29282,"Subscriber",1973,1
317,"2018-12-12 07:45:08.7840","2018-12-12 07:50:26.7780",3269,"Brunswick & 6th",40.72601172964625,-74.05038893222809,3186,"Grove St PATH",40.71958611647166,-74.04311746358871,26281,"Subscriber",1964,1
236,"2018-12-12 07:45:30.1370","2018-12-12 07:49:27.0620",3269,"Brunswick & 6th",40.72601172964625,-74.05038893222809,3186,"Grove St PATH",40.71958611647166,-74.04311746358871,29629,"Subscriber",1993,1
346,"2018-12-12 07:49:05.7490","2018-12-12 07:54:52.6030",3269,"Brunswick & 6th",40.72601172964625,-74.05038893222809,3186,"Grove St PATH",40.71958611647166,-74.04311746358871,29569,"Subscriber",1985,2
329,"2018-12-12 07:59:31.3040","2018-12-12 08:05:00.8070",3269,"Brunswick & 6th",40.72601172964625,-74.05038893222809,3186,"Grove St PATH",40.71958611647166,-74.04311746358871,29460,"Subscriber",1986,2
315,"2018-12-12 07:59:43.3610","2018-12-12 08:04:59.1060",3269,"Brunswick & 6th",40.72601172964625,-74.05038893222809,3186,"Grove St PATH",40.71958611647166,-74.04311746358871,26248,"Subscriber",1978,1
356,"2018-12-12 08:03:34.2580","2018-12-12 08:09:31.1150",3269,"Brunswick & 6th",40.72601172964625,-74.05038893222809,3186,"Grove St PATH",40.71958611647166,-74.04311746358871,26157,"Subscriber",1984,2
243,"2018-12-12 08:03:57.3880","2018-12-12 08:08:01.3650",3269,"Brunswick & 6th",40.72601172964625,-74.05038893222809,3186,"Grove St PATH",40.71958611647166,-74.04311746358871,29444,"Subscriber",1986,1
211,"2018-12-12 08:04:15.9080","2018-12-12 08:07:47.6710",3269,"Brunswick & 6th",40.72601172964625,-74.05038893222809,3186,"Grove St PATH",40.71958611647166,-74.04311746358871,29240,"Subscriber",1992,1
288,"2018-12-12 08:05:23.9040","2018-12-12 08:10:12.6850",3269,"Brunswick & 6th",40.72601172964625,-74.05038893222809,3186,"Grove St PATH",40.71958611647166,-74.04311746358871,29250,"Subscriber",1978,1
520,"2018-12-12 08:06:14.3920","2018-12-12 08:14:54.5220",3269,"Brunswick & 6th",40.72601172964625,-74.05038893222809,3183,"Exchange Place",40.7162469,-74.0334588,29261,"Subscriber",1976,1
309,"2018-12-12 08:10:59.0610","2018-12-12 08:16:08.8500",3269,"Brunswick & 6th",40.72601172964625,-74.05038893222809,3186,"Grove St PATH",40.71958611647166,-74.04311746358871,29284,"Subscriber",1986,1
299,"2018-12-12 08:18:02.3300","2018-12-12 08:23:01.8920",3269,"Brunswick & 6th",40.72601172964625,-74.05038893222809,3273,"Manila & 1st",40.721650724879986,-74.04288411140442,29679,"Subscriber",1981,1
246,"2018-12-12 08:20:20.5180","2018-12-12 08:24:27.2660",3269,"Brunswick & 6th",40.72601172964625,-74.05038893222809,3273,"Manila & 1st",40.721650724879986,-74.04288411140442,29237,"Subscriber",1980,1
292,"2018-12-12 08:20:49.1260","2018-12-12 08:25:41.2190",3269,"Brunswick & 6th",40.72601172964625,-74.05038893222809,3186,"Grove St PATH",40.71958611647166,-74.04311746358871,29127,"Subscriber",1983,2
238,"2018-12-12 08:45:39.1540","2018-12-12 08:49:38.0240",3269,"Brunswick & 6th",40.72601172964625,-74.05038893222809,3186,"Grove St PATH",40.71958611647166,-74.04311746358871,29674,"Subscriber",1971,1
266,"2018-12-12 08:45:48.2230","2018-12-12 08:50:14.4750",3269,"Brunswick & 6th",40.72601172964625,-74.05038893222809,3186,"Grove St PATH",40.71958611647166,-74.04311746358871,29299,"Subscriber",1980,1
259,"2018-12-12 08:45:52.7980","2018-12-12 08:50:12.6510",3269,"Brunswick & 6th",40.72601172964625,-74.05038893222809,3186,"Grove St PATH",40.71958611647166,-74.04311746358871,26283,"Subscriber",1977,2
284,"2018-12-12 09:03:42.5940","2018-12-12 09:08:27.3410",3269,"Brunswick & 6th",40.72601172964625,-74.05038893222809,3186,"Grove St PATH",40.71958611647166,-74.04311746358871,29612,"Subscriber",1987,1
250,"2018-12-12 09:15:32.7340","2018-12-12 09:19:42.9470",3269,"Brunswick & 6th",40.72601172964625,-74.05038893222809,3213,"Van Vorst Park",40.71848892,-74.047726625,29282,"Subscriber",1973,1
405,"2018-12-12 09:49:56.1450","2018-12-12 09:56:42.0280",3269,"Brunswick & 6th",40.72601172964625,-74.05038893222809,3186,"Grove St PATH",40.71958611647166,-74.04311746358871,29214,"Subscriber",1980,2
142,"2018-12-12 10:28:32.7940","2018-12-12 10:30:55.3420",3269,"Brunswick & 6th",40.72601172964625,-74.05038893222809,3270,"Jersey & 6th St",40.72528910781132,-74.04557168483734,29611,"Subscriber",1978,1
2156,"2018-12-12 10:36:57.9430","2018-12-12 11:12:54.8710",3269,"Brunswick & 6th",40.72601172964625,-74.05038893222809,3209,"Brunswick St",40.7241765,-74.0506564,29629,"Subscriber",1975,1
232,"2018-12-12 17:14:04.4070","2018-12-12 17:17:56.8710",3269,"Brunswick & 6th",40.72601172964625,-74.05038893222809,3203,"Hamilton Park",40.727595966,-74.044247311,29237,"Subscriber",1975,2
448,"2018-12-12 18:29:48.7560","2018-12-12 18:37:17.2380",3269,"Brunswick & 6th",40.72601172964625,-74.05038893222809,3185,"City Hall",40.7177325,-74.043845,29254,"Subscriber",1964,1
257,"2018-12-12 19:21:15.6140","2018-12-12 19:25:32.7280",3269,"Brunswick & 6th",40.72601172964625,-74.05038893222809,3211,"Newark Ave",40.72152515,-74.046304543,29282,"Subscriber",1981,2
237,"2018-12-12 19:21:35.2130","2018-12-12 19:25:32.7930",3269,"Brunswick & 6th",40.72601172964625,-74.05038893222809,3211,"Newark Ave",40.72152515,-74.046304543,29217,"Subscriber",1981,1
244,"2018-12-13 06:00:52.4370","2018-12-13 06:04:56.6500",3269,"Brunswick & 6th",40.72601172964625,-74.05038893222809,3186,"Grove St PATH",40.71958611647166,-74.04311746358871,29203,"Subscriber",1989,2
200,"2018-12-13 06:26:38.1390","2018-12-13 06:29:58.2240",3269,"Brunswick & 6th",40.72601172964625,-74.05038893222809,3203,"Hamilton Park",40.727595966,-74.044247311,29481,"Subscriber",1977,1
309,"2018-12-13 07:14:36.4300","2018-12-13 07:19:45.7180",3269,"Brunswick & 6th",40.72601172964625,-74.05038893222809,3186,"Grove St PATH",40.71958611647166,-74.04311746358871,29495,"Subscriber",1987,2
241,"2018-12-13 07:16:06.3810","2018-12-13 07:20:07.6230",3269,"Brunswick & 6th",40.72601172964625,-74.05038893222809,3186,"Grove St PATH",40.71958611647166,-74.04311746358871,26293,"Subscriber",1988,1
299,"2018-12-13 07:35:00.6430","2018-12-13 07:40:00.1190",3269,"Brunswick & 6th",40.72601172964625,-74.05038893222809,3186,"Grove St PATH",40.71958611647166,-74.04311746358871,29252,"Subscriber",1973,1
442,"2018-12-13 07:50:11.5530","2018-12-13 07:57:33.7220",3269,"Brunswick & 6th",40.72601172964625,-74.05038893222809,3638,"Washington St",40.7242941,-74.0354826,29607,"Subscriber",1966,1
346,"2018-12-13 07:52:53.7550","2018-12-13 07:58:40.3420",3269,"Brunswick & 6th",40.72601172964625,-74.05038893222809,3186,"Grove St PATH",40.71958611647166,-74.04311746358871,26286,"Subscriber",1986,2
226,"2018-12-13 07:56:19.8480","2018-12-13 08:00:06.2540",3269,"Brunswick & 6th",40.72601172964625,-74.05038893222809,3186,"Grove St PATH",40.71958611647166,-74.04311746358871,29603,"Subscriber",1993,1
310,"2018-12-13 07:56:38.5610","2018-12-13 08:01:48.6000",3269,"Brunswick & 6th",40.72601172964625,-74.05038893222809,3186,"Grove St PATH",40.71958611647166,-74.04311746358871,26244,"Subscriber",1984,1
374,"2018-12-13 08:06:17.8770","2018-12-13 08:12:32.0310",3269,"Brunswick & 6th",40.72601172964625,-74.05038893222809,3186,"Grove St PATH",40.71958611647166,-74.04311746358871,29261,"Subscriber",1984,2
443,"2018-12-13 08:10:41.6620","2018-12-13 08:18:05.3320",3269,"Brunswick & 6th",40.72601172964625,-74.05038893222809,3186,"Grove St PATH",40.71958611647166,-74.04311746358871,29492,"Subscriber",1986,1
238,"2018-12-13 08:17:07.2130","2018-12-13 08:21:06.1490",3269,"Brunswick & 6th",40.72601172964625,-74.05038893222809,3186,"Grove St PATH",40.71958611647166,-74.04311746358871,29664,"Subscriber",1992,1
353,"2018-12-13 08:17:35.2000","2018-12-13 08:23:28.3150",3269,"Brunswick & 6th",40.72601172964625,-74.05038893222809,3273,"Manila & 1st",40.721650724879986,-74.04288411140442,29296,"Subscriber",1981,1
316,"2018-12-13 13:16:51.3570","2018-12-13 13:22:07.4540",3269,"Brunswick & 6th",40.72601172964625,-74.05038893222809,3186,"Grove St PATH",40.71958611647166,-74.04311746358871,29674,"Subscriber",1990,1
360,"2018-12-13 17:25:16.7360","2018-12-13 17:31:17.2760",3269,"Brunswick & 6th",40.72601172964625,-74.05038893222809,3186,"Grove St PATH",40.71958611647166,-74.04311746358871,29450,"Subscriber",1988,2
264,"2018-12-14 06:28:32.5390","2018-12-14 06:32:57.3150",3269,"Brunswick & 6th",40.72601172964625,-74.05038893222809,3186,"Grove St PATH",40.71958611647166,-74.04311746358871,29257,"Subscriber",1981,2
354,"2018-12-14 06:32:14.4680","2018-12-14 06:38:09.3250",3269,"Brunswick & 6th",40.72601172964625,-74.05038893222809,3186,"Grove St PATH",40.71958611647166,-74.04311746358871,29569,"Subscriber",1988,2
161,"2018-12-14 06:55:23.9940","2018-12-14 06:58:05.1590",3269,"Brunswick & 6th",40.72601172964625,-74.05038893222809,3203,"Hamilton Park",40.727595966,-74.044247311,29247,"Subscriber",1977,1
267,"2018-12-14 07:06:37.1200","2018-12-14 07:11:04.9280",3269,"Brunswick & 6th",40.72601172964625,-74.05038893222809,3186,"Grove St PATH",40.71958611647166,-74.04311746358871,29240,"Subscriber",1986,2
208,"2018-12-14 07:12:27.6170","2018-12-14 07:15:56.2310",3269,"Brunswick & 6th",40.72601172964625,-74.05038893222809,3211,"Newark Ave",40.72152515,-74.046304543,29676,"Subscriber",1987,2
303,"2018-12-14 07:35:39.0080","2018-12-14 07:40:42.1160",3269,"Brunswick & 6th",40.72601172964625,-74.05038893222809,3186,"Grove St PATH",40.71958611647166,-74.04311746358871,29278,"Subscriber",1973,1
209,"2018-12-14 07:44:57.8860","2018-12-14 07:48:27.5370",3269,"Brunswick & 6th",40.72601172964625,-74.05038893222809,3186,"Grove St PATH",40.71958611647166,-74.04311746358871,29286,"Subscriber",1986,1
214,"2018-12-14 07:47:46.4850","2018-12-14 07:51:20.9140",3269,"Brunswick & 6th",40.72601172964625,-74.05038893222809,3186,"Grove St PATH",40.71958611647166,-74.04311746358871,29245,"Subscriber",1993,1
270,"2018-12-14 08:01:25.9520","2018-12-14 08:05:56.4710",3269,"Brunswick & 6th",40.72601172964625,-74.05038893222809,3186,"Grove St PATH",40.71958611647166,-74.04311746358871,29221,"Subscriber",1984,1
381,"2018-12-14 08:02:13.4570","2018-12-14 08:08:34.4970",3269,"Brunswick & 6th",40.72601172964625,-74.05038893222809,3186,"Grove St PATH",40.71958611647166,-74.04311746358871,29485,"Subscriber",1980,1
244,"2018-12-14 08:08:39.7940","2018-12-14 08:12:43.9260",3269,"Brunswick & 6th",40.72601172964625,-74.05038893222809,3186,"Grove St PATH",40.71958611647166,-74.04311746358871,29199,"Subscriber",1992,1
327,"2018-12-14 08:08:38.8530","2018-12-14 08:14:06.2210",3269,"Brunswick & 6th",40.72601172964625,-74.05038893222809,3186,"Grove St PATH",40.71958611647166,-74.04311746358871,26291,"Subscriber",1978,1
566,"2018-12-14 08:09:02.0630","2018-12-14 08:18:28.4790",3269,"Brunswick & 6th",40.72601172964625,-74.05038893222809,3276,"Marin Light Rail",40.71458403535893,-74.04281705617905,29244,"Subscriber",1989,1
380,"2018-12-14 08:35:18.6730","2018-12-14 08:41:39.1400",3269,"Brunswick & 6th",40.72601172964625,-74.05038893222809,3186,"Grove St PATH",40.71958611647166,-74.04311746358871,29606,"Subscriber",1986,1
835,"2018-12-14 08:39:05.2790","2018-12-14 08:53:01.1350",3269,"Brunswick & 6th",40.72601172964625,-74.05038893222809,3681,"Grand St",40.71517767732029,-74.03768330812454,29487,"Subscriber",1975,1
498,"2018-12-14 08:40:10.2990","2018-12-14 08:48:28.6670",3269,"Brunswick & 6th",40.72601172964625,-74.05038893222809,3186,"Grove St PATH",40.71958611647166,-74.04311746358871,29241,"Subscriber",1986,1
274,"2018-12-14 08:55:18.8680","2018-12-14 08:59:53.2340",3269,"Brunswick & 6th",40.72601172964625,-74.05038893222809,3186,"Grove St PATH",40.71958611647166,-74.04311746358871,29308,"Subscriber",1981,1
345,"2018-12-14 09:00:16.4380","2018-12-14 09:06:01.8800",3269,"Brunswick & 6th",40.72601172964625,-74.05038893222809,3186,"Grove St PATH",40.71958611647166,-74.04311746358871,29458,"Subscriber",1984,1
562,"2018-12-14 09:19:49.5630","2018-12-14 09:29:12.2500",3269,"Brunswick & 6th",40.72601172964625,-74.05038893222809,3185,"City Hall",40.7177325,-74.043845,29663,"Subscriber",1964,1
261,"2018-12-14 09:44:30.5160","2018-12-14 09:48:51.8340",3269,"Brunswick & 6th",40.72601172964625,-74.05038893222809,3186,"Grove St PATH",40.71958611647166,-74.04311746358871,29658,"Subscriber",1992,1
233,"2018-12-14 09:51:02.6620","2018-12-14 09:54:55.7290",3269,"Brunswick & 6th",40.72601172964625,-74.05038893222809,3211,"Newark Ave",40.72152515,-74.046304543,26259,"Subscriber",1986,2
236,"2018-12-14 11:39:17.6860","2018-12-14 11:43:14.4210",3269,"Brunswick & 6th",40.72601172964625,-74.05038893222809,3186,"Grove St PATH",40.71958611647166,-74.04311746358871,29508,"Subscriber",1975,1
252,"2018-12-14 13:22:18.3790","2018-12-14 13:26:31.1520",3269,"Brunswick & 6th",40.72601172964625,-74.05038893222809,3186,"Grove St PATH",40.71958611647166,-74.04311746358871,29573,"Subscriber",1981,2
235,"2018-12-14 13:59:11.9180","2018-12-14 14:03:07.7790",3269,"Brunswick & 6th",40.72601172964625,-74.05038893222809,3211,"Newark Ave",40.72152515,-74.046304543,29541,"Subscriber",1991,2
298,"2018-12-14 18:42:07.6910","2018-12-14 18:47:06.1230",3269,"Brunswick & 6th",40.72601172964625,-74.05038893222809,3273,"Manila & 1st",40.721650724879986,-74.04288411140442,26281,"Subscriber",1985,1
177,"2018-12-14 20:00:18.5030","2018-12-14 20:03:15.9850",3269,"Brunswick & 6th",40.72601172964625,-74.05038893222809,3272,"Jersey & 3rd",40.72333158646436,-74.04595255851744,29286,"Subscriber",1990,1
398,"2018-12-15 07:47:40.3800","2018-12-15 07:54:18.8270",3269,"Brunswick & 6th",40.72601172964625,-74.05038893222809,3638,"Washington St",40.7242941,-74.0354826,29258,"Subscriber",1986,1
171,"2018-12-15 07:57:20.5050","2018-12-15 08:00:12.4770",3269,"Brunswick & 6th",40.72601172964625,-74.05038893222809,3272,"Jersey & 3rd",40.72333158646436,-74.04595255851744,29614,"Subscriber",1982,1
236,"2018-12-15 09:44:49.6330","2018-12-15 09:48:46.1700",3269,"Brunswick & 6th",40.72601172964625,-74.05038893222809,3273,"Manila & 1st",40.721650724879986,-74.04288411140442,29258,"Subscriber",1991,1
794,"2018-12-15 11:06:02.4490","2018-12-15 11:19:17.1670",3269,"Brunswick & 6th",40.72601172964625,-74.05038893222809,3276,"Marin Light Rail",40.71458403535893,-74.04281705617905,29476,"Subscriber",1989,1
459,"2018-12-15 12:32:47.5870","2018-12-15 12:40:27.4540",3269,"Brunswick & 6th",40.72601172964625,-74.05038893222809,3186,"Grove St PATH",40.71958611647166,-74.04311746358871,26234,"Subscriber",1988,1
459,"2018-12-15 12:32:56.3430","2018-12-15 12:40:36.0040",3269,"Brunswick & 6th",40.72601172964625,-74.05038893222809,3186,"Grove St PATH",40.71958611647166,-74.04311746358871,29299,"Subscriber",1991,2
92,"2018-12-15 14:20:15.7490","2018-12-15 14:21:48.0420",3269,"Brunswick & 6th",40.72601172964625,-74.05038893222809,3278,"Monmouth and 6th",40.72568548362901,-74.04879033565521,29294,"Subscriber",1983,2
81,"2018-12-15 15:06:31.2910","2018-12-15 15:07:53.0930",3269,"Brunswick & 6th",40.72601172964625,-74.05038893222809,3278,"Monmouth and 6th",40.72568548362901,-74.04879033565521,29206,"Subscriber",1983,2
81,"2018-12-15 15:09:57.6290","2018-12-15 15:11:19.3950",3269,"Brunswick & 6th",40.72601172964625,-74.05038893222809,3278,"Monmouth and 6th",40.72568548362901,-74.04879033565521,29554,"Subscriber",1983,2
86,"2018-12-15 15:14:19.5010","2018-12-15 15:15:46.2100",3269,"Brunswick & 6th",40.72601172964625,-74.05038893222809,3278,"Monmouth and 6th",40.72568548362901,-74.04879033565521,26213,"Subscriber",1983,2
321,"2018-12-15 16:00:32.6460","2018-12-15 16:05:53.9710",3269,"Brunswick & 6th",40.72601172964625,-74.05038893222809,3273,"Manila & 1st",40.721650724879986,-74.04288411140442,26183,"Subscriber",1993,2
313,"2018-12-15 16:00:40.3040","2018-12-15 16:05:53.5340",3269,"Brunswick & 6th",40.72601172964625,-74.05038893222809,3273,"Manila & 1st",40.721650724879986,-74.04288411140442,29646,"Subscriber",1990,1
487,"2018-12-15 20:18:18.5620","2018-12-15 20:26:25.6010",3269,"Brunswick & 6th",40.72601172964625,-74.05038893222809,3639,"Harborside",40.7192517,-74.034234,29283,"Subscriber",1986,1
300,"2018-12-16 09:00:29.6150","2018-12-16 09:05:30.5230",3269,"Brunswick & 6th",40.72601172964625,-74.05038893222809,3273,"Manila & 1st",40.721650724879986,-74.04288411140442,29506,"Subscriber",1989,2
66,"2018-12-16 21:52:00.9860","2018-12-16 21:53:07.2840",3269,"Brunswick & 6th",40.72601172964625,-74.05038893222809,3278,"Monmouth and 6th",40.72568548362901,-74.04879033565521,29612,"Subscriber",1983,2
78,"2018-12-16 22:03:20.2270","2018-12-16 22:04:38.5610",3269,"Brunswick & 6th",40.72601172964625,-74.05038893222809,3278,"Monmouth and 6th",40.72568548362901,-74.04879033565521,29554,"Subscriber",1983,2
102,"2018-12-16 22:07:42.3930","2018-12-16 22:09:25.1330",3269,"Brunswick & 6th",40.72601172964625,-74.05038893222809,3278,"Monmouth and 6th",40.72568548362901,-74.04879033565521,29492,"Subscriber",1983,2
70,"2018-12-16 22:12:29.8970","2018-12-16 22:13:40.3320",3269,"Brunswick & 6th",40.72601172964625,-74.05038893222809,3278,"Monmouth and 6th",40.72568548362901,-74.04879033565521,29493,"Subscriber",1983,2
84,"2018-12-16 22:51:09.2010","2018-12-16 22:52:33.6450",3269,"Brunswick & 6th",40.72601172964625,-74.05038893222809,3209,"Brunswick St",40.7241765,-74.0506564,29493,"Subscriber",1983,2
92,"2018-12-16 22:56:06.9820","2018-12-16 22:57:39.5690",3269,"Brunswick & 6th",40.72601172964625,-74.05038893222809,3209,"Brunswick St",40.7241765,-74.0506564,29492,"Subscriber",1983,2
82,"2018-12-16 23:01:23.3030","2018-12-16 23:02:45.3060",3269,"Brunswick & 6th",40.72601172964625,-74.05038893222809,3278,"Monmouth and 6th",40.72568548362901,-74.04879033565521,26183,"Subscriber",1983,2
200,"2018-12-17 05:24:10.8200","2018-12-17 05:27:31.0830",3269,"Brunswick & 6th",40.72601172964625,-74.05038893222809,3273,"Manila & 1st",40.721650724879986,-74.04288411140442,29468,"Subscriber",1991,1
257,"2018-12-17 07:09:33.7170","2018-12-17 07:13:51.0560",3269,"Brunswick & 6th",40.72601172964625,-74.05038893222809,3186,"Grove St PATH",40.71958611647166,-74.04311746358871,29289,"Subscriber",1987,2
323,"2018-12-17 07:24:50.2140","2018-12-17 07:30:13.9290",3269,"Brunswick & 6th",40.72601172964625,-74.05038893222809,3186,"Grove St PATH",40.71958611647166,-74.04311746358871,29468,"Subscriber",1991,1
306,"2018-12-17 07:36:29.6920","2018-12-17 07:41:36.4710",3269,"Brunswick & 6th",40.72601172964625,-74.05038893222809,3186,"Grove St PATH",40.71958611647166,-74.04311746358871,29538,"Subscriber",1973,1
192,"2018-12-17 07:56:45.2160","2018-12-17 07:59:58.1250",3269,"Brunswick & 6th",40.72601172964625,-74.05038893222809,3186,"Grove St PATH",40.71958611647166,-74.04311746358871,29598,"Subscriber",1992,1
304,"2018-12-17 07:58:55.6470","2018-12-17 08:03:59.9970",3269,"Brunswick & 6th",40.72601172964625,-74.05038893222809,3186,"Grove St PATH",40.71958611647166,-74.04311746358871,29655,"Subscriber",1984,1
556,"2018-12-17 08:02:34.0870","2018-12-17 08:11:50.8960",3269,"Brunswick & 6th",40.72601172964625,-74.05038893222809,3276,"Marin Light Rail",40.71458403535893,-74.04281705617905,26311,"Subscriber",1989,1
835,"2018-12-17 08:02:38.6620","2018-12-17 08:16:33.8180",3269,"Brunswick & 6th",40.72601172964625,-74.05038893222809,3214,"Essex Light Rail",40.7127742,-74.0364857,29583,"Subscriber",1987,2
261,"2018-12-17 08:06:21.5220","2018-12-17 08:10:43.3440",3269,"Brunswick & 6th",40.72601172964625,-74.05038893222809,3186,"Grove St PATH",40.71958611647166,-74.04311746358871,26281,"Subscriber",1993,1
341,"2018-12-17 08:06:53.2600","2018-12-17 08:12:34.4690",3269,"Brunswick & 6th",40.72601172964625,-74.05038893222809,3186,"Grove St PATH",40.71958611647166,-74.04311746358871,26278,"Subscriber",1984,2
184,"2018-12-17 08:09:23.6320","2018-12-17 08:12:28.2550",3269,"Brunswick & 6th",40.72601172964625,-74.05038893222809,3279,"Dixon Mills",40.721630142638354,-74.04996782541275,26298,"Subscriber",1976,1
478,"2018-12-17 08:09:48.7140","2018-12-17 08:17:46.9940",3269,"Brunswick & 6th",40.72601172964625,-74.05038893222809,3183,"Exchange Place",40.7162469,-74.0334588,29672,"Subscriber",1976,1
364,"2018-12-17 08:10:51.6540","2018-12-17 08:16:56.4880",3269,"Brunswick & 6th",40.72601172964625,-74.05038893222809,3186,"Grove St PATH",40.71958611647166,-74.04311746358871,29258,"Subscriber",1983,2
341,"2018-12-17 08:13:24.7330","2018-12-17 08:19:06.6890",3269,"Brunswick & 6th",40.72601172964625,-74.05038893222809,3186,"Grove St PATH",40.71958611647166,-74.04311746358871,29205,"Subscriber",1981,2
343,"2018-12-17 08:16:22.7210","2018-12-17 08:22:06.0960",3269,"Brunswick & 6th",40.72601172964625,-74.05038893222809,3186,"Grove St PATH",40.71958611647166,-74.04311746358871,29289,"Subscriber",1982,1
317,"2018-12-17 08:27:29.3270","2018-12-17 08:32:46.8410",3269,"Brunswick & 6th",40.72601172964625,-74.05038893222809,3186,"Grove St PATH",40.71958611647166,-74.04311746358871,26182,"Subscriber",1986,1
295,"2018-12-17 09:00:00.7580","2018-12-17 09:04:55.9410",3269,"Brunswick & 6th",40.72601172964625,-74.05038893222809,3273,"Manila & 1st",40.721650724879986,-74.04288411140442,29204,"Subscriber",1981,1
251,"2018-12-17 09:05:30.9690","2018-12-17 09:09:42.0720",3269,"Brunswick & 6th",40.72601172964625,-74.05038893222809,3213,"Van Vorst Park",40.71848892,-74.047726625,26268,"Subscriber",1973,1
388,"2018-12-17 09:09:59.2230","2018-12-17 09:16:27.4550",3269,"Brunswick & 6th",40.72601172964625,-74.05038893222809,3202,"Newport PATH",40.7272235,-74.0337589,26282,"Subscriber",1985,1
240,"2018-12-17 09:10:08.7710","2018-12-17 09:14:09.2650",3269,"Brunswick & 6th",40.72601172964625,-74.05038893222809,3272,"Jersey & 3rd",40.72333158646436,-74.04595255851744,26167,"Subscriber",1983,2
271,"2018-12-17 09:11:43.9780","2018-12-17 09:16:15.6270",3269,"Brunswick & 6th",40.72601172964625,-74.05038893222809,3186,"Grove St PATH",40.71958611647166,-74.04311746358871,29598,"Subscriber",1980,1
326,"2018-12-17 10:29:08.3890","2018-12-17 10:34:34.8640",3269,"Brunswick & 6th",40.72601172964625,-74.05038893222809,3186,"Grove St PATH",40.71958611647166,-74.04311746358871,26261,"Subscriber",1982,2
1566,"2018-12-17 10:43:35.5770","2018-12-17 11:09:42.4760",3269,"Brunswick & 6th",40.72601172964625,-74.05038893222809,3209,"Brunswick St",40.7241765,-74.0506564,29308,"Subscriber",1975,1
405,"2018-12-17 11:52:06.2500","2018-12-17 11:58:51.9070",3269,"Brunswick & 6th",40.72601172964625,-74.05038893222809,3187,"Warren St",40.7211236,-74.03805095,26157,"Subscriber",1991,2
208,"2018-12-17 12:59:35.0880","2018-12-17 13:03:03.9190",3269,"Brunswick & 6th",40.72601172964625,-74.05038893222809,3186,"Grove St PATH",40.71958611647166,-74.04311746358871,29479,"Subscriber",1981,1
302,"2018-12-17 13:09:03.9540","2018-12-17 13:14:06.6060",3269,"Brunswick & 6th",40.72601172964625,-74.05038893222809,3186,"Grove St PATH",40.71958611647166,-74.04311746358871,29441,"Subscriber",1990,1
282,"2018-12-17 13:53:38.6640","2018-12-17 13:58:20.9120",3269,"Brunswick & 6th",40.72601172964625,-74.05038893222809,3185,"City Hall",40.7177325,-74.043845,29489,"Subscriber",1958,1
321,"2018-12-17 18:33:57.4400","2018-12-17 18:39:18.8850",3269,"Brunswick & 6th",40.72601172964625,-74.05038893222809,3272,"Jersey & 3rd",40.72333158646436,-74.04595255851744,29529,"Subscriber",1958,1
147,"2018-12-17 18:56:09.7110","2018-12-17 18:58:37.3520",3269,"Brunswick & 6th",40.72601172964625,-74.05038893222809,3203,"Hamilton Park",40.727595966,-74.044247311,26264,"Subscriber",1969,1
327,"2018-12-17 20:48:59.8200","2018-12-17 20:54:27.1010",3269,"Brunswick & 6th",40.72601172964625,-74.05038893222809,3211,"Newark Ave",40.72152515,-74.046304543,29260,"Subscriber",1972,2
967,"2018-12-17 21:10:27.9010","2018-12-17 21:26:35.2270",3269,"Brunswick & 6th",40.72601172964625,-74.05038893222809,3210,"Pershing Field",40.742677141,-74.051788633,29595,"Subscriber",1991,1
202,"2018-12-18 06:01:43.2980","2018-12-18 06:05:05.7420",3269,"Brunswick & 6th",40.72601172964625,-74.05038893222809,3186,"Grove St PATH",40.71958611647166,-74.04311746358871,29674,"Subscriber",1989,2
372,"2018-12-18 07:16:07.5400","2018-12-18 07:22:20.5010",3269,"Brunswick & 6th",40.72601172964625,-74.05038893222809,3186,"Grove St PATH",40.71958611647166,-74.04311746358871,29577,"Subscriber",1964,1
291,"2018-12-18 07:16:39.4520","2018-12-18 07:21:30.8190",3269,"Brunswick & 6th",40.72601172964625,-74.05038893222809,3186,"Grove St PATH",40.71958611647166,-74.04311746358871,29646,"Subscriber",1987,2
462,"2018-12-18 07:33:24.2870","2018-12-18 07:41:07.0280",3269,"Brunswick & 6th",40.72601172964625,-74.05038893222809,3638,"Washington St",40.7242941,-74.0354826,26198,"Subscriber",1986,2
248,"2018-12-18 07:34:10.5960","2018-12-18 07:38:19.0740",3269,"Brunswick & 6th",40.72601172964625,-74.05038893222809,3186,"Grove St PATH",40.71958611647166,-74.04311746358871,29297,"Subscriber",1973,1
235,"2018-12-18 07:46:07.4110","2018-12-18 07:50:02.5390",3269,"Brunswick & 6th",40.72601172964625,-74.05038893222809,3186,"Grove St PATH",40.71958611647166,-74.04311746358871,29578,"Subscriber",1993,1
699,"2018-12-18 08:30:26.2130","2018-12-18 08:42:05.7100",3269,"Brunswick & 6th",40.72601172964625,-74.05038893222809,3186,"Grove St PATH",40.71958611647166,-74.04311746358871,29583,"Subscriber",1985,2
267,"2018-12-18 08:30:46.2870","2018-12-18 08:35:13.9580",3269,"Brunswick & 6th",40.72601172964625,-74.05038893222809,3186,"Grove St PATH",40.71958611647166,-74.04311746358871,26203,"Subscriber",1980,1
665,"2018-12-18 08:32:52.8680","2018-12-18 08:43:57.9600",3269,"Brunswick & 6th",40.72601172964625,-74.05038893222809,3275,"Columbus Drive",40.71835519823214,-74.03891444206238,29544,"Subscriber",1975,1
945,"2018-12-18 08:40:13.0480","2018-12-18 08:55:59.0150",3269,"Brunswick & 6th",40.72601172964625,-74.05038893222809,3183,"Exchange Place",40.7162469,-74.0334588,26197,"Subscriber",1991,1
310,"2018-12-18 08:44:40.1940","2018-12-18 08:49:50.6160",3269,"Brunswick & 6th",40.72601172964625,-74.05038893222809,3186,"Grove St PATH",40.71958611647166,-74.04311746358871,29262,"Subscriber",1977,1
247,"2018-12-18 09:13:38.2960","2018-12-18 09:17:45.7450",3269,"Brunswick & 6th",40.72601172964625,-74.05038893222809,3186,"Grove St PATH",40.71958611647166,-74.04311746358871,26208,"Subscriber",1977,1
283,"2018-12-18 09:21:36.5820","2018-12-18 09:26:19.8420",3269,"Brunswick & 6th",40.72601172964625,-74.05038893222809,3186,"Grove St PATH",40.71958611647166,-74.04311746358871,29511,"Subscriber",1988,1
294,"2018-12-18 09:21:47.9380","2018-12-18 09:26:42.0950",3269,"Brunswick & 6th",40.72601172964625,-74.05038893222809,3186,"Grove St PATH",40.71958611647166,-74.04311746358871,29305,"Subscriber",1981,1
342,"2018-12-18 10:08:20.6170","2018-12-18 10:14:03.1790",3269,"Brunswick & 6th",40.72601172964625,-74.05038893222809,3273,"Manila & 1st",40.721650724879986,-74.04288411140442,29275,"Subscriber",1986,2
399,"2018-12-18 10:59:27.7780","2018-12-18 11:06:07.0220",3269,"Brunswick & 6th",40.72601172964625,-74.05038893222809,3186,"Grove St PATH",40.71958611647166,-74.04311746358871,29262,"Subscriber",1982,2
490,"2018-12-18 11:53:31.1220","2018-12-18 12:01:41.4510",3269,"Brunswick & 6th",40.72601172964625,-74.05038893222809,3187,"Warren St",40.7211236,-74.03805095,29450,"Subscriber",1991,2
298,"2018-12-18 17:23:34.0960","2018-12-18 17:28:32.9460",3269,"Brunswick & 6th",40.72601172964625,-74.05038893222809,3203,"Hamilton Park",40.727595966,-74.044247311,26300,"Subscriber",1991,2
197,"2018-12-18 17:32:04.4580","2018-12-18 17:35:21.7400",3269,"Brunswick & 6th",40.72601172964625,-74.05038893222809,3203,"Hamilton Park",40.727595966,-74.044247311,29468,"Subscriber",1975,2
216,"2018-12-18 18:47:17.0220","2018-12-18 18:50:53.2800",3269,"Brunswick & 6th",40.72601172964625,-74.05038893222809,3211,"Newark Ave",40.72152515,-74.046304543,29477,"Subscriber",1990,1
1288,"2018-12-18 21:16:27.0750","2018-12-18 21:37:56.0210",3269,"Brunswick & 6th",40.72601172964625,-74.05038893222809,3210,"Pershing Field",40.742677141,-74.051788633,29228,"Subscriber",1991,1
357,"2018-12-18 22:58:35.6840","2018-12-18 23:04:33.4560",3269,"Brunswick & 6th",40.72601172964625,-74.05038893222809,3185,"City Hall",40.7177325,-74.043845,29286,"Subscriber",1989,2
261,"2018-12-19 06:21:31.7020","2018-12-19 06:25:52.9830",3269,"Brunswick & 6th",40.72601172964625,-74.05038893222809,3186,"Grove St PATH",40.71958611647166,-74.04311746358871,29658,"Subscriber",1989,2
352,"2018-12-19 06:24:21.8970","2018-12-19 06:30:13.9710",3269,"Brunswick & 6th",40.72601172964625,-74.05038893222809,3186,"Grove St PATH",40.71958611647166,-74.04311746358871,29483,"Subscriber",1988,2
321,"2018-12-19 06:26:50.5670","2018-12-19 06:32:12.4700",3269,"Brunswick & 6th",40.72601172964625,-74.05038893222809,3186,"Grove St PATH",40.71958611647166,-74.04311746358871,29443,"Subscriber",1981,2
242,"2018-12-19 07:13:56.0620","2018-12-19 07:17:58.7440",3269,"Brunswick & 6th",40.72601172964625,-74.05038893222809,3186,"Grove St PATH",40.71958611647166,-74.04311746358871,26213,"Subscriber",1993,1
353,"2018-12-19 07:19:42.4550","2018-12-19 07:25:35.9090",3269,"Brunswick & 6th",40.72601172964625,-74.05038893222809,3186,"Grove St PATH",40.71958611647166,-74.04311746358871,26258,"Subscriber",1964,1
308,"2018-12-19 07:49:32.2540","2018-12-19 07:54:41.1380",3269,"Brunswick & 6th",40.72601172964625,-74.05038893222809,3186,"Grove St PATH",40.71958611647166,-74.04311746358871,29286,"Subscriber",1990,1
384,"2018-12-19 08:18:40.2620","2018-12-19 08:25:04.3830",3269,"Brunswick & 6th",40.72601172964625,-74.05038893222809,3273,"Manila & 1st",40.721650724879986,-74.04288411140442,26213,"Subscriber",1981,1
1045,"2018-12-19 08:19:12.1660","2018-12-19 08:36:37.9200",3269,"Brunswick & 6th",40.72601172964625,-74.05038893222809,3186,"Grove St PATH",40.71958611647166,-74.04311746358871,29293,"Subscriber",1982,1
267,"2018-12-19 08:19:52.2500","2018-12-19 08:24:19.3000",3269,"Brunswick & 6th",40.72601172964625,-74.05038893222809,3186,"Grove St PATH",40.71958611647166,-74.04311746358871,29506,"Subscriber",1979,1
229,"2018-12-19 08:21:05.7380","2018-12-19 08:24:55.7070",3269,"Brunswick & 6th",40.72601172964625,-74.05038893222809,3186,"Grove St PATH",40.71958611647166,-74.04311746358871,29546,"Subscriber",1992,1
288,"2018-12-19 08:22:40.1300","2018-12-19 08:27:29.1220",3269,"Brunswick & 6th",40.72601172964625,-74.05038893222809,3638,"Washington St",40.7242941,-74.0354826,29545,"Subscriber",1985,1
283,"2018-12-19 08:24:01.3790","2018-12-19 08:28:44.5750",3269,"Brunswick & 6th",40.72601172964625,-74.05038893222809,3186,"Grove St PATH",40.71958611647166,-74.04311746358871,26159,"Subscriber",1982,1
413,"2018-12-19 08:25:09.0770","2018-12-19 08:32:02.8240",3269,"Brunswick & 6th",40.72601172964625,-74.05038893222809,3186,"Grove St PATH",40.71958611647166,-74.04311746358871,26258,"Subscriber",1981,2
412,"2018-12-19 08:33:48.6890","2018-12-19 08:40:41.3260",3269,"Brunswick & 6th",40.72601172964625,-74.05038893222809,3186,"Grove St PATH",40.71958611647166,-74.04311746358871,29278,"Subscriber",1985,2
298,"2018-12-19 09:05:03.0640","2018-12-19 09:10:01.5670",3269,"Brunswick & 6th",40.72601172964625,-74.05038893222809,3186,"Grove St PATH",40.71958611647166,-74.04311746358871,29520,"Subscriber",1987,1
302,"2018-12-19 09:35:13.3380","2018-12-19 09:40:15.5720",3269,"Brunswick & 6th",40.72601172964625,-74.05038893222809,3186,"Grove St PATH",40.71958611647166,-74.04311746358871,26288,"Subscriber",1988,1
358,"2018-12-19 09:52:44.7800","2018-12-19 09:58:43.0250",3269,"Brunswick & 6th",40.72601172964625,-74.05038893222809,3186,"Grove St PATH",40.71958611647166,-74.04311746358871,29506,"Subscriber",1987,1
348,"2018-12-19 10:18:28.3080","2018-12-19 10:24:16.5500",3269,"Brunswick & 6th",40.72601172964625,-74.05038893222809,3273,"Manila & 1st",40.721650724879986,-74.04288411140442,26159,"Subscriber",1986,2
299,"2018-12-19 10:19:35.5470","2018-12-19 10:24:35.3780",3269,"Brunswick & 6th",40.72601172964625,-74.05038893222809,3186,"Grove St PATH",40.71958611647166,-74.04311746358871,29672,"Subscriber",1983,2
2366,"2018-12-19 10:25:09.9570","2018-12-19 11:04:36.6070",3269,"Brunswick & 6th",40.72601172964625,-74.05038893222809,3209,"Brunswick St",40.7241765,-74.0506564,29215,"Subscriber",1975,1
347,"2018-12-19 10:39:30.3130","2018-12-19 10:45:17.8740",3269,"Brunswick & 6th",40.72601172964625,-74.05038893222809,3186,"Grove St PATH",40.71958611647166,-74.04311746358871,29286,"Subscriber",1982,2
268,"2018-12-19 17:19:39.2080","2018-12-19 17:24:07.5640",3269,"Brunswick & 6th",40.72601172964625,-74.05038893222809,3203,"Hamilton Park",40.727595966,-74.044247311,29506,"Subscriber",1975,2
213,"2018-12-19 17:46:16.7600","2018-12-19 17:49:50.1060",3269,"Brunswick & 6th",40.72601172964625,-74.05038893222809,3186,"Grove St PATH",40.71958611647166,-74.04311746358871,29527,"Subscriber",1981,2
577,"2018-12-19 18:18:21.0050","2018-12-19 18:27:58.2230",3269,"Brunswick & 6th",40.72601172964625,-74.05038893222809,3187,"Warren St",40.7211236,-74.03805095,26262,"Subscriber",1990,1
599,"2018-12-19 18:23:23.7750","2018-12-19 18:33:23.1100",3269,"Brunswick & 6th",40.72601172964625,-74.05038893222809,3272,"Jersey & 3rd",40.72333158646436,-74.04595255851744,26213,"Subscriber",1990,1
554,"2018-12-19 18:25:57.1870","2018-12-19 18:35:12.0290",3269,"Brunswick & 6th",40.72601172964625,-74.05038893222809,3638,"Washington St",40.7242941,-74.0354826,26272,"Subscriber",1986,1
636,"2018-12-19 19:17:23.3900","2018-12-19 19:27:59.7400",3269,"Brunswick & 6th",40.72601172964625,-74.05038893222809,3481,"York St",40.71649,-74.04105,29516,"Subscriber",1985,2
524,"2018-12-19 19:26:37.2990","2018-12-19 19:35:21.7600",3269,"Brunswick & 6th",40.72601172964625,-74.05038893222809,3638,"Washington St",40.7242941,-74.0354826,26254,"Subscriber",1966,1
143,"2018-12-19 19:53:18.5390","2018-12-19 19:55:42.1230",3269,"Brunswick & 6th",40.72601172964625,-74.05038893222809,3211,"Newark Ave",40.72152515,-74.046304543,29448,"Subscriber",1986,1
407,"2018-12-20 06:59:57.7190","2018-12-20 07:06:45.3600",3269,"Brunswick & 6th",40.72601172964625,-74.05038893222809,3186,"Grove St PATH",40.71958611647166,-74.04311746358871,26213,"Subscriber",1989,2
280,"2018-12-20 07:12:21.9110","2018-12-20 07:17:02.5010",3269,"Brunswick & 6th",40.72601172964625,-74.05038893222809,3186,"Grove St PATH",40.71958611647166,-74.04311746358871,29275,"Subscriber",1993,1
298,"2018-12-20 07:21:54.9610","2018-12-20 07:26:53.2190",3269,"Brunswick & 6th",40.72601172964625,-74.05038893222809,3186,"Grove St PATH",40.71958611647166,-74.04311746358871,29267,"Subscriber",1987,2
278,"2018-12-20 07:29:50.7970","2018-12-20 07:34:29.7350",3269,"Brunswick & 6th",40.72601172964625,-74.05038893222809,3186,"Grove St PATH",40.71958611647166,-74.04311746358871,29290,"Subscriber",1977,1
330,"2018-12-20 07:38:18.2180","2018-12-20 07:43:49.1650",3269,"Brunswick & 6th",40.72601172964625,-74.05038893222809,3186,"Grove St PATH",40.71958611647166,-74.04311746358871,29308,"Subscriber",1973,1
346,"2018-12-20 07:53:33.5610","2018-12-20 07:59:19.8050",3269,"Brunswick & 6th",40.72601172964625,-74.05038893222809,3186,"Grove St PATH",40.71958611647166,-74.04311746358871,29483,"Subscriber",1991,1
248,"2018-12-20 08:02:04.3240","2018-12-20 08:06:13.2460",3269,"Brunswick & 6th",40.72601172964625,-74.05038893222809,3186,"Grove St PATH",40.71958611647166,-74.04311746358871,26158,"Subscriber",1986,1
359,"2018-12-20 08:04:35.2420","2018-12-20 08:10:34.7460",3269,"Brunswick & 6th",40.72601172964625,-74.05038893222809,3186,"Grove St PATH",40.71958611647166,-74.04311746358871,29228,"Subscriber",1988,2
646,"2018-12-20 08:05:29.0690","2018-12-20 08:16:15.0870",3269,"Brunswick & 6th",40.72601172964625,-74.05038893222809,3186,"Grove St PATH",40.71958611647166,-74.04311746358871,29199,"Subscriber",1976,1
619,"2018-12-20 08:06:08.7970","2018-12-20 08:16:28.0000",3269,"Brunswick & 6th",40.72601172964625,-74.05038893222809,3276,"Marin Light Rail",40.71458403535893,-74.04281705617905,26200,"Subscriber",1989,1
387,"2018-12-20 08:06:05.6670","2018-12-20 08:12:33.0500",3269,"Brunswick & 6th",40.72601172964625,-74.05038893222809,3638,"Washington St",40.7242941,-74.0354826,29593,"Subscriber",1966,1
318,"2018-12-20 08:10:29.6440","2018-12-20 08:15:48.0410",3269,"Brunswick & 6th",40.72601172964625,-74.05038893222809,3186,"Grove St PATH",40.71958611647166,-74.04311746358871,26241,"Subscriber",1984,2
283,"2018-12-20 09:51:36.5380","2018-12-20 09:56:20.4480",3269,"Brunswick & 6th",40.72601172964625,-74.05038893222809,3186,"Grove St PATH",40.71958611647166,-74.04311746358871,29292,"Subscriber",1992,1
819,"2018-12-20 09:54:33.0410","2018-12-20 10:08:12.5310",3269,"Brunswick & 6th",40.72601172964625,-74.05038893222809,3639,"Harborside",40.7192517,-74.034234,26170,"Subscriber",1982,1
255,"2018-12-20 10:02:20.8340","2018-12-20 10:06:36.1940",3269,"Brunswick & 6th",40.72601172964625,-74.05038893222809,3186,"Grove St PATH",40.71958611647166,-74.04311746358871,29208,"Subscriber",1986,1
138,"2018-12-20 10:23:28.7510","2018-12-20 10:25:47.1020",3269,"Brunswick & 6th",40.72601172964625,-74.05038893222809,3272,"Jersey & 3rd",40.72333158646436,-74.04595255851744,29490,"Subscriber",1971,1
211,"2018-12-20 12:03:51.8950","2018-12-20 12:07:23.1080",3269,"Brunswick & 6th",40.72601172964625,-74.05038893222809,3272,"Jersey & 3rd",40.72333158646436,-74.04595255851744,29493,"Subscriber",1989,1
223,"2018-12-20 12:41:02.5440","2018-12-20 12:44:46.0480",3269,"Brunswick & 6th",40.72601172964625,-74.05038893222809,3186,"Grove St PATH",40.71958611647166,-74.04311746358871,26202,"Subscriber",1988,1
259,"2018-12-20 13:23:33.4600","2018-12-20 13:27:53.2200",3269,"Brunswick & 6th",40.72601172964625,-74.05038893222809,3203,"Hamilton Park",40.727595966,-74.044247311,29652,"Subscriber",1991,2
288,"2018-12-20 15:17:05.7090","2018-12-20 15:21:54.1650",3269,"Brunswick & 6th",40.72601172964625,-74.05038893222809,3273,"Manila & 1st",40.721650724879986,-74.04288411140442,29122,"Subscriber",1991,1
81,"2018-12-20 16:23:57.9680","2018-12-20 16:25:19.0730",3269,"Brunswick & 6th",40.72601172964625,-74.05038893222809,3209,"Brunswick St",40.7241765,-74.0506564,29296,"Subscriber",1978,1
401,"2018-12-20 17:21:07.7070","2018-12-20 17:27:49.3850",3269,"Brunswick & 6th",40.72601172964625,-74.05038893222809,3638,"Washington St",40.7242941,-74.0354826,29122,"Subscriber",1986,1
178,"2018-12-20 20:18:13.1260","2018-12-20 20:21:11.5140",3269,"Brunswick & 6th",40.72601172964625,-74.05038893222809,3272,"Jersey & 3rd",40.72333158646436,-74.04595255851744,29293,"Subscriber",1990,1
211,"2018-12-20 21:02:36.9680","2018-12-20 21:06:08.5830",3269,"Brunswick & 6th",40.72601172964625,-74.05038893222809,3186,"Grove St PATH",40.71958611647166,-74.04311746358871,29281,"Subscriber",1992,1
579,"2018-12-21 07:08:58.5320","2018-12-21 07:18:38.1700",3269,"Brunswick & 6th",40.72601172964625,-74.05038893222809,3276,"Marin Light Rail",40.71458403535893,-74.04281705617905,29502,"Subscriber",1989,1
360,"2018-12-21 08:09:22.6110","2018-12-21 08:15:23.3050",3269,"Brunswick & 6th",40.72601172964625,-74.05038893222809,3186,"Grove St PATH",40.71958611647166,-74.04311746358871,29122,"Subscriber",1982,2
250,"2018-12-21 08:32:38.3940","2018-12-21 08:36:49.1580",3269,"Brunswick & 6th",40.72601172964625,-74.05038893222809,3186,"Grove St PATH",40.71958611647166,-74.04311746358871,29273,"Subscriber",1992,1
270,"2018-12-21 09:11:56.8290","2018-12-21 09:16:27.6820",3269,"Brunswick & 6th",40.72601172964625,-74.05038893222809,3213,"Van Vorst Park",40.71848892,-74.047726625,26213,"Subscriber",1973,1
288,"2018-12-21 09:37:03.5560","2018-12-21 09:41:51.5770",3269,"Brunswick & 6th",40.72601172964625,-74.05038893222809,3186,"Grove St PATH",40.71958611647166,-74.04311746358871,29467,"Subscriber",1992,1
275,"2018-12-21 09:42:20.3220","2018-12-21 09:46:56.2530",3269,"Brunswick & 6th",40.72601172964625,-74.05038893222809,3273,"Manila & 1st",40.721650724879986,-74.04288411140442,29460,"Subscriber",1991,1
223,"2018-12-21 09:42:38.5250","2018-12-21 09:46:22.5020",3269,"Brunswick & 6th",40.72601172964625,-74.05038893222809,3186,"Grove St PATH",40.71958611647166,-74.04311746358871,29535,"Subscriber",1988,1
374,"2018-12-21 10:29:25.9470","2018-12-21 10:35:40.8360",3269,"Brunswick & 6th",40.72601172964625,-74.05038893222809,3186,"Grove St PATH",40.71958611647166,-74.04311746358871,26197,"Subscriber",1964,1
131,"2018-12-21 13:24:13.0460","2018-12-21 13:26:24.3370",3269,"Brunswick & 6th",40.72601172964625,-74.05038893222809,3270,"Jersey & 6th St",40.72528910781132,-74.04557168483734,29659,"Subscriber",1977,1
280,"2018-12-21 13:35:05.9580","2018-12-21 13:39:46.3270",3269,"Brunswick & 6th",40.72601172964625,-74.05038893222809,3186,"Grove St PATH",40.71958611647166,-74.04311746358871,26246,"Subscriber",1986,1
781,"2018-12-21 16:51:51.5620","2018-12-21 17:04:53.1950",3269,"Brunswick & 6th",40.72601172964625,-74.05038893222809,3269,"Brunswick & 6th",40.72601172964625,-74.05038893222809,29498,"Subscriber",1986,1
160,"2018-12-21 17:24:12.2460","2018-12-21 17:26:53.0070",3269,"Brunswick & 6th",40.72601172964625,-74.05038893222809,3203,"Hamilton Park",40.727595966,-74.044247311,29288,"Subscriber",1987,2
399,"2018-12-21 18:18:31.7670","2018-12-21 18:25:11.2910",3269,"Brunswick & 6th",40.72601172964625,-74.05038893222809,3186,"Grove St PATH",40.71958611647166,-74.04311746358871,26204,"Subscriber",1981,1
468,"2018-12-21 19:05:48.5150","2018-12-21 19:13:37.4560",3269,"Brunswick & 6th",40.72601172964625,-74.05038893222809,3186,"Grove St PATH",40.71958611647166,-74.04311746358871,29293,"Subscriber",1958,1
731,"2018-12-22 11:00:49.3240","2018-12-22 11:13:00.3510",3269,"Brunswick & 6th",40.72601172964625,-74.05038893222809,3210,"Pershing Field",40.742677141,-74.051788633,26266,"Subscriber",1988,1
223,"2018-12-22 11:31:45.8810","2018-12-22 11:35:28.9050",3269,"Brunswick & 6th",40.72601172964625,-74.05038893222809,3211,"Newark Ave",40.72152515,-74.046304543,29498,"Subscriber",1992,1
910,"2018-12-22 12:13:36.6490","2018-12-22 12:28:47.1580",3269,"Brunswick & 6th",40.72601172964625,-74.05038893222809,3210,"Pershing Field",40.742677141,-74.051788633,29586,"Subscriber",1991,1
446,"2018-12-22 13:44:41.9840","2018-12-22 13:52:08.2940",3269,"Brunswick & 6th",40.72601172964625,-74.05038893222809,3212,"Christ Hospital",40.734785818,-74.050443636,26300,"Subscriber",1986,1
454,"2018-12-22 14:58:24.3950","2018-12-22 15:05:59.2600",3269,"Brunswick & 6th",40.72601172964625,-74.05038893222809,3273,"Manila & 1st",40.721650724879986,-74.04288411140442,29517,"Subscriber",1994,2
340,"2018-12-22 15:00:21.1840","2018-12-22 15:06:01.4500",3269,"Brunswick & 6th",40.72601172964625,-74.05038893222809,3273,"Manila & 1st",40.721650724879986,-74.04288411140442,26242,"Subscriber",1988,1
383,"2018-12-22 15:41:29.1070","2018-12-22 15:47:52.2710",3269,"Brunswick & 6th",40.72601172964625,-74.05038893222809,3273,"Manila & 1st",40.721650724879986,-74.04288411140442,29441,"Subscriber",1990,1
370,"2018-12-22 15:41:41.5290","2018-12-22 15:47:52.3570",3269,"Brunswick & 6th",40.72601172964625,-74.05038893222809,3273,"Manila & 1st",40.721650724879986,-74.04288411140442,29228,"Subscriber",1993,2
278,"2018-12-22 15:47:34.2680","2018-12-22 15:52:12.3410",3269,"Brunswick & 6th",40.72601172964625,-74.05038893222809,3211,"Newark Ave",40.72152515,-74.046304543,26266,"Subscriber",1994,1
1106,"2018-12-22 16:32:00.0150","2018-12-22 16:50:26.7020",3269,"Brunswick & 6th",40.72601172964625,-74.05038893222809,3202,"Newport PATH",40.7272235,-74.0337589,26184,"Subscriber",1958,1
313,"2018-12-22 18:45:22.9570","2018-12-22 18:50:36.2060",3269,"Brunswick & 6th",40.72601172964625,-74.05038893222809,3186,"Grove St PATH",40.71958611647166,-74.04311746358871,29535,"Subscriber",1987,1
254,"2018-12-23 00:49:55.7640","2018-12-23 00:54:09.8860",3269,"Brunswick & 6th",40.72601172964625,-74.05038893222809,3273,"Manila & 1st",40.721650724879986,-74.04288411140442,29458,"Subscriber",1990,1
392,"2018-12-23 08:36:47.6470","2018-12-23 08:43:20.0260",3269,"Brunswick & 6th",40.72601172964625,-74.05038893222809,3186,"Grove St PATH",40.71958611647166,-74.04311746358871,29439,"Customer",1990,1
324,"2018-12-23 09:02:41.6490","2018-12-23 09:08:06.0370",3269,"Brunswick & 6th",40.72601172964625,-74.05038893222809,3273,"Manila & 1st",40.721650724879986,-74.04288411140442,26300,"Subscriber",1989,2
477,"2018-12-23 12:36:48.7840","2018-12-23 12:44:46.3650",3269,"Brunswick & 6th",40.72601172964625,-74.05038893222809,3186,"Grove St PATH",40.71958611647166,-74.04311746358871,29503,"Subscriber",1982,1
383,"2018-12-23 14:34:49.4300","2018-12-23 14:41:13.1480",3269,"Brunswick & 6th",40.72601172964625,-74.05038893222809,3273,"Manila & 1st",40.721650724879986,-74.04288411140442,29535,"Subscriber",1993,2
318,"2018-12-23 14:35:50.9250","2018-12-23 14:41:09.3280",3269,"Brunswick & 6th",40.72601172964625,-74.05038893222809,3273,"Manila & 1st",40.721650724879986,-74.04288411140442,29546,"Subscriber",1990,1
167,"2018-12-23 14:53:02.1650","2018-12-23 14:55:49.5370",3269,"Brunswick & 6th",40.72601172964625,-74.05038893222809,3272,"Jersey & 3rd",40.72333158646436,-74.04595255851744,29544,"Subscriber",1983,1
287,"2018-12-23 18:13:12.2790","2018-12-23 18:18:00.2200",3269,"Brunswick & 6th",40.72601172964625,-74.05038893222809,3211,"Newark Ave",40.72152515,-74.046304543,26268,"Subscriber",1994,2
273,"2018-12-23 18:13:18.9370","2018-12-23 18:17:52.0690",3269,"Brunswick & 6th",40.72601172964625,-74.05038893222809,3211,"Newark Ave",40.72152515,-74.046304543,29544,"Subscriber",1988,1
246,"2018-12-23 18:44:27.4760","2018-12-23 18:48:34.1790",3269,"Brunswick & 6th",40.72601172964625,-74.05038893222809,3186,"Grove St PATH",40.71958611647166,-74.04311746358871,29532,"Subscriber",1989,2
150,"2018-12-23 19:14:31.2760","2018-12-23 19:17:02.1620",3269,"Brunswick & 6th",40.72601172964625,-74.05038893222809,3272,"Jersey & 3rd",40.72333158646436,-74.04595255851744,29532,"Subscriber",1985,1
261,"2018-12-24 07:57:03.5490","2018-12-24 08:01:25.4070",3269,"Brunswick & 6th",40.72601172964625,-74.05038893222809,3186,"Grove St PATH",40.71958611647166,-74.04311746358871,29662,"Subscriber",1993,1
319,"2018-12-24 08:05:33.4360","2018-12-24 08:10:52.8270",3269,"Brunswick & 6th",40.72601172964625,-74.05038893222809,3186,"Grove St PATH",40.71958611647166,-74.04311746358871,29542,"Subscriber",1992,1
1122,"2018-12-24 11:47:54.8720","2018-12-24 12:06:37.4910",3269,"Brunswick & 6th",40.72601172964625,-74.05038893222809,3183,"Exchange Place",40.7162469,-74.0334588,29207,"Subscriber",1958,1
488,"2018-12-24 14:21:07.4830","2018-12-24 14:29:15.7420",3269,"Brunswick & 6th",40.72601172964625,-74.05038893222809,3202,"Newport PATH",40.7272235,-74.0337589,29225,"Subscriber",1990,1
473,"2018-12-24 14:30:10.9170","2018-12-24 14:38:04.1520",3269,"Brunswick & 6th",40.72601172964625,-74.05038893222809,3199,"Newport Pkwy",40.7287448,-74.0321082,29535,"Subscriber",1989,2
281,"2018-12-24 15:07:13.0420","2018-12-24 15:11:54.9570",3269,"Brunswick & 6th",40.72601172964625,-74.05038893222809,3186,"Grove St PATH",40.71958611647166,-74.04311746358871,26225,"Subscriber",1981,2
2526,"2018-12-24 16:49:28.5990","2018-12-24 17:31:34.8810",3269,"Brunswick & 6th",40.72601172964625,-74.05038893222809,3183,"Exchange Place",40.7162469,-74.0334588,26208,"Subscriber",1969,0
482,"2018-12-24 17:18:23.2110","2018-12-24 17:26:25.6730",3269,"Brunswick & 6th",40.72601172964625,-74.05038893222809,3202,"Newport PATH",40.7272235,-74.0337589,29278,"Subscriber",1985,2
151,"2018-12-24 22:14:08.5930","2018-12-24 22:16:40.4310",3269,"Brunswick & 6th",40.72601172964625,-74.05038893222809,3211,"Newark Ave",40.72152515,-74.046304543,29438,"Subscriber",1985,1
274,"2018-12-25 08:41:09.4140","2018-12-25 08:45:44.2850",3269,"Brunswick & 6th",40.72601172964625,-74.05038893222809,3186,"Grove St PATH",40.71958611647166,-74.04311746358871,29198,"Subscriber",1982,1
130,"2018-12-25 10:21:54.3480","2018-12-25 10:24:04.6260",3269,"Brunswick & 6th",40.72601172964625,-74.05038893222809,3270,"Jersey & 6th St",40.72528910781132,-74.04557168483734,29629,"Subscriber",1978,1
415,"2018-12-25 14:23:13.4070","2018-12-25 14:30:08.4950",3269,"Brunswick & 6th",40.72601172964625,-74.05038893222809,3186,"Grove St PATH",40.71958611647166,-74.04311746358871,29212,"Subscriber",1993,2
408,"2018-12-25 14:23:18.6650","2018-12-25 14:30:06.6910",3269,"Brunswick & 6th",40.72601172964625,-74.05038893222809,3186,"Grove St PATH",40.71958611647166,-74.04311746358871,29292,"Subscriber",1990,1
425,"2018-12-26 07:06:49.7780","2018-12-26 07:13:54.9790",3269,"Brunswick & 6th",40.72601172964625,-74.05038893222809,3205,"JC Medical Center",40.71653978099194,-74.0496379137039,29230,"Subscriber",1958,1
2299,"2018-12-26 07:53:57.9980","2018-12-26 08:32:17.2860",3269,"Brunswick & 6th",40.72601172964625,-74.05038893222809,3186,"Grove St PATH",40.71958611647166,-74.04311746358871,29282,"Subscriber",1991,1
2318,"2018-12-26 07:54:01.9830","2018-12-26 08:32:40.9060",3269,"Brunswick & 6th",40.72601172964625,-74.05038893222809,3186,"Grove St PATH",40.71958611647166,-74.04311746358871,29495,"Subscriber",1971,2
287,"2018-12-26 08:56:33.1350","2018-12-26 09:01:20.7660",3269,"Brunswick & 6th",40.72601172964625,-74.05038893222809,3186,"Grove St PATH",40.71958611647166,-74.04311746358871,26260,"Subscriber",1969,0
204,"2018-12-26 10:55:25.4570","2018-12-26 10:58:49.4720",3269,"Brunswick & 6th",40.72601172964625,-74.05038893222809,3211,"Newark Ave",40.72152515,-74.046304543,26192,"Subscriber",1986,2
335,"2018-12-26 10:56:16.6860","2018-12-26 11:01:52.4030",3269,"Brunswick & 6th",40.72601172964625,-74.05038893222809,3186,"Grove St PATH",40.71958611647166,-74.04311746358871,26163,"Subscriber",1982,2
747,"2018-12-26 15:38:02.1430","2018-12-26 15:50:29.1650",3269,"Brunswick & 6th",40.72601172964625,-74.05038893222809,3210,"Pershing Field",40.742677141,-74.051788633,29292,"Subscriber",1988,1
346,"2018-12-26 15:54:04.7030","2018-12-26 15:59:50.9870",3269,"Brunswick & 6th",40.72601172964625,-74.05038893222809,3186,"Grove St PATH",40.71958611647166,-74.04311746358871,29645,"Subscriber",1990,1
252,"2018-12-26 17:20:01.7280","2018-12-26 17:24:13.9140",3269,"Brunswick & 6th",40.72601172964625,-74.05038893222809,3273,"Manila & 1st",40.721650724879986,-74.04288411140442,26216,"Subscriber",1991,1
268,"2018-12-26 18:52:52.6600","2018-12-26 18:57:21.0410",3269,"Brunswick & 6th",40.72601172964625,-74.05038893222809,3273,"Manila & 1st",40.721650724879986,-74.04288411140442,26311,"Subscriber",1989,2
217,"2018-12-27 06:01:43.0900","2018-12-27 06:05:20.1670",3269,"Brunswick & 6th",40.72601172964625,-74.05038893222809,3186,"Grove St PATH",40.71958611647166,-74.04311746358871,26216,"Subscriber",1989,2
427,"2018-12-27 06:33:15.3180","2018-12-27 06:40:22.7840",3269,"Brunswick & 6th",40.72601172964625,-74.05038893222809,3186,"Grove St PATH",40.71958611647166,-74.04311746358871,29245,"Subscriber",1988,2
226,"2018-12-27 07:25:01.7820","2018-12-27 07:28:48.5540",3269,"Brunswick & 6th",40.72601172964625,-74.05038893222809,3186,"Grove St PATH",40.71958611647166,-74.04311746358871,29642,"Subscriber",1991,1
233,"2018-12-27 07:29:25.9000","2018-12-27 07:33:19.3630",3269,"Brunswick & 6th",40.72601172964625,-74.05038893222809,3272,"Jersey & 3rd",40.72333158646436,-74.04595255851744,26291,"Subscriber",1989,1
273,"2018-12-27 07:43:59.5790","2018-12-27 07:48:32.5840",3269,"Brunswick & 6th",40.72601172964625,-74.05038893222809,3186,"Grove St PATH",40.71958611647166,-74.04311746358871,26206,"Subscriber",1992,1
243,"2018-12-27 08:05:43.4420","2018-12-27 08:09:46.7190",3269,"Brunswick & 6th",40.72601172964625,-74.05038893222809,3186,"Grove St PATH",40.71958611647166,-74.04311746358871,29120,"Subscriber",1993,1
390,"2018-12-27 10:04:14.2340","2018-12-27 10:10:45.1450",3269,"Brunswick & 6th",40.72601172964625,-74.05038893222809,3186,"Grove St PATH",40.71958611647166,-74.04311746358871,26203,"Subscriber",1964,1
346,"2018-12-27 11:00:54.8190","2018-12-27 11:06:41.2920",3269,"Brunswick & 6th",40.72601172964625,-74.05038893222809,3186,"Grove St PATH",40.71958611647166,-74.04311746358871,29660,"Subscriber",1982,2
336,"2018-12-27 12:17:57.6950","2018-12-27 12:23:33.9000",3269,"Brunswick & 6th",40.72601172964625,-74.05038893222809,3273,"Manila & 1st",40.721650724879986,-74.04288411140442,29646,"Subscriber",1986,2
326,"2018-12-27 12:18:07.2660","2018-12-27 12:23:33.9890",3269,"Brunswick & 6th",40.72601172964625,-74.05038893222809,3273,"Manila & 1st",40.721650724879986,-74.04288411140442,29594,"Subscriber",1985,1
444,"2018-12-27 15:52:42.4120","2018-12-27 16:00:06.9270",3269,"Brunswick & 6th",40.72601172964625,-74.05038893222809,3681,"Grand St",40.71517767732029,-74.03768330812454,26271,"Subscriber",1993,1
304,"2018-12-27 16:38:57.1800","2018-12-27 16:44:01.8410",3269,"Brunswick & 6th",40.72601172964625,-74.05038893222809,3186,"Grove St PATH",40.71958611647166,-74.04311746358871,29609,"Subscriber",1985,1
168,"2018-12-27 19:17:42.3440","2018-12-27 19:20:30.8540",3269,"Brunswick & 6th",40.72601172964625,-74.05038893222809,3272,"Jersey & 3rd",40.72333158646436,-74.04595255851744,29542,"Subscriber",1985,1
87,"2018-12-27 19:49:03.3270","2018-12-27 19:50:30.7020",3269,"Brunswick & 6th",40.72601172964625,-74.05038893222809,3278,"Monmouth and 6th",40.72568548362901,-74.04879033565521,29542,"Subscriber",1982,2
280,"2018-12-27 20:07:18.4970","2018-12-27 20:11:58.8000",3269,"Brunswick & 6th",40.72601172964625,-74.05038893222809,3483,"Montgomery St",40.71942,-74.05099,29222,"Subscriber",1993,2
253,"2018-12-27 20:07:45.1750","2018-12-27 20:11:58.9130",3269,"Brunswick & 6th",40.72601172964625,-74.05038893222809,3483,"Montgomery St",40.71942,-74.05099,26271,"Subscriber",1990,1
241,"2018-12-28 06:01:24.2440","2018-12-28 06:05:26.1970",3269,"Brunswick & 6th",40.72601172964625,-74.05038893222809,3186,"Grove St PATH",40.71958611647166,-74.04311746358871,29472,"Subscriber",1982,1
175,"2018-12-28 08:01:27.8440","2018-12-28 08:04:23.2670",3269,"Brunswick & 6th",40.72601172964625,-74.05038893222809,3272,"Jersey & 3rd",40.72333158646436,-74.04595255851744,29448,"Subscriber",1989,1
283,"2018-12-28 09:57:33.5100","2018-12-28 10:02:16.6150",3269,"Brunswick & 6th",40.72601172964625,-74.05038893222809,3186,"Grove St PATH",40.71958611647166,-74.04311746358871,29474,"Subscriber",1992,1
67,"2018-12-28 23:37:06.4170","2018-12-28 23:38:14.3220",3269,"Brunswick & 6th",40.72601172964625,-74.05038893222809,3209,"Brunswick St",40.7241765,-74.0506564,29504,"Subscriber",1982,2
61,"2018-12-28 23:37:14.4470","2018-12-28 23:38:15.5200",3269,"Brunswick & 6th",40.72601172964625,-74.05038893222809,3209,"Brunswick St",40.7241765,-74.0506564,29645,"Subscriber",1970,1
297,"2018-12-29 09:35:40.1480","2018-12-29 09:40:37.4970",3269,"Brunswick & 6th",40.72601172964625,-74.05038893222809,3186,"Grove St PATH",40.71958611647166,-74.04311746358871,29522,"Subscriber",1990,1
349,"2018-12-29 14:24:24.0610","2018-12-29 14:30:13.9480",3269,"Brunswick & 6th",40.72601172964625,-74.05038893222809,3186,"Grove St PATH",40.71958611647166,-74.04311746358871,26291,"Subscriber",1990,1
332,"2018-12-29 14:24:43.8610","2018-12-29 14:30:16.0760",3269,"Brunswick & 6th",40.72601172964625,-74.05038893222809,3186,"Grove St PATH",40.71958611647166,-74.04311746358871,29640,"Subscriber",1993,2
323,"2018-12-29 15:00:54.8050","2018-12-29 15:06:18.1330",3269,"Brunswick & 6th",40.72601172964625,-74.05038893222809,3273,"Manila & 1st",40.721650724879986,-74.04288411140442,29278,"Subscriber",1991,1
65,"2018-12-29 16:47:03.0820","2018-12-29 16:48:08.6610",3269,"Brunswick & 6th",40.72601172964625,-74.05038893222809,3278,"Monmouth and 6th",40.72568548362901,-74.04879033565521,29297,"Subscriber",1982,2
62,"2018-12-29 16:50:36.0520","2018-12-29 16:51:38.9620",3269,"Brunswick & 6th",40.72601172964625,-74.05038893222809,3278,"Monmouth and 6th",40.72568548362901,-74.04879033565521,26202,"Subscriber",1982,2
61,"2018-12-29 18:06:38.4620","2018-12-29 18:07:40.3440",3269,"Brunswick & 6th",40.72601172964625,-74.05038893222809,3209,"Brunswick St",40.7241765,-74.0506564,29569,"Subscriber",1979,1
108,"2018-12-29 18:52:10.0650","2018-12-29 18:53:58.1050",3269,"Brunswick & 6th",40.72601172964625,-74.05038893222809,3209,"Brunswick St",40.7241765,-74.0506564,29500,"Subscriber",1987,1
164,"2018-12-29 22:08:05.1910","2018-12-29 22:10:49.7420",3269,"Brunswick & 6th",40.72601172964625,-74.05038893222809,3211,"Newark Ave",40.72152515,-74.046304543,26244,"Subscriber",1990,1
271,"2018-12-30 07:41:59.5670","2018-12-30 07:46:31.2510",3269,"Brunswick & 6th",40.72601172964625,-74.05038893222809,3186,"Grove St PATH",40.71958611647166,-74.04311746358871,29554,"Customer",1989,1
269,"2018-12-30 09:02:58.0100","2018-12-30 09:07:27.2470",3269,"Brunswick & 6th",40.72601172964625,-74.05038893222809,3273,"Manila & 1st",40.721650724879986,-74.04288411140442,29598,"Subscriber",1989,2
195,"2018-12-30 10:56:50.9440","2018-12-30 11:00:06.7880",3269,"Brunswick & 6th",40.72601172964625,-74.05038893222809,3211,"Newark Ave",40.72152515,-74.046304543,29297,"Subscriber",1986,2
282,"2018-12-30 12:52:30.1650","2018-12-30 12:57:12.7110",3269,"Brunswick & 6th",40.72601172964625,-74.05038893222809,3483,"Montgomery St",40.71942,-74.05099,26235,"Subscriber",1978,1
259,"2018-12-30 13:00:32.3890","2018-12-30 13:04:51.9970",3269,"Brunswick & 6th",40.72601172964625,-74.05038893222809,3272,"Jersey & 3rd",40.72333158646436,-74.04595255851744,26166,"Subscriber",1989,1
198,"2018-12-30 15:40:03.3290","2018-12-30 15:43:21.5340",3269,"Brunswick & 6th",40.72601172964625,-74.05038893222809,3186,"Grove St PATH",40.71958611647166,-74.04311746358871,29546,"Subscriber",1993,1
275,"2018-12-30 17:35:20.1030","2018-12-30 17:39:56.0660",3269,"Brunswick & 6th",40.72601172964625,-74.05038893222809,3186,"Grove St PATH",40.71958611647166,-74.04311746358871,26275,"Subscriber",1990,1
2603,"2018-12-30 18:13:26.1860","2018-12-30 18:56:49.5140",3269,"Brunswick & 6th",40.72601172964625,-74.05038893222809,3187,"Warren St",40.7211236,-74.03805095,26267,"Subscriber",1981,1
157,"2018-12-30 20:18:51.4390","2018-12-30 20:21:28.6210",3269,"Brunswick & 6th",40.72601172964625,-74.05038893222809,3272,"Jersey & 3rd",40.72333158646436,-74.04595255851744,29608,"Subscriber",1985,1
501,"2018-12-31 06:56:47.1960","2018-12-31 07:05:08.4170",3269,"Brunswick & 6th",40.72601172964625,-74.05038893222809,3640,"Journal Square",40.73367,-74.0625,29294,"Subscriber",1987,1
421,"2018-12-31 07:15:14.6080","2018-12-31 07:22:16.5670",3269,"Brunswick & 6th",40.72601172964625,-74.05038893222809,3205,"JC Medical Center",40.71653978099194,-74.0496379137039,29453,"Subscriber",1958,1
454,"2018-12-31 09:45:56.3400","2018-12-31 09:53:30.4690",3269,"Brunswick & 6th",40.72601172964625,-74.05038893222809,3186,"Grove St PATH",40.71958611647166,-74.04311746358871,29222,"Subscriber",1988,1
2867,"2018-12-01 06:29:26.5060","2018-12-01 07:17:14.4250",3270,"Jersey & 6th St",40.72528910781132,-74.04557168483734,3205,"JC Medical Center",40.71653978099194,-74.0496379137039,29605,"Subscriber",1974,1
345,"2018-12-01 08:31:11.4500","2018-12-01 08:36:56.5800",3270,"Jersey & 6th St",40.72528910781132,-74.04557168483734,3272,"Jersey & 3rd",40.72333158646436,-74.04595255851744,26158,"Subscriber",1981,1
255,"2018-12-01 08:38:08.7990","2018-12-01 08:42:24.3700",3270,"Jersey & 6th St",40.72528910781132,-74.04557168483734,3186,"Grove St PATH",40.71958611647166,-74.04311746358871,29552,"Subscriber",1958,2
123,"2018-12-01 10:34:57.5860","2018-12-01 10:37:01.3230",3270,"Jersey & 6th St",40.72528910781132,-74.04557168483734,3211,"Newark Ave",40.72152515,-74.046304543,26302,"Subscriber",1971,1
313,"2018-12-01 10:40:27.3240","2018-12-01 10:45:40.6680",3270,"Jersey & 6th St",40.72528910781132,-74.04557168483734,3270,"Jersey & 6th St",40.72528910781132,-74.04557168483734,29441,"Subscriber",1987,1
791,"2018-12-01 10:53:11.0870","2018-12-01 11:06:22.3530",3270,"Jersey & 6th St",40.72528910781132,-74.04557168483734,3203,"Hamilton Park",40.727595966,-74.044247311,29679,"Subscriber",1989,1
703,"2018-12-01 11:10:14.4270","2018-12-01 11:21:57.6290",3270,"Jersey & 6th St",40.72528910781132,-74.04557168483734,3267,"Morris Canal",40.7124188237569,-74.03852552175522,29243,"Subscriber",1977,2
291,"2018-12-01 11:12:15.4590","2018-12-01 11:17:06.9570",3270,"Jersey & 6th St",40.72528910781132,-74.04557168483734,3186,"Grove St PATH",40.71958611647166,-74.04311746358871,26188,"Subscriber",1960,1
115,"2018-12-01 11:14:37.4800","2018-12-01 11:16:33.4580",3270,"Jersey & 6th St",40.72528910781132,-74.04557168483734,3278,"Monmouth and 6th",40.72568548362901,-74.04879033565521,29496,"Subscriber",1981,1
332,"2018-12-01 11:58:39.9170","2018-12-01 12:04:12.2100",3270,"Jersey & 6th St",40.72528910781132,-74.04557168483734,3205,"JC Medical Center",40.71653978099194,-74.0496379137039,29292,"Subscriber",1968,2
442,"2018-12-01 12:20:39.0670","2018-12-01 12:28:01.6360",3270,"Jersey & 6th St",40.72528910781132,-74.04557168483734,3199,"Newport Pkwy",40.7287448,-74.0321082,29500,"Subscriber",1974,1
1974,"2018-12-01 12:43:55.3600","2018-12-01 13:16:50.3490",3270,"Jersey & 6th St",40.72528910781132,-74.04557168483734,3211,"Newark Ave",40.72152515,-74.046304543,29453,"Subscriber",1987,1
104,"2018-12-01 13:02:07.9820","2018-12-01 13:03:52.7390",3270,"Jersey & 6th St",40.72528910781132,-74.04557168483734,3278,"Monmouth and 6th",40.72568548362901,-74.04879033565521,29441,"Subscriber",1982,1
353,"2018-12-01 13:48:50.7040","2018-12-01 13:54:44.6010",3270,"Jersey & 6th St",40.72528910781132,-74.04557168483734,3186,"Grove St PATH",40.71958611647166,-74.04311746358871,26158,"Customer",1981,1
97,"2018-12-01 16:08:03.9720","2018-12-01 16:09:41.9370",3270,"Jersey & 6th St",40.72528910781132,-74.04557168483734,3272,"Jersey & 3rd",40.72333158646436,-74.04595255851744,26233,"Subscriber",1951,1
200,"2018-12-01 16:45:13.3590","2018-12-01 16:48:33.4910",3270,"Jersey & 6th St",40.72528910781132,-74.04557168483734,3186,"Grove St PATH",40.71958611647166,-74.04311746358871,26205,"Subscriber",1985,1
163,"2018-12-01 17:17:07.9760","2018-12-01 17:19:51.8620",3270,"Jersey & 6th St",40.72528910781132,-74.04557168483734,3211,"Newark Ave",40.72152515,-74.046304543,26284,"Subscriber",1992,2
1357,"2018-12-01 17:32:19.7950","2018-12-01 17:54:57.1230",3270,"Jersey & 6th St",40.72528910781132,-74.04557168483734,3186,"Grove St PATH",40.71958611647166,-74.04311746358871,26300,"Subscriber",1988,1
151,"2018-12-01 18:28:40.1570","2018-12-01 18:31:12.0780",3270,"Jersey & 6th St",40.72528910781132,-74.04557168483734,3272,"Jersey & 3rd",40.72333158646436,-74.04595255851744,29531,"Subscriber",1961,2
143,"2018-12-02 07:56:07.1140","2018-12-02 07:58:30.4100",3270,"Jersey & 6th St",40.72528910781132,-74.04557168483734,3211,"Newark Ave",40.72152515,-74.046304543,29678,"Subscriber",1981,1
513,"2018-12-02 13:02:30.2500","2018-12-02 13:11:03.4790",3270,"Jersey & 6th St",40.72528910781132,-74.04557168483734,3186,"Grove St PATH",40.71958611647166,-74.04311746358871,29531,"Subscriber",1968,1
205,"2018-12-02 13:11:12.5620","2018-12-02 13:14:38.5250",3270,"Jersey & 6th St",40.72528910781132,-74.04557168483734,3186,"Grove St PATH",40.71958611647166,-74.04311746358871,26217,"Subscriber",1992,2
315,"2018-12-02 13:22:33.0520","2018-12-02 13:27:48.5020",3270,"Jersey & 6th St",40.72528910781132,-74.04557168483734,3186,"Grove St PATH",40.71958611647166,-74.04311746358871,26227,"Subscriber",1970,1
279,"2018-12-02 13:23:02.3530","2018-12-02 13:27:41.8230",3270,"Jersey & 6th St",40.72528910781132,-74.04557168483734,3186,"Grove St PATH",40.71958611647166,-74.04311746358871,26191,"Subscriber",1974,1
210,"2018-12-02 15:43:42.5540","2018-12-02 15:47:12.8090",3270,"Jersey & 6th St",40.72528910781132,-74.04557168483734,3186,"Grove St PATH",40.71958611647166,-74.04311746358871,29525,"Subscriber",1989,2
212,"2018-12-02 16:54:30.4920","2018-12-02 16:58:02.7470",3270,"Jersey & 6th St",40.72528910781132,-74.04557168483734,3186,"Grove St PATH",40.71958611647166,-74.04311746358871,29221,"Subscriber",1960,1
404,"2018-12-02 17:28:53.6800","2018-12-02 17:35:38.3390",3270,"Jersey & 6th St",40.72528910781132,-74.04557168483734,3209,"Brunswick St",40.7241765,-74.0506564,29681,"Subscriber",1990,1
185,"2018-12-03 05:25:39.6300","2018-12-03 05:28:45.4970",3270,"Jersey & 6th St",40.72528910781132,-74.04557168483734,3186,"Grove St PATH",40.71958611647166,-74.04311746358871,29667,"Subscriber",1969,1
225,"2018-12-03 07:01:39.8310","2018-12-03 07:05:24.8690",3270,"Jersey & 6th St",40.72528910781132,-74.04557168483734,3186,"Grove St PATH",40.71958611647166,-74.04311746358871,26251,"Subscriber",1970,1
203,"2018-12-03 07:07:39.4840","2018-12-03 07:11:03.3060",3270,"Jersey & 6th St",40.72528910781132,-74.04557168483734,3186,"Grove St PATH",40.71958611647166,-74.04311746358871,29276,"Subscriber",1969,2
188,"2018-12-03 07:17:33.6870","2018-12-03 07:20:42.3330",3270,"Jersey & 6th St",40.72528910781132,-74.04557168483734,3186,"Grove St PATH",40.71958611647166,-74.04311746358871,26158,"Subscriber",1956,1
217,"2018-12-03 07:23:12.2490","2018-12-03 07:26:49.3130",3270,"Jersey & 6th St",40.72528910781132,-74.04557168483734,3186,"Grove St PATH",40.71958611647166,-74.04311746358871,26273,"Subscriber",1985,1
188,"2018-12-03 08:05:53.1160","2018-12-03 08:09:01.2650",3270,"Jersey & 6th St",40.72528910781132,-74.04557168483734,3186,"Grove St PATH",40.71958611647166,-74.04311746358871,29204,"Subscriber",1960,1
240,"2018-12-03 08:07:42.2530","2018-12-03 08:11:43.0220",3270,"Jersey & 6th St",40.72528910781132,-74.04557168483734,3186,"Grove St PATH",40.71958611647166,-74.04311746358871,29300,"Subscriber",1968,1
212,"2018-12-03 08:18:27.5380","2018-12-03 08:22:00.2310",3270,"Jersey & 6th St",40.72528910781132,-74.04557168483734,3186,"Grove St PATH",40.71958611647166,-74.04311746358871,29587,"Subscriber",1959,1
187,"2018-12-03 08:20:47.2390","2018-12-03 08:23:54.9530",3270,"Jersey & 6th St",40.72528910781132,-74.04557168483734,3273,"Manila & 1st",40.721650724879986,-74.04288411140442,26174,"Subscriber",1970,1
215,"2018-12-03 08:24:35.1530","2018-12-03 08:28:10.1800",3270,"Jersey & 6th St",40.72528910781132,-74.04557168483734,3186,"Grove St PATH",40.71958611647166,-74.04311746358871,29123,"Subscriber",1983,1
274,"2018-12-03 08:25:13.7290","2018-12-03 08:29:48.0260",3270,"Jersey & 6th St",40.72528910781132,-74.04557168483734,3273,"Manila & 1st",40.721650724879986,-74.04288411140442,26270,"Subscriber",1980,1
96,"2018-12-03 08:28:41.2230","2018-12-03 08:30:17.8670",3270,"Jersey & 6th St",40.72528910781132,-74.04557168483734,3211,"Newark Ave",40.72152515,-74.046304543,26300,"Subscriber",1971,1
291,"2018-12-03 08:32:35.6810","2018-12-03 08:37:27.4630",3270,"Jersey & 6th St",40.72528910781132,-74.04557168483734,3211,"Newark Ave",40.72152515,-74.046304543,29276,"Subscriber",1993,1
185,"2018-12-03 08:50:09.7140","2018-12-03 08:53:15.5650",3270,"Jersey & 6th St",40.72528910781132,-74.04557168483734,3186,"Grove St PATH",40.71958611647166,-74.04311746358871,29642,"Subscriber",1973,1
192,"2018-12-03 08:59:45.5140","2018-12-03 09:02:58.2600",3270,"Jersey & 6th St",40.72528910781132,-74.04557168483734,3186,"Grove St PATH",40.71958611647166,-74.04311746358871,26251,"Subscriber",1977,1
188,"2018-12-03 09:30:53.4500","2018-12-03 09:34:02.4230",3270,"Jersey & 6th St",40.72528910781132,-74.04557168483734,3186,"Grove St PATH",40.71958611647166,-74.04311746358871,29269,"Subscriber",1987,1
165,"2018-12-03 11:29:15.3620","2018-12-03 11:32:01.0220",3270,"Jersey & 6th St",40.72528910781132,-74.04557168483734,3273,"Manila & 1st",40.721650724879986,-74.04288411140442,29580,"Subscriber",1972,1
130,"2018-12-03 14:22:06.4090","2018-12-03 14:24:17.0690",3270,"Jersey & 6th St",40.72528910781132,-74.04557168483734,3211,"Newark Ave",40.72152515,-74.046304543,26202,"Subscriber",1991,2
168,"2018-12-03 14:39:32.0980","2018-12-03 14:42:20.6570",3270,"Jersey & 6th St",40.72528910781132,-74.04557168483734,3186,"Grove St PATH",40.71958611647166,-74.04311746358871,29288,"Subscriber",1992,2
192,"2018-12-03 16:10:38.9300","2018-12-03 16:13:51.1120",3270,"Jersey & 6th St",40.72528910781132,-74.04557168483734,3186,"Grove St PATH",40.71958611647166,-74.04311746358871,26188,"Subscriber",1991,2
111,"2018-12-03 16:57:09.4250","2018-12-03 16:59:01.2970",3270,"Jersey & 6th St",40.72528910781132,-74.04557168483734,3211,"Newark Ave",40.72152515,-74.046304543,29505,"Subscriber",1958,2
321,"2018-12-03 18:57:58.0810","2018-12-03 19:03:19.7840",3270,"Jersey & 6th St",40.72528910781132,-74.04557168483734,3209,"Brunswick St",40.7241765,-74.0506564,29490,"Subscriber",1964,1
264,"2018-12-03 22:06:44.1630","2018-12-03 22:11:08.2840",3270,"Jersey & 6th St",40.72528910781132,-74.04557168483734,3638,"Washington St",40.7242941,-74.0354826,26221,"Subscriber",1978,1
186,"2018-12-04 05:31:37.7570","2018-12-04 05:34:44.3940",3270,"Jersey & 6th St",40.72528910781132,-74.04557168483734,3186,"Grove St PATH",40.71958611647166,-74.04311746358871,29467,"Subscriber",1969,1
179,"2018-12-04 07:06:06.4110","2018-12-04 07:09:05.6890",3270,"Jersey & 6th St",40.72528910781132,-74.04557168483734,3186,"Grove St PATH",40.71958611647166,-74.04311746358871,29665,"Subscriber",1969,2
262,"2018-12-04 07:18:42.2310","2018-12-04 07:23:05.0190",3270,"Jersey & 6th St",40.72528910781132,-74.04557168483734,3186,"Grove St PATH",40.71958611647166,-74.04311746358871,29645,"Subscriber",1956,1
198,"2018-12-04 07:25:03.1220","2018-12-04 07:28:21.5070",3270,"Jersey & 6th St",40.72528910781132,-74.04557168483734,3273,"Manila & 1st",40.721650724879986,-74.04288411140442,29592,"Subscriber",1968,2
234,"2018-12-04 07:32:03.6260","2018-12-04 07:35:58.1780",3270,"Jersey & 6th St",40.72528910781132,-74.04557168483734,3186,"Grove St PATH",40.71958611647166,-74.04311746358871,26211,"Subscriber",1961,2
179,"2018-12-04 07:58:10.1080","2018-12-04 08:01:09.4040",3270,"Jersey & 6th St",40.72528910781132,-74.04557168483734,3186,"Grove St PATH",40.71958611647166,-74.04311746358871,29223,"Subscriber",1960,1
179,"2018-12-04 08:02:44.4690","2018-12-04 08:05:43.8080",3270,"Jersey & 6th St",40.72528910781132,-74.04557168483734,3186,"Grove St PATH",40.71958611647166,-74.04311746358871,26295,"Subscriber",1970,1
197,"2018-12-04 08:04:51.9750","2018-12-04 08:08:09.2580",3270,"Jersey & 6th St",40.72528910781132,-74.04557168483734,3186,"Grove St PATH",40.71958611647166,-74.04311746358871,29665,"Subscriber",1988,1
217,"2018-12-04 08:06:13.0640","2018-12-04 08:09:50.3940",3270,"Jersey & 6th St",40.72528910781132,-74.04557168483734,3186,"Grove St PATH",40.71958611647166,-74.04311746358871,26253,"Subscriber",1968,1
192,"2018-12-04 08:10:04.9990","2018-12-04 08:13:17.5100",3270,"Jersey & 6th St",40.72528910781132,-74.04557168483734,3186,"Grove St PATH",40.71958611647166,-74.04311746358871,29452,"Subscriber",1959,1
160,"2018-12-04 08:10:08.4220","2018-12-04 08:12:48.5800",3270,"Jersey & 6th St",40.72528910781132,-74.04557168483734,3273,"Manila & 1st",40.721650724879986,-74.04288411140442,29508,"Subscriber",1989,1
221,"2018-12-04 08:10:33.8250","2018-12-04 08:14:15.5410",3270,"Jersey & 6th St",40.72528910781132,-74.04557168483734,3186,"Grove St PATH",40.71958611647166,-74.04311746358871,26282,"Subscriber",1985,1
561,"2018-12-04 08:17:16.0200","2018-12-04 08:26:37.0240",3270,"Jersey & 6th St",40.72528910781132,-74.04557168483734,3183,"Exchange Place",40.7162469,-74.0334588,29645,"Subscriber",1969,0
193,"2018-12-04 08:25:36.0610","2018-12-04 08:28:50.0550",3270,"Jersey & 6th St",40.72528910781132,-74.04557168483734,3186,"Grove St PATH",40.71958611647166,-74.04311746358871,29659,"Subscriber",1973,1
194,"2018-12-04 08:28:04.5010","2018-12-04 08:31:18.7440",3270,"Jersey & 6th St",40.72528910781132,-74.04557168483734,3638,"Washington St",40.7242941,-74.0354826,29459,"Subscriber",1985,1
131,"2018-12-04 08:28:32.8920","2018-12-04 08:30:44.8390",3270,"Jersey & 6th St",40.72528910781132,-74.04557168483734,3273,"Manila & 1st",40.721650724879986,-74.04288411140442,26208,"Subscriber",1993,1
320,"2018-12-04 08:33:26.0880","2018-12-04 08:38:46.9940",3270,"Jersey & 6th St",40.72528910781132,-74.04557168483734,3202,"Newport PATH",40.7272235,-74.0337589,26291,"Subscriber",1968,1
210,"2018-12-04 08:34:44.2050","2018-12-04 08:38:14.9640",3270,"Jersey & 6th St",40.72528910781132,-74.04557168483734,3186,"Grove St PATH",40.71958611647166,-74.04311746358871,29681,"Subscriber",1970,1
260,"2018-12-04 09:17:29.9830","2018-12-04 09:21:50.3030",3270,"Jersey & 6th St",40.72528910781132,-74.04557168483734,3186,"Grove St PATH",40.71958611647166,-74.04311746358871,26296,"Subscriber",1951,1
290,"2018-12-04 09:19:30.8230","2018-12-04 09:24:21.0180",3270,"Jersey & 6th St",40.72528910781132,-74.04557168483734,3638,"Washington St",40.7242941,-74.0354826,26293,"Subscriber",1992,1
221,"2018-12-04 09:19:37.6940","2018-12-04 09:23:19.2760",3270,"Jersey & 6th St",40.72528910781132,-74.04557168483734,3186,"Grove St PATH",40.71958611647166,-74.04311746358871,29259,"Subscriber",1970,1
171,"2018-12-04 09:33:31.4490","2018-12-04 09:36:22.6880",3270,"Jersey & 6th St",40.72528910781132,-74.04557168483734,3186,"Grove St PATH",40.71958611647166,-74.04311746358871,29201,"Subscriber",1987,1
95,"2018-12-04 11:03:45.7850","2018-12-04 11:05:21.4420",3270,"Jersey & 6th St",40.72528910781132,-74.04557168483734,3211,"Newark Ave",40.72152515,-74.046304543,29257,"Subscriber",1958,2
195,"2018-12-04 14:24:41.8880","2018-12-04 14:27:57.4630",3270,"Jersey & 6th St",40.72528910781132,-74.04557168483734,3186,"Grove St PATH",40.71958611647166,-74.04311746358871,29288,"Subscriber",1963,1
210,"2018-12-04 15:24:45.3880","2018-12-04 15:28:15.4340",3270,"Jersey & 6th St",40.72528910781132,-74.04557168483734,3186,"Grove St PATH",40.71958611647166,-74.04311746358871,29533,"Subscriber",1991,2
161,"2018-12-04 19:01:20.1580","2018-12-04 19:04:01.4280",3270,"Jersey & 6th St",40.72528910781132,-74.04557168483734,3211,"Newark Ave",40.72152515,-74.046304543,29257,"Subscriber",1958,2
154,"2018-12-04 22:30:26.7780","2018-12-04 22:33:01.7300",3270,"Jersey & 6th St",40.72528910781132,-74.04557168483734,3273,"Manila & 1st",40.721650724879986,-74.04288411140442,29623,"Subscriber",1989,2
132,"2018-12-04 23:21:42.6510","2018-12-04 23:23:55.4710",3270,"Jersey & 6th St",40.72528910781132,-74.04557168483734,3203,"Hamilton Park",40.727595966,-74.044247311,29494,"Subscriber",1984,2
188,"2018-12-05 05:28:57.0140","2018-12-05 05:32:05.8400",3270,"Jersey & 6th St",40.72528910781132,-74.04557168483734,3186,"Grove St PATH",40.71958611647166,-74.04311746358871,29623,"Subscriber",1969,1
197,"2018-12-05 07:20:40.5210","2018-12-05 07:23:58.3960",3270,"Jersey & 6th St",40.72528910781132,-74.04557168483734,3186,"Grove St PATH",40.71958611647166,-74.04311746358871,29673,"Subscriber",1986,1
197,"2018-12-05 07:23:07.8930","2018-12-05 07:26:25.5050",3270,"Jersey & 6th St",40.72528910781132,-74.04557168483734,3186,"Grove St PATH",40.71958611647166,-74.04311746358871,26208,"Subscriber",1956,1
208,"2018-12-05 07:28:38.0940","2018-12-05 07:32:06.6910",3270,"Jersey & 6th St",40.72528910781132,-74.04557168483734,3273,"Manila & 1st",40.721650724879986,-74.04288411140442,29245,"Subscriber",1968,2
377,"2018-12-05 07:39:16.3340","2018-12-05 07:45:34.1300",3270,"Jersey & 6th St",40.72528910781132,-74.04557168483734,3205,"JC Medical Center",40.71653978099194,-74.0496379137039,26158,"Subscriber",1972,1
209,"2018-12-05 08:03:38.7610","2018-12-05 08:07:08.7430",3270,"Jersey & 6th St",40.72528910781132,-74.04557168483734,3186,"Grove St PATH",40.71958611647166,-74.04311746358871,26307,"Subscriber",1985,1
194,"2018-12-05 08:05:44.2340","2018-12-05 08:08:58.4150",3270,"Jersey & 6th St",40.72528910781132,-74.04557168483734,3186,"Grove St PATH",40.71958611647166,-74.04311746358871,29266,"Subscriber",1967,1
244,"2018-12-05 08:07:25.4350","2018-12-05 08:11:29.7590",3270,"Jersey & 6th St",40.72528910781132,-74.04557168483734,3186,"Grove St PATH",40.71958611647166,-74.04311746358871,29198,"Subscriber",1970,1
172,"2018-12-05 08:10:49.8180","2018-12-05 08:13:41.8810",3270,"Jersey & 6th St",40.72528910781132,-74.04557168483734,3186,"Grove St PATH",40.71958611647166,-74.04311746358871,26155,"Subscriber",1988,1
164,"2018-12-05 08:15:45.7320","2018-12-05 08:18:30.3580",3270,"Jersey & 6th St",40.72528910781132,-74.04557168483734,3273,"Manila & 1st",40.721650724879986,-74.04288411140442,29582,"Subscriber",1989,1
198,"2018-12-05 08:18:58.0350","2018-12-05 08:22:16.1610",3270,"Jersey & 6th St",40.72528910781132,-74.04557168483734,3186,"Grove St PATH",40.71958611647166,-74.04311746358871,20783,"Subscriber",1988,1
258,"2018-12-05 08:57:03.4530","2018-12-05 09:01:21.7080",3270,"Jersey & 6th St",40.72528910781132,-74.04557168483734,3186,"Grove St PATH",40.71958611647166,-74.04311746358871,29604,"Subscriber",1996,2
313,"2018-12-05 09:17:35.3750","2018-12-05 09:22:49.2110",3270,"Jersey & 6th St",40.72528910781132,-74.04557168483734,3638,"Washington St",40.7242941,-74.0354826,29214,"Subscriber",1992,1
176,"2018-12-05 09:35:09.5650","2018-12-05 09:38:05.8960",3270,"Jersey & 6th St",40.72528910781132,-74.04557168483734,3186,"Grove St PATH",40.71958611647166,-74.04311746358871,29288,"Subscriber",1987,1
109,"2018-12-05 10:15:55.9250","2018-12-05 10:17:45.1040",3270,"Jersey & 6th St",40.72528910781132,-74.04557168483734,3211,"Newark Ave",40.72152515,-74.046304543,29498,"Subscriber",1977,1
344,"2018-12-05 11:02:53.7820","2018-12-05 11:08:38.5470",3270,"Jersey & 6th St",40.72528910781132,-74.04557168483734,3186,"Grove St PATH",40.71958611647166,-74.04311746358871,29555,"Subscriber",1951,1
1040,"2018-12-05 13:10:23.6560","2018-12-05 13:27:43.9980",3270,"Jersey & 6th St",40.72528910781132,-74.04557168483734,3199,"Newport Pkwy",40.7287448,-74.0321082,29640,"Customer",1993,1
123,"2018-12-05 13:23:30.5270","2018-12-05 13:25:34.2550",3270,"Jersey & 6th St",40.72528910781132,-74.04557168483734,3273,"Manila & 1st",40.721650724879986,-74.04288411140442,29304,"Subscriber",1986,1
607,"2018-12-05 14:31:19.8800","2018-12-05 14:41:27.3060",3270,"Jersey & 6th St",40.72528910781132,-74.04557168483734,3272,"Jersey & 3rd",40.72333158646436,-74.04595255851744,29444,"Subscriber",1961,2
170,"2018-12-05 17:02:24.7390","2018-12-05 17:05:15.3360",3270,"Jersey & 6th St",40.72528910781132,-74.04557168483734,3186,"Grove St PATH",40.71958611647166,-74.04311746358871,29509,"Subscriber",1987,1
330,"2018-12-05 18:43:40.9880","2018-12-05 18:49:11.7530",3270,"Jersey & 6th St",40.72528910781132,-74.04557168483734,3186,"Grove St PATH",40.71958611647166,-74.04311746358871,29509,"Subscriber",1951,1
176,"2018-12-05 22:46:54.8970","2018-12-05 22:49:51.4400",3270,"Jersey & 6th St",40.72528910781132,-74.04557168483734,3278,"Monmouth and 6th",40.72568548362901,-74.04879033565521,26204,"Subscriber",1984,1
195,"2018-12-06 05:30:40.1220","2018-12-06 05:33:55.1730",3270,"Jersey & 6th St",40.72528910781132,-74.04557168483734,3186,"Grove St PATH",40.71958611647166,-74.04311746358871,29589,"Subscriber",1969,1
254,"2018-12-06 06:52:09.9350","2018-12-06 06:56:23.9660",3270,"Jersey & 6th St",40.72528910781132,-74.04557168483734,3186,"Grove St PATH",40.71958611647166,-74.04311746358871,29227,"Subscriber",1980,2
171,"2018-12-06 07:43:41.2260","2018-12-06 07:46:33.0420",3270,"Jersey & 6th St",40.72528910781132,-74.04557168483734,3186,"Grove St PATH",40.71958611647166,-74.04311746358871,29292,"Subscriber",1981,1
179,"2018-12-06 07:48:59.8220","2018-12-06 07:51:59.2580",3270,"Jersey & 6th St",40.72528910781132,-74.04557168483734,3186,"Grove St PATH",40.71958611647166,-74.04311746358871,29304,"Subscriber",1991,1
218,"2018-12-06 07:50:32.1650","2018-12-06 07:54:10.8400",3270,"Jersey & 6th St",40.72528910781132,-74.04557168483734,3186,"Grove St PATH",40.71958611647166,-74.04311746358871,29214,"Subscriber",1956,1
197,"2018-12-06 08:01:59.2810","2018-12-06 08:05:16.9290",3270,"Jersey & 6th St",40.72528910781132,-74.04557168483734,3186,"Grove St PATH",40.71958611647166,-74.04311746358871,29498,"Subscriber",1970,1
219,"2018-12-06 08:08:15.4350","2018-12-06 08:11:54.6650",3270,"Jersey & 6th St",40.72528910781132,-74.04557168483734,3186,"Grove St PATH",40.71958611647166,-74.04311746358871,26245,"Subscriber",1968,1
267,"2018-12-06 09:49:37.5230","2018-12-06 09:54:04.6740",3270,"Jersey & 6th St",40.72528910781132,-74.04557168483734,3186,"Grove St PATH",40.71958611647166,-74.04311746358871,29494,"Subscriber",1984,2
181,"2018-12-06 10:06:39.6420","2018-12-06 10:09:41.6080",3270,"Jersey & 6th St",40.72528910781132,-74.04557168483734,3186,"Grove St PATH",40.71958611647166,-74.04311746358871,29614,"Subscriber",1986,1
895,"2018-12-06 10:27:32.3200","2018-12-06 10:42:27.4560",3270,"Jersey & 6th St",40.72528910781132,-74.04557168483734,3210,"Pershing Field",40.742677141,-74.051788633,29227,"Subscriber",1991,1
1091,"2018-12-06 12:51:14.2420","2018-12-06 13:09:25.4340",3270,"Jersey & 6th St",40.72528910781132,-74.04557168483734,3270,"Jersey & 6th St",40.72528910781132,-74.04557168483734,29555,"Subscriber",1961,2
219,"2018-12-06 14:55:13.3700","2018-12-06 14:58:53.2130",3270,"Jersey & 6th St",40.72528910781132,-74.04557168483734,3186,"Grove St PATH",40.71958611647166,-74.04311746358871,29235,"Subscriber",1977,1
233,"2018-12-06 15:11:02.2640","2018-12-06 15:14:55.7490",3270,"Jersey & 6th St",40.72528910781132,-74.04557168483734,3638,"Washington St",40.7242941,-74.0354826,26303,"Subscriber",1963,1
136,"2018-12-06 16:08:17.5940","2018-12-06 16:10:34.5400",3270,"Jersey & 6th St",40.72528910781132,-74.04557168483734,3186,"Grove St PATH",40.71958611647166,-74.04311746358871,26303,"Subscriber",1985,1
147,"2018-12-06 16:59:19.9870","2018-12-06 17:01:47.9240",3270,"Jersey & 6th St",40.72528910781132,-74.04557168483734,3211,"Newark Ave",40.72152515,-74.046304543,29555,"Subscriber",1958,2
230,"2018-12-06 17:34:05.1320","2018-12-06 17:37:55.7870",3270,"Jersey & 6th St",40.72528910781132,-74.04557168483734,3186,"Grove St PATH",40.71958611647166,-74.04311746358871,29201,"Subscriber",1988,2
193,"2018-12-06 18:13:38.7600","2018-12-06 18:16:52.4230",3270,"Jersey & 6th St",40.72528910781132,-74.04557168483734,3186,"Grove St PATH",40.71958611647166,-74.04311746358871,26275,"Subscriber",1969,1
199,"2018-12-06 19:57:15.9530","2018-12-06 20:00:35.5370",3270,"Jersey & 6th St",40.72528910781132,-74.04557168483734,3211,"Newark Ave",40.72152515,-74.046304543,29531,"Subscriber",1951,1
191,"2018-12-07 05:30:52.3610","2018-12-07 05:34:03.5990",3270,"Jersey & 6th St",40.72528910781132,-74.04557168483734,3186,"Grove St PATH",40.71958611647166,-74.04311746358871,30843,"Subscriber",1969,1
172,"2018-12-07 05:57:35.3980","2018-12-07 06:00:27.4280",3270,"Jersey & 6th St",40.72528910781132,-74.04557168483734,3186,"Grove St PATH",40.71958611647166,-74.04311746358871,29273,"Subscriber",1969,2
185,"2018-12-07 07:38:54.7390","2018-12-07 07:41:59.7680",3270,"Jersey & 6th St",40.72528910781132,-74.04557168483734,3186,"Grove St PATH",40.71958611647166,-74.04311746358871,29531,"Subscriber",1992,2
210,"2018-12-07 07:59:34.2490","2018-12-07 08:03:05.0520",3270,"Jersey & 6th St",40.72528910781132,-74.04557168483734,3186,"Grove St PATH",40.71958611647166,-74.04311746358871,29458,"Subscriber",1956,1
214,"2018-12-07 08:04:11.5620","2018-12-07 08:07:46.5480",3270,"Jersey & 6th St",40.72528910781132,-74.04557168483734,3186,"Grove St PATH",40.71958611647166,-74.04311746358871,29288,"Subscriber",1989,1
224,"2018-12-07 08:25:47.7910","2018-12-07 08:29:32.1950",3270,"Jersey & 6th St",40.72528910781132,-74.04557168483734,3186,"Grove St PATH",40.71958611647166,-74.04311746358871,29665,"Subscriber",1959,1
445,"2018-12-07 08:59:06.9620","2018-12-07 09:06:32.6080",3270,"Jersey & 6th St",40.72528910781132,-74.04557168483734,3273,"Manila & 1st",40.721650724879986,-74.04288411140442,26217,"Subscriber",1996,2
583,"2018-12-07 09:01:11.2740","2018-12-07 09:10:54.4340",3270,"Jersey & 6th St",40.72528910781132,-74.04557168483734,3183,"Exchange Place",40.7162469,-74.0334588,29486,"Subscriber",1977,1
111,"2018-12-07 11:20:21.4020","2018-12-07 11:22:13.2960",3270,"Jersey & 6th St",40.72528910781132,-74.04557168483734,3269,"Brunswick & 6th",40.72601172964625,-74.05038893222809,29489,"Subscriber",1978,1
94,"2018-12-07 11:52:02.4670","2018-12-07 11:53:37.3340",3270,"Jersey & 6th St",40.72528910781132,-74.04557168483734,3211,"Newark Ave",40.72152515,-74.046304543,29629,"Subscriber",1971,1
221,"2018-12-07 11:53:27.9860","2018-12-07 11:57:09.0910",3270,"Jersey & 6th St",40.72528910781132,-74.04557168483734,3638,"Washington St",40.7242941,-74.0354826,29252,"Subscriber",1956,1
405,"2018-12-07 12:16:58.5070","2018-12-07 12:23:43.7220",3270,"Jersey & 6th St",40.72528910781132,-74.04557168483734,3275,"Columbus Drive",40.71835519823214,-74.03891444206238,29227,"Subscriber",1968,1
757,"2018-12-07 12:35:25.7570","2018-12-07 12:48:03.1920",3270,"Jersey & 6th St",40.72528910781132,-74.04557168483734,3211,"Newark Ave",40.72152515,-74.046304543,26233,"Subscriber",1958,2
150,"2018-12-07 16:51:21.7460","2018-12-07 16:53:52.1340",3270,"Jersey & 6th St",40.72528910781132,-74.04557168483734,3211,"Newark Ave",40.72152515,-74.046304543,29491,"Subscriber",1989,2
237,"2018-12-07 17:43:11.4400","2018-12-07 17:47:08.6020",3270,"Jersey & 6th St",40.72528910781132,-74.04557168483734,3186,"Grove St PATH",40.71958611647166,-74.04311746358871,26224,"Subscriber",1974,1
121,"2018-12-07 17:51:15.6610","2018-12-07 17:53:16.9330",3270,"Jersey & 6th St",40.72528910781132,-74.04557168483734,3211,"Newark Ave",40.72152515,-74.046304543,29120,"Subscriber",1981,1
202,"2018-12-07 17:56:50.2330","2018-12-07 18:00:12.4020",3270,"Jersey & 6th St",40.72528910781132,-74.04557168483734,3186,"Grove St PATH",40.71958611647166,-74.04311746358871,29443,"Subscriber",1985,1
178,"2018-12-07 18:27:17.9370","2018-12-07 18:30:16.2320",3270,"Jersey & 6th St",40.72528910781132,-74.04557168483734,3186,"Grove St PATH",40.71958611647166,-74.04311746358871,26211,"Subscriber",1987,1
110,"2018-12-08 01:14:35.7450","2018-12-08 01:16:26.1140",3270,"Jersey & 6th St",40.72528910781132,-74.04557168483734,3211,"Newark Ave",40.72152515,-74.046304543,26244,"Subscriber",1988,1
535,"2018-12-08 08:55:12.9230","2018-12-08 09:04:08.8390",3270,"Jersey & 6th St",40.72528910781132,-74.04557168483734,3276,"Marin Light Rail",40.71458403535893,-74.04281705617905,29304,"Subscriber",1989,1
226,"2018-12-08 09:21:51.0760","2018-12-08 09:25:37.9250",3270,"Jersey & 6th St",40.72528910781132,-74.04557168483734,3187,"Warren St",40.7211236,-74.03805095,26171,"Subscriber",1978,1
73,"2018-12-08 10:42:56.5220","2018-12-08 10:44:09.7060",3270,"Jersey & 6th St",40.72528910781132,-74.04557168483734,3272,"Jersey & 3rd",40.72333158646436,-74.04595255851744,26171,"Subscriber",1987,1
193,"2018-12-08 11:23:06.0120","2018-12-08 11:26:19.2680",3270,"Jersey & 6th St",40.72528910781132,-74.04557168483734,3186,"Grove St PATH",40.71958611647166,-74.04311746358871,26287,"Subscriber",1974,1
210,"2018-12-08 11:41:48.5570","2018-12-08 11:45:19.0680",3270,"Jersey & 6th St",40.72528910781132,-74.04557168483734,3638,"Washington St",40.7242941,-74.0354826,29472,"Subscriber",1988,2
214,"2018-12-08 18:45:13.2370","2018-12-08 18:48:47.9030",3270,"Jersey & 6th St",40.72528910781132,-74.04557168483734,3186,"Grove St PATH",40.71958611647166,-74.04311746358871,29228,"Subscriber",1985,1
265,"2018-12-09 07:48:13.3810","2018-12-09 07:52:39.0370",3270,"Jersey & 6th St",40.72528910781132,-74.04557168483734,3186,"Grove St PATH",40.71958611647166,-74.04311746358871,29212,"Subscriber",1992,2
93,"2018-12-09 09:47:48.7810","2018-12-09 09:49:21.7830",3270,"Jersey & 6th St",40.72528910781132,-74.04557168483734,3203,"Hamilton Park",40.727595966,-74.044247311,26294,"Subscriber",1978,1
266,"2018-12-09 09:55:27.4390","2018-12-09 09:59:54.2460",3270,"Jersey & 6th St",40.72528910781132,-74.04557168483734,3638,"Washington St",40.7242941,-74.0354826,29476,"Subscriber",1988,2
220,"2018-12-09 12:50:31.1120","2018-12-09 12:54:11.9050",3270,"Jersey & 6th St",40.72528910781132,-74.04557168483734,3186,"Grove St PATH",40.71958611647166,-74.04311746358871,29288,"Subscriber",1958,2
194,"2018-12-09 13:23:14.0480","2018-12-09 13:26:28.3390",3270,"Jersey & 6th St",40.72528910781132,-74.04557168483734,3273,"Manila & 1st",40.721650724879986,-74.04288411140442,29275,"Subscriber",1978,1
920,"2018-12-09 15:28:40.4060","2018-12-09 15:44:01.1060",3270,"Jersey & 6th St",40.72528910781132,-74.04557168483734,3211,"Newark Ave",40.72152515,-74.046304543,29491,"Subscriber",1981,1
202,"2018-12-09 19:08:25.1310","2018-12-09 19:11:47.4770",3270,"Jersey & 6th St",40.72528910781132,-74.04557168483734,3186,"Grove St PATH",40.71958611647166,-74.04311746358871,26205,"Subscriber",1959,1
189,"2018-12-10 05:55:19.6460","2018-12-10 05:58:29.5020",3270,"Jersey & 6th St",40.72528910781132,-74.04557168483734,3186,"Grove St PATH",40.71958611647166,-74.04311746358871,29661,"Subscriber",1976,1
302,"2018-12-10 07:57:12.2450","2018-12-10 08:02:15.0060",3270,"Jersey & 6th St",40.72528910781132,-74.04557168483734,3186,"Grove St PATH",40.71958611647166,-74.04311746358871,29523,"Subscriber",1970,1
206,"2018-12-10 08:14:46.2940","2018-12-10 08:18:12.9570",3270,"Jersey & 6th St",40.72528910781132,-74.04557168483734,3186,"Grove St PATH",40.71958611647166,-74.04311746358871,26275,"Subscriber",1985,1
288,"2018-12-10 08:16:14.6370","2018-12-10 08:21:03.6000",3270,"Jersey & 6th St",40.72528910781132,-74.04557168483734,3186,"Grove St PATH",40.71958611647166,-74.04311746358871,26206,"Subscriber",1968,1
293,"2018-12-10 08:20:12.0370","2018-12-10 08:25:05.2750",3270,"Jersey & 6th St",40.72528910781132,-74.04557168483734,3186,"Grove St PATH",40.71958611647166,-74.04311746358871,29285,"Subscriber",1981,1
312,"2018-12-10 08:20:15.9240","2018-12-10 08:25:28.3810",3270,"Jersey & 6th St",40.72528910781132,-74.04557168483734,3275,"Columbus Drive",40.71835519823214,-74.03891444206238,29583,"Subscriber",1963,1
211,"2018-12-10 08:21:17.9040","2018-12-10 08:24:49.0730",3270,"Jersey & 6th St",40.72528910781132,-74.04557168483734,3186,"Grove St PATH",40.71958611647166,-74.04311746358871,29457,"Subscriber",1959,1
191,"2018-12-10 08:26:30.8560","2018-12-10 08:29:42.7620",3270,"Jersey & 6th St",40.72528910781132,-74.04557168483734,3186,"Grove St PATH",40.71958611647166,-74.04311746358871,29467,"Subscriber",1983,2
87,"2018-12-10 10:23:47.8070","2018-12-10 10:25:15.7050",3270,"Jersey & 6th St",40.72528910781132,-74.04557168483734,3211,"Newark Ave",40.72152515,-74.046304543,29613,"Subscriber",1971,1
107,"2018-12-10 13:59:03.4370","2018-12-10 14:00:51.3590",3270,"Jersey & 6th St",40.72528910781132,-74.04557168483734,3211,"Newark Ave",40.72152515,-74.046304543,26251,"Subscriber",1988,1
205,"2018-12-10 14:39:21.9880","2018-12-10 14:42:47.8990",3270,"Jersey & 6th St",40.72528910781132,-74.04557168483734,3186,"Grove St PATH",40.71958611647166,-74.04311746358871,26234,"Subscriber",1992,2
171,"2018-12-10 15:28:16.0280","2018-12-10 15:31:07.4620",3270,"Jersey & 6th St",40.72528910781132,-74.04557168483734,3186,"Grove St PATH",40.71958611647166,-74.04311746358871,29286,"Subscriber",1977,1
142,"2018-12-10 15:58:21.0720","2018-12-10 16:00:43.2710",3270,"Jersey & 6th St",40.72528910781132,-74.04557168483734,3269,"Brunswick & 6th",40.72601172964625,-74.05038893222809,29500,"Subscriber",1987,2
212,"2018-12-10 16:53:10.1720","2018-12-10 16:56:42.6700",3270,"Jersey & 6th St",40.72528910781132,-74.04557168483734,3273,"Manila & 1st",40.721650724879986,-74.04288411140442,29612,"Subscriber",1979,2
85,"2018-12-10 18:51:39.7320","2018-12-10 18:53:04.9760",3270,"Jersey & 6th St",40.72528910781132,-74.04557168483734,3203,"Hamilton Park",40.727595966,-74.044247311,29606,"Subscriber",1981,1
268,"2018-12-11 00:07:06.5470","2018-12-11 00:11:34.8290",3270,"Jersey & 6th St",40.72528910781132,-74.04557168483734,3279,"Dixon Mills",40.721630142638354,-74.04996782541275,29614,"Subscriber",1970,1
272,"2018-12-11 00:07:08.6700","2018-12-11 00:11:40.9870",3270,"Jersey & 6th St",40.72528910781132,-74.04557168483734,3279,"Dixon Mills",40.721630142638354,-74.04996782541275,29636,"Subscriber",1982,2
220,"2018-12-11 06:01:22.3040","2018-12-11 06:05:02.5690",3270,"Jersey & 6th St",40.72528910781132,-74.04557168483734,3186,"Grove St PATH",40.71958611647166,-74.04311746358871,29465,"Subscriber",1976,1
207,"2018-12-11 07:05:38.2350","2018-12-11 07:09:05.5480",3270,"Jersey & 6th St",40.72528910781132,-74.04557168483734,3186,"Grove St PATH",40.71958611647166,-74.04311746358871,29295,"Subscriber",1969,2
215,"2018-12-11 07:07:10.8090","2018-12-11 07:10:46.3120",3270,"Jersey & 6th St",40.72528910781132,-74.04557168483734,3186,"Grove St PATH",40.71958611647166,-74.04311746358871,29300,"Subscriber",1985,1
181,"2018-12-11 07:20:42.0080","2018-12-11 07:23:43.5170",3270,"Jersey & 6th St",40.72528910781132,-74.04557168483734,3186,"Grove St PATH",40.71958611647166,-74.04311746358871,29500,"Subscriber",1969,1
236,"2018-12-11 07:24:39.5710","2018-12-11 07:28:36.1840",3270,"Jersey & 6th St",40.72528910781132,-74.04557168483734,3186,"Grove St PATH",40.71958611647166,-74.04311746358871,29572,"Subscriber",1970,1
266,"2018-12-11 07:59:46.6320","2018-12-11 08:04:13.4150",3270,"Jersey & 6th St",40.72528910781132,-74.04557168483734,3186,"Grove St PATH",40.71958611647166,-74.04311746358871,26242,"Subscriber",1992,2
188,"2018-12-11 08:01:01.1130","2018-12-11 08:04:10.0600",3270,"Jersey & 6th St",40.72528910781132,-74.04557168483734,3186,"Grove St PATH",40.71958611647166,-74.04311746358871,26202,"Subscriber",1970,1
209,"2018-12-11 08:12:58.0920","2018-12-11 08:16:28.0840",3270,"Jersey & 6th St",40.72528910781132,-74.04557168483734,3186,"Grove St PATH",40.71958611647166,-74.04311746358871,29523,"Subscriber",1968,1
256,"2018-12-11 08:17:42.4730","2018-12-11 08:21:58.7820",3270,"Jersey & 6th St",40.72528910781132,-74.04557168483734,3186,"Grove St PATH",40.71958611647166,-74.04311746358871,29500,"Subscriber",1981,1
195,"2018-12-11 08:21:59.8620","2018-12-11 08:25:15.1470",3270,"Jersey & 6th St",40.72528910781132,-74.04557168483734,3186,"Grove St PATH",40.71958611647166,-74.04311746358871,29285,"Subscriber",1973,1
205,"2018-12-11 08:22:41.3630","2018-12-11 08:26:06.5740",3270,"Jersey & 6th St",40.72528910781132,-74.04557168483734,3186,"Grove St PATH",40.71958611647166,-74.04311746358871,29655,"Subscriber",1959,1
188,"2018-12-11 08:26:56.8630","2018-12-11 08:30:05.3410",3270,"Jersey & 6th St",40.72528910781132,-74.04557168483734,3273,"Manila & 1st",40.721650724879986,-74.04288411140442,29652,"Subscriber",1970,1
184,"2018-12-11 08:31:24.6730","2018-12-11 08:34:29.5440",3270,"Jersey & 6th St",40.72528910781132,-74.04557168483734,3186,"Grove St PATH",40.71958611647166,-74.04311746358871,29546,"Subscriber",1989,1
299,"2018-12-11 08:32:49.9770","2018-12-11 08:37:49.5830",3270,"Jersey & 6th St",40.72528910781132,-74.04557168483734,3275,"Columbus Drive",40.71835519823214,-74.03891444206238,29282,"Subscriber",1963,1
316,"2018-12-11 08:45:44.6440","2018-12-11 08:51:01.1290",3270,"Jersey & 6th St",40.72528910781132,-74.04557168483734,3186,"Grove St PATH",40.71958611647166,-74.04311746358871,29498,"Subscriber",1962,1
456,"2018-12-11 09:09:31.9940","2018-12-11 09:17:08.6960",3270,"Jersey & 6th St",40.72528910781132,-74.04557168483734,3205,"JC Medical Center",40.71653978099194,-74.0496379137039,29284,"Subscriber",1972,1
207,"2018-12-11 09:18:55.6570","2018-12-11 09:22:23.6170",3270,"Jersey & 6th St",40.72528910781132,-74.04557168483734,3186,"Grove St PATH",40.71958611647166,-74.04311746358871,29639,"Subscriber",1974,1
190,"2018-12-11 09:24:58.7570","2018-12-11 09:28:09.0990",3270,"Jersey & 6th St",40.72528910781132,-74.04557168483734,3186,"Grove St PATH",40.71958611647166,-74.04311746358871,29458,"Subscriber",1987,1
278,"2018-12-11 10:02:10.4080","2018-12-11 10:06:48.5470",3270,"Jersey & 6th St",40.72528910781132,-74.04557168483734,3186,"Grove St PATH",40.71958611647166,-74.04311746358871,29285,"Subscriber",1961,2
198,"2018-12-11 10:09:55.4110","2018-12-11 10:13:14.1020",3270,"Jersey & 6th St",40.72528910781132,-74.04557168483734,3186,"Grove St PATH",40.71958611647166,-74.04311746358871,29595,"Subscriber",1956,1
297,"2018-12-11 12:04:19.5620","2018-12-11 12:09:17.3850",3270,"Jersey & 6th St",40.72528910781132,-74.04557168483734,3187,"Warren St",40.7211236,-74.03805095,26316,"Subscriber",1991,2
274,"2018-12-11 13:47:49.2300","2018-12-11 13:52:24.1990",3270,"Jersey & 6th St",40.72528910781132,-74.04557168483734,3202,"Newport PATH",40.7272235,-74.0337589,26241,"Subscriber",1977,1
203,"2018-12-11 14:37:11.6560","2018-12-11 14:40:35.1100",3270,"Jersey & 6th St",40.72528910781132,-74.04557168483734,3186,"Grove St PATH",40.71958611647166,-74.04311746358871,29588,"Subscriber",1977,1
212,"2018-12-11 16:44:58.8720","2018-12-11 16:48:31.2240",3270,"Jersey & 6th St",40.72528910781132,-74.04557168483734,3186,"Grove St PATH",40.71958611647166,-74.04311746358871,26248,"Subscriber",1974,1
445,"2018-12-11 17:38:41.6340","2018-12-11 17:46:07.0420",3270,"Jersey & 6th St",40.72528910781132,-74.04557168483734,3202,"Newport PATH",40.7272235,-74.0337589,26302,"Subscriber",1975,1
83,"2018-12-11 17:52:36.8710","2018-12-11 17:54:00.8100",3270,"Jersey & 6th St",40.72528910781132,-74.04557168483734,3272,"Jersey & 3rd",40.72333158646436,-74.04595255851744,26215,"Subscriber",1987,1
103,"2018-12-11 19:42:16.4560","2018-12-11 19:44:00.3880",3270,"Jersey & 6th St",40.72528910781132,-74.04557168483734,3203,"Hamilton Park",40.727595966,-74.044247311,29475,"Subscriber",1972,1
82,"2018-12-12 05:54:15.2370","2018-12-12 05:55:38.1730",3270,"Jersey & 6th St",40.72528910781132,-74.04557168483734,3272,"Jersey & 3rd",40.72333158646436,-74.04595255851744,29490,"Subscriber",1987,1
194,"2018-12-12 05:55:52.6870","2018-12-12 05:59:07.6040",3270,"Jersey & 6th St",40.72528910781132,-74.04557168483734,3186,"Grove St PATH",40.71958611647166,-74.04311746358871,29443,"Subscriber",1976,1
119,"2018-12-12 07:07:59.9250","2018-12-12 07:09:59.7740",3270,"Jersey & 6th St",40.72528910781132,-74.04557168483734,3211,"Newark Ave",40.72152515,-74.046304543,29207,"Subscriber",1971,1
218,"2018-12-12 07:09:12.2910","2018-12-12 07:12:50.3290",3270,"Jersey & 6th St",40.72528910781132,-74.04557168483734,3186,"Grove St PATH",40.71958611647166,-74.04311746358871,26157,"Subscriber",1969,2
215,"2018-12-12 07:22:33.6720","2018-12-12 07:26:09.6640",3270,"Jersey & 6th St",40.72528910781132,-74.04557168483734,3186,"Grove St PATH",40.71958611647166,-74.04311746358871,26206,"Subscriber",1969,1
196,"2018-12-12 07:25:09.9010","2018-12-12 07:28:26.2030",3270,"Jersey & 6th St",40.72528910781132,-74.04557168483734,3186,"Grove St PATH",40.71958611647166,-74.04311746358871,29498,"Subscriber",1956,1
159,"2018-12-12 08:02:21.6160","2018-12-12 08:05:00.9050",3270,"Jersey & 6th St",40.72528910781132,-74.04557168483734,3273,"Manila & 1st",40.721650724879986,-74.04288411140442,29482,"Subscriber",1978,1
183,"2018-12-12 08:04:19.4770","2018-12-12 08:07:23.0880",3270,"Jersey & 6th St",40.72528910781132,-74.04557168483734,3186,"Grove St PATH",40.71958611647166,-74.04311746358871,29222,"Subscriber",1970,1
141,"2018-12-12 08:07:39.4810","2018-12-12 08:10:00.7530",3270,"Jersey & 6th St",40.72528910781132,-74.04557168483734,3273,"Manila & 1st",40.721650724879986,-74.04288411140442,29244,"Subscriber",1989,1
220,"2018-12-12 08:09:20.1770","2018-12-12 08:13:00.7390",3270,"Jersey & 6th St",40.72528910781132,-74.04557168483734,3186,"Grove St PATH",40.71958611647166,-74.04311746358871,26196,"Subscriber",1985,1
192,"2018-12-12 08:15:18.9200","2018-12-12 08:18:31.3700",3270,"Jersey & 6th St",40.72528910781132,-74.04557168483734,3273,"Manila & 1st",40.721650724879986,-74.04288411140442,29278,"Subscriber",1979,2
182,"2018-12-12 08:22:01.6500","2018-12-12 08:25:04.3730",3270,"Jersey & 6th St",40.72528910781132,-74.04557168483734,3186,"Grove St PATH",40.71958611647166,-74.04311746358871,26202,"Subscriber",1973,1
184,"2018-12-12 08:26:20.5580","2018-12-12 08:29:24.5670",3270,"Jersey & 6th St",40.72528910781132,-74.04557168483734,3273,"Manila & 1st",40.721650724879986,-74.04288411140442,29252,"Subscriber",1981,1
188,"2018-12-12 08:29:21.9160","2018-12-12 08:32:30.0110",3270,"Jersey & 6th St",40.72528910781132,-74.04557168483734,3273,"Manila & 1st",40.721650724879986,-74.04288411140442,26172,"Subscriber",1970,1
217,"2018-12-12 08:36:26.3270","2018-12-12 08:40:04.2490",3270,"Jersey & 6th St",40.72528910781132,-74.04557168483734,3186,"Grove St PATH",40.71958611647166,-74.04311746358871,26275,"Subscriber",1970,1
122,"2018-12-12 08:58:32.1490","2018-12-12 09:00:34.4230",3270,"Jersey & 6th St",40.72528910781132,-74.04557168483734,3270,"Jersey & 6th St",40.72528910781132,-74.04557168483734,29655,"Subscriber",1996,2
199,"2018-12-12 09:01:56.1470","2018-12-12 09:05:15.9930",3270,"Jersey & 6th St",40.72528910781132,-74.04557168483734,3186,"Grove St PATH",40.71958611647166,-74.04311746358871,29655,"Subscriber",1983,1
234,"2018-12-12 09:02:11.9950","2018-12-12 09:06:06.0970",3270,"Jersey & 6th St",40.72528910781132,-74.04557168483734,3186,"Grove St PATH",40.71958611647166,-74.04311746358871,26286,"Subscriber",1996,2
181,"2018-12-12 09:04:04.5960","2018-12-12 09:07:06.4820",3270,"Jersey & 6th St",40.72528910781132,-74.04557168483734,3186,"Grove St PATH",40.71958611647166,-74.04311746358871,33744,"Subscriber",1960,1
197,"2018-12-12 09:12:38.6470","2018-12-12 09:15:56.5590",3270,"Jersey & 6th St",40.72528910781132,-74.04557168483734,3186,"Grove St PATH",40.71958611647166,-74.04311746358871,29484,"Subscriber",1994,1
194,"2018-12-12 09:20:50.4280","2018-12-12 09:24:04.6690",3270,"Jersey & 6th St",40.72528910781132,-74.04557168483734,3186,"Grove St PATH",40.71958611647166,-74.04311746358871,29490,"Subscriber",1974,1
184,"2018-12-12 09:22:00.0640","2018-12-12 09:25:04.6110",3270,"Jersey & 6th St",40.72528910781132,-74.04557168483734,3186,"Grove St PATH",40.71958611647166,-74.04311746358871,29645,"Subscriber",1987,1
175,"2018-12-12 09:28:08.1610","2018-12-12 09:31:04.1250",3270,"Jersey & 6th St",40.72528910781132,-74.04557168483734,3273,"Manila & 1st",40.721650724879986,-74.04288411140442,26160,"Subscriber",1986,2
517,"2018-12-12 10:53:31.2720","2018-12-12 11:02:09.1730",3270,"Jersey & 6th St",40.72528910781132,-74.04557168483734,3183,"Exchange Place",40.7162469,-74.0334588,26275,"Subscriber",1987,2
229,"2018-12-12 11:39:22.7840","2018-12-12 11:43:11.8930",3270,"Jersey & 6th St",40.72528910781132,-74.04557168483734,3186,"Grove St PATH",40.71958611647166,-74.04311746358871,29645,"Subscriber",1968,1
235,"2018-12-12 14:01:22.2220","2018-12-12 14:05:18.1930",3270,"Jersey & 6th St",40.72528910781132,-74.04557168483734,3186,"Grove St PATH",40.71958611647166,-74.04311746358871,29289,"Subscriber",1992,2
739,"2018-12-12 14:38:35.9250","2018-12-12 14:50:55.2430",3270,"Jersey & 6th St",40.72528910781132,-74.04557168483734,3206,"Hilltop",40.7311689,-74.0575736,29292,"Subscriber",1991,2
164,"2018-12-12 15:56:48.1260","2018-12-12 15:59:32.4980",3270,"Jersey & 6th St",40.72528910781132,-74.04557168483734,3186,"Grove St PATH",40.71958611647166,-74.04311746358871,26302,"Subscriber",1985,1
236,"2018-12-12 16:57:04.2910","2018-12-12 17:01:01.2330",3270,"Jersey & 6th St",40.72528910781132,-74.04557168483734,3186,"Grove St PATH",40.71958611647166,-74.04311746358871,29611,"Subscriber",1977,1
236,"2018-12-12 17:20:54.8830","2018-12-12 17:24:51.2730",3270,"Jersey & 6th St",40.72528910781132,-74.04557168483734,3186,"Grove St PATH",40.71958611647166,-74.04311746358871,29289,"Subscriber",1958,2
107,"2018-12-12 19:21:20.5800","2018-12-12 19:23:08.1960",3270,"Jersey & 6th St",40.72528910781132,-74.04557168483734,3211,"Newark Ave",40.72152515,-74.046304543,26215,"Subscriber",1974,1
99,"2018-12-12 20:09:36.5750","2018-12-12 20:11:15.6990",3270,"Jersey & 6th St",40.72528910781132,-74.04557168483734,3211,"Newark Ave",40.72152515,-74.046304543,29673,"Subscriber",1969,1
173,"2018-12-12 20:29:22.4450","2018-12-12 20:32:16.0220",3270,"Jersey & 6th St",40.72528910781132,-74.04557168483734,3273,"Manila & 1st",40.721650724879986,-74.04288411140442,29203,"Subscriber",1978,1
230,"2018-12-13 06:09:15.8270","2018-12-13 06:13:06.1570",3270,"Jersey & 6th St",40.72528910781132,-74.04557168483734,3186,"Grove St PATH",40.71958611647166,-74.04311746358871,29593,"Subscriber",1976,1
202,"2018-12-13 07:12:54.3520","2018-12-13 07:16:16.8270",3270,"Jersey & 6th St",40.72528910781132,-74.04557168483734,3186,"Grove St PATH",40.71958611647166,-74.04311746358871,29215,"Subscriber",1969,2
195,"2018-12-13 07:14:33.4440","2018-12-13 07:17:48.8390",3270,"Jersey & 6th St",40.72528910781132,-74.04557168483734,3186,"Grove St PATH",40.71958611647166,-74.04311746358871,29674,"Subscriber",1956,1
189,"2018-12-13 08:03:49.6420","2018-12-13 08:06:59.2640",3270,"Jersey & 6th St",40.72528910781132,-74.04557168483734,3186,"Grove St PATH",40.71958611647166,-74.04311746358871,29677,"Subscriber",1970,1
206,"2018-12-13 08:07:33.5080","2018-12-13 08:10:59.9040",3270,"Jersey & 6th St",40.72528910781132,-74.04557168483734,3186,"Grove St PATH",40.71958611647166,-74.04311746358871,26163,"Subscriber",1959,1
142,"2018-12-13 08:10:01.7490","2018-12-13 08:12:23.9790",3270,"Jersey & 6th St",40.72528910781132,-74.04557168483734,3273,"Manila & 1st",40.721650724879986,-74.04288411140442,26291,"Subscriber",1989,1
260,"2018-12-13 08:18:06.2630","2018-12-13 08:22:27.2560",3270,"Jersey & 6th St",40.72528910781132,-74.04557168483734,3186,"Grove St PATH",40.71958611647166,-74.04311746358871,26196,"Subscriber",1968,2
212,"2018-12-13 08:23:14.3950","2018-12-13 08:26:46.5790",3270,"Jersey & 6th St",40.72528910781132,-74.04557168483734,3186,"Grove St PATH",40.71958611647166,-74.04311746358871,29450,"Subscriber",1980,2
300,"2018-12-13 08:30:30.1230","2018-12-13 08:35:30.7050",3270,"Jersey & 6th St",40.72528910781132,-74.04557168483734,3186,"Grove St PATH",40.71958611647166,-74.04311746358871,29199,"Subscriber",1981,1
159,"2018-12-13 08:34:13.4910","2018-12-13 08:36:53.2540",3270,"Jersey & 6th St",40.72528910781132,-74.04557168483734,3273,"Manila & 1st",40.721650724879986,-74.04288411140442,29602,"Subscriber",1970,1
169,"2018-12-13 08:38:22.3450","2018-12-13 08:41:11.5990",3270,"Jersey & 6th St",40.72528910781132,-74.04557168483734,3186,"Grove St PATH",40.71958611647166,-74.04311746358871,29203,"Subscriber",1985,1
661,"2018-12-13 08:52:36.8610","2018-12-13 09:03:38.3080",3270,"Jersey & 6th St",40.72528910781132,-74.04557168483734,3183,"Exchange Place",40.7162469,-74.0334588,29671,"Subscriber",1987,2
208,"2018-12-13 09:03:02.5110","2018-12-13 09:06:30.8540",3270,"Jersey & 6th St",40.72528910781132,-74.04557168483734,3186,"Grove St PATH",40.71958611647166,-74.04311746358871,29230,"Subscriber",1960,1
174,"2018-12-13 09:05:12.9780","2018-12-13 09:08:07.3710",3270,"Jersey & 6th St",40.72528910781132,-74.04557168483734,3186,"Grove St PATH",40.71958611647166,-74.04311746358871,29215,"Subscriber",1990,1
205,"2018-12-13 09:11:29.0540","2018-12-13 09:14:54.8170",3270,"Jersey & 6th St",40.72528910781132,-74.04557168483734,3186,"Grove St PATH",40.71958611647166,-74.04311746358871,29672,"Subscriber",1974,1
208,"2018-12-13 09:16:00.0790","2018-12-13 09:19:28.2240",3270,"Jersey & 6th St",40.72528910781132,-74.04557168483734,3186,"Grove St PATH",40.71958611647166,-74.04311746358871,29674,"Subscriber",1990,2
1603,"2018-12-13 10:36:27.6920","2018-12-13 11:03:11.3440",3270,"Jersey & 6th St",40.72528910781132,-74.04557168483734,3210,"Pershing Field",40.742677141,-74.051788633,26316,"Subscriber",1991,1
182,"2018-12-13 14:39:53.7650","2018-12-13 14:42:55.9520",3270,"Jersey & 6th St",40.72528910781132,-74.04557168483734,3186,"Grove St PATH",40.71958611647166,-74.04311746358871,29534,"Subscriber",1992,2
901,"2018-12-13 15:06:39.0690","2018-12-13 15:21:41.0030",3270,"Jersey & 6th St",40.72528910781132,-74.04557168483734,3203,"Hamilton Park",40.727595966,-74.044247311,26187,"Subscriber",1989,2
178,"2018-12-13 16:09:03.7990","2018-12-13 16:12:02.1490",3270,"Jersey & 6th St",40.72528910781132,-74.04557168483734,3186,"Grove St PATH",40.71958611647166,-74.04311746358871,26202,"Subscriber",1991,2
216,"2018-12-13 16:28:48.8040","2018-12-13 16:32:25.4000",3270,"Jersey & 6th St",40.72528910781132,-74.04557168483734,3186,"Grove St PATH",40.71958611647166,-74.04311746358871,29123,"Subscriber",1974,1
110,"2018-12-13 17:32:46.4500","2018-12-13 17:34:36.9420",3270,"Jersey & 6th St",40.72528910781132,-74.04557168483734,3211,"Newark Ave",40.72152515,-74.046304543,26192,"Subscriber",1976,1
396,"2018-12-13 18:10:40.6660","2018-12-13 18:17:17.3340",3270,"Jersey & 6th St",40.72528910781132,-74.04557168483734,3186,"Grove St PATH",40.71958611647166,-74.04311746358871,29619,"Subscriber",1961,2
434,"2018-12-13 20:40:48.5700","2018-12-13 20:48:02.5800",3270,"Jersey & 6th St",40.72528910781132,-74.04557168483734,3276,"Marin Light Rail",40.71458403535893,-74.04281705617905,29221,"Subscriber",1978,1
424,"2018-12-13 20:41:05.0520","2018-12-13 20:48:09.1730",3270,"Jersey & 6th St",40.72528910781132,-74.04557168483734,3276,"Marin Light Rail",40.71458403535893,-74.04281705617905,29578,"Subscriber",1976,2
277,"2018-12-13 20:58:33.8290","2018-12-13 21:03:11.3030",3270,"Jersey & 6th St",40.72528910781132,-74.04557168483734,3270,"Jersey & 6th St",40.72528910781132,-74.04557168483734,26259,"Subscriber",1978,1
179,"2018-12-14 05:49:39.1550","2018-12-14 05:52:38.8190",3270,"Jersey & 6th St",40.72528910781132,-74.04557168483734,3186,"Grove St PATH",40.71958611647166,-74.04311746358871,29250,"Subscriber",1976,1
215,"2018-12-14 06:07:43.1310","2018-12-14 06:11:19.1010",3270,"Jersey & 6th St",40.72528910781132,-74.04557168483734,3186,"Grove St PATH",40.71958611647166,-74.04311746358871,29471,"Subscriber",1969,2
223,"2018-12-14 07:01:21.2410","2018-12-14 07:05:04.8770",3270,"Jersey & 6th St",40.72528910781132,-74.04557168483734,3186,"Grove St PATH",40.71958611647166,-74.04311746358871,29475,"Subscriber",1956,1
210,"2018-12-14 07:07:32.2960","2018-12-14 07:11:02.6130",3270,"Jersey & 6th St",40.72528910781132,-74.04557168483734,3186,"Grove St PATH",40.71958611647166,-74.04311746358871,26211,"Subscriber",1985,1
182,"2018-12-14 07:10:16.6960","2018-12-14 07:13:19.6650",3270,"Jersey & 6th St",40.72528910781132,-74.04557168483734,3186,"Grove St PATH",40.71958611647166,-74.04311746358871,26259,"Subscriber",1969,1
292,"2018-12-14 07:13:26.7110","2018-12-14 07:18:19.0090",3270,"Jersey & 6th St",40.72528910781132,-74.04557168483734,3202,"Newport PATH",40.7272235,-74.0337589,29660,"Subscriber",1968,1
208,"2018-12-14 07:46:35.6070","2018-12-14 07:50:04.1780",3270,"Jersey & 6th St",40.72528910781132,-74.04557168483734,3273,"Manila & 1st",40.721650724879986,-74.04288411140442,29434,"Subscriber",1968,2
300,"2018-12-14 07:56:59.8640","2018-12-14 08:02:00.6730",3270,"Jersey & 6th St",40.72528910781132,-74.04557168483734,3275,"Columbus Drive",40.71835519823214,-74.03891444206238,29494,"Subscriber",1963,1
262,"2018-12-14 07:58:10.3440","2018-12-14 08:02:32.9720",3270,"Jersey & 6th St",40.72528910781132,-74.04557168483734,3186,"Grove St PATH",40.71958611647166,-74.04311746358871,26203,"Subscriber",1970,1
195,"2018-12-14 08:00:49.8520","2018-12-14 08:04:05.6120",3270,"Jersey & 6th St",40.72528910781132,-74.04557168483734,3186,"Grove St PATH",40.71958611647166,-74.04311746358871,29542,"Subscriber",1970,1
591,"2018-12-14 08:07:40.4670","2018-12-14 08:17:31.5380",3270,"Jersey & 6th St",40.72528910781132,-74.04557168483734,3186,"Grove St PATH",40.71958611647166,-74.04311746358871,29243,"Subscriber",1981,1
250,"2018-12-14 08:21:46.2860","2018-12-14 08:25:56.5020",3270,"Jersey & 6th St",40.72528910781132,-74.04557168483734,3186,"Grove St PATH",40.71958611647166,-74.04311746358871,26296,"Subscriber",1961,2
187,"2018-12-14 08:41:35.9180","2018-12-14 08:44:43.1740",3270,"Jersey & 6th St",40.72528910781132,-74.04557168483734,3186,"Grove St PATH",40.71958611647166,-74.04311746358871,29204,"Subscriber",1987,2
207,"2018-12-14 08:47:48.1710","2018-12-14 08:51:15.5880",3270,"Jersey & 6th St",40.72528910781132,-74.04557168483734,3186,"Grove St PATH",40.71958611647166,-74.04311746358871,29250,"Subscriber",1960,1
317,"2018-12-14 08:59:30.2210","2018-12-14 09:04:47.6660",3270,"Jersey & 6th St",40.72528910781132,-74.04557168483734,3211,"Newark Ave",40.72152515,-74.046304543,26257,"Subscriber",1996,2
396,"2018-12-14 09:02:50.3240","2018-12-14 09:09:26.4140",3270,"Jersey & 6th St",40.72528910781132,-74.04557168483734,3275,"Columbus Drive",40.71835519823214,-74.03891444206238,29507,"Subscriber",1978,1
387,"2018-12-14 09:08:14.6170","2018-12-14 09:14:42.2220",3270,"Jersey & 6th St",40.72528910781132,-74.04557168483734,3185,"City Hall",40.7177325,-74.043845,29289,"Subscriber",1985,1
285,"2018-12-14 09:13:10.0270","2018-12-14 09:17:55.6810",3270,"Jersey & 6th St",40.72528910781132,-74.04557168483734,3185,"City Hall",40.7177325,-74.043845,26234,"Subscriber",1990,2
315,"2018-12-14 09:17:01.4800","2018-12-14 09:22:17.2810",3270,"Jersey & 6th St",40.72528910781132,-74.04557168483734,3186,"Grove St PATH",40.71958611647166,-74.04311746358871,29203,"Subscriber",1962,1
280,"2018-12-14 09:19:33.8950","2018-12-14 09:24:14.5640",3270,"Jersey & 6th St",40.72528910781132,-74.04557168483734,3638,"Washington St",40.7242941,-74.0354826,29616,"Subscriber",1992,1
102,"2018-12-14 09:25:25.2470","2018-12-14 09:27:07.7680",3270,"Jersey & 6th St",40.72528910781132,-74.04557168483734,3211,"Newark Ave",40.72152515,-74.046304543,29552,"Subscriber",1987,1
199,"2018-12-14 09:45:35.5660","2018-12-14 09:48:55.1290",3270,"Jersey & 6th St",40.72528910781132,-74.04557168483734,3186,"Grove St PATH",40.71958611647166,-74.04311746358871,29594,"Subscriber",1983,1
240,"2018-12-14 09:58:57.4920","2018-12-14 10:02:58.3950",3270,"Jersey & 6th St",40.72528910781132,-74.04557168483734,3186,"Grove St PATH",40.71958611647166,-74.04311746358871,26170,"Subscriber",1959,1
535,"2018-12-14 10:13:32.6820","2018-12-14 10:22:27.9100",3270,"Jersey & 6th St",40.72528910781132,-74.04557168483734,3183,"Exchange Place",40.7162469,-74.0334588,26270,"Subscriber",1977,1
290,"2018-12-14 10:24:43.2420","2018-12-14 10:29:33.5200",3270,"Jersey & 6th St",40.72528910781132,-74.04557168483734,3186,"Grove St PATH",40.71958611647166,-74.04311746358871,29601,"Subscriber",1987,1
214,"2018-12-14 11:25:15.1520","2018-12-14 11:28:49.1610",3270,"Jersey & 6th St",40.72528910781132,-74.04557168483734,3186,"Grove St PATH",40.71958611647166,-74.04311746358871,26225,"Subscriber",1968,1
113,"2018-12-14 11:52:12.9700","2018-12-14 11:54:06.7130",3270,"Jersey & 6th St",40.72528910781132,-74.04557168483734,3211,"Newark Ave",40.72152515,-74.046304543,26278,"Subscriber",1988,2
422,"2018-12-14 12:45:34.5720","2018-12-14 12:52:36.6120",3270,"Jersey & 6th St",40.72528910781132,-74.04557168483734,3275,"Columbus Drive",40.71835519823214,-74.03891444206238,29595,"Subscriber",1991,2
190,"2018-12-14 15:11:42.0020","2018-12-14 15:14:52.4580",3270,"Jersey & 6th St",40.72528910781132,-74.04557168483734,3186,"Grove St PATH",40.71958611647166,-74.04311746358871,29534,"Subscriber",1977,1
264,"2018-12-14 17:32:13.4900","2018-12-14 17:36:37.8660",3270,"Jersey & 6th St",40.72528910781132,-74.04557168483734,3186,"Grove St PATH",40.71958611647166,-74.04311746358871,26291,"Subscriber",1974,1
247,"2018-12-14 18:34:21.2400","2018-12-14 18:38:29.1010",3270,"Jersey & 6th St",40.72528910781132,-74.04557168483734,3186,"Grove St PATH",40.71958611647166,-74.04311746358871,29239,"Subscriber",1973,1
67,"2018-12-14 18:53:41.4570","2018-12-14 18:54:48.5190",3270,"Jersey & 6th St",40.72528910781132,-74.04557168483734,3272,"Jersey & 3rd",40.72333158646436,-74.04595255851744,29531,"Subscriber",1987,1
1095,"2018-12-14 21:08:29.0740","2018-12-14 21:26:44.3280",3270,"Jersey & 6th St",40.72528910781132,-74.04557168483734,3209,"Brunswick St",40.7241765,-74.0506564,29281,"Subscriber",1990,1
544,"2018-12-14 22:10:50.5290","2018-12-14 22:19:55.0670",3270,"Jersey & 6th St",40.72528910781132,-74.04557168483734,3183,"Exchange Place",40.7162469,-74.0334588,29645,"Subscriber",1990,1
307,"2018-12-15 08:32:15.1950","2018-12-15 08:37:22.9220",3270,"Jersey & 6th St",40.72528910781132,-74.04557168483734,3276,"Marin Light Rail",40.71458403535893,-74.04281705617905,29534,"Subscriber",1989,1
166,"2018-12-15 09:55:18.7080","2018-12-15 09:58:05.4530",3270,"Jersey & 6th St",40.72528910781132,-74.04557168483734,3186,"Grove St PATH",40.71958611647166,-74.04311746358871,29212,"Subscriber",1981,1
239,"2018-12-15 12:41:12.4700","2018-12-15 12:45:11.6000",3270,"Jersey & 6th St",40.72528910781132,-74.04557168483734,3186,"Grove St PATH",40.71958611647166,-74.04311746358871,29487,"Subscriber",1985,1
182,"2018-12-15 13:07:15.2340","2018-12-15 13:10:17.6960",3270,"Jersey & 6th St",40.72528910781132,-74.04557168483734,3273,"Manila & 1st",40.721650724879986,-74.04288411140442,26293,"Subscriber",1963,1
283,"2018-12-15 13:33:04.1620","2018-12-15 13:37:48.1110",3270,"Jersey & 6th St",40.72528910781132,-74.04557168483734,3186,"Grove St PATH",40.71958611647166,-74.04311746358871,26160,"Subscriber",1958,2
695,"2018-12-15 13:56:26.7630","2018-12-15 14:08:02.5400",3270,"Jersey & 6th St",40.72528910781132,-74.04557168483734,3187,"Warren St",40.7211236,-74.03805095,29246,"Subscriber",1988,1
184,"2018-12-15 14:22:32.4930","2018-12-15 14:25:36.7940",3270,"Jersey & 6th St",40.72528910781132,-74.04557168483734,3209,"Brunswick St",40.7241765,-74.0506564,26193,"Subscriber",1981,1
678,"2018-12-15 14:48:32.7100","2018-12-15 14:59:51.1750",3270,"Jersey & 6th St",40.72528910781132,-74.04557168483734,3214,"Essex Light Rail",40.7127742,-74.0364857,29507,"Subscriber",1977,2
103,"2018-12-15 15:02:53.8000","2018-12-15 15:04:37.6900",3270,"Jersey & 6th St",40.72528910781132,-74.04557168483734,3203,"Hamilton Park",40.727595966,-74.044247311,29481,"Subscriber",1981,1
272,"2018-12-15 15:50:02.6160","2018-12-15 15:54:35.4830",3270,"Jersey & 6th St",40.72528910781132,-74.04557168483734,3202,"Newport PATH",40.7272235,-74.0337589,29594,"Subscriber",1977,1
339,"2018-12-15 20:08:56.8980","2018-12-15 20:14:36.5430",3270,"Jersey & 6th St",40.72528910781132,-74.04557168483734,3186,"Grove St PATH",40.71958611647166,-74.04311746358871,29482,"Subscriber",1981,1
490,"2018-12-15 21:11:12.7160","2018-12-15 21:19:23.4560",3270,"Jersey & 6th St",40.72528910781132,-74.04557168483734,3481,"York St",40.71649,-74.04105,29250,"Subscriber",1978,1
482,"2018-12-15 21:11:18.1370","2018-12-15 21:19:20.4410",3270,"Jersey & 6th St",40.72528910781132,-74.04557168483734,3481,"York St",40.71649,-74.04105,29569,"Subscriber",1976,2
378,"2018-12-15 22:52:52.5640","2018-12-15 22:59:10.6620",3270,"Jersey & 6th St",40.72528910781132,-74.04557168483734,3272,"Jersey & 3rd",40.72333158646436,-74.04595255851744,26295,"Subscriber",1958,2
84,"2018-12-15 23:37:24.4230","2018-12-15 23:38:49.2560",3270,"Jersey & 6th St",40.72528910781132,-74.04557168483734,3203,"Hamilton Park",40.727595966,-74.044247311,29504,"Subscriber",1981,1
102,"2018-12-16 06:51:03.3580","2018-12-16 06:52:46.0820",3270,"Jersey & 6th St",40.72528910781132,-74.04557168483734,3211,"Newark Ave",40.72152515,-74.046304543,26316,"Subscriber",1971,1
188,"2018-12-16 09:18:18.7880","2018-12-16 09:21:27.1070",3270,"Jersey & 6th St",40.72528910781132,-74.04557168483734,3186,"Grove St PATH",40.71958611647166,-74.04311746358871,29207,"Subscriber",1992,2
229,"2018-12-16 11:04:16.6720","2018-12-16 11:08:05.7000",3270,"Jersey & 6th St",40.72528910781132,-74.04557168483734,3186,"Grove St PATH",40.71958611647166,-74.04311746358871,29486,"Subscriber",1980,1
267,"2018-12-16 12:44:18.7170","2018-12-16 12:48:46.3140",3270,"Jersey & 6th St",40.72528910781132,-74.04557168483734,3186,"Grove St PATH",40.71958611647166,-74.04311746358871,29306,"Subscriber",1991,2
219,"2018-12-17 06:00:48.8570","2018-12-17 06:04:28.1950",3270,"Jersey & 6th St",40.72528910781132,-74.04557168483734,3186,"Grove St PATH",40.71958611647166,-74.04311746358871,29524,"Subscriber",1976,1
177,"2018-12-17 07:06:50.2180","2018-12-17 07:09:47.8290",3270,"Jersey & 6th St",40.72528910781132,-74.04557168483734,3186,"Grove St PATH",40.71958611647166,-74.04311746358871,29205,"Subscriber",1969,2
98,"2018-12-17 07:10:07.0140","2018-12-17 07:11:45.3370",3270,"Jersey & 6th St",40.72528910781132,-74.04557168483734,3211,"Newark Ave",40.72152515,-74.046304543,26164,"Subscriber",1971,1
174,"2018-12-17 07:20:52.5860","2018-12-17 07:23:47.3800",3270,"Jersey & 6th St",40.72528910781132,-74.04557168483734,3186,"Grove St PATH",40.71958611647166,-74.04311746358871,26281,"Subscriber",1960,1
202,"2018-12-17 07:25:44.7670","2018-12-17 07:29:06.8640",3270,"Jersey & 6th St",40.72528910781132,-74.04557168483734,3186,"Grove St PATH",40.71958611647166,-74.04311746358871,29460,"Subscriber",1956,1
194,"2018-12-17 07:55:00.6770","2018-12-17 07:58:15.4580",3270,"Jersey & 6th St",40.72528910781132,-74.04557168483734,3186,"Grove St PATH",40.71958611647166,-74.04311746358871,26279,"Subscriber",1970,1
147,"2018-12-17 08:16:48.7850","2018-12-17 08:19:16.3340",3270,"Jersey & 6th St",40.72528910781132,-74.04557168483734,3273,"Manila & 1st",40.721650724879986,-74.04288411140442,29440,"Subscriber",1989,1
211,"2018-12-17 08:18:28.2440","2018-12-17 08:21:59.9910",3270,"Jersey & 6th St",40.72528910781132,-74.04557168483734,3186,"Grove St PATH",40.71958611647166,-74.04311746358871,29460,"Subscriber",1968,1
210,"2018-12-17 08:20:56.8480","2018-12-17 08:24:26.9740",3270,"Jersey & 6th St",40.72528910781132,-74.04557168483734,3186,"Grove St PATH",40.71958611647166,-74.04311746358871,29468,"Subscriber",1985,1
207,"2018-12-17 08:42:14.0570","2018-12-17 08:45:41.2170",3270,"Jersey & 6th St",40.72528910781132,-74.04557168483734,3186,"Grove St PATH",40.71958611647166,-74.04311746358871,29209,"Subscriber",1959,1
294,"2018-12-17 08:45:56.9340","2018-12-17 08:50:51.6180",3270,"Jersey & 6th St",40.72528910781132,-74.04557168483734,3186,"Grove St PATH",40.71958611647166,-74.04311746358871,29529,"Subscriber",1992,2
321,"2018-12-17 08:49:18.7670","2018-12-17 08:54:40.2880",3270,"Jersey & 6th St",40.72528910781132,-74.04557168483734,3185,"City Hall",40.7177325,-74.043845,26244,"Subscriber",1973,1
213,"2018-12-17 09:06:56.4350","2018-12-17 09:10:29.9050",3270,"Jersey & 6th St",40.72528910781132,-74.04557168483734,3186,"Grove St PATH",40.71958611647166,-74.04311746358871,26309,"Subscriber",1974,1
215,"2018-12-17 09:14:33.0200","2018-12-17 09:18:08.5660",3270,"Jersey & 6th St",40.72528910781132,-74.04557168483734,3638,"Washington St",40.7242941,-74.0354826,29516,"Subscriber",1992,1
613,"2018-12-17 09:21:04.2950","2018-12-17 09:31:17.7200",3270,"Jersey & 6th St",40.72528910781132,-74.04557168483734,3183,"Exchange Place",40.7162469,-74.0334588,26296,"Subscriber",1987,2
208,"2018-12-17 09:24:31.9240","2018-12-17 09:28:00.4450",3270,"Jersey & 6th St",40.72528910781132,-74.04557168483734,3186,"Grove St PATH",40.71958611647166,-74.04311746358871,29531,"Subscriber",1967,1
308,"2018-12-17 09:29:10.5790","2018-12-17 09:34:18.8620",3270,"Jersey & 6th St",40.72528910781132,-74.04557168483734,3186,"Grove St PATH",40.71958611647166,-74.04311746358871,26183,"Subscriber",1962,1
206,"2018-12-17 10:18:15.6190","2018-12-17 10:21:42.5460",3270,"Jersey & 6th St",40.72528910781132,-74.04557168483734,3186,"Grove St PATH",40.71958611647166,-74.04311746358871,29272,"Subscriber",1981,1
158,"2018-12-17 14:41:56.3990","2018-12-17 14:44:35.0200",3270,"Jersey & 6th St",40.72528910781132,-74.04557168483734,3211,"Newark Ave",40.72152515,-74.046304543,26279,"Subscriber",1991,2
188,"2018-12-17 16:56:56.3010","2018-12-17 17:00:04.6670",3270,"Jersey & 6th St",40.72528910781132,-74.04557168483734,3186,"Grove St PATH",40.71958611647166,-74.04311746358871,26159,"Subscriber",1981,1
162,"2018-12-17 19:18:30.9400","2018-12-17 19:21:13.4190",3270,"Jersey & 6th St",40.72528910781132,-74.04557168483734,3278,"Monmouth and 6th",40.72568548362901,-74.04879033565521,29301,"Subscriber",1983,2
65,"2018-12-17 19:55:06.3460","2018-12-17 19:56:11.6380",3270,"Jersey & 6th St",40.72528910781132,-74.04557168483734,3272,"Jersey & 3rd",40.72333158646436,-74.04595255851744,26184,"Subscriber",1983,1
122,"2018-12-18 00:02:59.2980","2018-12-18 00:05:01.3890",3270,"Jersey & 6th St",40.72528910781132,-74.04557168483734,3203,"Hamilton Park",40.727595966,-74.044247311,29275,"Subscriber",1984,2
199,"2018-12-18 05:58:42.8950","2018-12-18 06:02:02.1680",3270,"Jersey & 6th St",40.72528910781132,-74.04557168483734,3186,"Grove St PATH",40.71958611647166,-74.04311746358871,29516,"Subscriber",1976,1
196,"2018-12-18 06:13:56.3990","2018-12-18 06:17:13.0650",3270,"Jersey & 6th St",40.72528910781132,-74.04557168483734,3186,"Grove St PATH",40.71958611647166,-74.04311746358871,29548,"Subscriber",1969,2
181,"2018-12-18 06:36:27.9390","2018-12-18 06:39:29.6390",3270,"Jersey & 6th St",40.72528910781132,-74.04557168483734,3186,"Grove St PATH",40.71958611647166,-74.04311746358871,29439,"Subscriber",1960,1
291,"2018-12-18 07:15:05.1150","2018-12-18 07:19:56.2890",3270,"Jersey & 6th St",40.72528910781132,-74.04557168483734,3186,"Grove St PATH",40.71958611647166,-74.04311746358871,29529,"Subscriber",1951,1
175,"2018-12-18 07:26:24.4350","2018-12-18 07:29:19.9010",3270,"Jersey & 6th St",40.72528910781132,-74.04557168483734,3186,"Grove St PATH",40.71958611647166,-74.04311746358871,29452,"Subscriber",1969,1
190,"2018-12-18 07:27:08.2220","2018-12-18 07:30:18.7680",3270,"Jersey & 6th St",40.72528910781132,-74.04557168483734,3186,"Grove St PATH",40.71958611647166,-74.04311746358871,29281,"Subscriber",1956,1
212,"2018-12-18 07:44:33.0490","2018-12-18 07:48:05.9970",3270,"Jersey & 6th St",40.72528910781132,-74.04557168483734,3186,"Grove St PATH",40.71958611647166,-74.04311746358871,29619,"Subscriber",1967,1
164,"2018-12-18 08:06:27.7470","2018-12-18 08:09:12.0670",3270,"Jersey & 6th St",40.72528910781132,-74.04557168483734,3273,"Manila & 1st",40.721650724879986,-74.04288411140442,29439,"Subscriber",1981,1
192,"2018-12-18 08:12:13.2340","2018-12-18 08:15:25.8490",3270,"Jersey & 6th St",40.72528910781132,-74.04557168483734,3186,"Grove St PATH",40.71958611647166,-74.04311746358871,29286,"Subscriber",1959,1
171,"2018-12-18 08:14:40.6990","2018-12-18 08:17:32.2670",3270,"Jersey & 6th St",40.72528910781132,-74.04557168483734,3186,"Grove St PATH",40.71958611647166,-74.04311746358871,26279,"Subscriber",1968,1
134,"2018-12-18 08:16:32.7910","2018-12-18 08:18:46.9020",3270,"Jersey & 6th St",40.72528910781132,-74.04557168483734,3273,"Manila & 1st",40.721650724879986,-74.04288411140442,29245,"Subscriber",1989,1
372,"2018-12-18 08:19:17.1480","2018-12-18 08:25:29.5550",3270,"Jersey & 6th St",40.72528910781132,-74.04557168483734,3275,"Columbus Drive",40.71835519823214,-74.03891444206238,29288,"Subscriber",1963,1
157,"2018-12-18 08:20:02.1330","2018-12-18 08:22:39.4460",3270,"Jersey & 6th St",40.72528910781132,-74.04557168483734,3186,"Grove St PATH",40.71958611647166,-74.04311746358871,26225,"Subscriber",1985,1
151,"2018-12-18 08:24:48.3470","2018-12-18 08:27:20.3000",3270,"Jersey & 6th St",40.72528910781132,-74.04557168483734,3273,"Manila & 1st",40.721650724879986,-74.04288411140442,29214,"Subscriber",1973,1
215,"2018-12-18 08:25:02.4690","2018-12-18 08:28:37.9600",3270,"Jersey & 6th St",40.72528910781132,-74.04557168483734,3186,"Grove St PATH",40.71958611647166,-74.04311746358871,29577,"Subscriber",1985,1
121,"2018-12-18 08:28:53.6360","2018-12-18 08:30:54.9130",3270,"Jersey & 6th St",40.72528910781132,-74.04557168483734,3273,"Manila & 1st",40.721650724879986,-74.04288411140442,29260,"Subscriber",1993,1
749,"2018-12-18 08:42:30.4510","2018-12-18 08:54:59.9680",3270,"Jersey & 6th St",40.72528910781132,-74.04557168483734,3186,"Grove St PATH",40.71958611647166,-74.04311746358871,29646,"Subscriber",1981,1
561,"2018-12-18 09:03:17.4720","2018-12-18 09:12:39.2520",3270,"Jersey & 6th St",40.72528910781132,-74.04557168483734,3183,"Exchange Place",40.7162469,-74.0334588,29665,"Subscriber",1987,2
207,"2018-12-18 09:11:16.9310","2018-12-18 09:14:44.0120",3270,"Jersey & 6th St",40.72528910781132,-74.04557168483734,3186,"Grove St PATH",40.71958611647166,-74.04311746358871,26173,"Subscriber",1974,1
175,"2018-12-18 09:17:47.4460","2018-12-18 09:20:42.7810",3270,"Jersey & 6th St",40.72528910781132,-74.04557168483734,3186,"Grove St PATH",40.71958611647166,-74.04311746358871,29283,"Subscriber",1988,1
193,"2018-12-18 09:30:18.9240","2018-12-18 09:33:32.4100",3270,"Jersey & 6th St",40.72528910781132,-74.04557168483734,3186,"Grove St PATH",40.71958611647166,-74.04311746358871,29663,"Subscriber",1987,1
191,"2018-12-18 09:31:19.1020","2018-12-18 09:34:30.2560",3270,"Jersey & 6th St",40.72528910781132,-74.04557168483734,3638,"Washington St",40.7242941,-74.0354826,29206,"Subscriber",1992,1
112,"2018-12-18 09:32:17.8340","2018-12-18 09:34:09.8510",3270,"Jersey & 6th St",40.72528910781132,-74.04557168483734,3211,"Newark Ave",40.72152515,-74.046304543,29481,"Subscriber",1983,2
212,"2018-12-18 09:33:44.6770","2018-12-18 09:37:17.1730",3270,"Jersey & 6th St",40.72528910781132,-74.04557168483734,3186,"Grove St PATH",40.71958611647166,-74.04311746358871,29228,"Subscriber",1988,2
99,"2018-12-18 11:01:40.9600","2018-12-18 11:03:20.4030",3270,"Jersey & 6th St",40.72528910781132,-74.04557168483734,3211,"Newark Ave",40.72152515,-74.046304543,26311,"Subscriber",1958,2
149,"2018-12-18 12:28:39.4150","2018-12-18 12:31:09.0780",3270,"Jersey & 6th St",40.72528910781132,-74.04557168483734,3186,"Grove St PATH",40.71958611647166,-74.04311746358871,26198,"Subscriber",1977,1
167,"2018-12-18 14:34:49.0560","2018-12-18 14:37:36.1830",3270,"Jersey & 6th St",40.72528910781132,-74.04557168483734,3211,"Newark Ave",40.72152515,-74.046304543,29484,"Subscriber",1991,2
107,"2018-12-18 18:11:02.9640","2018-12-18 18:12:50.5820",3270,"Jersey & 6th St",40.72528910781132,-74.04557168483734,3211,"Newark Ave",40.72152515,-74.046304543,29672,"Subscriber",1987,1
236,"2018-12-18 19:13:23.9980","2018-12-18 19:17:20.4880",3270,"Jersey & 6th St",40.72528910781132,-74.04557168483734,3186,"Grove St PATH",40.71958611647166,-74.04311746358871,29124,"Subscriber",1978,1
219,"2018-12-18 19:53:49.5360","2018-12-18 19:57:28.9410",3270,"Jersey & 6th St",40.72528910781132,-74.04557168483734,3186,"Grove St PATH",40.71958611647166,-74.04311746358871,26187,"Subscriber",1986,1
200,"2018-12-18 20:25:36.3140","2018-12-18 20:28:56.8840",3270,"Jersey & 6th St",40.72528910781132,-74.04557168483734,3209,"Brunswick St",40.7241765,-74.0506564,29225,"Subscriber",1989,2
221,"2018-12-19 05:50:34.4830","2018-12-19 05:54:16.2080",3270,"Jersey & 6th St",40.72528910781132,-74.04557168483734,3186,"Grove St PATH",40.71958611647166,-74.04311746358871,29444,"Subscriber",1976,1
200,"2018-12-19 06:41:03.4670","2018-12-19 06:44:24.3900",3270,"Jersey & 6th St",40.72528910781132,-74.04557168483734,3186,"Grove St PATH",40.71958611647166,-74.04311746358871,29672,"Subscriber",1969,2
209,"2018-12-19 07:24:24.7670","2018-12-19 07:27:54.0510",3270,"Jersey & 6th St",40.72528910781132,-74.04557168483734,3186,"Grove St PATH",40.71958611647166,-74.04311746358871,29293,"Subscriber",1969,1
99,"2018-12-19 07:26:55.1540","2018-12-19 07:28:34.7370",3270,"Jersey & 6th St",40.72528910781132,-74.04557168483734,3211,"Newark Ave",40.72152515,-74.046304543,29499,"Subscriber",1971,1
249,"2018-12-19 07:42:17.7820","2018-12-19 07:46:27.1540",3270,"Jersey & 6th St",40.72528910781132,-74.04557168483734,3186,"Grove St PATH",40.71958611647166,-74.04311746358871,26170,"Subscriber",1956,1
306,"2018-12-19 07:46:02.6330","2018-12-19 07:51:08.7250",3270,"Jersey & 6th St",40.72528910781132,-74.04557168483734,3275,"Columbus Drive",40.71835519823214,-74.03891444206238,26171,"Subscriber",1963,1
237,"2018-12-19 07:50:01.0290","2018-12-19 07:53:58.1410",3270,"Jersey & 6th St",40.72528910781132,-74.04557168483734,3186,"Grove St PATH",40.71958611647166,-74.04311746358871,29665,"Subscriber",1971,2
189,"2018-12-19 08:03:35.4390","2018-12-19 08:06:44.5700",3270,"Jersey & 6th St",40.72528910781132,-74.04557168483734,3186,"Grove St PATH",40.71958611647166,-74.04311746358871,29231,"Subscriber",1970,1
198,"2018-12-19 08:06:10.6740","2018-12-19 08:09:29.2150",3270,"Jersey & 6th St",40.72528910781132,-74.04557168483734,3186,"Grove St PATH",40.71958611647166,-74.04311746358871,29589,"Subscriber",1979,1
165,"2018-12-19 08:11:54.4840","2018-12-19 08:14:39.5340",3270,"Jersey & 6th St",40.72528910781132,-74.04557168483734,3273,"Manila & 1st",40.721650724879986,-74.04288411140442,29500,"Subscriber",1989,1
178,"2018-12-19 08:19:13.3980","2018-12-19 08:22:12.2220",3270,"Jersey & 6th St",40.72528910781132,-74.04557168483734,3273,"Manila & 1st",40.721650724879986,-74.04288411140442,26200,"Subscriber",1987,1
153,"2018-12-19 08:21:55.2560","2018-12-19 08:24:28.6100",3270,"Jersey & 6th St",40.72528910781132,-74.04557168483734,3273,"Manila & 1st",40.721650724879986,-74.04288411140442,29487,"Subscriber",1986,2
185,"2018-12-19 08:23:38.5730","2018-12-19 08:26:44.4620",3270,"Jersey & 6th St",40.72528910781132,-74.04557168483734,3186,"Grove St PATH",40.71958611647166,-74.04311746358871,29662,"Subscriber",1973,1
166,"2018-12-19 08:24:38.4730","2018-12-19 08:27:24.5240",3270,"Jersey & 6th St",40.72528910781132,-74.04557168483734,3186,"Grove St PATH",40.71958611647166,-74.04311746358871,29672,"Subscriber",1985,1
136,"2018-12-19 11:11:40.8280","2018-12-19 11:13:57.4140",3270,"Jersey & 6th St",40.72528910781132,-74.04557168483734,3211,"Newark Ave",40.72152515,-74.046304543,29544,"Subscriber",1972,1
615,"2018-12-19 11:14:20.2540","2018-12-19 11:24:35.9680",3270,"Jersey & 6th St",40.72528910781132,-74.04557168483734,3183,"Exchange Place",40.7162469,-74.0334588,29284,"Subscriber",1987,2
191,"2018-12-19 11:48:02.5570","2018-12-19 11:51:14.0390",3270,"Jersey & 6th St",40.72528910781132,-74.04557168483734,3186,"Grove St PATH",40.71958611647166,-74.04311746358871,29499,"Subscriber",1977,1
193,"2018-12-19 14:22:19.8100","2018-12-19 14:25:32.8430",3270,"Jersey & 6th St",40.72528910781132,-74.04557168483734,3211,"Newark Ave",40.72152515,-74.046304543,29276,"Subscriber",1991,2
188,"2018-12-19 14:31:21.2470","2018-12-19 14:34:29.9670",3270,"Jersey & 6th St",40.72528910781132,-74.04557168483734,3186,"Grove St PATH",40.71958611647166,-74.04311746358871,29215,"Subscriber",1991,2
215,"2018-12-19 16:12:21.4150","2018-12-19 16:15:57.3080",3270,"Jersey & 6th St",40.72528910781132,-74.04557168483734,3186,"Grove St PATH",40.71958611647166,-74.04311746358871,29508,"Subscriber",1976,1
119,"2018-12-19 16:56:23.4660","2018-12-19 16:58:22.7280",3270,"Jersey & 6th St",40.72528910781132,-74.04557168483734,3211,"Newark Ave",40.72152515,-74.046304543,26311,"Subscriber",1958,2
2006,"2018-12-19 17:11:57.6720","2018-12-19 17:45:24.0750",3270,"Jersey & 6th St",40.72528910781132,-74.04557168483734,3270,"Jersey & 6th St",40.72528910781132,-74.04557168483734,29241,"Subscriber",1977,1
253,"2018-12-19 17:57:27.0390","2018-12-19 18:01:40.9800",3270,"Jersey & 6th St",40.72528910781132,-74.04557168483734,3186,"Grove St PATH",40.71958611647166,-74.04311746358871,26262,"Subscriber",1959,1
190,"2018-12-19 17:59:15.9830","2018-12-19 18:02:26.3920",3270,"Jersey & 6th St",40.72528910781132,-74.04557168483734,3186,"Grove St PATH",40.71958611647166,-74.04311746358871,26187,"Subscriber",1981,1
219,"2018-12-19 19:16:34.1330","2018-12-19 19:20:13.6810",3270,"Jersey & 6th St",40.72528910781132,-74.04557168483734,3273,"Manila & 1st",40.721650724879986,-74.04288411140442,29297,"Subscriber",1968,2
292,"2018-12-19 22:21:47.1310","2018-12-19 22:26:39.4790",3270,"Jersey & 6th St",40.72528910781132,-74.04557168483734,3276,"Marin Light Rail",40.71458403535893,-74.04281705617905,29612,"Subscriber",1989,1
211,"2018-12-20 05:56:09.4210","2018-12-20 05:59:40.7720",3270,"Jersey & 6th St",40.72528910781132,-74.04557168483734,3186,"Grove St PATH",40.71958611647166,-74.04311746358871,29445,"Subscriber",1976,1
191,"2018-12-20 07:07:59.1770","2018-12-20 07:11:10.4290",3270,"Jersey & 6th St",40.72528910781132,-74.04557168483734,3186,"Grove St PATH",40.71958611647166,-74.04311746358871,29262,"Subscriber",1969,2
190,"2018-12-20 07:28:59.5660","2018-12-20 07:32:09.6080",3270,"Jersey & 6th St",40.72528910781132,-74.04557168483734,3186,"Grove St PATH",40.71958611647166,-74.04311746358871,26284,"Subscriber",1969,1
279,"2018-12-20 07:29:16.3960","2018-12-20 07:33:56.1910",3270,"Jersey & 6th St",40.72528910781132,-74.04557168483734,3273,"Manila & 1st",40.721650724879986,-74.04288411140442,29297,"Subscriber",1968,2
237,"2018-12-20 07:39:28.8900","2018-12-20 07:43:26.3300",3270,"Jersey & 6th St",40.72528910781132,-74.04557168483734,3186,"Grove St PATH",40.71958611647166,-74.04311746358871,29127,"Subscriber",1956,1
237,"2018-12-20 07:47:29.0900","2018-12-20 07:51:26.8890",3270,"Jersey & 6th St",40.72528910781132,-74.04557168483734,3186,"Grove St PATH",40.71958611647166,-74.04311746358871,29576,"Subscriber",1985,1
209,"2018-12-20 07:53:45.8820","2018-12-20 07:57:15.6270",3270,"Jersey & 6th St",40.72528910781132,-74.04557168483734,3186,"Grove St PATH",40.71958611647166,-74.04311746358871,29252,"Subscriber",1970,1
215,"2018-12-20 07:55:11.6920","2018-12-20 07:58:47.0860",3270,"Jersey & 6th St",40.72528910781132,-74.04557168483734,3186,"Grove St PATH",40.71958611647166,-74.04311746358871,29241,"Subscriber",1992,2
183,"2018-12-20 08:17:13.3180","2018-12-20 08:20:16.4870",3270,"Jersey & 6th St",40.72528910781132,-74.04557168483734,3186,"Grove St PATH",40.71958611647166,-74.04311746358871,29536,"Subscriber",1991,1
152,"2018-12-20 12:41:23.3620","2018-12-20 12:43:55.7990",3270,"Jersey & 6th St",40.72528910781132,-74.04557168483734,3211,"Newark Ave",40.72152515,-74.046304543,29445,"Subscriber",1982,2
171,"2018-12-20 12:51:30.4820","2018-12-20 12:54:22.3270",3270,"Jersey & 6th St",40.72528910781132,-74.04557168483734,3186,"Grove St PATH",40.71958611647166,-74.04311746358871,29257,"Subscriber",1967,1
448,"2018-12-20 13:20:00.9700","2018-12-20 13:27:29.1290",3270,"Jersey & 6th St",40.72528910781132,-74.04557168483734,3186,"Grove St PATH",40.71958611647166,-74.04311746358871,29281,"Subscriber",1951,1
487,"2018-12-20 13:30:20.1210","2018-12-20 13:38:27.3330",3270,"Jersey & 6th St",40.72528910781132,-74.04557168483734,3183,"Exchange Place",40.7162469,-74.0334588,29528,"Subscriber",1987,1
572,"2018-12-20 13:45:32.6860","2018-12-20 13:55:05.2430",3270,"Jersey & 6th St",40.72528910781132,-74.04557168483734,3202,"Newport PATH",40.7272235,-74.0337589,29544,"Subscriber",1991,1
167,"2018-12-20 15:37:58.4220","2018-12-20 15:40:46.1890",3270,"Jersey & 6th St",40.72528910781132,-74.04557168483734,3186,"Grove St PATH",40.71958611647166,-74.04311746358871,29199,"Subscriber",1978,1
157,"2018-12-20 16:03:35.9790","2018-12-20 16:06:13.3830",3270,"Jersey & 6th St",40.72528910781132,-74.04557168483734,3186,"Grove St PATH",40.71958611647166,-74.04311746358871,29257,"Subscriber",1985,1
195,"2018-12-20 17:59:42.9940","2018-12-20 18:02:58.9580",3270,"Jersey & 6th St",40.72528910781132,-74.04557168483734,3186,"Grove St PATH",40.71958611647166,-74.04311746358871,26213,"Subscriber",1981,1
154,"2018-12-20 18:59:54.0080","2018-12-20 19:02:28.5330",3270,"Jersey & 6th St",40.72528910781132,-74.04557168483734,3273,"Manila & 1st",40.721650724879986,-74.04288411140442,29582,"Subscriber",1969,2
224,"2018-12-21 06:05:47.4890","2018-12-21 06:09:31.9360",3270,"Jersey & 6th St",40.72528910781132,-74.04557168483734,3186,"Grove St PATH",40.71958611647166,-74.04311746358871,29215,"Subscriber",1969,2
101,"2018-12-21 07:39:47.5840","2018-12-21 07:41:29.0480",3270,"Jersey & 6th St",40.72528910781132,-74.04557168483734,3211,"Newark Ave",40.72152515,-74.046304543,26267,"Subscriber",1971,1
227,"2018-12-21 07:42:49.9510","2018-12-21 07:46:37.0170",3270,"Jersey & 6th St",40.72528910781132,-74.04557168483734,3186,"Grove St PATH",40.71958611647166,-74.04311746358871,29469,"Subscriber",1976,1
244,"2018-12-21 08:29:49.2580","2018-12-21 08:33:53.8980",3270,"Jersey & 6th St",40.72528910781132,-74.04557168483734,3186,"Grove St PATH",40.71958611647166,-74.04311746358871,29127,"Subscriber",1981,1
386,"2018-12-21 10:17:51.4900","2018-12-21 10:24:17.8680",3270,"Jersey & 6th St",40.72528910781132,-74.04557168483734,3202,"Newport PATH",40.7272235,-74.0337589,29471,"Subscriber",1956,1
93,"2018-12-21 17:59:47.4450","2018-12-21 18:01:21.4370",3270,"Jersey & 6th St",40.72528910781132,-74.04557168483734,3211,"Newark Ave",40.72152515,-74.046304543,29458,"Subscriber",1987,1
185,"2018-12-21 18:32:33.2510","2018-12-21 18:35:38.7300",3270,"Jersey & 6th St",40.72528910781132,-74.04557168483734,3186,"Grove St PATH",40.71958611647166,-74.04311746358871,29528,"Subscriber",1987,1
146,"2018-12-21 20:45:18.6690","2018-12-21 20:47:44.8170",3270,"Jersey & 6th St",40.72528910781132,-74.04557168483734,3273,"Manila & 1st",40.721650724879986,-74.04288411140442,26203,"Subscriber",1985,1
219,"2018-12-21 23:35:42.8030","2018-12-21 23:39:21.8650",3270,"Jersey & 6th St",40.72528910781132,-74.04557168483734,3213,"Van Vorst Park",40.71848892,-74.047726625,26246,"Subscriber",1969,1
205,"2018-12-22 01:34:18.4920","2018-12-22 01:37:43.5160",3270,"Jersey & 6th St",40.72528910781132,-74.04557168483734,3186,"Grove St PATH",40.71958611647166,-74.04311746358871,26306,"Subscriber",1988,1
160,"2018-12-22 09:58:42.1420","2018-12-22 10:01:22.8430",3270,"Jersey & 6th St",40.72528910781132,-74.04557168483734,3186,"Grove St PATH",40.71958611647166,-74.04311746358871,29276,"Subscriber",1992,2
158,"2018-12-22 10:12:20.3510","2018-12-22 10:14:59.1680",3270,"Jersey & 6th St",40.72528910781132,-74.04557168483734,3211,"Newark Ave",40.72152515,-74.046304543,29577,"Subscriber",1958,2
162,"2018-12-22 10:25:42.3810","2018-12-22 10:28:24.6420",3270,"Jersey & 6th St",40.72528910781132,-74.04557168483734,3273,"Manila & 1st",40.721650724879986,-74.04288411140442,26206,"Subscriber",1969,2
265,"2018-12-22 10:51:56.4690","2018-12-22 10:56:22.4070",3270,"Jersey & 6th St",40.72528910781132,-74.04557168483734,3185,"City Hall",40.7177325,-74.043845,26203,"Subscriber",1959,1
257,"2018-12-22 12:24:59.1650","2018-12-22 12:29:16.6650",3270,"Jersey & 6th St",40.72528910781132,-74.04557168483734,3185,"City Hall",40.7177325,-74.043845,29273,"Subscriber",1972,1
101,"2018-12-22 13:52:07.4630","2018-12-22 13:53:49.2120",3270,"Jersey & 6th St",40.72528910781132,-74.04557168483734,3211,"Newark Ave",40.72152515,-74.046304543,29502,"Subscriber",1995,1
179,"2018-12-22 14:25:45.9690","2018-12-22 14:28:45.3110",3270,"Jersey & 6th St",40.72528910781132,-74.04557168483734,3638,"Washington St",40.7242941,-74.0354826,29608,"Subscriber",1985,1
96,"2018-12-22 14:41:31.8210","2018-12-22 14:43:08.5530",3270,"Jersey & 6th St",40.72528910781132,-74.04557168483734,3211,"Newark Ave",40.72152515,-74.046304543,29442,"Subscriber",1991,1
244,"2018-12-22 16:18:07.3570","2018-12-22 16:22:11.3680",3270,"Jersey & 6th St",40.72528910781132,-74.04557168483734,3209,"Brunswick St",40.7241765,-74.0506564,34791,"Subscriber",1983,2
1417,"2018-12-22 17:03:27.3610","2018-12-22 17:27:05.0280",3270,"Jersey & 6th St",40.72528910781132,-74.04557168483734,3194,"McGinley Square",40.7253399253558,-74.06762212514877,29289,"Subscriber",1978,1
102,"2018-12-22 17:49:09.2410","2018-12-22 17:50:51.5450",3270,"Jersey & 6th St",40.72528910781132,-74.04557168483734,3211,"Newark Ave",40.72152515,-74.046304543,29577,"Subscriber",1987,1
1105,"2018-12-22 18:37:10.2500","2018-12-22 18:55:35.2540",3270,"Jersey & 6th St",40.72528910781132,-74.04557168483734,3270,"Jersey & 6th St",40.72528910781132,-74.04557168483734,29257,"Subscriber",1978,1
365,"2018-12-23 07:47:37.8470","2018-12-23 07:53:43.3560",3270,"Jersey & 6th St",40.72528910781132,-74.04557168483734,3183,"Exchange Place",40.7162469,-74.0334588,34791,"Subscriber",1992,2
182,"2018-12-23 09:02:25.4680","2018-12-23 09:05:28.2500",3270,"Jersey & 6th St",40.72528910781132,-74.04557168483734,3273,"Manila & 1st",40.721650724879986,-74.04288411140442,29257,"Subscriber",1979,2
250,"2018-12-23 09:20:55.6010","2018-12-23 09:25:05.9820",3270,"Jersey & 6th St",40.72528910781132,-74.04557168483734,3186,"Grove St PATH",40.71958611647166,-74.04311746358871,34791,"Subscriber",1958,2
174,"2018-12-23 12:44:35.0350","2018-12-23 12:47:29.1180",3270,"Jersey & 6th St",40.72528910781132,-74.04557168483734,3186,"Grove St PATH",40.71958611647166,-74.04311746358871,29264,"Subscriber",1960,1
89,"2018-12-23 13:15:58.0450","2018-12-23 13:17:27.6880",3270,"Jersey & 6th St",40.72528910781132,-74.04557168483734,3272,"Jersey & 3rd",40.72333158646436,-74.04595255851744,26292,"Subscriber",1992,1
182,"2018-12-23 13:17:56.4480","2018-12-23 13:20:58.6960",3270,"Jersey & 6th St",40.72528910781132,-74.04557168483734,3273,"Manila & 1st",40.721650724879986,-74.04288411140442,29245,"Subscriber",1959,1
1743,"2018-12-23 15:43:42.7480","2018-12-23 16:12:46.6230",3270,"Jersey & 6th St",40.72528910781132,-74.04557168483734,3213,"Van Vorst Park",40.71848892,-74.047726625,26296,"Subscriber",1969,1
73,"2018-12-23 17:03:27.4700","2018-12-23 17:04:41.2360",3270,"Jersey & 6th St",40.72528910781132,-74.04557168483734,3272,"Jersey & 3rd",40.72333158646436,-74.04595255851744,29214,"Subscriber",1976,1
244,"2018-12-23 19:49:17.6600","2018-12-23 19:53:22.1850",3270,"Jersey & 6th St",40.72528910781132,-74.04557168483734,3186,"Grove St PATH",40.71958611647166,-74.04311746358871,29257,"Subscriber",1958,2
208,"2018-12-24 05:51:31.1860","2018-12-24 05:54:59.4490",3270,"Jersey & 6th St",40.72528910781132,-74.04557168483734,3186,"Grove St PATH",40.71958611647166,-74.04311746358871,29492,"Subscriber",1992,2
223,"2018-12-24 07:32:14.5100","2018-12-24 07:35:57.9300",3270,"Jersey & 6th St",40.72528910781132,-74.04557168483734,3186,"Grove St PATH",40.71958611647166,-74.04311746358871,26192,"Subscriber",1956,1
106,"2018-12-24 08:09:23.9750","2018-12-24 08:11:10.0740",3270,"Jersey & 6th St",40.72528910781132,-74.04557168483734,3211,"Newark Ave",40.72152515,-74.046304543,29652,"Subscriber",1971,1
164,"2018-12-24 08:39:10.5280","2018-12-24 08:41:54.5340",3270,"Jersey & 6th St",40.72528910781132,-74.04557168483734,3273,"Manila & 1st",40.721650724879986,-74.04288411140442,29546,"Subscriber",1981,1
340,"2018-12-24 08:39:32.7140","2018-12-24 08:45:13.0260",3270,"Jersey & 6th St",40.72528910781132,-74.04557168483734,3275,"Columbus Drive",40.71835519823214,-74.03891444206238,29212,"Subscriber",1963,1
199,"2018-12-24 08:59:36.2350","2018-12-24 09:02:55.5950",3270,"Jersey & 6th St",40.72528910781132,-74.04557168483734,3186,"Grove St PATH",40.71958611647166,-74.04311746358871,29257,"Subscriber",1985,1
64,"2018-12-24 12:46:32.2600","2018-12-24 12:47:36.7450",3270,"Jersey & 6th St",40.72528910781132,-74.04557168483734,3272,"Jersey & 3rd",40.72333158646436,-74.04595255851744,29264,"Subscriber",1976,1
287,"2018-12-24 17:57:15.3670","2018-12-24 18:02:03.3310",3270,"Jersey & 6th St",40.72528910781132,-74.04557168483734,3186,"Grove St PATH",40.71958611647166,-74.04311746358871,29572,"Subscriber",1992,2
174,"2018-12-24 18:42:22.0330","2018-12-24 18:45:16.8800",3270,"Jersey & 6th St",40.72528910781132,-74.04557168483734,3273,"Manila & 1st",40.721650724879986,-74.04288411140442,26170,"Subscriber",1960,1
114,"2018-12-25 09:24:42.0750","2018-12-25 09:26:36.9560",3270,"Jersey & 6th St",40.72528910781132,-74.04557168483734,3269,"Brunswick & 6th",40.72601172964625,-74.05038893222809,29282,"Subscriber",1978,1
69,"2018-12-25 15:51:29.4270","2018-12-25 15:52:38.7220",3270,"Jersey & 6th St",40.72528910781132,-74.04557168483734,3272,"Jersey & 3rd",40.72333158646436,-74.04595255851744,29586,"Subscriber",1960,1
322,"2018-12-25 20:17:26.2810","2018-12-25 20:22:49.2710",3270,"Jersey & 6th St",40.72528910781132,-74.04557168483734,3273,"Manila & 1st",40.721650724879986,-74.04288411140442,26296,"Subscriber",1984,1
325,"2018-12-25 20:17:23.4460","2018-12-25 20:22:49.3710",3270,"Jersey & 6th St",40.72528910781132,-74.04557168483734,3273,"Manila & 1st",40.721650724879986,-74.04288411140442,26212,"Subscriber",1983,2
246,"2018-12-26 07:12:03.3920","2018-12-26 07:16:10.3130",3270,"Jersey & 6th St",40.72528910781132,-74.04557168483734,3202,"Newport PATH",40.7272235,-74.0337589,29629,"Subscriber",1968,1
93,"2018-12-26 08:18:47.0070","2018-12-26 08:20:20.1460",3270,"Jersey & 6th St",40.72528910781132,-74.04557168483734,3272,"Jersey & 3rd",40.72333158646436,-74.04595255851744,29442,"Subscriber",1988,1
198,"2018-12-26 09:06:30.0880","2018-12-26 09:09:48.3100",3270,"Jersey & 6th St",40.72528910781132,-74.04557168483734,3186,"Grove St PATH",40.71958611647166,-74.04311746358871,29586,"Subscriber",1959,1
313,"2018-12-26 09:10:07.4440","2018-12-26 09:15:21.1310",3270,"Jersey & 6th St",40.72528910781132,-74.04557168483734,3275,"Columbus Drive",40.71835519823214,-74.03891444206238,29458,"Subscriber",1963,1
468,"2018-12-26 14:07:53.9680","2018-12-26 14:15:42.4050",3270,"Jersey & 6th St",40.72528910781132,-74.04557168483734,3186,"Grove St PATH",40.71958611647166,-74.04311746358871,26244,"Subscriber",1992,2
477,"2018-12-26 18:09:57.4190","2018-12-26 18:17:54.7980",3270,"Jersey & 6th St",40.72528910781132,-74.04557168483734,3202,"Newport PATH",40.7272235,-74.0337589,26260,"Subscriber",1977,1
322,"2018-12-26 19:33:37.7500","2018-12-26 19:39:00.5010",3270,"Jersey & 6th St",40.72528910781132,-74.04557168483734,3211,"Newark Ave",40.72152515,-74.046304543,29603,"Subscriber",1994,2
217,"2018-12-27 05:47:19.2060","2018-12-27 05:50:56.4060",3270,"Jersey & 6th St",40.72528910781132,-74.04557168483734,3186,"Grove St PATH",40.71958611647166,-74.04311746358871,29645,"Subscriber",1976,1
171,"2018-12-27 06:09:31.2480","2018-12-27 06:12:22.7080",3270,"Jersey & 6th St",40.72528910781132,-74.04557168483734,3186,"Grove St PATH",40.71958611647166,-74.04311746358871,29307,"Subscriber",1992,2
292,"2018-12-27 06:24:38.5620","2018-12-27 06:29:30.6740",3270,"Jersey & 6th St",40.72528910781132,-74.04557168483734,3202,"Newport PATH",40.7272235,-74.0337589,29655,"Subscriber",1968,1
161,"2018-12-27 07:29:18.9560","2018-12-27 07:32:00.9500",3270,"Jersey & 6th St",40.72528910781132,-74.04557168483734,3186,"Grove St PATH",40.71958611647166,-74.04311746358871,29276,"Subscriber",1981,1
212,"2018-12-27 08:18:04.4290","2018-12-27 08:21:36.7610",3270,"Jersey & 6th St",40.72528910781132,-74.04557168483734,3186,"Grove St PATH",40.71958611647166,-74.04311746358871,29521,"Subscriber",1981,1
171,"2018-12-27 08:20:32.5130","2018-12-27 08:23:24.2590",3270,"Jersey & 6th St",40.72528910781132,-74.04557168483734,3186,"Grove St PATH",40.71958611647166,-74.04311746358871,29549,"Subscriber",1985,1
177,"2018-12-27 08:24:13.4800","2018-12-27 08:27:10.7820",3270,"Jersey & 6th St",40.72528910781132,-74.04557168483734,3273,"Manila & 1st",40.721650724879986,-74.04288411140442,29304,"Subscriber",1987,1
186,"2018-12-27 08:41:00.9540","2018-12-27 08:44:07.7060",3270,"Jersey & 6th St",40.72528910781132,-74.04557168483734,3186,"Grove St PATH",40.71958611647166,-74.04311746358871,29554,"Subscriber",1959,1
205,"2018-12-27 09:05:20.9580","2018-12-27 09:08:46.6380",3270,"Jersey & 6th St",40.72528910781132,-74.04557168483734,3273,"Manila & 1st",40.721650724879986,-74.04288411140442,29212,"Subscriber",1979,2
547,"2018-12-27 09:23:09.8400","2018-12-27 09:32:17.6670",3270,"Jersey & 6th St",40.72528910781132,-74.04557168483734,3183,"Exchange Place",40.7162469,-74.0334588,26197,"Subscriber",1987,2
182,"2018-12-27 10:30:58.8920","2018-12-27 10:34:01.0890",3270,"Jersey & 6th St",40.72528910781132,-74.04557168483734,3186,"Grove St PATH",40.71958611647166,-74.04311746358871,29225,"Subscriber",1986,1
478,"2018-12-27 10:40:12.1210","2018-12-27 10:48:10.2260",3270,"Jersey & 6th St",40.72528910781132,-74.04557168483734,3183,"Exchange Place",40.7162469,-74.0334588,29299,"Subscriber",1979,2
431,"2018-12-27 12:44:59.1700","2018-12-27 12:52:10.5280",3270,"Jersey & 6th St",40.72528910781132,-74.04557168483734,3186,"Grove St PATH",40.71958611647166,-74.04311746358871,29290,"Customer",1969,0
221,"2018-12-27 13:33:17.8720","2018-12-27 13:36:59.8190",3270,"Jersey & 6th St",40.72528910781132,-74.04557168483734,3205,"JC Medical Center",40.71653978099194,-74.0496379137039,26291,"Subscriber",1978,1
657,"2018-12-27 16:37:25.5440","2018-12-27 16:48:23.5360",3270,"Jersey & 6th St",40.72528910781132,-74.04557168483734,3202,"Newport PATH",40.7272235,-74.0337589,29292,"Subscriber",1977,1
266,"2018-12-27 19:12:37.1130","2018-12-27 19:17:03.6450",3270,"Jersey & 6th St",40.72528910781132,-74.04557168483734,3186,"Grove St PATH",40.71958611647166,-74.04311746358871,29616,"Subscriber",1978,1
196,"2018-12-27 19:55:16.3930","2018-12-27 19:58:32.6020",3270,"Jersey & 6th St",40.72528910781132,-74.04557168483734,3273,"Manila & 1st",40.721650724879986,-74.04288411140442,29607,"Subscriber",1982,2
365,"2018-12-27 21:36:06.3060","2018-12-27 21:42:11.3850",3270,"Jersey & 6th St",40.72528910781132,-74.04557168483734,3279,"Dixon Mills",40.721630142638354,-74.04996782541275,29522,"Subscriber",1986,1
372,"2018-12-27 21:36:13.0340","2018-12-27 21:42:25.9860",3270,"Jersey & 6th St",40.72528910781132,-74.04557168483734,3279,"Dixon Mills",40.721630142638354,-74.04996782541275,29241,"Subscriber",1987,2
190,"2018-12-28 05:53:28.1830","2018-12-28 05:56:38.4860",3270,"Jersey & 6th St",40.72528910781132,-74.04557168483734,3186,"Grove St PATH",40.71958611647166,-74.04311746358871,26174,"Subscriber",1976,1
204,"2018-12-28 06:20:04.1440","2018-12-28 06:23:28.7080",3270,"Jersey & 6th St",40.72528910781132,-74.04557168483734,3186,"Grove St PATH",40.71958611647166,-74.04311746358871,29204,"Subscriber",1992,2
79,"2018-12-28 08:39:08.7090","2018-12-28 08:40:28.1810",3270,"Jersey & 6th St",40.72528910781132,-74.04557168483734,3272,"Jersey & 3rd",40.72333158646436,-74.04595255851744,26202,"Subscriber",1961,2
268,"2018-12-28 14:35:28.0030","2018-12-28 14:39:56.5810",3270,"Jersey & 6th St",40.72528910781132,-74.04557168483734,3186,"Grove St PATH",40.71958611647166,-74.04311746358871,29290,"Subscriber",1983,2
228,"2018-12-29 07:45:33.3270","2018-12-29 07:49:22.2090",3270,"Jersey & 6th St",40.72528910781132,-74.04557168483734,3186,"Grove St PATH",40.71958611647166,-74.04311746358871,26309,"Subscriber",1992,2
105,"2018-12-29 09:50:11.7560","2018-12-29 09:51:57.0810",3270,"Jersey & 6th St",40.72528910781132,-74.04557168483734,3211,"Newark Ave",40.72152515,-74.046304543,29586,"Subscriber",1992,1
298,"2018-12-29 09:58:20.6490","2018-12-29 10:03:18.8770",3270,"Jersey & 6th St",40.72528910781132,-74.04557168483734,3186,"Grove St PATH",40.71958611647166,-74.04311746358871,29213,"Subscriber",1993,1
260,"2018-12-29 09:59:02.4650","2018-12-29 10:03:22.5950",3270,"Jersey & 6th St",40.72528910781132,-74.04557168483734,3186,"Grove St PATH",40.71958611647166,-74.04311746358871,29549,"Subscriber",1994,2
752,"2018-12-29 11:25:47.9770","2018-12-29 11:38:20.8150",3270,"Jersey & 6th St",40.72528910781132,-74.04557168483734,3199,"Newport Pkwy",40.7287448,-74.0321082,29586,"Customer",1969,0
727,"2018-12-29 11:26:03.9210","2018-12-29 11:38:10.9790",3270,"Jersey & 6th St",40.72528910781132,-74.04557168483734,3199,"Newport Pkwy",40.7287448,-74.0321082,29598,"Customer",1969,0
573,"2018-12-29 11:36:26.8130","2018-12-29 11:46:00.4890",3270,"Jersey & 6th St",40.72528910781132,-74.04557168483734,3279,"Dixon Mills",40.721630142638354,-74.04996782541275,29521,"Subscriber",1982,2
129,"2018-12-29 12:44:13.9510","2018-12-29 12:46:23.5090",3270,"Jersey & 6th St",40.72528910781132,-74.04557168483734,3211,"Newark Ave",40.72152515,-74.046304543,29228,"Subscriber",1990,0
1179,"2018-12-29 13:24:33.4710","2018-12-29 13:44:13.1340",3270,"Jersey & 6th St",40.72528910781132,-74.04557168483734,3192,"Liberty Light Rail",40.7112423,-74.0557013,29228,"Customer",1969,0
1172,"2018-12-29 13:24:41.8070","2018-12-29 13:44:14.2430",3270,"Jersey & 6th St",40.72528910781132,-74.04557168483734,3192,"Liberty Light Rail",40.7112423,-74.0557013,26287,"Customer",1969,0
294,"2018-12-29 13:29:51.2460","2018-12-29 13:34:46.0370",3270,"Jersey & 6th St",40.72528910781132,-74.04557168483734,3186,"Grove St PATH",40.71958611647166,-74.04311746358871,26193,"Subscriber",1990,0
185,"2018-12-29 14:39:31.8460","2018-12-29 14:42:37.0600",3270,"Jersey & 6th St",40.72528910781132,-74.04557168483734,3186,"Grove St PATH",40.71958611647166,-74.04311746358871,26221,"Subscriber",1983,1
242,"2018-12-29 15:13:01.4040","2018-12-29 15:17:03.7510",3270,"Jersey & 6th St",40.72528910781132,-74.04557168483734,3186,"Grove St PATH",40.71958611647166,-74.04311746358871,29610,"Subscriber",1983,2
188,"2018-12-29 17:10:31.2840","2018-12-29 17:13:40.1740",3270,"Jersey & 6th St",40.72528910781132,-74.04557168483734,3186,"Grove St PATH",40.71958611647166,-74.04311746358871,29573,"Subscriber",1981,1
241,"2018-12-29 19:00:24.4860","2018-12-29 19:04:25.8090",3270,"Jersey & 6th St",40.72528910781132,-74.04557168483734,3186,"Grove St PATH",40.71958611647166,-74.04311746358871,29533,"Subscriber",1958,2
187,"2018-12-30 06:56:53.7960","2018-12-30 07:00:00.9780",3270,"Jersey & 6th St",40.72528910781132,-74.04557168483734,3186,"Grove St PATH",40.71958611647166,-74.04311746358871,29306,"Subscriber",1974,1
183,"2018-12-30 07:34:07.5250","2018-12-30 07:37:11.0540",3270,"Jersey & 6th St",40.72528910781132,-74.04557168483734,3186,"Grove St PATH",40.71958611647166,-74.04311746358871,26166,"Subscriber",1992,2
96,"2018-12-30 08:31:50.3610","2018-12-30 08:33:26.6550",3270,"Jersey & 6th St",40.72528910781132,-74.04557168483734,3269,"Brunswick & 6th",40.72601172964625,-74.05038893222809,29209,"Subscriber",1987,1
199,"2018-12-30 09:27:47.7510","2018-12-30 09:31:06.9190",3270,"Jersey & 6th St",40.72528910781132,-74.04557168483734,3211,"Newark Ave",40.72152515,-74.046304543,29230,"Customer",1969,0
198,"2018-12-30 09:27:48.2830","2018-12-30 09:31:06.8660",3270,"Jersey & 6th St",40.72528910781132,-74.04557168483734,3211,"Newark Ave",40.72152515,-74.046304543,29645,"Customer",1969,0
252,"2018-12-30 12:53:01.9770","2018-12-30 12:57:13.9820",3270,"Jersey & 6th St",40.72528910781132,-74.04557168483734,3186,"Grove St PATH",40.71958611647166,-74.04311746358871,29609,"Subscriber",1958,2
228,"2018-12-30 17:43:40.8340","2018-12-30 17:47:29.4090",3270,"Jersey & 6th St",40.72528910781132,-74.04557168483734,3186,"Grove St PATH",40.71958611647166,-74.04311746358871,29259,"Subscriber",1960,1
505,"2018-12-30 19:01:25.5940","2018-12-30 19:09:51.5140",3270,"Jersey & 6th St",40.72528910781132,-74.04557168483734,3199,"Newport Pkwy",40.7287448,-74.0321082,29120,"Subscriber",1990,1
508,"2018-12-30 19:01:24.9240","2018-12-30 19:09:53.0200",3270,"Jersey & 6th St",40.72528910781132,-74.04557168483734,3199,"Newport Pkwy",40.7287448,-74.0321082,29306,"Subscriber",1993,2
183,"2018-12-31 06:05:49.5260","2018-12-31 06:08:52.6290",3270,"Jersey & 6th St",40.72528910781132,-74.04557168483734,3186,"Grove St PATH",40.71958611647166,-74.04311746358871,29492,"Subscriber",1992,2
208,"2018-12-31 06:39:36.3190","2018-12-31 06:43:04.8690",3270,"Jersey & 6th St",40.72528910781132,-74.04557168483734,3186,"Grove St PATH",40.71958611647166,-74.04311746358871,29220,"Subscriber",1976,1
257,"2018-12-31 07:15:22.4110","2018-12-31 07:19:39.7160",3270,"Jersey & 6th St",40.72528910781132,-74.04557168483734,3202,"Newport PATH",40.7272235,-74.0337589,29498,"Subscriber",1968,1
180,"2018-12-31 07:21:28.5850","2018-12-31 07:24:29.1290",3270,"Jersey & 6th St",40.72528910781132,-74.04557168483734,3186,"Grove St PATH",40.71958611647166,-74.04311746358871,29230,"Subscriber",1969,1
218,"2018-12-31 08:21:39.7580","2018-12-31 08:25:18.0780",3270,"Jersey & 6th St",40.72528910781132,-74.04557168483734,3186,"Grove St PATH",40.71958611647166,-74.04311746358871,29608,"Subscriber",1985,1
235,"2018-12-31 08:49:58.9410","2018-12-31 08:53:54.3230",3270,"Jersey & 6th St",40.72528910781132,-74.04557168483734,3186,"Grove St PATH",40.71958611647166,-74.04311746358871,29297,"Subscriber",1987,2
226,"2018-12-31 10:48:25.5650","2018-12-31 10:52:11.9240",3270,"Jersey & 6th St",40.72528910781132,-74.04557168483734,3186,"Grove St PATH",40.71958611647166,-74.04311746358871,29125,"Subscriber",1972,1
219,"2018-12-31 10:48:34.5900","2018-12-31 10:52:14.3020",3270,"Jersey & 6th St",40.72528910781132,-74.04557168483734,3186,"Grove St PATH",40.71958611647166,-74.04311746358871,29534,"Subscriber",1973,1
199,"2018-12-31 12:06:13.8830","2018-12-31 12:09:33.6250",3270,"Jersey & 6th St",40.72528910781132,-74.04557168483734,3273,"Manila & 1st",40.721650724879986,-74.04288411140442,29554,"Subscriber",1979,2
100,"2018-12-31 13:36:41.4870","2018-12-31 13:38:21.6660",3270,"Jersey & 6th St",40.72528910781132,-74.04557168483734,3211,"Newark Ave",40.72152515,-74.046304543,29530,"Subscriber",1982,1
196,"2018-12-31 19:36:47.4540","2018-12-31 19:40:04.0710",3270,"Jersey & 6th St",40.72528910781132,-74.04557168483734,3273,"Manila & 1st",40.721650724879986,-74.04288411140442,29283,"Subscriber",1987,1
72,"2018-12-01 08:44:41.9700","2018-12-01 08:45:54.4790",3272,"Jersey & 3rd",40.72333158646436,-74.04595255851744,3270,"Jersey & 6th St",40.72528910781132,-74.04557168483734,26158,"Subscriber",1981,1
788,"2018-12-01 08:49:26.6500","2018-12-01 09:02:34.9140",3272,"Jersey & 3rd",40.72333158646436,-74.04595255851744,3193,"Lincoln Park",40.7246050998869,-74.07840594649315,29602,"Subscriber",1981,1
385,"2018-12-01 09:18:38.1030","2018-12-01 09:25:03.4360",3272,"Jersey & 3rd",40.72333158646436,-74.04595255851744,3276,"Marin Light Rail",40.71458403535893,-74.04281705617905,26243,"Subscriber",1980,1
268,"2018-12-01 09:24:07.1220","2018-12-01 09:28:35.6950",3272,"Jersey & 3rd",40.72333158646436,-74.04595255851744,3275,"Columbus Drive",40.71835519823214,-74.03891444206238,26263,"Subscriber",1988,2
157,"2018-12-01 09:27:58.4230","2018-12-01 09:30:36.2240",3272,"Jersey & 3rd",40.72333158646436,-74.04595255851744,3186,"Grove St PATH",40.71958611647166,-74.04311746358871,29678,"Subscriber",1978,2
61,"2018-12-01 11:10:20.1020","2018-12-01 11:11:21.1070",3272,"Jersey & 3rd",40.72333158646436,-74.04595255851744,3270,"Jersey & 6th St",40.72528910781132,-74.04557168483734,29292,"Subscriber",1989,1
180,"2018-12-01 12:52:13.5710","2018-12-01 12:55:14.3640",3272,"Jersey & 3rd",40.72333158646436,-74.04595255851744,3278,"Monmouth and 6th",40.72568548362901,-74.04879033565521,29219,"Subscriber",1986,2
182,"2018-12-01 14:30:19.1410","2018-12-01 14:33:21.2240",3272,"Jersey & 3rd",40.72333158646436,-74.04595255851744,3203,"Hamilton Park",40.727595966,-74.044247311,29589,"Subscriber",1977,2
283,"2018-12-01 15:09:19.6240","2018-12-01 15:14:03.3480",3272,"Jersey & 3rd",40.72333158646436,-74.04595255851744,3209,"Brunswick St",40.7241765,-74.0506564,29581,"Subscriber",1979,2
154,"2018-12-01 16:30:56.8570","2018-12-01 16:33:31.1340",3272,"Jersey & 3rd",40.72333158646436,-74.04595255851744,3269,"Brunswick & 6th",40.72601172964625,-74.05038893222809,29306,"Subscriber",1969,0
144,"2018-12-01 17:00:19.6210","2018-12-01 17:02:44.5400",3272,"Jersey & 3rd",40.72333158646436,-74.04595255851744,3203,"Hamilton Park",40.727595966,-74.044247311,29656,"Subscriber",1985,1
113,"2018-12-01 18:41:35.1820","2018-12-01 18:43:29.0650",3272,"Jersey & 3rd",40.72333158646436,-74.04595255851744,3270,"Jersey & 6th St",40.72528910781132,-74.04557168483734,29531,"Subscriber",1961,2
165,"2018-12-01 20:24:47.0240","2018-12-01 20:27:32.7630",3272,"Jersey & 3rd",40.72333158646436,-74.04595255851744,3273,"Manila & 1st",40.721650724879986,-74.04288411140442,29667,"Subscriber",1984,1
163,"2018-12-02 12:06:57.4240","2018-12-02 12:09:41.0460",3272,"Jersey & 3rd",40.72333158646436,-74.04595255851744,3269,"Brunswick & 6th",40.72601172964625,-74.05038893222809,29595,"Subscriber",1991,1
145,"2018-12-02 12:29:14.0060","2018-12-02 12:31:39.4360",3272,"Jersey & 3rd",40.72333158646436,-74.04595255851744,3278,"Monmouth and 6th",40.72568548362901,-74.04879033565521,29207,"Subscriber",1986,2
153,"2018-12-02 14:05:44.4180","2018-12-02 14:08:17.7700",3272,"Jersey & 3rd",40.72333158646436,-74.04595255851744,3203,"Hamilton Park",40.727595966,-74.044247311,29535,"Subscriber",1990,1
165,"2018-12-02 14:05:40.0960","2018-12-02 14:08:25.1080",3272,"Jersey & 3rd",40.72333158646436,-74.04595255851744,3203,"Hamilton Park",40.727595966,-74.044247311,29552,"Subscriber",1990,2
177,"2018-12-02 17:52:42.5930","2018-12-02 17:55:40.5150",3272,"Jersey & 3rd",40.72333158646436,-74.04595255851744,3203,"Hamilton Park",40.727595966,-74.044247311,15947,"Subscriber",1980,2
152,"2018-12-02 19:13:54.5740","2018-12-02 19:16:26.8380",3272,"Jersey & 3rd",40.72333158646436,-74.04595255851744,3203,"Hamilton Park",40.727595966,-74.044247311,26233,"Subscriber",1986,1
165,"2018-12-02 19:25:06.6650","2018-12-02 19:27:52.3860",3272,"Jersey & 3rd",40.72333158646436,-74.04595255851744,3278,"Monmouth and 6th",40.72568548362901,-74.04879033565521,29521,"Subscriber",1987,1
79,"2018-12-02 20:38:46.8850","2018-12-02 20:40:06.0550",3272,"Jersey & 3rd",40.72333158646436,-74.04595255851744,3270,"Jersey & 6th St",40.72528910781132,-74.04557168483734,26158,"Subscriber",1989,2
180,"2018-12-02 21:56:05.8800","2018-12-02 21:59:06.4860",3272,"Jersey & 3rd",40.72333158646436,-74.04595255851744,3269,"Brunswick & 6th",40.72601172964625,-74.05038893222809,29223,"Subscriber",1964,1
338,"2018-12-03 06:38:08.9590","2018-12-03 06:43:47.0080",3272,"Jersey & 3rd",40.72333158646436,-74.04595255851744,3639,"Harborside",40.7192517,-74.034234,29548,"Subscriber",1984,2
159,"2018-12-03 07:03:01.0760","2018-12-03 07:05:40.2890",3272,"Jersey & 3rd",40.72333158646436,-74.04595255851744,3203,"Hamilton Park",40.727595966,-74.044247311,29301,"Subscriber",1973,1
434,"2018-12-03 07:44:17.4610","2018-12-03 07:51:31.5180",3272,"Jersey & 3rd",40.72333158646436,-74.04595255851744,3639,"Harborside",40.7192517,-74.034234,26290,"Subscriber",1988,1
151,"2018-12-03 08:22:58.3360","2018-12-03 08:25:29.4660",3272,"Jersey & 3rd",40.72333158646436,-74.04595255851744,3186,"Grove St PATH",40.71958611647166,-74.04311746358871,29506,"Subscriber",1976,1
176,"2018-12-03 09:19:28.8400","2018-12-03 09:22:24.9960",3272,"Jersey & 3rd",40.72333158646436,-74.04595255851744,3186,"Grove St PATH",40.71958611647166,-74.04311746358871,26223,"Subscriber",1980,1
191,"2018-12-03 10:34:00.3560","2018-12-03 10:37:11.6270",3272,"Jersey & 3rd",40.72333158646436,-74.04595255851744,3186,"Grove St PATH",40.71958611647166,-74.04311746358871,29443,"Subscriber",1961,1
186,"2018-12-03 16:57:14.9810","2018-12-03 17:00:21.7080",3272,"Jersey & 3rd",40.72333158646436,-74.04595255851744,3269,"Brunswick & 6th",40.72601172964625,-74.05038893222809,26301,"Subscriber",1980,1
156,"2018-12-03 17:16:14.9540","2018-12-03 17:18:51.0140",3272,"Jersey & 3rd",40.72333158646436,-74.04595255851744,3269,"Brunswick & 6th",40.72601172964625,-74.05038893222809,29441,"Subscriber",1988,1
205,"2018-12-03 17:38:55.3740","2018-12-03 17:42:20.4660",3272,"Jersey & 3rd",40.72333158646436,-74.04595255851744,3269,"Brunswick & 6th",40.72601172964625,-74.05038893222809,29126,"Subscriber",1987,2
188,"2018-12-03 18:34:28.8410","2018-12-03 18:37:37.5250",3272,"Jersey & 3rd",40.72333158646436,-74.04595255851744,3209,"Brunswick St",40.7241765,-74.0506564,29269,"Subscriber",1993,1
101,"2018-12-03 20:04:54.7220","2018-12-03 20:06:36.3180",3272,"Jersey & 3rd",40.72333158646436,-74.04595255851744,3270,"Jersey & 6th St",40.72528910781132,-74.04557168483734,29645,"Subscriber",1960,1
147,"2018-12-03 20:27:31.6510","2018-12-03 20:29:59.5770",3272,"Jersey & 3rd",40.72333158646436,-74.04595255851744,3269,"Brunswick & 6th",40.72601172964625,-74.05038893222809,26155,"Subscriber",1990,1
131,"2018-12-03 20:34:31.9620","2018-12-03 20:36:43.4100",3272,"Jersey & 3rd",40.72333158646436,-74.04595255851744,3278,"Monmouth and 6th",40.72568548362901,-74.04879033565521,29659,"Subscriber",1981,2
167,"2018-12-03 22:02:37.3820","2018-12-03 22:05:25.1960",3272,"Jersey & 3rd",40.72333158646436,-74.04595255851744,3278,"Monmouth and 6th",40.72568548362901,-74.04879033565521,29470,"Subscriber",1983,2
377,"2018-12-04 06:36:13.4580","2018-12-04 06:42:30.9630",3272,"Jersey & 3rd",40.72333158646436,-74.04595255851744,3639,"Harborside",40.7192517,-74.034234,29260,"Subscriber",1984,2
250,"2018-12-04 07:53:48.6830","2018-12-04 07:57:59.0740",3272,"Jersey & 3rd",40.72333158646436,-74.04595255851744,3213,"Van Vorst Park",40.71848892,-74.047726625,29120,"Subscriber",1962,1
247,"2018-12-04 07:53:56.9680","2018-12-04 07:58:04.0280",3272,"Jersey & 3rd",40.72333158646436,-74.04595255851744,3213,"Van Vorst Park",40.71848892,-74.047726625,29582,"Subscriber",1962,2
336,"2018-12-04 08:03:25.9670","2018-12-04 08:09:02.9450",3272,"Jersey & 3rd",40.72333158646436,-74.04595255851744,3639,"Harborside",40.7192517,-74.034234,26245,"Subscriber",1988,1
157,"2018-12-04 08:50:55.4130","2018-12-04 08:53:32.6240",3272,"Jersey & 3rd",40.72333158646436,-74.04595255851744,3186,"Grove St PATH",40.71958611647166,-74.04311746358871,29197,"Subscriber",1978,1
138,"2018-12-04 08:58:27.4210","2018-12-04 09:00:46.0590",3272,"Jersey & 3rd",40.72333158646436,-74.04595255851744,3186,"Grove St PATH",40.71958611647166,-74.04311746358871,26234,"Subscriber",1977,1
336,"2018-12-04 09:22:18.5120","2018-12-04 09:27:54.9710",3272,"Jersey & 3rd",40.72333158646436,-74.04595255851744,3183,"Exchange Place",40.7162469,-74.0334588,29545,"Subscriber",1986,1
223,"2018-12-04 09:28:13.9090","2018-12-04 09:31:56.9770",3272,"Jersey & 3rd",40.72333158646436,-74.04595255851744,3186,"Grove St PATH",40.71958611647166,-74.04311746358871,29526,"Subscriber",1988,2
89,"2018-12-04 10:47:56.4770","2018-12-04 10:49:26.3650",3272,"Jersey & 3rd",40.72333158646436,-74.04595255851744,3211,"Newark Ave",40.72152515,-74.046304543,29588,"Subscriber",1961,1
545,"2018-12-04 11:31:53.9000","2018-12-04 11:40:59.2930",3272,"Jersey & 3rd",40.72333158646436,-74.04595255851744,3199,"Newport Pkwy",40.7287448,-74.0321082,29580,"Subscriber",1981,1
195,"2018-12-04 13:26:03.0160","2018-12-04 13:29:18.5600",3272,"Jersey & 3rd",40.72333158646436,-74.04595255851744,3203,"Hamilton Park",40.727595966,-74.044247311,29292,"Subscriber",1988,2
162,"2018-12-04 14:53:35.8620","2018-12-04 14:56:18.7910",3272,"Jersey & 3rd",40.72333158646436,-74.04595255851744,3278,"Monmouth and 6th",40.72568548362901,-74.04879033565521,26155,"Subscriber",1994,1
221,"2018-12-04 15:06:36.2330","2018-12-04 15:10:18.1440",3272,"Jersey & 3rd",40.72333158646436,-74.04595255851744,3203,"Hamilton Park",40.727595966,-74.044247311,26245,"Subscriber",1953,2
77,"2018-12-04 15:21:36.6620","2018-12-04 15:22:54.2260",3272,"Jersey & 3rd",40.72333158646436,-74.04595255851744,3211,"Newark Ave",40.72152515,-74.046304543,26301,"Subscriber",1988,1
174,"2018-12-04 15:37:29.1670","2018-12-04 15:40:23.5870",3272,"Jersey & 3rd",40.72333158646436,-74.04595255851744,3269,"Brunswick & 6th",40.72601172964625,-74.05038893222809,29673,"Subscriber",1990,1
169,"2018-12-04 16:04:25.0640","2018-12-04 16:07:14.8860",3272,"Jersey & 3rd",40.72333158646436,-74.04595255851744,3269,"Brunswick & 6th",40.72601172964625,-74.05038893222809,29497,"Subscriber",1980,1
240,"2018-12-04 17:23:39.4200","2018-12-04 17:27:39.4870",3272,"Jersey & 3rd",40.72333158646436,-74.04595255851744,3203,"Hamilton Park",40.727595966,-74.044247311,29626,"Subscriber",1956,1
168,"2018-12-04 17:51:42.7590","2018-12-04 17:54:31.5030",3272,"Jersey & 3rd",40.72333158646436,-74.04595255851744,3269,"Brunswick & 6th",40.72601172964625,-74.05038893222809,29467,"Subscriber",1988,1
239,"2018-12-04 18:32:29.2300","2018-12-04 18:36:28.8400",3272,"Jersey & 3rd",40.72333158646436,-74.04595255851744,3186,"Grove St PATH",40.71958611647166,-74.04311746358871,26253,"Subscriber",1982,2
152,"2018-12-04 18:51:20.7740","2018-12-04 18:53:53.0600",3272,"Jersey & 3rd",40.72333158646436,-74.04595255851744,3203,"Hamilton Park",40.727595966,-74.044247311,29531,"Subscriber",1987,2
195,"2018-12-04 19:01:22.5290","2018-12-04 19:04:38.3140",3272,"Jersey & 3rd",40.72333158646436,-74.04595255851744,3203,"Hamilton Park",40.727595966,-74.044247311,29209,"Subscriber",1990,1
122,"2018-12-04 19:14:26.3740","2018-12-04 19:16:29.3060",3272,"Jersey & 3rd",40.72333158646436,-74.04595255851744,3278,"Monmouth and 6th",40.72568548362901,-74.04879033565521,29301,"Subscriber",1993,1
215,"2018-12-04 20:57:10.7720","2018-12-04 21:00:46.3040",3272,"Jersey & 3rd",40.72333158646436,-74.04595255851744,3203,"Hamilton Park",40.727595966,-74.044247311,29292,"Subscriber",1968,1
239,"2018-12-04 22:35:42.5760","2018-12-04 22:39:42.0570",3272,"Jersey & 3rd",40.72333158646436,-74.04595255851744,3269,"Brunswick & 6th",40.72601172964625,-74.05038893222809,29235,"Subscriber",1986,1
752,"2018-12-04 22:53:07.8420","2018-12-04 23:05:40.1590",3272,"Jersey & 3rd",40.72333158646436,-74.04595255851744,3275,"Columbus Drive",40.71835519823214,-74.03891444206238,29589,"Customer",1988,1
101,"2018-12-04 23:42:50.9250","2018-12-04 23:44:32.0480",3272,"Jersey & 3rd",40.72333158646436,-74.04595255851744,3270,"Jersey & 6th St",40.72528910781132,-74.04557168483734,26307,"Subscriber",1992,2
336,"2018-12-05 07:07:31.6290","2018-12-05 07:13:08.2140",3272,"Jersey & 3rd",40.72333158646436,-74.04595255851744,3639,"Harborside",40.7192517,-74.034234,29482,"Subscriber",1984,2
386,"2018-12-05 07:50:38.9850","2018-12-05 07:57:05.8450",3272,"Jersey & 3rd",40.72333158646436,-74.04595255851744,3639,"Harborside",40.7192517,-74.034234,29452,"Subscriber",1988,1
163,"2018-12-05 08:30:16.2200","2018-12-05 08:32:59.7530",3272,"Jersey & 3rd",40.72333158646436,-74.04595255851744,3186,"Grove St PATH",40.71958611647166,-74.04311746358871,26152,"Subscriber",1959,1
91,"2018-12-05 08:34:00.9290","2018-12-05 08:35:32.4750",3272,"Jersey & 3rd",40.72333158646436,-74.04595255851744,3273,"Manila & 1st",40.721650724879986,-74.04288411140442,29673,"Subscriber",1993,1
117,"2018-12-05 09:15:49.6810","2018-12-05 09:17:46.7190",3272,"Jersey & 3rd",40.72333158646436,-74.04595255851744,3273,"Manila & 1st",40.721650724879986,-74.04288411140442,29572,"Subscriber",1980,1
181,"2018-12-05 12:31:31.1170","2018-12-05 12:34:32.4770",3272,"Jersey & 3rd",40.72333158646436,-74.04595255851744,3203,"Hamilton Park",40.727595966,-74.044247311,29623,"Subscriber",1983,1
175,"2018-12-05 13:12:19.6860","2018-12-05 13:15:15.0580",3272,"Jersey & 3rd",40.72333158646436,-74.04595255851744,3203,"Hamilton Park",40.727595966,-74.044247311,26158,"Subscriber",1969,1
387,"2018-12-05 13:29:14.2600","2018-12-05 13:35:41.3330",3272,"Jersey & 3rd",40.72333158646436,-74.04595255851744,3639,"Harborside",40.7192517,-74.034234,29471,"Subscriber",1953,1
266,"2018-12-05 14:42:45.6640","2018-12-05 14:47:12.0520",3272,"Jersey & 3rd",40.72333158646436,-74.04595255851744,3275,"Columbus Drive",40.71835519823214,-74.03891444206238,29444,"Subscriber",1991,2
263,"2018-12-05 16:17:35.0440","2018-12-05 16:21:58.4820",3272,"Jersey & 3rd",40.72333158646436,-74.04595255851744,3186,"Grove St PATH",40.71958611647166,-74.04311746358871,29272,"Subscriber",1960,1
1471,"2018-12-05 17:09:11.6990","2018-12-05 17:33:43.4510",3272,"Jersey & 3rd",40.72333158646436,-74.04595255851744,3186,"Grove St PATH",40.71958611647166,-74.04311746358871,29271,"Subscriber",1981,2
295,"2018-12-05 18:27:03.3620","2018-12-05 18:31:59.2660",3272,"Jersey & 3rd",40.72333158646436,-74.04595255851744,3205,"JC Medical Center",40.71653978099194,-74.0496379137039,26193,"Subscriber",1989,1
168,"2018-12-05 18:38:31.1940","2018-12-05 18:41:19.3100",3272,"Jersey & 3rd",40.72333158646436,-74.04595255851744,3203,"Hamilton Park",40.727595966,-74.044247311,29272,"Subscriber",1990,2
187,"2018-12-05 18:55:04.7690","2018-12-05 18:58:12.2240",3272,"Jersey & 3rd",40.72333158646436,-74.04595255851744,3278,"Monmouth and 6th",40.72568548362901,-74.04879033565521,29659,"Subscriber",1988,2
174,"2018-12-05 21:09:54.6280","2018-12-05 21:12:49.6200",3272,"Jersey & 3rd",40.72333158646436,-74.04595255851744,3203,"Hamilton Park",40.727595966,-74.044247311,26255,"Subscriber",1991,2
209,"2018-12-05 21:56:51.5560","2018-12-05 22:00:21.2420",3272,"Jersey & 3rd",40.72333158646436,-74.04595255851744,3203,"Hamilton Park",40.727595966,-74.044247311,26191,"Subscriber",1984,2
197,"2018-12-05 21:56:53.1870","2018-12-05 22:00:10.7820",3272,"Jersey & 3rd",40.72333158646436,-74.04595255851744,3203,"Hamilton Park",40.727595966,-74.044247311,29471,"Subscriber",1991,1
310,"2018-12-06 06:38:14.7850","2018-12-06 06:43:25.1200",3272,"Jersey & 3rd",40.72333158646436,-74.04595255851744,3639,"Harborside",40.7192517,-74.034234,29587,"Subscriber",1984,2
465,"2018-12-06 07:59:18.0370","2018-12-06 08:07:03.6210",3272,"Jersey & 3rd",40.72333158646436,-74.04595255851744,3202,"Newport PATH",40.7272235,-74.0337589,29126,"Subscriber",1986,1
324,"2018-12-06 07:59:18.1370","2018-12-06 08:04:42.5180",3272,"Jersey & 3rd",40.72333158646436,-74.04595255851744,3639,"Harborside",40.7192517,-74.034234,29457,"Subscriber",1988,1
176,"2018-12-06 08:02:57.6540","2018-12-06 08:05:54.1540",3272,"Jersey & 3rd",40.72333158646436,-74.04595255851744,3213,"Van Vorst Park",40.71848892,-74.047726625,29614,"Subscriber",1962,1
154,"2018-12-06 09:30:00.0490","2018-12-06 09:32:34.4680",3272,"Jersey & 3rd",40.72333158646436,-74.04595255851744,3186,"Grove St PATH",40.71958611647166,-74.04311746358871,29635,"Subscriber",1988,2
202,"2018-12-06 10:20:56.0410","2018-12-06 10:24:18.8780",3272,"Jersey & 3rd",40.72333158646436,-74.04595255851744,3186,"Grove St PATH",40.71958611647166,-74.04311746358871,29455,"Subscriber",1978,2
400,"2018-12-06 13:23:29.7270","2018-12-06 13:30:10.4530",3272,"Jersey & 3rd",40.72333158646436,-74.04595255851744,3202,"Newport PATH",40.7272235,-74.0337589,29681,"Subscriber",1981,1
187,"2018-12-06 15:32:40.3060","2018-12-06 15:35:47.8320",3272,"Jersey & 3rd",40.72333158646436,-74.04595255851744,3203,"Hamilton Park",40.727595966,-74.044247311,29586,"Subscriber",1985,1
159,"2018-12-06 18:11:51.3470","2018-12-06 18:14:30.9290",3272,"Jersey & 3rd",40.72333158646436,-74.04595255851744,3269,"Brunswick & 6th",40.72601172964625,-74.05038893222809,29597,"Subscriber",1969,0
176,"2018-12-06 18:19:07.2250","2018-12-06 18:22:03.8310",3272,"Jersey & 3rd",40.72333158646436,-74.04595255851744,3203,"Hamilton Park",40.727595966,-74.044247311,29231,"Subscriber",1976,2
143,"2018-12-06 18:41:49.4850","2018-12-06 18:44:12.9610",3272,"Jersey & 3rd",40.72333158646436,-74.04595255851744,3269,"Brunswick & 6th",40.72601172964625,-74.05038893222809,29455,"Subscriber",1993,1
173,"2018-12-06 18:51:00.6460","2018-12-06 18:53:53.7720",3272,"Jersey & 3rd",40.72333158646436,-74.04595255851744,3278,"Monmouth and 6th",40.72568548362901,-74.04879033565521,29468,"Subscriber",1988,1
150,"2018-12-06 18:56:26.0880","2018-12-06 18:58:56.2640",3272,"Jersey & 3rd",40.72333158646436,-74.04595255851744,3203,"Hamilton Park",40.727595966,-74.044247311,29626,"Subscriber",1973,1
188,"2018-12-06 19:13:50.5160","2018-12-06 19:16:59.4060",3272,"Jersey & 3rd",40.72333158646436,-74.04595255851744,3203,"Hamilton Park",40.727595966,-74.044247311,26245,"Subscriber",1968,1
71,"2018-12-06 19:32:49.1370","2018-12-06 19:34:00.7670",3272,"Jersey & 3rd",40.72333158646436,-74.04595255851744,3270,"Jersey & 6th St",40.72528910781132,-74.04557168483734,29273,"Subscriber",1977,2
94,"2018-12-07 00:51:58.6830","2018-12-07 00:53:33.3810",3272,"Jersey & 3rd",40.72333158646436,-74.04595255851744,3270,"Jersey & 6th St",40.72528910781132,-74.04557168483734,29486,"Subscriber",1992,2
189,"2018-12-07 02:55:58.6620","2018-12-07 02:59:08.2640",3272,"Jersey & 3rd",40.72333158646436,-74.04595255851744,3269,"Brunswick & 6th",40.72601172964625,-74.05038893222809,29210,"Subscriber",1988,1
362,"2018-12-07 08:19:56.3620","2018-12-07 08:25:58.6220",3272,"Jersey & 3rd",40.72333158646436,-74.04595255851744,3639,"Harborside",40.7192517,-74.034234,29641,"Subscriber",1988,1
105,"2018-12-07 08:54:52.5200","2018-12-07 08:56:37.9090",3272,"Jersey & 3rd",40.72333158646436,-74.04595255851744,3273,"Manila & 1st",40.721650724879986,-74.04288411140442,29257,"Subscriber",1980,1
316,"2018-12-07 09:24:47.5790","2018-12-07 09:30:04.2590",3272,"Jersey & 3rd",40.72333158646436,-74.04595255851744,3185,"City Hall",40.7177325,-74.043845,29298,"Subscriber",1988,2
762,"2018-12-07 09:53:10.8080","2018-12-07 10:05:53.1740",3272,"Jersey & 3rd",40.72333158646436,-74.04595255851744,3192,"Liberty Light Rail",40.7112423,-74.0557013,29126,"Subscriber",1970,2
73,"2018-12-07 09:54:11.5530","2018-12-07 09:55:25.0010",3272,"Jersey & 3rd",40.72333158646436,-74.04595255851744,3211,"Newark Ave",40.72152515,-74.046304543,26264,"Subscriber",1961,1
203,"2018-12-07 10:56:17.8720","2018-12-07 10:59:41.7350",3272,"Jersey & 3rd",40.72333158646436,-74.04595255851744,3203,"Hamilton Park",40.727595966,-74.044247311,29243,"Subscriber",1981,2
416,"2018-12-07 11:29:59.1060","2018-12-07 11:36:56.0130",3272,"Jersey & 3rd",40.72333158646436,-74.04595255851744,3202,"Newport PATH",40.7272235,-74.0337589,29278,"Subscriber",1981,1
249,"2018-12-07 13:27:56.5830","2018-12-07 13:32:06.2740",3272,"Jersey & 3rd",40.72333158646436,-74.04595255851744,3205,"JC Medical Center",40.71653978099194,-74.0496379137039,29475,"Subscriber",1956,1
133,"2018-12-07 16:25:38.0720","2018-12-07 16:27:51.6970",3272,"Jersey & 3rd",40.72333158646436,-74.04595255851744,3203,"Hamilton Park",40.727595966,-74.044247311,29578,"Subscriber",1983,2
1078,"2018-12-07 16:44:16.6220","2018-12-07 17:02:15.1580",3272,"Jersey & 3rd",40.72333158646436,-74.04595255851744,3269,"Brunswick & 6th",40.72601172964625,-74.05038893222809,29554,"Subscriber",1964,1
163,"2018-12-07 17:44:09.2810","2018-12-07 17:46:52.9830",3272,"Jersey & 3rd",40.72333158646436,-74.04595255851744,3278,"Monmouth and 6th",40.72568548362901,-74.04879033565521,29272,"Subscriber",1982,2
136,"2018-12-07 17:55:30.8570","2018-12-07 17:57:46.9290",3272,"Jersey & 3rd",40.72333158646436,-74.04595255851744,3273,"Manila & 1st",40.721650724879986,-74.04288411140442,29252,"Subscriber",1967,2
222,"2018-12-07 18:19:11.8130","2018-12-07 18:22:54.6880",3272,"Jersey & 3rd",40.72333158646436,-74.04595255851744,3278,"Monmouth and 6th",40.72568548362901,-74.04879033565521,29541,"Subscriber",1977,1
158,"2018-12-07 18:39:05.1590","2018-12-07 18:41:43.2730",3272,"Jersey & 3rd",40.72333158646436,-74.04595255851744,3278,"Monmouth and 6th",40.72568548362901,-74.04879033565521,29446,"Subscriber",1977,1
203,"2018-12-07 18:48:41.3220","2018-12-07 18:52:05.2720",3272,"Jersey & 3rd",40.72333158646436,-74.04595255851744,3209,"Brunswick St",40.7241765,-74.0506564,29629,"Subscriber",1986,1
99,"2018-12-07 21:49:49.3080","2018-12-07 21:51:28.6940",3272,"Jersey & 3rd",40.72333158646436,-74.04595255851744,3211,"Newark Ave",40.72152515,-74.046304543,29227,"Subscriber",1995,1
117,"2018-12-08 07:49:38.7230","2018-12-08 07:51:36.7180",3272,"Jersey & 3rd",40.72333158646436,-74.04595255851744,3273,"Manila & 1st",40.721650724879986,-74.04288411140442,29126,"Subscriber",1988,2
214,"2018-12-08 08:38:50.9840","2018-12-08 08:42:25.1210",3272,"Jersey & 3rd",40.72333158646436,-74.04595255851744,3269,"Brunswick & 6th",40.72601172964625,-74.05038893222809,29592,"Subscriber",1986,1
148,"2018-12-08 09:59:03.1800","2018-12-08 10:01:32.0840",3272,"Jersey & 3rd",40.72333158646436,-74.04595255851744,3278,"Monmouth and 6th",40.72568548362901,-74.04879033565521,29244,"Subscriber",1976,2
200,"2018-12-08 10:49:16.6980","2018-12-08 10:52:37.3780",3272,"Jersey & 3rd",40.72333158646436,-74.04595255851744,3203,"Hamilton Park",40.727595966,-74.044247311,26293,"Subscriber",1980,2
432,"2018-12-08 10:57:58.0920","2018-12-08 11:05:10.3130",3272,"Jersey & 3rd",40.72333158646436,-74.04595255851744,3202,"Newport PATH",40.7272235,-74.0337589,26210,"Subscriber",1981,1
83,"2018-12-08 11:44:21.1480","2018-12-08 11:45:44.8380",3272,"Jersey & 3rd",40.72333158646436,-74.04595255851744,3211,"Newark Ave",40.72152515,-74.046304543,29227,"Subscriber",1995,1
185,"2018-12-08 12:08:00.6060","2018-12-08 12:11:06.2610",3272,"Jersey & 3rd",40.72333158646436,-74.04595255851744,3203,"Hamilton Park",40.727595966,-74.044247311,29662,"Subscriber",1988,2
413,"2018-12-08 12:08:58.1100","2018-12-08 12:15:51.8630",3272,"Jersey & 3rd",40.72333158646436,-74.04595255851744,3276,"Marin Light Rail",40.71458403535893,-74.04281705617905,26171,"Subscriber",1979,2
168,"2018-12-08 12:10:32.6470","2018-12-08 12:13:21.3300",3272,"Jersey & 3rd",40.72333158646436,-74.04595255851744,3203,"Hamilton Park",40.727595966,-74.044247311,29228,"Subscriber",1969,0
267,"2018-12-08 13:01:12.8280","2018-12-08 13:05:40.5350",3272,"Jersey & 3rd",40.72333158646436,-74.04595255851744,3186,"Grove St PATH",40.71958611647166,-74.04311746358871,26172,"Subscriber",1992,2
348,"2018-12-08 13:07:27.3330","2018-12-08 13:13:16.1530",3272,"Jersey & 3rd",40.72333158646436,-74.04595255851744,3269,"Brunswick & 6th",40.72601172964625,-74.05038893222809,26257,"Subscriber",1992,1
245,"2018-12-08 14:27:49.3600","2018-12-08 14:31:54.7490",3272,"Jersey & 3rd",40.72333158646436,-74.04595255851744,3187,"Warren St",40.7211236,-74.03805095,29439,"Subscriber",1970,1
598,"2018-12-08 15:39:27.4370","2018-12-08 15:49:25.7630",3272,"Jersey & 3rd",40.72333158646436,-74.04595255851744,3268,"Lafayette Park",40.71346382669195,-74.06285852193832,26302,"Subscriber",1989,1
186,"2018-12-08 16:30:23.1910","2018-12-08 16:33:29.7030",3272,"Jersey & 3rd",40.72333158646436,-74.04595255851744,3203,"Hamilton Park",40.727595966,-74.044247311,29656,"Subscriber",1977,1
486,"2018-12-08 17:22:40.5390","2018-12-08 17:30:47.0820",3272,"Jersey & 3rd",40.72333158646436,-74.04595255851744,3183,"Exchange Place",40.7162469,-74.0334588,29614,"Subscriber",1991,1
153,"2018-12-08 17:35:29.0140","2018-12-08 17:38:02.1250",3272,"Jersey & 3rd",40.72333158646436,-74.04595255851744,3278,"Monmouth and 6th",40.72568548362901,-74.04879033565521,29278,"Subscriber",1988,1
70,"2018-12-08 17:56:25.3910","2018-12-08 17:57:35.8570",3272,"Jersey & 3rd",40.72333158646436,-74.04595255851744,3270,"Jersey & 6th St",40.72528910781132,-74.04557168483734,29228,"Subscriber",1976,1
580,"2018-12-08 18:19:08.6340","2018-12-08 18:28:49.2000",3272,"Jersey & 3rd",40.72333158646436,-74.04595255851744,3192,"Liberty Light Rail",40.7112423,-74.0557013,29471,"Subscriber",1979,1
328,"2018-12-08 18:54:30.3720","2018-12-08 18:59:59.1100",3272,"Jersey & 3rd",40.72333158646436,-74.04595255851744,3185,"City Hall",40.7177325,-74.043845,29126,"Subscriber",1970,1
236,"2018-12-08 21:07:19.6480","2018-12-08 21:11:16.0990",3272,"Jersey & 3rd",40.72333158646436,-74.04595255851744,3269,"Brunswick & 6th",40.72601172964625,-74.05038893222809,29258,"Subscriber",1985,1
178,"2018-12-09 09:17:24.2070","2018-12-09 09:20:22.5880",3272,"Jersey & 3rd",40.72333158646436,-74.04595255851744,3209,"Brunswick St",40.7241765,-74.0506564,29260,"Subscriber",1984,2
353,"2018-12-09 10:45:53.3110","2018-12-09 10:51:47.0240",3272,"Jersey & 3rd",40.72333158646436,-74.04595255851744,3202,"Newport PATH",40.7272235,-74.0337589,26199,"Subscriber",1981,1
855,"2018-12-09 10:50:11.3150","2018-12-09 11:04:26.9880",3272,"Jersey & 3rd",40.72333158646436,-74.04595255851744,3272,"Jersey & 3rd",40.72333158646436,-74.04595255851744,29296,"Subscriber",1988,1
210,"2018-12-09 11:50:25.5580","2018-12-09 11:53:55.9400",3272,"Jersey & 3rd",40.72333158646436,-74.04595255851744,3213,"Van Vorst Park",40.71848892,-74.047726625,26206,"Subscriber",1975,2
217,"2018-12-09 11:56:42.9710","2018-12-09 12:00:20.1560",3272,"Jersey & 3rd",40.72333158646436,-74.04595255851744,3269,"Brunswick & 6th",40.72601172964625,-74.05038893222809,29639,"Subscriber",1987,2
194,"2018-12-09 12:12:20.2750","2018-12-09 12:15:34.4050",3272,"Jersey & 3rd",40.72333158646436,-74.04595255851744,3203,"Hamilton Park",40.727595966,-74.044247311,29296,"Subscriber",1986,1
206,"2018-12-09 12:49:46.2290","2018-12-09 12:53:12.3670",3272,"Jersey & 3rd",40.72333158646436,-74.04595255851744,3213,"Van Vorst Park",40.71848892,-74.047726625,26205,"Subscriber",1977,1
2952,"2018-12-09 14:36:21.6480","2018-12-09 15:25:34.3510",3272,"Jersey & 3rd",40.72333158646436,-74.04595255851744,3272,"Jersey & 3rd",40.72333158646436,-74.04595255851744,29672,"Subscriber",1961,1
250,"2018-12-09 15:37:34.4510","2018-12-09 15:41:45.3990",3272,"Jersey & 3rd",40.72333158646436,-74.04595255851744,3213,"Van Vorst Park",40.71848892,-74.047726625,29681,"Subscriber",1962,1
158,"2018-12-09 16:30:48.3130","2018-12-09 16:33:26.4360",3272,"Jersey & 3rd",40.72333158646436,-74.04595255851744,3186,"Grove St PATH",40.71958611647166,-74.04311746358871,29583,"Subscriber",1960,1
203,"2018-12-09 16:34:35.9710","2018-12-09 16:37:59.9020",3272,"Jersey & 3rd",40.72333158646436,-74.04595255851744,3213,"Van Vorst Park",40.71848892,-74.047726625,29681,"Subscriber",1962,1
255,"2018-12-09 16:42:35.0910","2018-12-09 16:46:50.6720",3272,"Jersey & 3rd",40.72333158646436,-74.04595255851744,3185,"City Hall",40.7177325,-74.043845,29672,"Subscriber",1988,1
136,"2018-12-09 16:54:50.3660","2018-12-09 16:57:06.4090",3272,"Jersey & 3rd",40.72333158646436,-74.04595255851744,3278,"Monmouth and 6th",40.72568548362901,-74.04879033565521,29476,"Subscriber",1990,1
201,"2018-12-09 16:57:54.2130","2018-12-09 17:01:15.9570",3272,"Jersey & 3rd",40.72333158646436,-74.04595255851744,3213,"Van Vorst Park",40.71848892,-74.047726625,29681,"Subscriber",1962,1
178,"2018-12-09 17:37:19.5800","2018-12-09 17:40:17.7410",3272,"Jersey & 3rd",40.72333158646436,-74.04595255851744,3203,"Hamilton Park",40.727595966,-74.044247311,26211,"Subscriber",1985,1
144,"2018-12-09 18:43:29.1150","2018-12-09 18:45:53.4810",3272,"Jersey & 3rd",40.72333158646436,-74.04595255851744,3209,"Brunswick St",40.7241765,-74.0506564,29652,"Subscriber",1967,1
254,"2018-12-09 20:20:58.8760","2018-12-09 20:25:12.8780",3272,"Jersey & 3rd",40.72333158646436,-74.04595255851744,3269,"Brunswick & 6th",40.72601172964625,-74.05038893222809,29639,"Subscriber",1991,2
231,"2018-12-09 20:21:37.6900","2018-12-09 20:25:28.9850",3272,"Jersey & 3rd",40.72333158646436,-74.04595255851744,3269,"Brunswick & 6th",40.72601172964625,-74.05038893222809,26160,"Subscriber",1988,1
248,"2018-12-10 06:43:43.2120","2018-12-10 06:47:51.3270",3272,"Jersey & 3rd",40.72333158646436,-74.04595255851744,3639,"Harborside",40.7192517,-74.034234,29604,"Subscriber",1984,2
2194,"2018-12-10 07:06:11.8510","2018-12-10 07:42:46.0570",3272,"Jersey & 3rd",40.72333158646436,-74.04595255851744,3270,"Jersey & 6th St",40.72528910781132,-74.04557168483734,29285,"Subscriber",1974,1
132,"2018-12-10 07:14:36.9950","2018-12-10 07:16:49.2100",3272,"Jersey & 3rd",40.72333158646436,-74.04595255851744,3186,"Grove St PATH",40.71958611647166,-74.04311746358871,26260,"Subscriber",1969,2
144,"2018-12-10 08:40:23.1820","2018-12-10 08:42:47.7830",3272,"Jersey & 3rd",40.72333158646436,-74.04595255851744,3186,"Grove St PATH",40.71958611647166,-74.04311746358871,29512,"Subscriber",1968,1
170,"2018-12-10 09:47:07.3230","2018-12-10 09:49:57.8300",3272,"Jersey & 3rd",40.72333158646436,-74.04595255851744,3186,"Grove St PATH",40.71958611647166,-74.04311746358871,29641,"Subscriber",1978,2
367,"2018-12-10 11:33:11.9360","2018-12-10 11:39:19.4950",3272,"Jersey & 3rd",40.72333158646436,-74.04595255851744,3638,"Washington St",40.7242941,-74.0354826,29658,"Subscriber",1981,1
186,"2018-12-10 11:47:19.2790","2018-12-10 11:50:26.2550",3272,"Jersey & 3rd",40.72333158646436,-74.04595255851744,3203,"Hamilton Park",40.727595966,-74.044247311,26297,"Subscriber",1962,1
393,"2018-12-10 15:02:40.2370","2018-12-10 15:09:14.0140",3272,"Jersey & 3rd",40.72333158646436,-74.04595255851744,3639,"Harborside",40.7192517,-74.034234,26186,"Subscriber",1988,1
134,"2018-12-10 17:58:32.3170","2018-12-10 18:00:46.3480",3272,"Jersey & 3rd",40.72333158646436,-74.04595255851744,3203,"Hamilton Park",40.727595966,-74.044247311,29262,"Subscriber",1983,1
149,"2018-12-10 18:05:48.3080","2018-12-10 18:08:18.2350",3272,"Jersey & 3rd",40.72333158646436,-74.04595255851744,3203,"Hamilton Park",40.727595966,-74.044247311,26186,"Subscriber",1992,1
163,"2018-12-10 18:11:12.2200","2018-12-10 18:13:56.1240",3272,"Jersey & 3rd",40.72333158646436,-74.04595255851744,3278,"Monmouth and 6th",40.72568548362901,-74.04879033565521,26318,"Subscriber",1977,1
147,"2018-12-10 18:45:22.3870","2018-12-10 18:47:49.5330",3272,"Jersey & 3rd",40.72333158646436,-74.04595255851744,3278,"Monmouth and 6th",40.72568548362901,-74.04879033565521,29444,"Subscriber",1977,1
99,"2018-12-10 18:58:52.1050","2018-12-10 19:00:31.6470",3272,"Jersey & 3rd",40.72333158646436,-74.04595255851744,3278,"Monmouth and 6th",40.72568548362901,-74.04879033565521,29623,"Subscriber",1993,1
217,"2018-12-10 19:01:31.1670","2018-12-10 19:05:09.0630",3272,"Jersey & 3rd",40.72333158646436,-74.04595255851744,3269,"Brunswick & 6th",40.72601172964625,-74.05038893222809,26204,"Subscriber",1986,1
195,"2018-12-10 19:30:30.5740","2018-12-10 19:33:46.5320",3272,"Jersey & 3rd",40.72333158646436,-74.04595255851744,3279,"Dixon Mills",40.721630142638354,-74.04996782541275,29125,"Subscriber",1991,1
161,"2018-12-10 21:19:38.0760","2018-12-10 21:22:20.0350",3272,"Jersey & 3rd",40.72333158646436,-74.04595255851744,3269,"Brunswick & 6th",40.72601172964625,-74.05038893222809,26153,"Subscriber",1989,2
190,"2018-12-10 21:34:51.3460","2018-12-10 21:38:02.0620",3272,"Jersey & 3rd",40.72333158646436,-74.04595255851744,3269,"Brunswick & 6th",40.72601172964625,-74.05038893222809,29635,"Subscriber",1990,1
131,"2018-12-10 22:12:36.5820","2018-12-10 22:14:48.0940",3272,"Jersey & 3rd",40.72333158646436,-74.04595255851744,3278,"Monmouth and 6th",40.72568548362901,-74.04879033565521,26204,"Subscriber",1981,2
118,"2018-12-11 00:12:37.7170","2018-12-11 00:14:35.7790",3272,"Jersey & 3rd",40.72333158646436,-74.04595255851744,3270,"Jersey & 6th St",40.72528910781132,-74.04557168483734,29572,"Subscriber",1992,2
247,"2018-12-11 00:37:21.2910","2018-12-11 00:41:29.0180",3272,"Jersey & 3rd",40.72333158646436,-74.04595255851744,3187,"Warren St",40.7211236,-74.03805095,26244,"Subscriber",1983,1
290,"2018-12-11 06:40:09.9710","2018-12-11 06:45:00.9440",3272,"Jersey & 3rd",40.72333158646436,-74.04595255851744,3639,"Harborside",40.7192517,-74.034234,29606,"Subscriber",1984,2
188,"2018-12-11 07:36:28.0950","2018-12-11 07:39:36.6840",3272,"Jersey & 3rd",40.72333158646436,-74.04595255851744,3186,"Grove St PATH",40.71958611647166,-74.04311746358871,29516,"Subscriber",1970,1
217,"2018-12-11 08:02:37.1140","2018-12-11 08:06:14.5020",3272,"Jersey & 3rd",40.72333158646436,-74.04595255851744,3186,"Grove St PATH",40.71958611647166,-74.04311746358871,29503,"Subscriber",1957,2
376,"2018-12-11 08:41:30.9270","2018-12-11 08:47:46.9630",3272,"Jersey & 3rd",40.72333158646436,-74.04595255851744,3639,"Harborside",40.7192517,-74.034234,26215,"Subscriber",1988,1
111,"2018-12-11 09:25:58.6410","2018-12-11 09:27:50.6390",3272,"Jersey & 3rd",40.72333158646436,-74.04595255851744,3273,"Manila & 1st",40.721650724879986,-74.04288411140442,29244,"Subscriber",1980,1
204,"2018-12-11 09:45:24.9790","2018-12-11 09:48:49.6310",3272,"Jersey & 3rd",40.72333158646436,-74.04595255851744,3186,"Grove St PATH",40.71958611647166,-74.04311746358871,26205,"Subscriber",1978,2
391,"2018-12-11 11:14:04.3960","2018-12-11 11:20:35.5690",3272,"Jersey & 3rd",40.72333158646436,-74.04595255851744,3638,"Washington St",40.7242941,-74.0354826,29127,"Subscriber",1981,1
186,"2018-12-11 12:23:42.8960","2018-12-11 12:26:49.1630",3272,"Jersey & 3rd",40.72333158646436,-74.04595255851744,3186,"Grove St PATH",40.71958611647166,-74.04311746358871,26215,"Subscriber",1952,1
137,"2018-12-11 14:02:27.2240","2018-12-11 14:04:44.8770",3272,"Jersey & 3rd",40.72333158646436,-74.04595255851744,3203,"Hamilton Park",40.727595966,-74.044247311,26244,"Subscriber",1985,1
228,"2018-12-11 16:15:23.2570","2018-12-11 16:19:11.2620",3272,"Jersey & 3rd",40.72333158646436,-74.04595255851744,3203,"Hamilton Park",40.727595966,-74.044247311,29606,"Subscriber",1978,0
161,"2018-12-11 17:23:13.8820","2018-12-11 17:25:55.1500",3272,"Jersey & 3rd",40.72333158646436,-74.04595255851744,3269,"Brunswick & 6th",40.72601172964625,-74.05038893222809,29471,"Subscriber",1992,1
115,"2018-12-11 17:50:24.0510","2018-12-11 17:52:19.9080",3272,"Jersey & 3rd",40.72333158646436,-74.04595255851744,3278,"Monmouth and 6th",40.72568548362901,-74.04879033565521,29266,"Subscriber",1977,1
129,"2018-12-11 18:22:16.7130","2018-12-11 18:24:25.8420",3272,"Jersey & 3rd",40.72333158646436,-74.04595255851744,3203,"Hamilton Park",40.727595966,-74.044247311,26241,"Subscriber",1988,1
146,"2018-12-11 18:35:17.8790","2018-12-11 18:37:44.0670",3272,"Jersey & 3rd",40.72333158646436,-74.04595255851744,3278,"Monmouth and 6th",40.72568548362901,-74.04879033565521,29484,"Subscriber",1978,1
451,"2018-12-11 18:49:18.5360","2018-12-11 18:56:50.1470",3272,"Jersey & 3rd",40.72333158646436,-74.04595255851744,3183,"Exchange Place",40.7162469,-74.0334588,26215,"Subscriber",1987,1
369,"2018-12-11 18:59:09.5350","2018-12-11 19:05:18.8710",3272,"Jersey & 3rd",40.72333158646436,-74.04595255851744,3638,"Washington St",40.7242941,-74.0354826,26284,"Subscriber",1989,1
168,"2018-12-11 19:02:14.4150","2018-12-11 19:05:02.4960",3272,"Jersey & 3rd",40.72333158646436,-74.04595255851744,3203,"Hamilton Park",40.727595966,-74.044247311,29572,"Subscriber",1971,1
69,"2018-12-11 19:04:40.9070","2018-12-11 19:05:50.4670",3272,"Jersey & 3rd",40.72333158646436,-74.04595255851744,3270,"Jersey & 6th St",40.72528910781132,-74.04557168483734,29490,"Subscriber",1967,1
194,"2018-12-11 19:52:41.9890","2018-12-11 19:55:56.3110",3272,"Jersey & 3rd",40.72333158646436,-74.04595255851744,3203,"Hamilton Park",40.727595966,-74.044247311,26219,"Subscriber",1968,1
378,"2018-12-11 21:04:05.4300","2018-12-11 21:10:23.5330",3272,"Jersey & 3rd",40.72333158646436,-74.04595255851744,3276,"Marin Light Rail",40.71458403535893,-74.04281705617905,29213,"Subscriber",1990,1
162,"2018-12-11 21:20:16.1990","2018-12-11 21:22:59.1470",3272,"Jersey & 3rd",40.72333158646436,-74.04595255851744,3269,"Brunswick & 6th",40.72601172964625,-74.05038893222809,29546,"Subscriber",1989,2
225,"2018-12-11 23:00:23.7490","2018-12-11 23:04:09.0710",3272,"Jersey & 3rd",40.72333158646436,-74.04595255851744,3187,"Warren St",40.7211236,-74.03805095,29502,"Subscriber",1984,1
194,"2018-12-11 23:00:49.2220","2018-12-11 23:04:03.6390",3272,"Jersey & 3rd",40.72333158646436,-74.04595255851744,3187,"Warren St",40.7211236,-74.03805095,29476,"Subscriber",1986,1
187,"2018-12-12 06:35:13.1630","2018-12-12 06:38:20.4880",3272,"Jersey & 3rd",40.72333158646436,-74.04595255851744,3269,"Brunswick & 6th",40.72601172964625,-74.05038893222809,29490,"Subscriber",1990,1
134,"2018-12-12 07:56:41.7740","2018-12-12 07:58:55.8620",3272,"Jersey & 3rd",40.72333158646436,-74.04595255851744,3203,"Hamilton Park",40.727595966,-74.044247311,29286,"Subscriber",1978,1
346,"2018-12-12 08:53:42.3830","2018-12-12 08:59:28.8840",3272,"Jersey & 3rd",40.72333158646436,-74.04595255851744,3639,"Harborside",40.7192517,-74.034234,29498,"Subscriber",1988,1
112,"2018-12-12 09:00:09.9120","2018-12-12 09:02:02.0990",3272,"Jersey & 3rd",40.72333158646436,-74.04595255851744,3273,"Manila & 1st",40.721650724879986,-74.04288411140442,29295,"Subscriber",1980,1
188,"2018-12-12 09:23:40.7340","2018-12-12 09:26:49.0720",3272,"Jersey & 3rd",40.72333158646436,-74.04595255851744,3203,"Hamilton Park",40.727595966,-74.044247311,29660,"Subscriber",1973,2
193,"2018-12-12 09:34:35.8100","2018-12-12 09:37:49.3460",3272,"Jersey & 3rd",40.72333158646436,-74.04595255851744,3186,"Grove St PATH",40.71958611647166,-74.04311746358871,26206,"Subscriber",1988,2
352,"2018-12-12 10:04:49.2590","2018-12-12 10:10:41.8480",3272,"Jersey & 3rd",40.72333158646436,-74.04595255851744,3639,"Harborside",40.7192517,-74.034234,29640,"Subscriber",1966,1
411,"2018-12-12 10:56:36.4130","2018-12-12 11:03:28.1140",3272,"Jersey & 3rd",40.72333158646436,-74.04595255851744,3186,"Grove St PATH",40.71958611647166,-74.04311746358871,29537,"Subscriber",1961,1
371,"2018-12-12 12:31:24.8510","2018-12-12 12:37:35.9450",3272,"Jersey & 3rd",40.72333158646436,-74.04595255851744,3638,"Washington St",40.7242941,-74.0354826,29489,"Subscriber",1981,1
197,"2018-12-12 16:56:52.0330","2018-12-12 17:00:09.0340",3272,"Jersey & 3rd",40.72333158646436,-74.04595255851744,3278,"Monmouth and 6th",40.72568548362901,-74.04879033565521,29572,"Subscriber",1990,2
137,"2018-12-12 18:52:23.0590","2018-12-12 18:54:40.0650",3272,"Jersey & 3rd",40.72333158646436,-74.04595255851744,3278,"Monmouth and 6th",40.72568548362901,-74.04879033565521,29635,"Subscriber",1977,1
127,"2018-12-12 19:18:17.3590","2018-12-12 19:20:25.1310",3272,"Jersey & 3rd",40.72333158646436,-74.04595255851744,3278,"Monmouth and 6th",40.72568548362901,-74.04879033565521,29257,"Subscriber",1981,2
172,"2018-12-12 20:08:51.2760","2018-12-12 20:11:43.9190",3272,"Jersey & 3rd",40.72333158646436,-74.04595255851744,3278,"Monmouth and 6th",40.72568548362901,-74.04879033565521,29263,"Subscriber",1986,2
124,"2018-12-12 20:18:47.4830","2018-12-12 20:20:51.9520",3272,"Jersey & 3rd",40.72333158646436,-74.04595255851744,3278,"Monmouth and 6th",40.72568548362901,-74.04879033565521,29517,"Subscriber",1977,1
119,"2018-12-12 21:23:10.3680","2018-12-12 21:25:10.1280",3272,"Jersey & 3rd",40.72333158646436,-74.04595255851744,3203,"Hamilton Park",40.727595966,-74.044247311,29475,"Subscriber",1985,1
484,"2018-12-12 23:48:28.5180","2018-12-12 23:56:32.7500",3272,"Jersey & 3rd",40.72333158646436,-74.04595255851744,3638,"Washington St",40.7242941,-74.0354826,26157,"Customer",1969,0
455,"2018-12-12 23:48:56.9330","2018-12-12 23:56:31.9360",3272,"Jersey & 3rd",40.72333158646436,-74.04595255851744,3638,"Washington St",40.7242941,-74.0354826,29304,"Customer",1969,0
427,"2018-12-12 23:49:19.7720","2018-12-12 23:56:27.7490",3272,"Jersey & 3rd",40.72333158646436,-74.04595255851744,3638,"Washington St",40.7242941,-74.0354826,29452,"Customer",1969,0
422,"2018-12-13 02:10:13.1150","2018-12-13 02:17:15.8990",3272,"Jersey & 3rd",40.72333158646436,-74.04595255851744,3203,"Hamilton Park",40.727595966,-74.044247311,26254,"Subscriber",1987,1
76,"2018-12-13 03:06:36.2550","2018-12-13 03:07:52.6290",3272,"Jersey & 3rd",40.72333158646436,-74.04595255851744,3270,"Jersey & 6th St",40.72528910781132,-74.04557168483734,29593,"Subscriber",1992,2
117,"2018-12-13 07:14:35.1120","2018-12-13 07:16:32.8010",3272,"Jersey & 3rd",40.72333158646436,-74.04595255851744,3273,"Manila & 1st",40.721650724879986,-74.04288411140442,29244,"Subscriber",1988,2
152,"2018-12-13 07:45:08.2530","2018-12-13 07:47:40.6900",3272,"Jersey & 3rd",40.72333158646436,-74.04595255851744,3186,"Grove St PATH",40.71958611647166,-74.04311746358871,26160,"Subscriber",1969,1
162,"2018-12-13 07:58:05.8070","2018-12-13 08:00:48.4960",3272,"Jersey & 3rd",40.72333158646436,-74.04595255851744,3186,"Grove St PATH",40.71958611647166,-74.04311746358871,26248,"Subscriber",1985,1
350,"2018-12-13 08:36:08.4430","2018-12-13 08:41:59.1070",3272,"Jersey & 3rd",40.72333158646436,-74.04595255851744,3639,"Harborside",40.7192517,-74.034234,29647,"Subscriber",1988,1
135,"2018-12-13 09:01:38.5430","2018-12-13 09:03:53.9100",3272,"Jersey & 3rd",40.72333158646436,-74.04595255851744,3273,"Manila & 1st",40.721650724879986,-74.04288411140442,29244,"Subscriber",1980,1
602,"2018-12-13 09:25:10.4400","2018-12-13 09:35:13.4000",3272,"Jersey & 3rd",40.72333158646436,-74.04595255851744,3184,"Paulus Hook",40.7141454,-74.0335519,29537,"Subscriber",1977,1
171,"2018-12-13 09:38:59.0820","2018-12-13 09:41:50.7590",3272,"Jersey & 3rd",40.72333158646436,-74.04595255851744,3186,"Grove St PATH",40.71958611647166,-74.04311746358871,29469,"Subscriber",1978,2
284,"2018-12-13 12:24:04.5420","2018-12-13 12:28:49.2000",3272,"Jersey & 3rd",40.72333158646436,-74.04595255851744,3638,"Washington St",40.7242941,-74.0354826,29531,"Subscriber",1981,1
215,"2018-12-13 13:38:07.8760","2018-12-13 13:41:43.4370",3272,"Jersey & 3rd",40.72333158646436,-74.04595255851744,3203,"Hamilton Park",40.727595966,-74.044247311,29272,"Subscriber",1986,1
443,"2018-12-13 14:28:54.3430","2018-12-13 14:36:18.0830",3272,"Jersey & 3rd",40.72333158646436,-74.04595255851744,3199,"Newport Pkwy",40.7287448,-74.0321082,29225,"Subscriber",1952,1
350,"2018-12-13 14:34:31.1310","2018-12-13 14:40:21.7220",3272,"Jersey & 3rd",40.72333158646436,-74.04595255851744,3639,"Harborside",40.7192517,-74.034234,29578,"Subscriber",1988,1
335,"2018-12-13 17:06:42.3970","2018-12-13 17:12:17.4480",3272,"Jersey & 3rd",40.72333158646436,-74.04595255851744,3275,"Columbus Drive",40.71835519823214,-74.03891444206238,29619,"Subscriber",1989,1
387,"2018-12-13 17:53:49.0330","2018-12-13 18:00:17.0250",3272,"Jersey & 3rd",40.72333158646436,-74.04595255851744,3272,"Jersey & 3rd",40.72333158646436,-74.04595255851744,26316,"Subscriber",1988,1
164,"2018-12-13 18:51:17.9070","2018-12-13 18:54:02.6000",3272,"Jersey & 3rd",40.72333158646436,-74.04595255851744,3203,"Hamilton Park",40.727595966,-74.044247311,29525,"Subscriber",1980,2
205,"2018-12-13 18:55:32.0560","2018-12-13 18:58:57.7590",3272,"Jersey & 3rd",40.72333158646436,-74.04595255851744,3278,"Monmouth and 6th",40.72568548362901,-74.04879033565521,29601,"Subscriber",1977,1
160,"2018-12-13 19:29:04.2830","2018-12-13 19:31:44.9790",3272,"Jersey & 3rd",40.72333158646436,-74.04595255851744,3278,"Monmouth and 6th",40.72568548362901,-74.04879033565521,29307,"Subscriber",1974,1
199,"2018-12-13 20:02:02.0860","2018-12-13 20:05:21.5260",3272,"Jersey & 3rd",40.72333158646436,-74.04595255851744,3203,"Hamilton Park",40.727595966,-74.044247311,29481,"Subscriber",1968,1
138,"2018-12-13 23:02:09.2060","2018-12-13 23:04:28.1810",3272,"Jersey & 3rd",40.72333158646436,-74.04595255851744,3278,"Monmouth and 6th",40.72568548362901,-74.04879033565521,26268,"Subscriber",1989,2
183,"2018-12-13 23:25:52.0040","2018-12-13 23:28:55.8050",3272,"Jersey & 3rd",40.72333158646436,-74.04595255851744,3203,"Hamilton Park",40.727595966,-74.044247311,29554,"Subscriber",1988,2
115,"2018-12-14 00:47:01.5580","2018-12-14 00:48:57.3040",3272,"Jersey & 3rd",40.72333158646436,-74.04595255851744,3203,"Hamilton Park",40.727595966,-74.044247311,26316,"Subscriber",1986,1
261,"2018-12-14 05:13:07.1760","2018-12-14 05:17:28.7840",3272,"Jersey & 3rd",40.72333158646436,-74.04595255851744,3638,"Washington St",40.7242941,-74.0354826,29604,"Subscriber",1964,1
402,"2018-12-14 07:18:14.1540","2018-12-14 07:24:56.9710",3272,"Jersey & 3rd",40.72333158646436,-74.04595255851744,3639,"Harborside",40.7192517,-74.034234,29225,"Subscriber",1984,2
255,"2018-12-14 07:56:28.8950","2018-12-14 08:00:44.4240",3272,"Jersey & 3rd",40.72333158646436,-74.04595255851744,3213,"Van Vorst Park",40.71848892,-74.047726625,29544,"Subscriber",1962,2
245,"2018-12-14 07:56:28.1570","2018-12-14 08:00:34.1450",3272,"Jersey & 3rd",40.72333158646436,-74.04595255851744,3213,"Van Vorst Park",40.71848892,-74.047726625,29517,"Subscriber",1962,1
489,"2018-12-14 08:34:59.1710","2018-12-14 08:43:09.1350",3272,"Jersey & 3rd",40.72333158646436,-74.04595255851744,3681,"Grand St",40.71517767732029,-74.03768330812454,29307,"Subscriber",1989,2
278,"2018-12-14 09:20:25.7470","2018-12-14 09:25:03.7500",3272,"Jersey & 3rd",40.72333158646436,-74.04595255851744,3185,"City Hall",40.7177325,-74.043845,29576,"Subscriber",1988,2
140,"2018-12-14 09:24:34.0970","2018-12-14 09:26:54.6520",3272,"Jersey & 3rd",40.72333158646436,-74.04595255851744,3203,"Hamilton Park",40.727595966,-74.044247311,29578,"Subscriber",1974,1
262,"2018-12-14 10:43:50.7940","2018-12-14 10:48:13.3610",3272,"Jersey & 3rd",40.72333158646436,-74.04595255851744,3187,"Warren St",40.7211236,-74.03805095,29538,"Subscriber",1991,1
214,"2018-12-14 11:00:03.6810","2018-12-14 11:03:37.6860",3272,"Jersey & 3rd",40.72333158646436,-74.04595255851744,3186,"Grove St PATH",40.71958611647166,-74.04311746358871,29679,"Subscriber",1980,0
156,"2018-12-14 11:04:06.3210","2018-12-14 11:06:42.6780",3272,"Jersey & 3rd",40.72333158646436,-74.04595255851744,3186,"Grove St PATH",40.71958611647166,-74.04311746358871,29517,"Subscriber",1978,2
314,"2018-12-14 11:21:29.2470","2018-12-14 11:26:43.8110",3272,"Jersey & 3rd",40.72333158646436,-74.04595255851744,3638,"Washington St",40.7242941,-74.0354826,29611,"Subscriber",1981,1
265,"2018-12-14 13:12:58.6080","2018-12-14 13:17:23.7860",3272,"Jersey & 3rd",40.72333158646436,-74.04595255851744,3205,"JC Medical Center",40.71653978099194,-74.0496379137039,29507,"Subscriber",1956,1
1768,"2018-12-14 15:32:20.7020","2018-12-14 16:01:49.1900",3272,"Jersey & 3rd",40.72333158646436,-74.04595255851744,3272,"Jersey & 3rd",40.72333158646436,-74.04595255851744,29612,"Subscriber",1973,1
120,"2018-12-14 16:54:39.4170","2018-12-14 16:56:40.3570",3272,"Jersey & 3rd",40.72333158646436,-74.04595255851744,3270,"Jersey & 6th St",40.72528910781132,-74.04557168483734,29239,"Subscriber",1992,2
61,"2018-12-14 18:58:22.2870","2018-12-14 18:59:23.3710",3272,"Jersey & 3rd",40.72333158646436,-74.04595255851744,3270,"Jersey & 6th St",40.72528910781132,-74.04557168483734,29487,"Subscriber",1987,1
192,"2018-12-14 19:07:59.6750","2018-12-14 19:11:11.6830",3272,"Jersey & 3rd",40.72333158646436,-74.04595255851744,3213,"Van Vorst Park",40.71848892,-74.047726625,29225,"Subscriber",1962,1
745,"2018-12-14 19:14:12.7420","2018-12-14 19:26:37.8630",3272,"Jersey & 3rd",40.72333158646436,-74.04595255851744,3213,"Van Vorst Park",40.71848892,-74.047726625,26258,"Subscriber",1992,1
218,"2018-12-14 19:22:58.4160","2018-12-14 19:26:37.1790",3272,"Jersey & 3rd",40.72333158646436,-74.04595255851744,3203,"Hamilton Park",40.727595966,-74.044247311,29469,"Subscriber",1956,1
1299,"2018-12-14 19:39:52.5450","2018-12-14 20:01:31.6060",3272,"Jersey & 3rd",40.72333158646436,-74.04595255851744,3277,"Communipaw & Berry Lane",40.71435836870427,-74.06661093235016,29636,"Subscriber",1988,1
134,"2018-12-14 21:21:14.3420","2018-12-14 21:23:28.8730",3272,"Jersey & 3rd",40.72333158646436,-74.04595255851744,3203,"Hamilton Park",40.727595966,-74.044247311,29264,"Subscriber",1988,2
627,"2018-12-15 06:34:11.3480","2018-12-15 06:44:39.0650",3272,"Jersey & 3rd",40.72333158646436,-74.04595255851744,3268,"Lafayette Park",40.71346382669195,-74.06285852193832,29612,"Subscriber",1991,1
108,"2018-12-15 09:16:38.7430","2018-12-15 09:18:27.4980",3272,"Jersey & 3rd",40.72333158646436,-74.04595255851744,3273,"Manila & 1st",40.721650724879986,-74.04288411140442,29286,"Subscriber",1988,2
153,"2018-12-15 09:21:27.5290","2018-12-15 09:24:00.8560",3272,"Jersey & 3rd",40.72333158646436,-74.04595255851744,3203,"Hamilton Park",40.727595966,-74.044247311,29294,"Subscriber",1990,1
479,"2018-12-15 09:37:48.6100","2018-12-15 09:45:47.8760",3272,"Jersey & 3rd",40.72333158646436,-74.04595255851744,3199,"Newport Pkwy",40.7287448,-74.0321082,29614,"Subscriber",1952,1
87,"2018-12-15 10:44:14.6410","2018-12-15 10:45:41.8820",3272,"Jersey & 3rd",40.72333158646436,-74.04595255851744,3270,"Jersey & 6th St",40.72528910781132,-74.04557168483734,29507,"Subscriber",1992,1
163,"2018-12-15 13:19:41.7710","2018-12-15 13:22:25.7110",3272,"Jersey & 3rd",40.72333158646436,-74.04595255851744,3203,"Hamilton Park",40.727595966,-74.044247311,29286,"Subscriber",1990,1
163,"2018-12-15 13:19:39.9780","2018-12-15 13:22:23.1590",3272,"Jersey & 3rd",40.72333158646436,-74.04595255851744,3203,"Hamilton Park",40.727595966,-74.044247311,29233,"Subscriber",1990,2
278,"2018-12-15 13:56:18.2130","2018-12-15 14:00:56.2720",3272,"Jersey & 3rd",40.72333158646436,-74.04595255851744,3269,"Brunswick & 6th",40.72601172964625,-74.05038893222809,29294,"Subscriber",1991,1
169,"2018-12-15 13:58:25.3090","2018-12-15 14:01:14.3350",3272,"Jersey & 3rd",40.72333158646436,-74.04595255851744,3203,"Hamilton Park",40.727595966,-74.044247311,29505,"Subscriber",1973,1
156,"2018-12-15 14:14:18.3000","2018-12-15 14:16:54.5720",3272,"Jersey & 3rd",40.72333158646436,-74.04595255851744,3203,"Hamilton Park",40.727595966,-74.044247311,29485,"Subscriber",1973,1
265,"2018-12-15 16:17:51.4270","2018-12-15 16:22:16.7050",3272,"Jersey & 3rd",40.72333158646436,-74.04595255851744,3483,"Montgomery St",40.71942,-74.05099,29531,"Subscriber",1992,1
242,"2018-12-15 16:18:17.0780","2018-12-15 16:22:19.8400",3272,"Jersey & 3rd",40.72333158646436,-74.04595255851744,3483,"Montgomery St",40.71942,-74.05099,29494,"Subscriber",1991,2
196,"2018-12-15 17:08:24.3280","2018-12-15 17:11:40.7760",3272,"Jersey & 3rd",40.72333158646436,-74.04595255851744,3186,"Grove St PATH",40.71958611647166,-74.04311746358871,26281,"Subscriber",1976,1
185,"2018-12-15 17:37:37.4020","2018-12-15 17:40:43.0940",3272,"Jersey & 3rd",40.72333158646436,-74.04595255851744,3203,"Hamilton Park",40.727595966,-74.044247311,26257,"Subscriber",1980,2
159,"2018-12-15 17:42:43.8820","2018-12-15 17:45:23.6190",3272,"Jersey & 3rd",40.72333158646436,-74.04595255851744,3278,"Monmouth and 6th",40.72568548362901,-74.04879033565521,29460,"Subscriber",1982,1
165,"2018-12-15 20:56:49.5930","2018-12-15 20:59:35.2710",3272,"Jersey & 3rd",40.72333158646436,-74.04595255851744,3278,"Monmouth and 6th",40.72568548362901,-74.04879033565521,29679,"Subscriber",1990,1
232,"2018-12-15 21:43:57.2760","2018-12-15 21:47:49.8160",3272,"Jersey & 3rd",40.72333158646436,-74.04595255851744,3185,"City Hall",40.7177325,-74.043845,29540,"Subscriber",1984,1
329,"2018-12-16 09:45:43.5050","2018-12-16 09:51:13.4190",3272,"Jersey & 3rd",40.72333158646436,-74.04595255851744,3483,"Montgomery St",40.71942,-74.05099,29219,"Subscriber",1977,1
245,"2018-12-16 10:33:54.7240","2018-12-16 10:38:00.4250",3272,"Jersey & 3rd",40.72333158646436,-74.04595255851744,3185,"City Hall",40.7177325,-74.043845,29672,"Subscriber",1988,1
180,"2018-12-16 16:55:26.9100","2018-12-16 16:58:27.4790",3272,"Jersey & 3rd",40.72333158646436,-74.04595255851744,3186,"Grove St PATH",40.71958611647166,-74.04311746358871,29293,"Subscriber",1976,1
165,"2018-12-16 17:10:38.0470","2018-12-16 17:13:23.9520",3272,"Jersey & 3rd",40.72333158646436,-74.04595255851744,3203,"Hamilton Park",40.727595966,-74.044247311,29516,"Subscriber",1983,1
61,"2018-12-16 18:22:07.1970","2018-12-16 18:23:08.2360",3272,"Jersey & 3rd",40.72333158646436,-74.04595255851744,3270,"Jersey & 6th St",40.72528910781132,-74.04557168483734,29460,"Subscriber",1987,1
127,"2018-12-16 18:29:57.0230","2018-12-16 18:32:04.4670",3272,"Jersey & 3rd",40.72333158646436,-74.04595255851744,3203,"Hamilton Park",40.727595966,-74.044247311,26151,"Subscriber",1987,1
164,"2018-12-16 18:38:26.1640","2018-12-16 18:41:10.3340",3272,"Jersey & 3rd",40.72333158646436,-74.04595255851744,3203,"Hamilton Park",40.727595966,-74.044247311,29212,"Subscriber",1987,1
184,"2018-12-16 18:41:35.6310","2018-12-16 18:44:40.6000",3272,"Jersey & 3rd",40.72333158646436,-74.04595255851744,3203,"Hamilton Park",40.727595966,-74.044247311,26295,"Subscriber",1983,2
64,"2018-12-16 18:47:29.4830","2018-12-16 18:48:34.1220",3272,"Jersey & 3rd",40.72333158646436,-74.04595255851744,3270,"Jersey & 6th St",40.72528910781132,-74.04557168483734,29477,"Subscriber",1987,1
136,"2018-12-16 18:51:21.8710","2018-12-16 18:53:38.5510",3272,"Jersey & 3rd",40.72333158646436,-74.04595255851744,3203,"Hamilton Park",40.727595966,-74.044247311,29121,"Subscriber",1987,1
284,"2018-12-16 21:28:26.2890","2018-12-16 21:33:10.6120",3272,"Jersey & 3rd",40.72333158646436,-74.04595255851744,3185,"City Hall",40.7177325,-74.043845,29619,"Subscriber",1957,1
192,"2018-12-17 09:23:49.5250","2018-12-17 09:27:01.5590",3272,"Jersey & 3rd",40.72333158646436,-74.04595255851744,3186,"Grove St PATH",40.71958611647166,-74.04311746358871,29477,"Subscriber",1988,2
131,"2018-12-17 09:34:08.3350","2018-12-17 09:36:19.8570",3272,"Jersey & 3rd",40.72333158646436,-74.04595255851744,3186,"Grove St PATH",40.71958611647166,-74.04311746358871,26167,"Subscriber",1987,1
183,"2018-12-17 09:53:46.4220","2018-12-17 09:56:49.5150",3272,"Jersey & 3rd",40.72333158646436,-74.04595255851744,3186,"Grove St PATH",40.71958611647166,-74.04311746358871,17348,"Subscriber",1980,0
149,"2018-12-17 10:52:46.5650","2018-12-17 10:55:16.3770",3272,"Jersey & 3rd",40.72333158646436,-74.04595255851744,3203,"Hamilton Park",40.727595966,-74.044247311,26293,"Subscriber",1972,1
353,"2018-12-17 11:44:20.9910","2018-12-17 11:50:14.7470",3272,"Jersey & 3rd",40.72333158646436,-74.04595255851744,3202,"Newport PATH",40.7272235,-74.0337589,26300,"Subscriber",1981,1
107,"2018-12-17 13:24:06.6660","2018-12-17 13:25:53.8780",3272,"Jersey & 3rd",40.72333158646436,-74.04595255851744,3273,"Manila & 1st",40.721650724879986,-74.04288411140442,29257,"Subscriber",1977,1
241,"2018-12-17 15:11:32.8940","2018-12-17 15:15:34.1560",3272,"Jersey & 3rd",40.72333158646436,-74.04595255851744,3186,"Grove St PATH",40.71958611647166,-74.04311746358871,29494,"Subscriber",1960,1
213,"2018-12-17 16:00:24.9580","2018-12-17 16:03:58.8510",3272,"Jersey & 3rd",40.72333158646436,-74.04595255851744,3186,"Grove St PATH",40.71958611647166,-74.04311746358871,29554,"Subscriber",1983,2
150,"2018-12-17 17:00:59.4090","2018-12-17 17:03:29.6810",3272,"Jersey & 3rd",40.72333158646436,-74.04595255851744,3203,"Hamilton Park",40.727595966,-74.044247311,29457,"Subscriber",1988,1
161,"2018-12-17 17:18:34.4010","2018-12-17 17:21:16.0550",3272,"Jersey & 3rd",40.72333158646436,-74.04595255851744,3269,"Brunswick & 6th",40.72601172964625,-74.05038893222809,29595,"Subscriber",1980,1
177,"2018-12-17 17:26:05.6960","2018-12-17 17:29:03.5770",3272,"Jersey & 3rd",40.72333158646436,-74.04595255851744,3186,"Grove St PATH",40.71958611647166,-74.04311746358871,26221,"Subscriber",1991,1
152,"2018-12-17 17:26:45.2800","2018-12-17 17:29:17.5900",3272,"Jersey & 3rd",40.72333158646436,-74.04595255851744,3186,"Grove St PATH",40.71958611647166,-74.04311746358871,29597,"Subscriber",1988,2
185,"2018-12-17 18:13:37.8910","2018-12-17 18:16:43.4500",3272,"Jersey & 3rd",40.72333158646436,-74.04595255851744,3203,"Hamilton Park",40.727595966,-74.044247311,26192,"Subscriber",1978,1
99,"2018-12-17 19:00:58.3720","2018-12-17 19:02:37.8680",3272,"Jersey & 3rd",40.72333158646436,-74.04595255851744,3278,"Monmouth and 6th",40.72568548362901,-74.04879033565521,29441,"Subscriber",1993,1
158,"2018-12-17 19:06:15.5530","2018-12-17 19:08:53.6970",3272,"Jersey & 3rd",40.72333158646436,-74.04595255851744,3203,"Hamilton Park",40.727595966,-74.044247311,29484,"Subscriber",1967,1
185,"2018-12-17 19:07:00.6190","2018-12-17 19:10:05.9890",3272,"Jersey & 3rd",40.72333158646436,-74.04595255851744,3203,"Hamilton Park",40.727595966,-74.044247311,29257,"Subscriber",1988,2
80,"2018-12-17 19:08:02.6340","2018-12-17 19:09:23.1850",3272,"Jersey & 3rd",40.72333158646436,-74.04595255851744,3270,"Jersey & 6th St",40.72528910781132,-74.04557168483734,29529,"Subscriber",1967,1
139,"2018-12-17 19:13:49.1330","2018-12-17 19:16:08.4030",3272,"Jersey & 3rd",40.72333158646436,-74.04595255851744,3203,"Hamilton Park",40.727595966,-74.044247311,29493,"Subscriber",1983,1
103,"2018-12-17 19:42:59.6600","2018-12-17 19:44:43.3160",3272,"Jersey & 3rd",40.72333158646436,-74.04595255851744,3211,"Newark Ave",40.72152515,-74.046304543,29531,"Subscriber",1995,1
139,"2018-12-17 20:24:35.7630","2018-12-17 20:26:55.5200",3272,"Jersey & 3rd",40.72333158646436,-74.04595255851744,3278,"Monmouth and 6th",40.72568548362901,-74.04879033565521,26184,"Subscriber",1981,2
135,"2018-12-17 21:23:17.2280","2018-12-17 21:25:32.7530",3272,"Jersey & 3rd",40.72333158646436,-74.04595255851744,3203,"Hamilton Park",40.727595966,-74.044247311,26182,"Subscriber",1983,1
216,"2018-12-17 22:44:56.6170","2018-12-17 22:48:33.1270",3272,"Jersey & 3rd",40.72333158646436,-74.04595255851744,3269,"Brunswick & 6th",40.72601172964625,-74.05038893222809,29577,"Subscriber",1981,1
187,"2018-12-18 08:37:26.1260","2018-12-18 08:40:33.9720",3272,"Jersey & 3rd",40.72333158646436,-74.04595255851744,3186,"Grove St PATH",40.71958611647166,-74.04311746358871,29121,"Subscriber",1987,1
114,"2018-12-18 09:04:26.7650","2018-12-18 09:06:21.6230",3272,"Jersey & 3rd",40.72333158646436,-74.04595255851744,3273,"Manila & 1st",40.721650724879986,-74.04288411140442,29594,"Subscriber",1980,1
401,"2018-12-18 11:46:29.4670","2018-12-18 11:53:10.5270",3272,"Jersey & 3rd",40.72333158646436,-74.04595255851744,3202,"Newport PATH",40.7272235,-74.0337589,29308,"Subscriber",1981,1
329,"2018-12-18 13:13:50.8500","2018-12-18 13:19:20.2360",3272,"Jersey & 3rd",40.72333158646436,-74.04595255851744,3639,"Harborside",40.7192517,-74.034234,29520,"Subscriber",1966,1
209,"2018-12-18 17:10:43.1880","2018-12-18 17:14:13.0940",3272,"Jersey & 3rd",40.72333158646436,-74.04595255851744,3186,"Grove St PATH",40.71958611647166,-74.04311746358871,29477,"Subscriber",1991,1
104,"2018-12-18 17:59:50.5830","2018-12-18 18:01:35.0630",3272,"Jersey & 3rd",40.72333158646436,-74.04595255851744,3211,"Newark Ave",40.72152515,-74.046304543,26278,"Subscriber",1987,1
75,"2018-12-18 18:04:44.0660","2018-12-18 18:05:59.5340",3272,"Jersey & 3rd",40.72333158646436,-74.04595255851744,3211,"Newark Ave",40.72152515,-74.046304543,26221,"Subscriber",1987,1
69,"2018-12-18 18:14:57.9420","2018-12-18 18:16:07.5500",3272,"Jersey & 3rd",40.72333158646436,-74.04595255851744,3211,"Newark Ave",40.72152515,-74.046304543,29452,"Subscriber",1987,1
144,"2018-12-18 18:34:55.0160","2018-12-18 18:37:19.1480",3272,"Jersey & 3rd",40.72333158646436,-74.04595255851744,3278,"Monmouth and 6th",40.72568548362901,-74.04879033565521,26179,"Subscriber",1977,1
191,"2018-12-18 19:12:38.5660","2018-12-18 19:15:50.2560",3272,"Jersey & 3rd",40.72333158646436,-74.04595255851744,3203,"Hamilton Park",40.727595966,-74.044247311,26311,"Subscriber",1968,1
144,"2018-12-18 19:14:49.1990","2018-12-18 19:17:13.9360",3272,"Jersey & 3rd",40.72333158646436,-74.04595255851744,3278,"Monmouth and 6th",40.72568548362901,-74.04879033565521,26161,"Subscriber",1983,2
245,"2018-12-18 19:18:07.2590","2018-12-18 19:22:12.8200",3272,"Jersey & 3rd",40.72333158646436,-74.04595255851744,3279,"Dixon Mills",40.721630142638354,-74.04996782541275,29495,"Subscriber",1991,1
117,"2018-12-18 19:42:36.9800","2018-12-18 19:44:34.0850",3272,"Jersey & 3rd",40.72333158646436,-74.04595255851744,3273,"Manila & 1st",40.721650724879986,-74.04288411140442,29126,"Subscriber",1988,2
242,"2018-12-18 22:36:36.9970","2018-12-18 22:40:39.5960",3272,"Jersey & 3rd",40.72333158646436,-74.04595255851744,3187,"Warren St",40.7211236,-74.03805095,26283,"Subscriber",1981,1
346,"2018-12-19 06:36:37.9970","2018-12-19 06:42:24.9920",3272,"Jersey & 3rd",40.72333158646436,-74.04595255851744,3639,"Harborside",40.7192517,-74.034234,26283,"Subscriber",1984,2
161,"2018-12-19 07:55:55.8310","2018-12-19 07:58:37.2740",3272,"Jersey & 3rd",40.72333158646436,-74.04595255851744,3186,"Grove St PATH",40.71958611647166,-74.04311746358871,29305,"Subscriber",1980,0
208,"2018-12-19 08:39:16.5450","2018-12-19 08:42:44.6330",3272,"Jersey & 3rd",40.72333158646436,-74.04595255851744,3186,"Grove St PATH",40.71958611647166,-74.04311746358871,29275,"Subscriber",1960,1
83,"2018-12-19 08:44:59.0020","2018-12-19 08:46:22.3100",3272,"Jersey & 3rd",40.72333158646436,-74.04595255851744,3273,"Manila & 1st",40.721650724879986,-74.04288411140442,29297,"Subscriber",1993,1
188,"2018-12-19 11:06:39.7610","2018-12-19 11:09:47.7850",3272,"Jersey & 3rd",40.72333158646436,-74.04595255851744,3203,"Hamilton Park",40.727595966,-74.044247311,29516,"Subscriber",1988,2
420,"2018-12-19 11:34:29.7960","2018-12-19 11:41:30.4260",3272,"Jersey & 3rd",40.72333158646436,-74.04595255851744,3638,"Washington St",40.7242941,-74.0354826,26206,"Subscriber",1981,1
255,"2018-12-19 13:04:51.9980","2018-12-19 13:09:07.6760",3272,"Jersey & 3rd",40.72333158646436,-74.04595255851744,3638,"Washington St",40.7242941,-74.0354826,29645,"Subscriber",1952,1
162,"2018-12-19 17:00:51.3300","2018-12-19 17:03:34.1860",3272,"Jersey & 3rd",40.72333158646436,-74.04595255851744,3278,"Monmouth and 6th",40.72568548362901,-74.04879033565521,29569,"Subscriber",1987,1
223,"2018-12-19 17:02:37.2780","2018-12-19 17:06:20.6650",3272,"Jersey & 3rd",40.72333158646436,-74.04595255851744,3273,"Manila & 1st",40.721650724879986,-74.04288411140442,29681,"Subscriber",1983,1
132,"2018-12-19 17:49:07.0560","2018-12-19 17:51:19.1580",3272,"Jersey & 3rd",40.72333158646436,-74.04595255851744,3203,"Hamilton Park",40.727595966,-74.044247311,26264,"Subscriber",1985,1
85,"2018-12-19 18:42:16.3940","2018-12-19 18:43:42.3890",3272,"Jersey & 3rd",40.72333158646436,-74.04595255851744,3270,"Jersey & 6th St",40.72528910781132,-74.04557168483734,29445,"Subscriber",1960,1
118,"2018-12-19 18:59:01.2890","2018-12-19 19:01:00.0850",3272,"Jersey & 3rd",40.72333158646436,-74.04595255851744,3278,"Monmouth and 6th",40.72568548362901,-74.04879033565521,26241,"Subscriber",1977,1
91,"2018-12-19 19:12:57.6040","2018-12-19 19:14:28.6090",3272,"Jersey & 3rd",40.72333158646436,-74.04595255851744,3278,"Monmouth and 6th",40.72568548362901,-74.04879033565521,26208,"Subscriber",1993,1
252,"2018-12-19 20:18:38.0530","2018-12-19 20:22:51.0240",3272,"Jersey & 3rd",40.72333158646436,-74.04595255851744,3269,"Brunswick & 6th",40.72601172964625,-74.05038893222809,29593,"Subscriber",1987,2
189,"2018-12-19 21:58:17.7910","2018-12-19 22:01:27.4310",3272,"Jersey & 3rd",40.72333158646436,-74.04595255851744,3203,"Hamilton Park",40.727595966,-74.044247311,26221,"Subscriber",1990,2
175,"2018-12-19 22:58:46.9120","2018-12-19 23:01:42.1120",3272,"Jersey & 3rd",40.72333158646436,-74.04595255851744,3269,"Brunswick & 6th",40.72601172964625,-74.05038893222809,26158,"Subscriber",1993,2
157,"2018-12-20 05:06:32.7510","2018-12-20 05:09:10.7010",3272,"Jersey & 3rd",40.72333158646436,-74.04595255851744,3269,"Brunswick & 6th",40.72601172964625,-74.05038893222809,26213,"Subscriber",1990,1
203,"2018-12-20 07:56:46.5330","2018-12-20 08:00:10.0700",3272,"Jersey & 3rd",40.72333158646436,-74.04595255851744,3213,"Van Vorst Park",40.71848892,-74.047726625,29502,"Subscriber",1962,2
164,"2018-12-20 08:22:44.1360","2018-12-20 08:25:29.0720",3272,"Jersey & 3rd",40.72333158646436,-74.04595255851744,3186,"Grove St PATH",40.71958611647166,-74.04311746358871,26287,"Subscriber",1959,1
206,"2018-12-20 09:21:04.1460","2018-12-20 09:24:31.0520",3272,"Jersey & 3rd",40.72333158646436,-74.04595255851744,3186,"Grove St PATH",40.71958611647166,-74.04311746358871,29208,"Subscriber",1980,0
113,"2018-12-20 09:26:55.3440","2018-12-20 09:28:49.2620",3272,"Jersey & 3rd",40.72333158646436,-74.04595255851744,3273,"Manila & 1st",40.721650724879986,-74.04288411140442,26267,"Subscriber",1988,2
136,"2018-12-20 09:34:07.3880","2018-12-20 09:36:23.4090",3272,"Jersey & 3rd",40.72333158646436,-74.04595255851744,3186,"Grove St PATH",40.71958611647166,-74.04311746358871,26287,"Subscriber",1987,1
152,"2018-12-20 10:22:39.6560","2018-12-20 10:25:12.1510",3272,"Jersey & 3rd",40.72333158646436,-74.04595255851744,3186,"Grove St PATH",40.71958611647166,-74.04311746358871,26225,"Subscriber",1985,1
143,"2018-12-20 12:26:18.4850","2018-12-20 12:28:41.5970",3272,"Jersey & 3rd",40.72333158646436,-74.04595255851744,3278,"Monmouth and 6th",40.72568548362901,-74.04879033565521,29199,"Subscriber",1983,2
210,"2018-12-20 13:15:01.5560","2018-12-20 13:18:32.1280",3272,"Jersey & 3rd",40.72333158646436,-74.04595255851744,3186,"Grove St PATH",40.71958611647166,-74.04311746358871,29490,"Subscriber",1986,1
460,"2018-12-20 14:07:38.4690","2018-12-20 14:15:19.4460",3272,"Jersey & 3rd",40.72333158646436,-74.04595255851744,3681,"Grand St",40.71517767732029,-74.03768330812454,29493,"Subscriber",1988,1
874,"2018-12-20 14:39:15.9860","2018-12-20 14:53:50.8110",3272,"Jersey & 3rd",40.72333158646436,-74.04595255851744,3211,"Newark Ave",40.72152515,-74.046304543,26187,"Subscriber",1982,1
155,"2018-12-20 15:18:03.7200","2018-12-20 15:20:38.7560",3272,"Jersey & 3rd",40.72333158646436,-74.04595255851744,3278,"Monmouth and 6th",40.72568548362901,-74.04879033565521,29662,"Subscriber",1986,1
187,"2018-12-20 15:52:48.6450","2018-12-20 15:55:56.0990",3272,"Jersey & 3rd",40.72333158646436,-74.04595255851744,3279,"Dixon Mills",40.721630142638354,-74.04996782541275,29490,"Subscriber",1986,1
156,"2018-12-20 17:20:32.6000","2018-12-20 17:23:09.2720",3272,"Jersey & 3rd",40.72333158646436,-74.04595255851744,3278,"Monmouth and 6th",40.72568548362901,-74.04879033565521,29465,"Subscriber",1984,1
177,"2018-12-20 20:26:23.7620","2018-12-20 20:29:21.5330",3272,"Jersey & 3rd",40.72333158646436,-74.04595255851744,3269,"Brunswick & 6th",40.72601172964625,-74.05038893222809,29293,"Subscriber",1990,1
472,"2018-12-20 21:02:25.8960","2018-12-20 21:10:18.8650",3272,"Jersey & 3rd",40.72333158646436,-74.04595255851744,3276,"Marin Light Rail",40.71458403535893,-74.04281705617905,29234,"Subscriber",1990,1
194,"2018-12-21 07:36:25.4410","2018-12-21 07:39:39.4890",3272,"Jersey & 3rd",40.72333158646436,-74.04595255851744,3186,"Grove St PATH",40.71958611647166,-74.04311746358871,29496,"Subscriber",1992,2
158,"2018-12-21 11:07:58.8890","2018-12-21 11:10:37.1850",3272,"Jersey & 3rd",40.72333158646436,-74.04595255851744,3203,"Hamilton Park",40.727595966,-74.044247311,26235,"Subscriber",1988,2
197,"2018-12-21 16:52:13.7620","2018-12-21 16:55:31.5700",3272,"Jersey & 3rd",40.72333158646436,-74.04595255851744,3269,"Brunswick & 6th",40.72601172964625,-74.05038893222809,29439,"Subscriber",1991,2
95,"2018-12-21 18:16:55.8980","2018-12-21 18:18:30.9240",3272,"Jersey & 3rd",40.72333158646436,-74.04595255851744,3211,"Newark Ave",40.72152515,-74.046304543,26291,"Subscriber",1982,2
179,"2018-12-21 18:59:44.0730","2018-12-21 19:02:43.1800",3272,"Jersey & 3rd",40.72333158646436,-74.04595255851744,3278,"Monmouth and 6th",40.72568548362901,-74.04879033565521,26291,"Subscriber",1980,2
143,"2018-12-21 19:06:10.9550","2018-12-21 19:08:34.7270",3272,"Jersey & 3rd",40.72333158646436,-74.04595255851744,3203,"Hamilton Park",40.727595966,-74.044247311,29670,"Subscriber",1983,1
306,"2018-12-21 20:26:24.1860","2018-12-21 20:31:30.2330",3272,"Jersey & 3rd",40.72333158646436,-74.04595255851744,3203,"Hamilton Park",40.727595966,-74.044247311,29236,"Subscriber",1994,2
137,"2018-12-21 20:28:30.9580","2018-12-21 20:30:47.9900",3272,"Jersey & 3rd",40.72333158646436,-74.04595255851744,3203,"Hamilton Park",40.727595966,-74.044247311,26187,"Subscriber",1992,1
239,"2018-12-21 20:29:24.9540","2018-12-21 20:33:24.4560",3272,"Jersey & 3rd",40.72333158646436,-74.04595255851744,3269,"Brunswick & 6th",40.72601172964625,-74.05038893222809,26184,"Subscriber",1958,1
248,"2018-12-21 20:44:14.4320","2018-12-21 20:48:23.2350",3272,"Jersey & 3rd",40.72333158646436,-74.04595255851744,3213,"Van Vorst Park",40.71848892,-74.047726625,29534,"Subscriber",1983,1
258,"2018-12-21 20:45:20.5460","2018-12-21 20:49:38.6030",3272,"Jersey & 3rd",40.72333158646436,-74.04595255851744,3213,"Van Vorst Park",40.71848892,-74.047726625,26244,"Subscriber",1989,2
196,"2018-12-22 11:52:24.5190","2018-12-22 11:55:41.4790",3272,"Jersey & 3rd",40.72333158646436,-74.04595255851744,3269,"Brunswick & 6th",40.72601172964625,-74.05038893222809,29228,"Subscriber",1983,2
441,"2018-12-22 12:12:54.2840","2018-12-22 12:20:15.5740",3272,"Jersey & 3rd",40.72333158646436,-74.04595255851744,3202,"Newport PATH",40.7272235,-74.0337589,29616,"Subscriber",1981,1
170,"2018-12-22 12:45:21.8700","2018-12-22 12:48:12.1520",3272,"Jersey & 3rd",40.72333158646436,-74.04595255851744,3203,"Hamilton Park",40.727595966,-74.044247311,29241,"Subscriber",1980,2
286,"2018-12-22 13:25:48.4680","2018-12-22 13:30:34.7080",3272,"Jersey & 3rd",40.72333158646436,-74.04595255851744,3270,"Jersey & 6th St",40.72528910781132,-74.04557168483734,29442,"Subscriber",1988,1
213,"2018-12-22 14:21:44.9680","2018-12-22 14:25:18.5240",3272,"Jersey & 3rd",40.72333158646436,-74.04595255851744,3209,"Brunswick St",40.7241765,-74.0506564,26260,"Subscriber",1980,1
147,"2018-12-22 15:07:18.5030","2018-12-22 15:09:46.2270",3272,"Jersey & 3rd",40.72333158646436,-74.04595255851744,3278,"Monmouth and 6th",40.72568548362901,-74.04879033565521,29542,"Subscriber",1981,2
164,"2018-12-22 15:25:13.2230","2018-12-22 15:27:57.5230",3272,"Jersey & 3rd",40.72333158646436,-74.04595255851744,3203,"Hamilton Park",40.727595966,-74.044247311,29236,"Subscriber",1969,0
537,"2018-12-22 16:09:49.5960","2018-12-22 16:18:47.5650",3272,"Jersey & 3rd",40.72333158646436,-74.04595255851744,3639,"Harborside",40.7192517,-74.034234,29598,"Subscriber",1980,2
236,"2018-12-22 16:36:48.0720","2018-12-22 16:40:44.7770",3272,"Jersey & 3rd",40.72333158646436,-74.04595255851744,3209,"Brunswick St",40.7241765,-74.0506564,34791,"Subscriber",1983,2
135,"2018-12-22 17:08:55.4160","2018-12-22 17:11:11.1680",3272,"Jersey & 3rd",40.72333158646436,-74.04595255851744,3278,"Monmouth and 6th",40.72568548362901,-74.04879033565521,26291,"Subscriber",1988,2
99,"2018-12-22 18:48:11.6150","2018-12-22 18:49:50.9890",3272,"Jersey & 3rd",40.72333158646436,-74.04595255851744,3270,"Jersey & 6th St",40.72528910781132,-74.04557168483734,34791,"Subscriber",1992,2
201,"2018-12-22 19:02:27.5010","2018-12-22 19:05:48.7910",3272,"Jersey & 3rd",40.72333158646436,-74.04595255851744,3203,"Hamilton Park",40.727595966,-74.044247311,29612,"Subscriber",1973,1
1204,"2018-12-22 19:56:15.6600","2018-12-22 20:16:20.1820",3272,"Jersey & 3rd",40.72333158646436,-74.04595255851744,3272,"Jersey & 3rd",40.72333158646436,-74.04595255851744,26204,"Subscriber",1977,1
185,"2018-12-23 01:51:59.2400","2018-12-23 01:55:04.4850",3272,"Jersey & 3rd",40.72333158646436,-74.04595255851744,3269,"Brunswick & 6th",40.72601172964625,-74.05038893222809,26268,"Subscriber",1990,1
141,"2018-12-23 08:33:06.6450","2018-12-23 08:35:28.1580",3272,"Jersey & 3rd",40.72333158646436,-74.04595255851744,3209,"Brunswick St",40.7241765,-74.0506564,26204,"Subscriber",1991,2
165,"2018-12-23 13:30:21.9050","2018-12-23 13:33:07.4380",3272,"Jersey & 3rd",40.72333158646436,-74.04595255851744,3203,"Hamilton Park",40.727595966,-74.044247311,29662,"Subscriber",1986,1
243,"2018-12-23 13:49:35.6350","2018-12-23 13:53:39.4420",3272,"Jersey & 3rd",40.72333158646436,-74.04595255851744,3185,"City Hall",40.7177325,-74.043845,26292,"Subscriber",1992,1
157,"2018-12-23 14:59:55.7610","2018-12-23 15:02:33.0060",3272,"Jersey & 3rd",40.72333158646436,-74.04595255851744,3269,"Brunswick & 6th",40.72601172964625,-74.05038893222809,29544,"Subscriber",1983,1
269,"2018-12-23 15:18:01.0910","2018-12-23 15:22:30.5720",3272,"Jersey & 3rd",40.72333158646436,-74.04595255851744,3187,"Warren St",40.7211236,-74.03805095,29569,"Subscriber",1952,1
221,"2018-12-23 16:19:05.5960","2018-12-23 16:22:46.6900",3272,"Jersey & 3rd",40.72333158646436,-74.04595255851744,3211,"Newark Ave",40.72152515,-74.046304543,29569,"Subscriber",1952,1
95,"2018-12-23 17:17:26.9370","2018-12-23 17:19:02.7410",3272,"Jersey & 3rd",40.72333158646436,-74.04595255851744,3270,"Jersey & 6th St",40.72528910781132,-74.04557168483734,29546,"Subscriber",1976,1
308,"2018-12-23 17:59:20.9060","2018-12-23 18:04:29.2730",3272,"Jersey & 3rd",40.72333158646436,-74.04595255851744,3279,"Dixon Mills",40.721630142638354,-74.04996782541275,26294,"Subscriber",1982,2
273,"2018-12-23 18:10:27.9060","2018-12-23 18:15:01.2920",3272,"Jersey & 3rd",40.72333158646436,-74.04595255851744,3203,"Hamilton Park",40.727595966,-74.044247311,29214,"Subscriber",1985,2
208,"2018-12-23 18:21:09.1040","2018-12-23 18:24:37.5750",3272,"Jersey & 3rd",40.72333158646436,-74.04595255851744,3213,"Van Vorst Park",40.71848892,-74.047726625,29458,"Subscriber",1962,1
151,"2018-12-23 20:51:33.0780","2018-12-23 20:54:05.0370",3272,"Jersey & 3rd",40.72333158646436,-74.04595255851744,3278,"Monmouth and 6th",40.72568548362901,-74.04879033565521,29439,"Subscriber",1983,2
243,"2018-12-24 11:17:57.2570","2018-12-24 11:22:00.4280",3272,"Jersey & 3rd",40.72333158646436,-74.04595255851744,3186,"Grove St PATH",40.71958611647166,-74.04311746358871,29532,"Customer",1969,0
222,"2018-12-24 11:18:17.2820","2018-12-24 11:21:59.5300",3272,"Jersey & 3rd",40.72333158646436,-74.04595255851744,3186,"Grove St PATH",40.71958611647166,-74.04311746358871,29442,"Customer",1969,0
186,"2018-12-24 11:48:35.6150","2018-12-24 11:51:41.9970",3272,"Jersey & 3rd",40.72333158646436,-74.04595255851744,3186,"Grove St PATH",40.71958611647166,-74.04311746358871,26254,"Subscriber",1952,1
211,"2018-12-24 12:20:00.0630","2018-12-24 12:23:31.1570",3272,"Jersey & 3rd",40.72333158646436,-74.04595255851744,3186,"Grove St PATH",40.71958611647166,-74.04311746358871,26291,"Subscriber",1970,1
267,"2018-12-24 13:45:15.0570","2018-12-24 13:49:42.1830",3272,"Jersey & 3rd",40.72333158646436,-74.04595255851744,3279,"Dixon Mills",40.721630142638354,-74.04996782541275,29201,"Subscriber",1960,1
150,"2018-12-24 15:10:41.3890","2018-12-24 15:13:12.3280",3272,"Jersey & 3rd",40.72333158646436,-74.04595255851744,3186,"Grove St PATH",40.71958611647166,-74.04311746358871,29282,"Subscriber",1993,1
146,"2018-12-24 15:48:32.5250","2018-12-24 15:50:58.6920",3272,"Jersey & 3rd",40.72333158646436,-74.04595255851744,3203,"Hamilton Park",40.727595966,-74.044247311,29236,"Subscriber",1976,2
211,"2018-12-24 16:43:37.3020","2018-12-24 16:47:08.7870",3272,"Jersey & 3rd",40.72333158646436,-74.04595255851744,3203,"Hamilton Park",40.727595966,-74.044247311,26309,"Subscriber",1985,1
101,"2018-12-24 16:59:04.3370","2018-12-24 17:00:45.7880",3272,"Jersey & 3rd",40.72333158646436,-74.04595255851744,3209,"Brunswick St",40.7241765,-74.0506564,26260,"Subscriber",1983,1
66,"2018-12-24 17:08:58.6610","2018-12-24 17:10:04.9670",3272,"Jersey & 3rd",40.72333158646436,-74.04595255851744,3270,"Jersey & 6th St",40.72528910781132,-74.04557168483734,26291,"Subscriber",1976,1
157,"2018-12-24 17:21:53.3090","2018-12-24 17:24:30.3720",3272,"Jersey & 3rd",40.72333158646436,-74.04595255851744,3269,"Brunswick & 6th",40.72601172964625,-74.05038893222809,29476,"Subscriber",1969,0
2061,"2018-12-24 17:33:15.7670","2018-12-24 18:07:36.8390",3272,"Jersey & 3rd",40.72333158646436,-74.04595255851744,3213,"Van Vorst Park",40.71848892,-74.047726625,29516,"Subscriber",1990,1
100,"2018-12-24 19:05:19.3290","2018-12-24 19:07:00.1200",3272,"Jersey & 3rd",40.72333158646436,-74.04595255851744,3270,"Jersey & 6th St",40.72528910781132,-74.04557168483734,29586,"Subscriber",1960,1
137,"2018-12-25 15:13:01.5560","2018-12-25 15:15:19.5330",3272,"Jersey & 3rd",40.72333158646436,-74.04595255851744,3203,"Hamilton Park",40.727595966,-74.044247311,29439,"Subscriber",1984,1
84,"2018-12-25 15:56:24.6320","2018-12-25 15:57:49.3890",3272,"Jersey & 3rd",40.72333158646436,-74.04595255851744,3270,"Jersey & 6th St",40.72528910781132,-74.04557168483734,29586,"Subscriber",1960,1
672,"2018-12-26 07:56:55.7820","2018-12-26 08:08:07.8270",3272,"Jersey & 3rd",40.72333158646436,-74.04595255851744,3213,"Van Vorst Park",40.71848892,-74.047726625,29201,"Subscriber",1962,1
124,"2018-12-26 08:13:47.7790","2018-12-26 08:15:52.2080",3272,"Jersey & 3rd",40.72333158646436,-74.04595255851744,3273,"Manila & 1st",40.721650724879986,-74.04288411140442,26225,"Subscriber",1981,1
473,"2018-12-26 09:13:23.9980","2018-12-26 09:21:17.3950",3272,"Jersey & 3rd",40.72333158646436,-74.04595255851744,3183,"Exchange Place",40.7162469,-74.0334588,29442,"Subscriber",1971,1
75,"2018-12-26 10:02:18.2650","2018-12-26 10:03:33.4080",3272,"Jersey & 3rd",40.72333158646436,-74.04595255851744,3211,"Newark Ave",40.72152515,-74.046304543,26272,"Subscriber",1961,1
328,"2018-12-26 11:38:40.2180","2018-12-26 11:44:08.8800",3272,"Jersey & 3rd",40.72333158646436,-74.04595255851744,3186,"Grove St PATH",40.71958611647166,-74.04311746358871,29476,"Customer",1969,0
302,"2018-12-26 11:38:57.0960","2018-12-26 11:43:59.5270",3272,"Jersey & 3rd",40.72333158646436,-74.04595255851744,3186,"Grove St PATH",40.71958611647166,-74.04311746358871,26291,"Customer",1969,0
311,"2018-12-26 12:57:10.1760","2018-12-26 13:02:21.5320",3272,"Jersey & 3rd",40.72333158646436,-74.04595255851744,3272,"Jersey & 3rd",40.72333158646436,-74.04595255851744,29228,"Subscriber",1990,1
332,"2018-12-26 13:03:48.7390","2018-12-26 13:09:21.4820",3272,"Jersey & 3rd",40.72333158646436,-74.04595255851744,3639,"Harborside",40.7192517,-74.034234,29228,"Subscriber",1966,1
142,"2018-12-26 13:59:47.5230","2018-12-26 14:02:09.9010",3272,"Jersey & 3rd",40.72333158646436,-74.04595255851744,3273,"Manila & 1st",40.721650724879986,-74.04288411140442,29603,"Subscriber",1977,1
122,"2018-12-26 14:49:30.1880","2018-12-26 14:51:32.3480",3272,"Jersey & 3rd",40.72333158646436,-74.04595255851744,3273,"Manila & 1st",40.721650724879986,-74.04288411140442,29595,"Subscriber",1962,1
207,"2018-12-26 16:34:51.3410","2018-12-26 16:38:19.1510",3272,"Jersey & 3rd",40.72333158646436,-74.04595255851744,3203,"Hamilton Park",40.727595966,-74.044247311,29476,"Subscriber",1987,2
138,"2018-12-26 17:53:30.8350","2018-12-26 17:55:49.4720",3272,"Jersey & 3rd",40.72333158646436,-74.04595255851744,3203,"Hamilton Park",40.727595966,-74.044247311,29284,"Subscriber",1983,1
379,"2018-12-26 18:05:45.6460","2018-12-26 18:12:04.8560",3272,"Jersey & 3rd",40.72333158646436,-74.04595255851744,3638,"Washington St",40.7242941,-74.0354826,29476,"Subscriber",1988,1
173,"2018-12-26 18:30:19.7530","2018-12-26 18:33:13.4060",3272,"Jersey & 3rd",40.72333158646436,-74.04595255851744,3203,"Hamilton Park",40.727595966,-74.044247311,26271,"Subscriber",1992,1
146,"2018-12-26 18:32:58.5360","2018-12-26 18:35:24.5930",3272,"Jersey & 3rd",40.72333158646436,-74.04595255851744,3203,"Hamilton Park",40.727595966,-74.044247311,29502,"Subscriber",1966,1
167,"2018-12-26 20:05:32.5200","2018-12-26 20:08:20.3730",3272,"Jersey & 3rd",40.72333158646436,-74.04595255851744,3203,"Hamilton Park",40.727595966,-74.044247311,29502,"Subscriber",1979,2
1307,"2018-12-26 20:28:17.2080","2018-12-26 20:50:04.7660",3272,"Jersey & 3rd",40.72333158646436,-74.04595255851744,3272,"Jersey & 3rd",40.72333158646436,-74.04595255851744,29522,"Subscriber",1992,1
94,"2018-12-26 20:38:10.8130","2018-12-26 20:39:45.7370",3272,"Jersey & 3rd",40.72333158646436,-74.04595255851744,3270,"Jersey & 6th St",40.72528910781132,-74.04557168483734,29645,"Subscriber",1992,2
162,"2018-12-26 21:00:22.7860","2018-12-26 21:03:05.6980",3272,"Jersey & 3rd",40.72333158646436,-74.04595255851744,3203,"Hamilton Park",40.727595966,-74.044247311,29453,"Subscriber",1986,1
560,"2018-12-27 06:51:27.8790","2018-12-27 07:00:48.6880",3272,"Jersey & 3rd",40.72333158646436,-74.04595255851744,3205,"JC Medical Center",40.71653978099194,-74.0496379137039,29522,"Subscriber",1956,1
525,"2018-12-27 09:08:56.8670","2018-12-27 09:17:41.9630",3272,"Jersey & 3rd",40.72333158646436,-74.04595255851744,3183,"Exchange Place",40.7162469,-74.0334588,29537,"Subscriber",1971,1
189,"2018-12-27 09:33:53.3550","2018-12-27 09:37:02.9210",3272,"Jersey & 3rd",40.72333158646436,-74.04595255851744,3186,"Grove St PATH",40.71958611647166,-74.04311746358871,26291,"Subscriber",1990,0
172,"2018-12-27 10:05:10.6630","2018-12-27 10:08:03.0020",3272,"Jersey & 3rd",40.72333158646436,-74.04595255851744,3186,"Grove St PATH",40.71958611647166,-74.04311746358871,29516,"Subscriber",1961,1
211,"2018-12-27 12:48:44.0150","2018-12-27 12:52:15.4970",3272,"Jersey & 3rd",40.72333158646436,-74.04595255851744,3186,"Grove St PATH",40.71958611647166,-74.04311746358871,29443,"Customer",1969,0
208,"2018-12-27 16:23:19.3680","2018-12-27 16:26:48.3520",3272,"Jersey & 3rd",40.72333158646436,-74.04595255851744,3278,"Monmouth and 6th",40.72568548362901,-74.04879033565521,29284,"Subscriber",1987,1
165,"2018-12-27 19:34:00.5600","2018-12-27 19:36:45.6450",3272,"Jersey & 3rd",40.72333158646436,-74.04595255851744,3269,"Brunswick & 6th",40.72601172964625,-74.05038893222809,29542,"Subscriber",1985,1
104,"2018-12-28 08:40:52.2910","2018-12-28 08:42:36.9990",3272,"Jersey & 3rd",40.72333158646436,-74.04595255851744,3273,"Manila & 1st",40.721650724879986,-74.04288411140442,26202,"Subscriber",1987,1
87,"2018-12-28 08:50:06.4530","2018-12-28 08:51:34.2890",3272,"Jersey & 3rd",40.72333158646436,-74.04595255851744,3270,"Jersey & 6th St",40.72528910781132,-74.04557168483734,29213,"Subscriber",1961,2
261,"2018-12-28 18:57:25.1130","2018-12-28 19:01:46.4430",3272,"Jersey & 3rd",40.72333158646436,-74.04595255851744,3185,"City Hall",40.7177325,-74.043845,29250,"Subscriber",1981,1
140,"2018-12-28 21:14:04.9850","2018-12-28 21:16:25.2590",3272,"Jersey & 3rd",40.72333158646436,-74.04595255851744,3203,"Hamilton Park",40.727595966,-74.044247311,29457,"Subscriber",1983,1
763,"2018-12-29 11:03:33.8430","2018-12-29 11:16:17.3200",3272,"Jersey & 3rd",40.72333158646436,-74.04595255851744,3202,"Newport PATH",40.7272235,-74.0337589,29605,"Customer",1993,1
364,"2018-12-29 11:43:59.3360","2018-12-29 11:50:04.0230",3272,"Jersey & 3rd",40.72333158646436,-74.04595255851744,3202,"Newport PATH",40.7272235,-74.0337589,26272,"Subscriber",1988,1
542,"2018-12-29 12:04:21.4280","2018-12-29 12:13:23.9160",3272,"Jersey & 3rd",40.72333158646436,-74.04595255851744,3199,"Newport Pkwy",40.7287448,-74.0321082,26244,"Subscriber",1979,2
161,"2018-12-29 13:09:16.3800","2018-12-29 13:11:57.3860",3272,"Jersey & 3rd",40.72333158646436,-74.04595255851744,3203,"Hamilton Park",40.727595966,-74.044247311,29503,"Subscriber",1990,1
150,"2018-12-29 13:58:36.9560","2018-12-29 14:01:07.6410",3272,"Jersey & 3rd",40.72333158646436,-74.04595255851744,3209,"Brunswick St",40.7241765,-74.0506564,29448,"Subscriber",1986,1
318,"2018-12-29 14:21:13.4280","2018-12-29 14:26:32.3760",3272,"Jersey & 3rd",40.72333158646436,-74.04595255851744,3187,"Warren St",40.7211236,-74.03805095,29672,"Subscriber",1986,1
256,"2018-12-29 14:30:02.8340","2018-12-29 14:34:19.4570",3272,"Jersey & 3rd",40.72333158646436,-74.04595255851744,3209,"Brunswick St",40.7241765,-74.0506564,29504,"Subscriber",1961,2
902,"2018-12-29 15:48:46.4170","2018-12-29 16:03:48.7610",3272,"Jersey & 3rd",40.72333158646436,-74.04595255851744,3195,"Sip Ave",40.73074262530658,-74.06378388404846,29461,"Subscriber",1971,2
233,"2018-12-29 18:06:36.8230","2018-12-29 18:10:30.1290",3272,"Jersey & 3rd",40.72333158646436,-74.04595255851744,3279,"Dixon Mills",40.721630142638354,-74.04996782541275,29498,"Subscriber",1977,1
376,"2018-12-29 18:11:41.4010","2018-12-29 18:17:57.7350",3272,"Jersey & 3rd",40.72333158646436,-74.04595255851744,3638,"Washington St",40.7242941,-74.0354826,29652,"Subscriber",1967,2
167,"2018-12-29 18:28:40.2990","2018-12-29 18:31:27.6950",3272,"Jersey & 3rd",40.72333158646436,-74.04595255851744,3186,"Grove St PATH",40.71958611647166,-74.04311746358871,29472,"Subscriber",1988,2
90,"2018-12-29 18:36:53.2990","2018-12-29 18:38:23.6140",3272,"Jersey & 3rd",40.72333158646436,-74.04595255851744,3270,"Jersey & 6th St",40.72528910781132,-74.04557168483734,29209,"Subscriber",1992,2
191,"2018-12-29 19:16:52.7400","2018-12-29 19:20:03.9830",3272,"Jersey & 3rd",40.72333158646436,-74.04595255851744,3186,"Grove St PATH",40.71958611647166,-74.04311746358871,29278,"Subscriber",1987,1
103,"2018-12-29 21:04:13.9100","2018-12-29 21:05:57.4150",3272,"Jersey & 3rd",40.72333158646436,-74.04595255851744,3209,"Brunswick St",40.7241765,-74.0506564,29252,"Subscriber",1985,1
176,"2018-12-30 10:57:06.4340","2018-12-30 11:00:02.5620",3272,"Jersey & 3rd",40.72333158646436,-74.04595255851744,3203,"Hamilton Park",40.727595966,-74.044247311,26271,"Subscriber",1988,1
138,"2018-12-30 11:22:26.1130","2018-12-30 11:24:44.9620",3272,"Jersey & 3rd",40.72333158646436,-74.04595255851744,3273,"Manila & 1st",40.721650724879986,-74.04288411140442,29220,"Subscriber",1957,1
196,"2018-12-30 12:09:24.2440","2018-12-30 12:12:41.0160",3272,"Jersey & 3rd",40.72333158646436,-74.04595255851744,3269,"Brunswick & 6th",40.72601172964625,-74.05038893222809,26166,"Subscriber",1986,2
121,"2018-12-30 12:17:19.9390","2018-12-30 12:19:21.1930",3272,"Jersey & 3rd",40.72333158646436,-74.04595255851744,3273,"Manila & 1st",40.721650724879986,-74.04288411140442,26206,"Subscriber",1988,2
674,"2018-12-30 17:50:28.9870","2018-12-30 18:01:43.8340",3272,"Jersey & 3rd",40.72333158646436,-74.04595255851744,3272,"Jersey & 3rd",40.72333158646436,-74.04595255851744,29231,"Subscriber",1990,2
491,"2018-12-30 18:47:51.1660","2018-12-30 18:56:02.8060",3272,"Jersey & 3rd",40.72333158646436,-74.04595255851744,3186,"Grove St PATH",40.71958611647166,-74.04311746358871,26166,"Subscriber",1973,1
484,"2018-12-30 19:59:43.2640","2018-12-30 20:07:47.7350",3272,"Jersey & 3rd",40.72333158646436,-74.04595255851744,3192,"Liberty Light Rail",40.7112423,-74.0557013,29231,"Subscriber",1991,1
72,"2018-12-30 20:28:22.4680","2018-12-30 20:29:34.7550",3272,"Jersey & 3rd",40.72333158646436,-74.04595255851744,3270,"Jersey & 6th St",40.72528910781132,-74.04557168483734,29608,"Subscriber",1978,1
917,"2018-12-30 20:31:57.0370","2018-12-30 20:47:14.9400",3272,"Jersey & 3rd",40.72333158646436,-74.04595255851744,3198,"Heights Elevator",40.748715945380226,-74.04044330120087,29517,"Subscriber",1978,1
147,"2018-12-30 20:48:35.9260","2018-12-30 20:51:03.8900",3272,"Jersey & 3rd",40.72333158646436,-74.04595255851744,3269,"Brunswick & 6th",40.72601172964625,-74.05038893222809,29453,"Subscriber",1985,1
133,"2018-12-31 09:10:02.7960","2018-12-31 09:12:16.0330",3272,"Jersey & 3rd",40.72333158646436,-74.04595255851744,3209,"Brunswick St",40.7241765,-74.0506564,29245,"Subscriber",1988,1
531,"2018-12-31 09:12:12.5730","2018-12-31 09:21:04.0630",3272,"Jersey & 3rd",40.72333158646436,-74.04595255851744,3184,"Paulus Hook",40.7141454,-74.0335519,29588,"Subscriber",1977,1
455,"2018-12-31 11:28:39.5480","2018-12-31 11:36:14.6020",3272,"Jersey & 3rd",40.72333158646436,-74.04595255851744,3202,"Newport PATH",40.7272235,-74.0337589,29629,"Subscriber",1992,1
161,"2018-12-31 11:33:42.4950","2018-12-31 11:36:24.4740",3272,"Jersey & 3rd",40.72333158646436,-74.04595255851744,3186,"Grove St PATH",40.71958611647166,-74.04311746358871,29283,"Subscriber",1952,1
456,"2018-12-31 11:42:22.8090","2018-12-31 11:49:59.2420",3272,"Jersey & 3rd",40.72333158646436,-74.04595255851744,3202,"Newport PATH",40.7272235,-74.0337589,26266,"Subscriber",1981,1
414,"2018-12-31 13:19:16.9610","2018-12-31 13:26:11.5620",3272,"Jersey & 3rd",40.72333158646436,-74.04595255851744,3276,"Marin Light Rail",40.71458403535893,-74.04281705617905,26264,"Subscriber",1985,2
136,"2018-12-31 14:37:06.8300","2018-12-31 14:39:23.0930",3272,"Jersey & 3rd",40.72333158646436,-74.04595255851744,3273,"Manila & 1st",40.721650724879986,-74.04288411140442,29125,"Subscriber",1988,1
164,"2018-12-31 17:23:54.1890","2018-12-31 17:26:38.4610",3272,"Jersey & 3rd",40.72333158646436,-74.04595255851744,3203,"Hamilton Park",40.727595966,-74.044247311,29629,"Subscriber",1987,2
122,"2018-12-31 18:15:14.5890","2018-12-31 18:17:17.2390",3272,"Jersey & 3rd",40.72333158646436,-74.04595255851744,3203,"Hamilton Park",40.727595966,-74.044247311,26259,"Subscriber",1969,1
133,"2018-12-31 19:11:51.8490","2018-12-31 19:14:05.3140",3272,"Jersey & 3rd",40.72333158646436,-74.04595255851744,3278,"Monmouth and 6th",40.72568548362901,-74.04879033565521,29220,"Subscriber",1990,1
138,"2018-12-01 13:23:07.1420","2018-12-01 13:25:25.7830",3273,"Manila & 1st",40.721650724879986,-74.04288411140442,3211,"Newark Ave",40.72152515,-74.046304543,29532,"Subscriber",1964,1
378,"2018-12-01 14:41:37.9410","2018-12-01 14:47:56.6570",3273,"Manila & 1st",40.721650724879986,-74.04288411140442,3213,"Van Vorst Park",40.71848892,-74.047726625,29604,"Subscriber",1967,2
132,"2018-12-01 16:41:33.8950","2018-12-01 16:43:46.3780",3273,"Manila & 1st",40.721650724879986,-74.04288411140442,3187,"Warren St",40.7211236,-74.03805095,29123,"Subscriber",1983,1
99,"2018-12-01 16:55:10.0510","2018-12-01 16:56:49.8150",3273,"Manila & 1st",40.721650724879986,-74.04288411140442,3186,"Grove St PATH",40.71958611647166,-74.04311746358871,29452,"Subscriber",1983,1
641,"2018-12-01 18:00:53.0050","2018-12-01 18:11:34.7880",3273,"Manila & 1st",40.721650724879986,-74.04288411140442,3187,"Warren St",40.7211236,-74.03805095,29489,"Subscriber",1971,1
117,"2018-12-01 18:56:46.8690","2018-12-01 18:58:44.4840",3273,"Manila & 1st",40.721650724879986,-74.04288411140442,3187,"Warren St",40.7211236,-74.03805095,26262,"Subscriber",1972,1
130,"2018-12-01 20:12:11.9070","2018-12-01 20:14:22.5390",3273,"Manila & 1st",40.721650724879986,-74.04288411140442,3272,"Jersey & 3rd",40.72333158646436,-74.04595255851744,29667,"Subscriber",1984,1
848,"2018-12-01 22:38:51.7920","2018-12-01 22:53:00.7590",3273,"Manila & 1st",40.721650724879986,-74.04288411140442,3213,"Van Vorst Park",40.71848892,-74.047726625,29604,"Subscriber",1990,1
123,"2018-12-02 11:57:16.3770","2018-12-02 11:59:20.2460",3273,"Manila & 1st",40.721650724879986,-74.04288411140442,3272,"Jersey & 3rd",40.72333158646436,-74.04595255851744,29595,"Subscriber",1991,1
227,"2018-12-02 14:13:43.3740","2018-12-02 14:17:30.5560",3273,"Manila & 1st",40.721650724879986,-74.04288411140442,3203,"Hamilton Park",40.727595966,-74.044247311,26276,"Subscriber",1989,1
759,"2018-12-02 14:57:59.3670","2018-12-02 15:10:38.6420",3273,"Manila & 1st",40.721650724879986,-74.04288411140442,3225,"Baldwin at Montgomery",40.7236589,-74.0641943,26170,"Subscriber",1994,1
415,"2018-12-02 16:01:51.2090","2018-12-02 16:08:46.6620",3273,"Manila & 1st",40.721650724879986,-74.04288411140442,3639,"Harborside",40.7192517,-74.034234,29278,"Subscriber",1988,2
352,"2018-12-02 16:02:51.1560","2018-12-02 16:08:44.1140",3273,"Manila & 1st",40.721650724879986,-74.04288411140442,3639,"Harborside",40.7192517,-74.034234,29218,"Subscriber",1988,1
369,"2018-12-02 16:08:32.2010","2018-12-02 16:14:41.8160",3273,"Manila & 1st",40.721650724879986,-74.04288411140442,3202,"Newport PATH",40.7272235,-74.0337589,26215,"Subscriber",1984,1
292,"2018-12-02 23:27:49.7540","2018-12-02 23:32:42.5930",3273,"Manila & 1st",40.721650724879986,-74.04288411140442,3203,"Hamilton Park",40.727595966,-74.044247311,29445,"Subscriber",1984,2
206,"2018-12-03 00:05:22.8770","2018-12-03 00:08:49.8710",3273,"Manila & 1st",40.721650724879986,-74.04288411140442,3270,"Jersey & 6th St",40.72528910781132,-74.04557168483734,29667,"Subscriber",1992,2
146,"2018-12-03 01:20:52.7280","2018-12-03 01:23:19.5680",3273,"Manila & 1st",40.721650724879986,-74.04288411140442,3270,"Jersey & 6th St",40.72528910781132,-74.04557168483734,29642,"Subscriber",1991,2
236,"2018-12-03 06:36:33.2960","2018-12-03 06:40:30.2340",3273,"Manila & 1st",40.721650724879986,-74.04288411140442,3278,"Monmouth and 6th",40.72568548362901,-74.04879033565521,29207,"Subscriber",1988,1
271,"2018-12-03 06:37:26.0090","2018-12-03 06:41:57.1110",3273,"Manila & 1st",40.721650724879986,-74.04288411140442,3269,"Brunswick & 6th",40.72601172964625,-74.05038893222809,26152,"Subscriber",1991,1
203,"2018-12-03 07:51:47.6390","2018-12-03 07:55:10.6710",3273,"Manila & 1st",40.721650724879986,-74.04288411140442,3638,"Washington St",40.7242941,-74.0354826,29212,"Subscriber",1974,1
264,"2018-12-03 08:46:20.5440","2018-12-03 08:50:44.7360",3273,"Manila & 1st",40.721650724879986,-74.04288411140442,3203,"Hamilton Park",40.727595966,-74.044247311,26184,"Subscriber",1968,1
310,"2018-12-03 08:47:05.2990","2018-12-03 08:52:15.6770",3273,"Manila & 1st",40.721650724879986,-74.04288411140442,3639,"Harborside",40.7192517,-74.034234,29482,"Subscriber",1971,2
322,"2018-12-03 11:36:28.7640","2018-12-03 11:41:51.4540",3273,"Manila & 1st",40.721650724879986,-74.04288411140442,3638,"Washington St",40.7242941,-74.0354826,29487,"Subscriber",1967,1
128,"2018-12-03 11:41:30.4800","2018-12-03 11:43:38.8210",3273,"Manila & 1st",40.721650724879986,-74.04288411140442,3185,"City Hall",40.7177325,-74.043845,29580,"Subscriber",1977,2
443,"2018-12-03 12:36:13.0260","2018-12-03 12:43:36.7920",3273,"Manila & 1st",40.721650724879986,-74.04288411140442,3202,"Newport PATH",40.7272235,-74.0337589,26193,"Subscriber",1988,1
184,"2018-12-03 13:49:57.0370","2018-12-03 13:53:01.8670",3273,"Manila & 1st",40.721650724879986,-74.04288411140442,3270,"Jersey & 6th St",40.72528910781132,-74.04557168483734,29223,"Subscriber",1977,1
373,"2018-12-03 15:43:51.6570","2018-12-03 15:50:04.7910",3273,"Manila & 1st",40.721650724879986,-74.04288411140442,3639,"Harborside",40.7192517,-74.034234,26153,"Subscriber",1949,1
301,"2018-12-03 16:42:05.1600","2018-12-03 16:47:06.7660",3273,"Manila & 1st",40.721650724879986,-74.04288411140442,3213,"Van Vorst Park",40.71848892,-74.047726625,29470,"Subscriber",1970,2
248,"2018-12-03 17:43:36.3270","2018-12-03 17:47:44.6830",3273,"Manila & 1st",40.721650724879986,-74.04288411140442,3270,"Jersey & 6th St",40.72528910781132,-74.04557168483734,29228,"Subscriber",1968,2
192,"2018-12-03 17:48:17.9220","2018-12-03 17:51:30.4620",3273,"Manila & 1st",40.721650724879986,-74.04288411140442,3203,"Hamilton Park",40.727595966,-74.044247311,29260,"Subscriber",1983,1
301,"2018-12-03 18:06:44.3800","2018-12-03 18:11:45.8160",3273,"Manila & 1st",40.721650724879986,-74.04288411140442,3203,"Hamilton Park",40.727595966,-74.044247311,29231,"Subscriber",1985,1
281,"2018-12-03 18:07:04.8040","2018-12-03 18:11:45.8910",3273,"Manila & 1st",40.721650724879986,-74.04288411140442,3203,"Hamilton Park",40.727595966,-74.044247311,29492,"Subscriber",1985,2
779,"2018-12-03 19:02:42.9190","2018-12-03 19:15:42.8250",3273,"Manila & 1st",40.721650724879986,-74.04288411140442,3199,"Newport Pkwy",40.7287448,-74.0321082,26167,"Subscriber",1995,2
191,"2018-12-03 19:53:36.7150","2018-12-03 19:56:48.0580",3273,"Manila & 1st",40.721650724879986,-74.04288411140442,3203,"Hamilton Park",40.727595966,-74.044247311,29646,"Subscriber",1986,1
69,"2018-12-03 21:16:11.9240","2018-12-03 21:17:21.6510",3273,"Manila & 1st",40.721650724879986,-74.04288411140442,3186,"Grove St PATH",40.71958611647166,-74.04311746358871,29524,"Subscriber",1983,1
73,"2018-12-03 21:20:00.1020","2018-12-03 21:21:13.3250",3273,"Manila & 1st",40.721650724879986,-74.04288411140442,3186,"Grove St PATH",40.71958611647166,-74.04311746358871,26234,"Subscriber",1983,1
344,"2018-12-03 21:20:36.5550","2018-12-03 21:26:21.4030",3273,"Manila & 1st",40.721650724879986,-74.04288411140442,3203,"Hamilton Park",40.727595966,-74.044247311,29572,"Subscriber",1968,1
78,"2018-12-03 21:24:03.8280","2018-12-03 21:25:22.6220",3273,"Manila & 1st",40.721650724879986,-74.04288411140442,3186,"Grove St PATH",40.71958611647166,-74.04311746358871,29203,"Subscriber",1983,1
138,"2018-12-03 21:28:48.8360","2018-12-03 21:31:07.6110",3273,"Manila & 1st",40.721650724879986,-74.04288411140442,3186,"Grove St PATH",40.71958611647166,-74.04311746358871,29608,"Subscriber",1983,1
281,"2018-12-04 06:40:13.9090","2018-12-04 06:44:55.0610",3273,"Manila & 1st",40.721650724879986,-74.04288411140442,3278,"Monmouth and 6th",40.72568548362901,-74.04879033565521,29531,"Subscriber",1988,1
326,"2018-12-04 06:41:12.8560","2018-12-04 06:46:39.4980",3273,"Manila & 1st",40.721650724879986,-74.04288411140442,3269,"Brunswick & 6th",40.72601172964625,-74.05038893222809,29209,"Subscriber",1991,1
239,"2018-12-04 08:33:18.1410","2018-12-04 08:37:18.1150",3273,"Manila & 1st",40.721650724879986,-74.04288411140442,3638,"Washington St",40.7242941,-74.0354826,29441,"Subscriber",1974,1
351,"2018-12-04 08:35:04.4440","2018-12-04 08:40:56.1280",3273,"Manila & 1st",40.721650724879986,-74.04288411140442,3639,"Harborside",40.7192517,-74.034234,29508,"Subscriber",1971,2
119,"2018-12-04 11:52:48.8690","2018-12-04 11:54:48.0290",3273,"Manila & 1st",40.721650724879986,-74.04288411140442,3185,"City Hall",40.7177325,-74.043845,29225,"Subscriber",1977,2
156,"2018-12-04 12:36:36.9760","2018-12-04 12:39:13.3610",3273,"Manila & 1st",40.721650724879986,-74.04288411140442,3270,"Jersey & 6th St",40.72528910781132,-74.04557168483734,29533,"Subscriber",1977,1
228,"2018-12-04 13:46:30.1550","2018-12-04 13:50:18.8980",3273,"Manila & 1st",40.721650724879986,-74.04288411140442,3270,"Jersey & 6th St",40.72528910781132,-74.04557168483734,29576,"Subscriber",1991,2
196,"2018-12-04 17:17:03.4600","2018-12-04 17:20:19.9400",3273,"Manila & 1st",40.721650724879986,-74.04288411140442,3203,"Hamilton Park",40.727595966,-74.044247311,29612,"Subscriber",1976,1
236,"2018-12-04 17:46:01.5120","2018-12-04 17:49:57.8810",3273,"Manila & 1st",40.721650724879986,-74.04288411140442,3270,"Jersey & 6th St",40.72528910781132,-74.04557168483734,29204,"Subscriber",1968,2
264,"2018-12-04 18:26:06.6890","2018-12-04 18:30:30.8320",3273,"Manila & 1st",40.721650724879986,-74.04288411140442,3203,"Hamilton Park",40.727595966,-74.044247311,29441,"Subscriber",1992,1
208,"2018-12-04 19:23:44.7140","2018-12-04 19:27:13.0180",3273,"Manila & 1st",40.721650724879986,-74.04288411140442,3203,"Hamilton Park",40.727595966,-74.044247311,29592,"Subscriber",1984,1
733,"2018-12-04 19:29:21.3880","2018-12-04 19:41:34.9410",3273,"Manila & 1st",40.721650724879986,-74.04288411140442,3192,"Liberty Light Rail",40.7112423,-74.0557013,26215,"Subscriber",1979,1
196,"2018-12-04 19:37:31.2470","2018-12-04 19:40:48.2070",3273,"Manila & 1st",40.721650724879986,-74.04288411140442,3203,"Hamilton Park",40.727595966,-74.044247311,29572,"Subscriber",1986,1
679,"2018-12-04 19:57:56.6640","2018-12-04 20:09:16.2880",3273,"Manila & 1st",40.721650724879986,-74.04288411140442,3203,"Hamilton Park",40.727595966,-74.044247311,29470,"Subscriber",1971,1
346,"2018-12-04 20:04:22.7340","2018-12-04 20:10:09.5680",3273,"Manila & 1st",40.721650724879986,-74.04288411140442,3273,"Manila & 1st",40.721650724879986,-74.04288411140442,29224,"Subscriber",1986,1
548,"2018-12-04 22:18:06.6080","2018-12-04 22:27:15.2890",3273,"Manila & 1st",40.721650724879986,-74.04288411140442,3213,"Van Vorst Park",40.71848892,-74.047726625,29548,"Subscriber",1989,2
1156,"2018-12-04 22:28:16.7750","2018-12-04 22:47:32.9270",3273,"Manila & 1st",40.721650724879986,-74.04288411140442,3196,"Riverview Park",40.7443187,-74.0439909,29224,"Subscriber",1987,1
176,"2018-12-05 02:04:40.0220","2018-12-05 02:07:36.1430",3273,"Manila & 1st",40.721650724879986,-74.04288411140442,3270,"Jersey & 6th St",40.72528910781132,-74.04557168483734,29623,"Subscriber",1970,1
209,"2018-12-05 08:49:01.2730","2018-12-05 08:52:30.5720",3273,"Manila & 1st",40.721650724879986,-74.04288411140442,3638,"Washington St",40.7242941,-74.0354826,26216,"Subscriber",1974,1
351,"2018-12-05 08:51:13.5810","2018-12-05 08:57:04.9720",3273,"Manila & 1st",40.721650724879986,-74.04288411140442,3202,"Newport PATH",40.7272235,-74.0337589,29673,"Subscriber",1990,1
232,"2018-12-05 10:38:48.3280","2018-12-05 10:42:40.8590",3273,"Manila & 1st",40.721650724879986,-74.04288411140442,3203,"Hamilton Park",40.727595966,-74.044247311,29301,"Subscriber",1973,1
140,"2018-12-05 11:42:26.3150","2018-12-05 11:44:46.7580",3273,"Manila & 1st",40.721650724879986,-74.04288411140442,3185,"City Hall",40.7177325,-74.043845,29500,"Subscriber",1977,2
919,"2018-12-05 12:40:21.0200","2018-12-05 12:55:40.9200",3273,"Manila & 1st",40.721650724879986,-74.04288411140442,3206,"Hilltop",40.7311689,-74.0575736,29209,"Subscriber",1991,2
252,"2018-12-05 13:09:33.3860","2018-12-05 13:13:45.5750",3273,"Manila & 1st",40.721650724879986,-74.04288411140442,3639,"Harborside",40.7192517,-74.034234,29582,"Subscriber",1966,1
823,"2018-12-05 17:07:44.7900","2018-12-05 17:21:28.1770",3273,"Manila & 1st",40.721650724879986,-74.04288411140442,3207,"Oakland Ave",40.7376037,-74.0524783,29521,"Subscriber",1988,1
662,"2018-12-05 18:42:19.9890","2018-12-05 18:53:22.6970",3273,"Manila & 1st",40.721650724879986,-74.04288411140442,3203,"Hamilton Park",40.727595966,-74.044247311,29513,"Subscriber",1984,1
148,"2018-12-05 19:05:43.3100","2018-12-05 19:08:11.5350",3273,"Manila & 1st",40.721650724879986,-74.04288411140442,3270,"Jersey & 6th St",40.72528910781132,-74.04557168483734,29214,"Subscriber",1989,1
183,"2018-12-05 19:24:02.4020","2018-12-05 19:27:05.8330",3273,"Manila & 1st",40.721650724879986,-74.04288411140442,3270,"Jersey & 6th St",40.72528910781132,-74.04557168483734,29304,"Subscriber",1960,1
725,"2018-12-05 19:58:26.3600","2018-12-05 20:10:31.9700",3273,"Manila & 1st",40.721650724879986,-74.04288411140442,3192,"Liberty Light Rail",40.7112423,-74.0557013,28164,"Subscriber",1979,1
198,"2018-12-05 20:06:56.5850","2018-12-05 20:10:14.6140",3273,"Manila & 1st",40.721650724879986,-74.04288411140442,3203,"Hamilton Park",40.727595966,-74.044247311,29245,"Subscriber",1986,1
1305,"2018-12-05 20:56:30.6400","2018-12-05 21:18:16.2310",3273,"Manila & 1st",40.721650724879986,-74.04288411140442,3273,"Manila & 1st",40.721650724879986,-74.04288411140442,29589,"Subscriber",1988,1
237,"2018-12-05 22:52:45.5060","2018-12-05 22:56:42.5450",3273,"Manila & 1st",40.721650724879986,-74.04288411140442,3270,"Jersey & 6th St",40.72528910781132,-74.04557168483734,29589,"Subscriber",1968,2
222,"2018-12-06 07:49:34.9260","2018-12-06 07:53:17.1200",3273,"Manila & 1st",40.721650724879986,-74.04288411140442,3638,"Washington St",40.7242941,-74.0354826,29491,"Subscriber",1974,1
401,"2018-12-06 08:12:20.1750","2018-12-06 08:19:01.2110",3273,"Manila & 1st",40.721650724879986,-74.04288411140442,3183,"Exchange Place",40.7162469,-74.0334588,29441,"Subscriber",1971,1
414,"2018-12-06 08:39:25.9190","2018-12-06 08:46:20.3900",3273,"Manila & 1st",40.721650724879986,-74.04288411140442,3202,"Newport PATH",40.7272235,-74.0337589,29509,"Subscriber",1990,1
2200,"2018-12-06 08:40:09.7480","2018-12-06 09:16:49.8640",3273,"Manila & 1st",40.721650724879986,-74.04288411140442,3272,"Jersey & 3rd",40.72333158646436,-74.04595255851744,29681,"Subscriber",1986,1
374,"2018-12-06 13:27:25.9410","2018-12-06 13:33:40.0740",3273,"Manila & 1st",40.721650724879986,-74.04288411140442,3639,"Harborside",40.7192517,-74.034234,29629,"Subscriber",1949,1
179,"2018-12-06 16:27:05.0870","2018-12-06 16:30:04.2030",3273,"Manila & 1st",40.721650724879986,-74.04288411140442,3278,"Monmouth and 6th",40.72568548362901,-74.04879033565521,29536,"Subscriber",1988,1
267,"2018-12-06 18:37:11.3770","2018-12-06 18:41:38.6840",3273,"Manila & 1st",40.721650724879986,-74.04288411140442,3276,"Marin Light Rail",40.71458403535893,-74.04281705617905,29497,"Subscriber",1986,2
233,"2018-12-06 18:39:42.0940","2018-12-06 18:43:36.0350",3273,"Manila & 1st",40.721650724879986,-74.04288411140442,3278,"Monmouth and 6th",40.72568548362901,-74.04879033565521,29588,"Subscriber",1981,2
171,"2018-12-06 18:43:23.9680","2018-12-06 18:46:15.4730",3273,"Manila & 1st",40.721650724879986,-74.04288411140442,3272,"Jersey & 3rd",40.72333158646436,-74.04595255851744,29468,"Subscriber",1988,1
338,"2018-12-06 19:03:23.9750","2018-12-06 19:09:02.6840",3273,"Manila & 1st",40.721650724879986,-74.04288411140442,3276,"Marin Light Rail",40.71458403535893,-74.04281705617905,29491,"Subscriber",1970,1
213,"2018-12-06 19:11:13.8940","2018-12-06 19:14:47.6070",3273,"Manila & 1st",40.721650724879986,-74.04288411140442,3203,"Hamilton Park",40.727595966,-74.044247311,26212,"Subscriber",1983,1
187,"2018-12-06 20:22:17.5340","2018-12-06 20:25:24.5970",3273,"Manila & 1st",40.721650724879986,-74.04288411140442,3203,"Hamilton Park",40.727595966,-74.044247311,26247,"Subscriber",1986,1
201,"2018-12-06 21:47:58.1680","2018-12-06 21:51:19.7690",3273,"Manila & 1st",40.721650724879986,-74.04288411140442,3203,"Hamilton Park",40.727595966,-74.044247311,26202,"Subscriber",1979,1
186,"2018-12-06 21:48:12.9290","2018-12-06 21:51:19.8570",3273,"Manila & 1st",40.721650724879986,-74.04288411140442,3203,"Hamilton Park",40.727595966,-74.044247311,26210,"Subscriber",1973,1
278,"2018-12-06 23:43:16.6680","2018-12-06 23:47:55.1910",3273,"Manila & 1st",40.721650724879986,-74.04288411140442,3269,"Brunswick & 6th",40.72601172964625,-74.05038893222809,29198,"Subscriber",1989,1
257,"2018-12-07 06:38:31.2500","2018-12-07 06:42:48.3000",3273,"Manila & 1st",40.721650724879986,-74.04288411140442,3278,"Monmouth and 6th",40.72568548362901,-74.04879033565521,29670,"Subscriber",1988,1
359,"2018-12-07 08:19:42.7580","2018-12-07 08:25:42.1510",3273,"Manila & 1st",40.721650724879986,-74.04288411140442,3183,"Exchange Place",40.7162469,-74.0334588,29505,"Subscriber",1980,1
239,"2018-12-07 09:24:48.1810","2018-12-07 09:28:47.5240",3273,"Manila & 1st",40.721650724879986,-74.04288411140442,3203,"Hamilton Park",40.727595966,-74.044247311,29639,"Subscriber",1973,2
642,"2018-12-07 14:53:07.6150","2018-12-07 15:03:50.5370",3273,"Manila & 1st",40.721650724879986,-74.04288411140442,3186,"Grove St PATH",40.71958611647166,-74.04311746358871,29672,"Subscriber",1971,1
1215,"2018-12-07 14:56:48.3130","2018-12-07 15:17:03.9900",3273,"Manila & 1st",40.721650724879986,-74.04288411140442,3269,"Brunswick & 6th",40.72601172964625,-74.05038893222809,29512,"Subscriber",1964,1
161,"2018-12-07 18:11:36.4410","2018-12-07 18:14:18.1740",3273,"Manila & 1st",40.721650724879986,-74.04288411140442,3272,"Jersey & 3rd",40.72333158646436,-74.04595255851744,29541,"Subscriber",1977,1
290,"2018-12-07 18:22:01.8250","2018-12-07 18:26:52.6670",3273,"Manila & 1st",40.721650724879986,-74.04288411140442,3481,"York St",40.71649,-74.04105,29252,"Subscriber",1974,1
213,"2018-12-07 19:47:54.0480","2018-12-07 19:51:27.6500",3273,"Manila & 1st",40.721650724879986,-74.04288411140442,3203,"Hamilton Park",40.727595966,-74.044247311,26158,"Subscriber",1986,1
286,"2018-12-07 21:05:48.1320","2018-12-07 21:10:35.0870",3273,"Manila & 1st",40.721650724879986,-74.04288411140442,3681,"Grand St",40.71517767732029,-74.03768330812454,26179,"Subscriber",1978,0
278,"2018-12-07 21:05:58.1350","2018-12-07 21:10:36.3700",3273,"Manila & 1st",40.721650724879986,-74.04288411140442,3681,"Grand St",40.71517767732029,-74.03768330812454,29262,"Subscriber",1980,1
232,"2018-12-07 23:43:18.2210","2018-12-07 23:47:10.7390",3273,"Manila & 1st",40.721650724879986,-74.04288411140442,3279,"Dixon Mills",40.721630142638354,-74.04996782541275,29124,"Subscriber",1982,1
120,"2018-12-08 09:22:12.1610","2018-12-08 09:24:12.7380",3273,"Manila & 1st",40.721650724879986,-74.04288411140442,3272,"Jersey & 3rd",40.72333158646436,-74.04595255851744,29126,"Subscriber",1988,2
111,"2018-12-08 10:58:02.7430","2018-12-08 10:59:54.2180",3273,"Manila & 1st",40.721650724879986,-74.04288411140442,3211,"Newark Ave",40.72152515,-74.046304543,29626,"Subscriber",1989,1
106,"2018-12-08 11:03:55.1040","2018-12-08 11:05:41.2120",3273,"Manila & 1st",40.721650724879986,-74.04288411140442,3187,"Warren St",40.7211236,-74.03805095,26217,"Subscriber",1984,1
290,"2018-12-08 14:24:20.6140","2018-12-08 14:29:11.3100",3273,"Manila & 1st",40.721650724879986,-74.04288411140442,3203,"Hamilton Park",40.727595966,-74.044247311,29243,"Subscriber",1992,1
685,"2018-12-08 17:27:00.8950","2018-12-08 17:38:26.0290",3273,"Manila & 1st",40.721650724879986,-74.04288411140442,3186,"Grove St PATH",40.71958611647166,-74.04311746358871,29471,"Subscriber",1971,1
213,"2018-12-08 17:53:04.4280","2018-12-08 17:56:37.5870",3273,"Manila & 1st",40.721650724879986,-74.04288411140442,3203,"Hamilton Park",40.727595966,-74.044247311,26255,"Subscriber",1989,1
263,"2018-12-09 09:29:34.8940","2018-12-09 09:33:58.5660",3273,"Manila & 1st",40.721650724879986,-74.04288411140442,3183,"Exchange Place",40.7162469,-74.0334588,29626,"Subscriber",1989,1
204,"2018-12-09 10:02:21.2780","2018-12-09 10:05:45.4210",3273,"Manila & 1st",40.721650724879986,-74.04288411140442,3278,"Monmouth and 6th",40.72568548362901,-74.04879033565521,29547,"Subscriber",1986,2
422,"2018-12-09 10:13:18.4370","2018-12-09 10:20:20.7040",3273,"Manila & 1st",40.721650724879986,-74.04288411140442,3199,"Newport Pkwy",40.7287448,-74.0321082,29670,"Subscriber",1977,1
1056,"2018-12-09 11:04:01.4950","2018-12-09 11:21:38.1510",3273,"Manila & 1st",40.721650724879986,-74.04288411140442,3192,"Liberty Light Rail",40.7112423,-74.0557013,29592,"Subscriber",1976,1
199,"2018-12-09 11:55:06.3350","2018-12-09 11:58:26.2650",3273,"Manila & 1st",40.721650724879986,-74.04288411140442,3203,"Hamilton Park",40.727595966,-74.044247311,29653,"Subscriber",1984,1
470,"2018-12-09 13:12:20.5240","2018-12-09 13:20:11.4830",3273,"Manila & 1st",40.721650724879986,-74.04288411140442,3199,"Newport Pkwy",40.7287448,-74.0321082,26253,"Subscriber",1974,1
196,"2018-12-09 19:31:04.0680","2018-12-09 19:34:20.5520",3273,"Manila & 1st",40.721650724879986,-74.04288411140442,3203,"Hamilton Park",40.727595966,-74.044247311,29500,"Subscriber",1991,2
242,"2018-12-09 21:20:39.8970","2018-12-09 21:24:41.9800",3273,"Manila & 1st",40.721650724879986,-74.04288411140442,3203,"Hamilton Park",40.727595966,-74.044247311,29604,"Subscriber",1968,1
294,"2018-12-10 01:00:18.5010","2018-12-10 01:05:12.6350",3273,"Manila & 1st",40.721650724879986,-74.04288411140442,3270,"Jersey & 6th St",40.72528910781132,-74.04557168483734,29661,"Subscriber",1992,2
301,"2018-12-10 06:37:31.4100","2018-12-10 06:42:32.5510",3273,"Manila & 1st",40.721650724879986,-74.04288411140442,3269,"Brunswick & 6th",40.72601172964625,-74.05038893222809,29596,"Subscriber",1991,1
284,"2018-12-10 06:39:40.9090","2018-12-10 06:44:25.3460",3273,"Manila & 1st",40.721650724879986,-74.04288411140442,3278,"Monmouth and 6th",40.72568548362901,-74.04879033565521,29278,"Subscriber",1988,1
438,"2018-12-10 08:18:05.3460","2018-12-10 08:25:24.3210",3273,"Manila & 1st",40.721650724879986,-74.04288411140442,3183,"Exchange Place",40.7162469,-74.0334588,29258,"Subscriber",1971,1
229,"2018-12-10 08:31:06.9110","2018-12-10 08:34:56.0530",3273,"Manila & 1st",40.721650724879986,-74.04288411140442,3638,"Washington St",40.7242941,-74.0354826,29476,"Subscriber",1974,1
240,"2018-12-10 08:37:40.2070","2018-12-10 08:41:41.1920",3273,"Manila & 1st",40.721650724879986,-74.04288411140442,3639,"Harborside",40.7192517,-74.034234,29679,"Subscriber",1988,1
329,"2018-12-10 10:44:25.4030","2018-12-10 10:49:55.1130",3273,"Manila & 1st",40.721650724879986,-74.04288411140442,3183,"Exchange Place",40.7162469,-74.0334588,26198,"Subscriber",1973,1
277,"2018-12-10 13:10:59.7840","2018-12-10 13:15:37.7030",3273,"Manila & 1st",40.721650724879986,-74.04288411140442,3203,"Hamilton Park",40.727595966,-74.044247311,29457,"Subscriber",1970,2
246,"2018-12-10 13:54:48.6360","2018-12-10 13:58:55.2130",3273,"Manila & 1st",40.721650724879986,-74.04288411140442,3638,"Washington St",40.7242941,-74.0354826,29215,"Subscriber",1974,1
105,"2018-12-10 14:16:15.0410","2018-12-10 14:18:00.2930",3273,"Manila & 1st",40.721650724879986,-74.04288411140442,3211,"Newark Ave",40.72152515,-74.046304543,29506,"Subscriber",1984,1
789,"2018-12-10 17:12:52.8560","2018-12-10 17:26:02.4790",3273,"Manila & 1st",40.721650724879986,-74.04288411140442,3207,"Oakland Ave",40.7376037,-74.0524783,29646,"Subscriber",1988,1
140,"2018-12-10 17:51:59.4550","2018-12-10 17:54:20.0280",3273,"Manila & 1st",40.721650724879986,-74.04288411140442,3272,"Jersey & 3rd",40.72333158646436,-74.04595255851744,29597,"Subscriber",1977,1
245,"2018-12-10 18:51:38.5000","2018-12-10 18:55:43.6630",3273,"Manila & 1st",40.721650724879986,-74.04288411140442,3203,"Hamilton Park",40.727595966,-74.044247311,29286,"Subscriber",1960,1
369,"2018-12-11 06:45:27.6290","2018-12-11 06:51:36.8120",3273,"Manila & 1st",40.721650724879986,-74.04288411140442,3269,"Brunswick & 6th",40.72601172964625,-74.05038893222809,29682,"Subscriber",1991,1
463,"2018-12-11 08:07:09.1280","2018-12-11 08:14:52.8240",3273,"Manila & 1st",40.721650724879986,-74.04288411140442,3183,"Exchange Place",40.7162469,-74.0334588,29525,"Subscriber",1971,1
311,"2018-12-11 08:49:21.3360","2018-12-11 08:54:32.5650",3273,"Manila & 1st",40.721650724879986,-74.04288411140442,3183,"Exchange Place",40.7162469,-74.0334588,29661,"Subscriber",1973,1
209,"2018-12-11 09:18:22.3810","2018-12-11 09:21:51.9850",3273,"Manila & 1st",40.721650724879986,-74.04288411140442,3203,"Hamilton Park",40.727595966,-74.044247311,29443,"Subscriber",1973,2
86,"2018-12-11 12:12:20.1570","2018-12-11 12:13:46.4900",3273,"Manila & 1st",40.721650724879986,-74.04288411140442,3211,"Newark Ave",40.72152515,-74.046304543,29613,"Subscriber",1965,1
275,"2018-12-11 13:08:41.3240","2018-12-11 13:13:16.6680",3273,"Manila & 1st",40.721650724879986,-74.04288411140442,3639,"Harborside",40.7192517,-74.034234,29507,"Subscriber",1966,1
400,"2018-12-11 15:11:17.8800","2018-12-11 15:17:58.2010",3273,"Manila & 1st",40.721650724879986,-74.04288411140442,3267,"Morris Canal",40.7124188237569,-74.03852552175522,29443,"Subscriber",1970,1
76,"2018-12-11 15:49:51.9890","2018-12-11 15:51:08.7470",3273,"Manila & 1st",40.721650724879986,-74.04288411140442,3186,"Grove St PATH",40.71958611647166,-74.04311746358871,26175,"Subscriber",1968,1
404,"2018-12-11 17:07:06.4600","2018-12-11 17:13:51.3720",3273,"Manila & 1st",40.721650724879986,-74.04288411140442,3639,"Harborside",40.7192517,-74.034234,26186,"Subscriber",1949,1
292,"2018-12-11 18:02:25.2670","2018-12-11 18:07:18.0740",3273,"Manila & 1st",40.721650724879986,-74.04288411140442,3203,"Hamilton Park",40.727595966,-74.044247311,29499,"Subscriber",1977,2
201,"2018-12-11 18:11:47.1710","2018-12-11 18:15:09.0700",3273,"Manila & 1st",40.721650724879986,-74.04288411140442,3203,"Hamilton Park",40.727595966,-74.044247311,29612,"Subscriber",1977,1
344,"2018-12-11 18:11:52.1030","2018-12-11 18:17:36.1170",3273,"Manila & 1st",40.721650724879986,-74.04288411140442,3203,"Hamilton Park",40.727595966,-74.044247311,29658,"Subscriber",1978,1
300,"2018-12-11 18:16:03.7250","2018-12-11 18:21:04.6510",3273,"Manila & 1st",40.721650724879986,-74.04288411140442,3269,"Brunswick & 6th",40.72601172964625,-74.05038893222809,26157,"Subscriber",1982,2
213,"2018-12-11 18:27:12.4390","2018-12-11 18:30:46.2440",3273,"Manila & 1st",40.721650724879986,-74.04288411140442,3269,"Brunswick & 6th",40.72601172964625,-74.05038893222809,29652,"Subscriber",1993,1
268,"2018-12-12 06:40:37.5930","2018-12-12 06:45:06.0810",3273,"Manila & 1st",40.721650724879986,-74.04288411140442,3269,"Brunswick & 6th",40.72601172964625,-74.05038893222809,29629,"Subscriber",1991,1
288,"2018-12-12 06:41:30.3980","2018-12-12 06:46:19.3670",3273,"Manila & 1st",40.721650724879986,-74.04288411140442,3278,"Monmouth and 6th",40.72568548362901,-74.04879033565521,29655,"Subscriber",1988,1
708,"2018-12-12 08:24:44.5220","2018-12-12 08:36:32.7140",3273,"Manila & 1st",40.721650724879986,-74.04288411140442,3267,"Morris Canal",40.7124188237569,-74.03852552175522,29482,"Subscriber",1970,1
232,"2018-12-12 08:29:29.2100","2018-12-12 08:33:21.8740",3273,"Manila & 1st",40.721650724879986,-74.04288411140442,3638,"Washington St",40.7242941,-74.0354826,29244,"Subscriber",1974,1
233,"2018-12-12 10:41:19.6800","2018-12-12 10:45:13.6500",3273,"Manila & 1st",40.721650724879986,-74.04288411140442,3203,"Hamilton Park",40.727595966,-74.044247311,26160,"Subscriber",1989,1
212,"2018-12-12 12:08:05.1890","2018-12-12 12:11:37.6010",3273,"Manila & 1st",40.721650724879986,-74.04288411140442,3638,"Washington St",40.7242941,-74.0354826,29573,"Subscriber",1974,1
293,"2018-12-12 13:10:33.3460","2018-12-12 13:15:26.7650",3273,"Manila & 1st",40.721650724879986,-74.04288411140442,3203,"Hamilton Park",40.727595966,-74.044247311,29678,"Subscriber",1970,2
261,"2018-12-12 14:47:15.8170","2018-12-12 14:51:37.2710",3273,"Manila & 1st",40.721650724879986,-74.04288411140442,3203,"Hamilton Park",40.727595966,-74.044247311,29497,"Subscriber",1992,1
1513,"2018-12-12 15:19:31.0620","2018-12-12 15:44:44.7820",3273,"Manila & 1st",40.721650724879986,-74.04288411140442,3273,"Manila & 1st",40.721650724879986,-74.04288411140442,29252,"Subscriber",1970,1
223,"2018-12-12 16:35:55.2790","2018-12-12 16:39:38.9880",3273,"Manila & 1st",40.721650724879986,-74.04288411140442,3269,"Brunswick & 6th",40.72601172964625,-74.05038893222809,29237,"Subscriber",1986,1
219,"2018-12-12 16:36:08.6580","2018-12-12 16:39:48.2810",3273,"Manila & 1st",40.721650724879986,-74.04288411140442,3203,"Hamilton Park",40.727595966,-74.044247311,29278,"Subscriber",1980,2
229,"2018-12-12 16:48:53.9660","2018-12-12 16:52:43.5380",3273,"Manila & 1st",40.721650724879986,-74.04288411140442,3270,"Jersey & 6th St",40.72528910781132,-74.04557168483734,29679,"Subscriber",1968,2
360,"2018-12-12 17:08:58.5480","2018-12-12 17:14:58.6790",3273,"Manila & 1st",40.721650724879986,-74.04288411140442,3276,"Marin Light Rail",40.71458403535893,-74.04281705617905,29554,"Subscriber",1986,2
379,"2018-12-12 17:28:54.7340","2018-12-12 17:35:14.5740",3273,"Manila & 1st",40.721650724879986,-74.04288411140442,3269,"Brunswick & 6th",40.72601172964625,-74.05038893222809,29295,"Subscriber",1982,2
174,"2018-12-12 17:45:34.0670","2018-12-12 17:48:28.1920",3273,"Manila & 1st",40.721650724879986,-74.04288411140442,3270,"Jersey & 6th St",40.72528910781132,-74.04557168483734,26164,"Subscriber",1987,1
726,"2018-12-12 17:52:13.4950","2018-12-12 18:04:19.9110",3273,"Manila & 1st",40.721650724879986,-74.04288411140442,3212,"Christ Hospital",40.734785818,-74.050443636,26205,"Subscriber",1988,1
389,"2018-12-12 18:38:36.9180","2018-12-12 18:45:06.4030",3273,"Manila & 1st",40.721650724879986,-74.04288411140442,3205,"JC Medical Center",40.71653978099194,-74.0496379137039,29533,"Subscriber",1975,1
191,"2018-12-12 19:12:49.1860","2018-12-12 19:16:00.6110",3273,"Manila & 1st",40.721650724879986,-74.04288411140442,3278,"Monmouth and 6th",40.72568548362901,-74.04879033565521,26172,"Subscriber",1993,1
293,"2018-12-12 20:15:20.5300","2018-12-12 20:20:13.6510",3273,"Manila & 1st",40.721650724879986,-74.04288411140442,3278,"Monmouth and 6th",40.72568548362901,-74.04879033565521,26292,"Subscriber",1990,2
246,"2018-12-12 21:02:55.7680","2018-12-12 21:07:02.6570",3273,"Manila & 1st",40.721650724879986,-74.04288411140442,3269,"Brunswick & 6th",40.72601172964625,-74.05038893222809,29203,"Subscriber",1989,2
345,"2018-12-13 08:13:30.3900","2018-12-13 08:19:16.0920",3273,"Manila & 1st",40.721650724879986,-74.04288411140442,3183,"Exchange Place",40.7162469,-74.0334588,29629,"Subscriber",1971,1
113,"2018-12-13 08:22:28.1770","2018-12-13 08:24:21.8080",3273,"Manila & 1st",40.721650724879986,-74.04288411140442,3272,"Jersey & 3rd",40.72333158646436,-74.04595255851744,29244,"Subscriber",1988,2
190,"2018-12-13 08:37:25.9160","2018-12-13 08:40:36.5160",3273,"Manila & 1st",40.721650724879986,-74.04288411140442,3275,"Columbus Drive",40.71835519823214,-74.03891444206238,26291,"Subscriber",1966,1
778,"2018-12-13 14:43:41.9720","2018-12-13 14:56:40.5510",3273,"Manila & 1st",40.721650724879986,-74.04288411140442,3211,"Newark Ave",40.72152515,-74.046304543,29619,"Subscriber",1971,1
111,"2018-12-13 17:59:29.0270","2018-12-13 18:01:20.3500",3273,"Manila & 1st",40.721650724879986,-74.04288411140442,3186,"Grove St PATH",40.71958611647166,-74.04311746358871,29296,"Subscriber",1987,1
248,"2018-12-13 18:08:09.3670","2018-12-13 18:12:17.6400",3273,"Manila & 1st",40.721650724879986,-74.04288411140442,3211,"Newark Ave",40.72152515,-74.046304543,29636,"Subscriber",1987,1
194,"2018-12-13 18:09:01.8420","2018-12-13 18:12:15.8750",3273,"Manila & 1st",40.721650724879986,-74.04288411140442,3269,"Brunswick & 6th",40.72601172964625,-74.05038893222809,29244,"Subscriber",1993,1
258,"2018-12-13 18:09:56.1940","2018-12-13 18:14:14.9670",3273,"Manila & 1st",40.721650724879986,-74.04288411140442,3269,"Brunswick & 6th",40.72601172964625,-74.05038893222809,29286,"Subscriber",1980,1
219,"2018-12-13 21:43:38.3590","2018-12-13 21:47:17.7140",3273,"Manila & 1st",40.721650724879986,-74.04288411140442,3203,"Hamilton Park",40.727595966,-74.044247311,26196,"Subscriber",1986,1
296,"2018-12-13 22:30:38.8650","2018-12-13 22:35:35.6360",3273,"Manila & 1st",40.721650724879986,-74.04288411140442,3203,"Hamilton Park",40.727595966,-74.044247311,26184,"Subscriber",1990,1
259,"2018-12-13 22:31:33.4720","2018-12-13 22:35:52.6590",3273,"Manila & 1st",40.721650724879986,-74.04288411140442,3203,"Hamilton Park",40.727595966,-74.044247311,26278,"Subscriber",1990,2
1024,"2018-12-14 01:53:47.7840","2018-12-14 02:10:52.0560",3273,"Manila & 1st",40.721650724879986,-74.04288411140442,3278,"Monmouth and 6th",40.72568548362901,-74.04879033565521,26164,"Subscriber",1986,1
241,"2018-12-14 08:36:36.0610","2018-12-14 08:40:37.9780",3273,"Manila & 1st",40.721650724879986,-74.04288411140442,3638,"Washington St",40.7242941,-74.0354826,26316,"Subscriber",1974,1
709,"2018-12-14 08:41:56.2470","2018-12-14 08:53:45.8370",3273,"Manila & 1st",40.721650724879986,-74.04288411140442,3199,"Newport Pkwy",40.7287448,-74.0321082,29540,"Subscriber",1995,2
285,"2018-12-14 11:45:38.4100","2018-12-14 11:50:23.9950",3273,"Manila & 1st",40.721650724879986,-74.04288411140442,3203,"Hamilton Park",40.727595966,-74.044247311,29598,"Subscriber",1968,1
395,"2018-12-14 13:09:33.5380","2018-12-14 13:16:09.1500",3273,"Manila & 1st",40.721650724879986,-74.04288411140442,3203,"Hamilton Park",40.727595966,-74.044247311,29468,"Subscriber",1970,2
244,"2018-12-14 13:57:04.3170","2018-12-14 14:01:09.1600",3273,"Manila & 1st",40.721650724879986,-74.04288411140442,3203,"Hamilton Park",40.727595966,-74.044247311,26193,"Subscriber",1992,1
205,"2018-12-14 13:57:57.9190","2018-12-14 14:01:23.4790",3273,"Manila & 1st",40.721650724879986,-74.04288411140442,3278,"Monmouth and 6th",40.72568548362901,-74.04879033565521,29678,"Subscriber",1983,1
149,"2018-12-14 16:17:28.7400","2018-12-14 16:19:58.3700",3273,"Manila & 1st",40.721650724879986,-74.04288411140442,3270,"Jersey & 6th St",40.72528910781132,-74.04557168483734,29531,"Subscriber",1977,1
842,"2018-12-14 16:43:57.4300","2018-12-14 16:57:59.4690",3273,"Manila & 1st",40.721650724879986,-74.04288411140442,3207,"Oakland Ave",40.7376037,-74.0524783,26202,"Subscriber",1988,1
241,"2018-12-14 18:18:06.2580","2018-12-14 18:22:07.5200",3273,"Manila & 1st",40.721650724879986,-74.04288411140442,3203,"Hamilton Park",40.727595966,-74.044247311,26297,"Subscriber",1976,1
238,"2018-12-14 19:28:07.5380","2018-12-14 19:32:06.5320",3273,"Manila & 1st",40.721650724879986,-74.04288411140442,3278,"Monmouth and 6th",40.72568548362901,-74.04879033565521,29434,"Subscriber",1984,2
208,"2018-12-14 23:11:56.5640","2018-12-14 23:15:25.3970",3273,"Manila & 1st",40.721650724879986,-74.04288411140442,3203,"Hamilton Park",40.727595966,-74.044247311,26281,"Subscriber",1986,1
862,"2018-12-15 09:11:34.5470","2018-12-15 09:25:56.7480",3273,"Manila & 1st",40.721650724879986,-74.04288411140442,3483,"Montgomery St",40.71942,-74.05099,26233,"Subscriber",1968,1
112,"2018-12-15 10:54:41.8130","2018-12-15 10:56:34.6420",3273,"Manila & 1st",40.721650724879986,-74.04288411140442,3272,"Jersey & 3rd",40.72333158646436,-74.04595255851744,29286,"Subscriber",1988,2
259,"2018-12-15 11:04:02.9920","2018-12-15 11:08:22.8430",3273,"Manila & 1st",40.721650724879986,-74.04288411140442,3269,"Brunswick & 6th",40.72601172964625,-74.05038893222809,29646,"Subscriber",1991,1
5203,"2018-12-15 12:20:16.3960","2018-12-15 13:46:59.5440",3273,"Manila & 1st",40.721650724879986,-74.04288411140442,3203,"Hamilton Park",40.727595966,-74.044247311,29283,"Subscriber",1998,1
261,"2018-12-15 13:13:06.0650","2018-12-15 13:17:27.3530",3273,"Manila & 1st",40.721650724879986,-74.04288411140442,3681,"Grand St",40.71517767732029,-74.03768330812454,26293,"Subscriber",1974,1
650,"2018-12-15 15:41:13.3440","2018-12-15 15:52:03.7420",3273,"Manila & 1st",40.721650724879986,-74.04288411140442,3186,"Grove St PATH",40.71958611647166,-74.04311746358871,26182,"Subscriber",1971,1
105,"2018-12-15 19:09:20.2330","2018-12-15 19:11:05.6330",3273,"Manila & 1st",40.721650724879986,-74.04288411140442,3185,"City Hall",40.7177325,-74.043845,29646,"Subscriber",1986,1
763,"2018-12-16 09:34:58.3330","2018-12-16 09:47:41.8690",3273,"Manila & 1st",40.721650724879986,-74.04288411140442,3206,"Hilltop",40.7311689,-74.0575736,29243,"Subscriber",1968,1
286,"2018-12-16 11:55:17.8600","2018-12-16 12:00:04.5830",3273,"Manila & 1st",40.721650724879986,-74.04288411140442,3269,"Brunswick & 6th",40.72601172964625,-74.05038893222809,29258,"Subscriber",1991,1
178,"2018-12-16 12:08:19.2630","2018-12-16 12:11:18.1490",3273,"Manila & 1st",40.721650724879986,-74.04288411140442,3203,"Hamilton Park",40.727595966,-74.044247311,29537,"Subscriber",1966,1
305,"2018-12-16 13:37:35.2130","2018-12-16 13:42:40.2160",3273,"Manila & 1st",40.721650724879986,-74.04288411140442,3209,"Brunswick St",40.7241765,-74.0506564,29437,"Subscriber",1982,1
281,"2018-12-16 16:45:49.2980","2018-12-16 16:50:31.2500",3273,"Manila & 1st",40.721650724879986,-74.04288411140442,3279,"Dixon Mills",40.721630142638354,-74.04996782541275,29506,"Subscriber",1988,1
480,"2018-12-16 18:52:33.4580","2018-12-16 19:00:33.9700",3273,"Manila & 1st",40.721650724879986,-74.04288411140442,3269,"Brunswick & 6th",40.72601172964625,-74.05038893222809,26183,"Subscriber",1986,2
323,"2018-12-16 18:53:02.6900","2018-12-16 18:58:26.2850",3273,"Manila & 1st",40.721650724879986,-74.04288411140442,3269,"Brunswick & 6th",40.72601172964625,-74.05038893222809,29468,"Subscriber",1985,1
120,"2018-12-16 20:34:32.6610","2018-12-16 20:36:33.5100",3273,"Manila & 1st",40.721650724879986,-74.04288411140442,3185,"City Hall",40.7177325,-74.043845,29619,"Subscriber",1977,2
253,"2018-12-16 22:34:02.4550","2018-12-16 22:38:15.8170",3273,"Manila & 1st",40.721650724879986,-74.04288411140442,3213,"Van Vorst Park",40.71848892,-74.047726625,29672,"Subscriber",1990,1
288,"2018-12-17 06:37:04.8330","2018-12-17 06:41:53.7540",3273,"Manila & 1st",40.721650724879986,-74.04288411140442,3269,"Brunswick & 6th",40.72601172964625,-74.05038893222809,29468,"Subscriber",1991,1
212,"2018-12-17 07:18:54.6180","2018-12-17 07:22:27.0560",3273,"Manila & 1st",40.721650724879986,-74.04288411140442,3638,"Washington St",40.7242941,-74.0354826,29671,"Subscriber",1974,1
458,"2018-12-17 08:18:29.4200","2018-12-17 08:26:08.3470",3273,"Manila & 1st",40.721650724879986,-74.04288411140442,3183,"Exchange Place",40.7162469,-74.0334588,29496,"Subscriber",1971,1
296,"2018-12-17 09:14:03.4080","2018-12-17 09:19:00.2550",3273,"Manila & 1st",40.721650724879986,-74.04288411140442,3183,"Exchange Place",40.7162469,-74.0334588,29439,"Subscriber",1973,1
351,"2018-12-17 10:05:18.3100","2018-12-17 10:11:09.8480",3273,"Manila & 1st",40.721650724879986,-74.04288411140442,3681,"Grand St",40.71517767732029,-74.03768330812454,29473,"Subscriber",1968,1
381,"2018-12-17 10:39:49.4970","2018-12-17 10:46:11.0380",3273,"Manila & 1st",40.721650724879986,-74.04288411140442,3185,"City Hall",40.7177325,-74.043845,26208,"Subscriber",1953,2
189,"2018-12-17 12:18:53.3250","2018-12-17 12:22:02.3330",3273,"Manila & 1st",40.721650724879986,-74.04288411140442,3203,"Hamilton Park",40.727595966,-74.044247311,29440,"Subscriber",1989,1
151,"2018-12-17 13:50:24.7780","2018-12-17 13:52:56.2260",3273,"Manila & 1st",40.721650724879986,-74.04288411140442,3272,"Jersey & 3rd",40.72333158646436,-74.04595255851744,29257,"Subscriber",1977,1
220,"2018-12-17 18:42:50.6920","2018-12-17 18:46:31.3850",3273,"Manila & 1st",40.721650724879986,-74.04288411140442,3203,"Hamilton Park",40.727595966,-74.044247311,29286,"Subscriber",1978,1
251,"2018-12-17 18:55:10.5190","2018-12-17 18:59:21.5460",3273,"Manila & 1st",40.721650724879986,-74.04288411140442,3203,"Hamilton Park",40.727595966,-74.044247311,29675,"Subscriber",1980,2
213,"2018-12-18 08:29:46.0020","2018-12-18 08:33:19.9900",3273,"Manila & 1st",40.721650724879986,-74.04288411140442,3638,"Washington St",40.7242941,-74.0354826,29441,"Subscriber",1974,1
212,"2018-12-18 11:00:40.6030","2018-12-18 11:04:12.9390",3273,"Manila & 1st",40.721650724879986,-74.04288411140442,3203,"Hamilton Park",40.727595966,-74.044247311,29260,"Subscriber",1989,1
161,"2018-12-18 12:15:20.1690","2018-12-18 12:18:01.5330",3273,"Manila & 1st",40.721650724879986,-74.04288411140442,3185,"City Hall",40.7177325,-74.043845,29214,"Subscriber",1977,2
284,"2018-12-18 12:26:13.1170","2018-12-18 12:30:57.8560",3273,"Manila & 1st",40.721650724879986,-74.04288411140442,3183,"Exchange Place",40.7162469,-74.0334588,29245,"Subscriber",1980,1
160,"2018-12-18 12:46:47.2460","2018-12-18 12:49:27.3650",3273,"Manila & 1st",40.721650724879986,-74.04288411140442,3270,"Jersey & 6th St",40.72528910781132,-74.04557168483734,26171,"Subscriber",1977,1
212,"2018-12-18 16:04:23.7770","2018-12-18 16:07:56.4270",3273,"Manila & 1st",40.721650724879986,-74.04288411140442,3203,"Hamilton Park",40.727595966,-74.044247311,26264,"Subscriber",1972,1
738,"2018-12-18 16:37:26.1400","2018-12-18 16:49:45.0780",3273,"Manila & 1st",40.721650724879986,-74.04288411140442,3212,"Christ Hospital",40.734785818,-74.050443636,26160,"Subscriber",1988,1
225,"2018-12-18 16:58:43.2700","2018-12-18 17:02:28.5660",3273,"Manila & 1st",40.721650724879986,-74.04288411140442,3270,"Jersey & 6th St",40.72528910781132,-74.04557168483734,29225,"Subscriber",1968,2
170,"2018-12-18 18:52:46.3490","2018-12-18 18:55:37.2540",3273,"Manila & 1st",40.721650724879986,-74.04288411140442,3203,"Hamilton Park",40.727595966,-74.044247311,29439,"Subscriber",1985,1
187,"2018-12-18 18:52:53.3130","2018-12-18 18:56:01.2520",3273,"Manila & 1st",40.721650724879986,-74.04288411140442,3269,"Brunswick & 6th",40.72601172964625,-74.05038893222809,29260,"Subscriber",1993,1
239,"2018-12-18 18:59:05.9150","2018-12-18 19:03:05.0030",3273,"Manila & 1st",40.721650724879986,-74.04288411140442,3278,"Monmouth and 6th",40.72568548362901,-74.04879033565521,29594,"Subscriber",1956,1
222,"2018-12-18 19:04:00.5690","2018-12-18 19:07:43.0180",3273,"Manila & 1st",40.721650724879986,-74.04288411140442,3203,"Hamilton Park",40.727595966,-74.044247311,29305,"Subscriber",1977,1
225,"2018-12-18 19:18:56.8420","2018-12-18 19:22:41.9500",3273,"Manila & 1st",40.721650724879986,-74.04288411140442,3203,"Hamilton Park",40.727595966,-74.044247311,29457,"Subscriber",1984,1
136,"2018-12-18 19:23:53.7420","2018-12-18 19:26:09.8640",3273,"Manila & 1st",40.721650724879986,-74.04288411140442,3272,"Jersey & 3rd",40.72333158646436,-74.04595255851744,29275,"Subscriber",1988,2
123,"2018-12-18 20:48:41.9740","2018-12-18 20:50:45.2090",3273,"Manila & 1st",40.721650724879986,-74.04288411140442,3187,"Warren St",40.7211236,-74.03805095,29126,"Subscriber",1972,1
188,"2018-12-18 20:55:34.9740","2018-12-18 20:58:43.8890",3273,"Manila & 1st",40.721650724879986,-74.04288411140442,3203,"Hamilton Park",40.727595966,-74.044247311,29526,"Subscriber",1986,1
141,"2018-12-18 21:14:15.5830","2018-12-18 21:16:36.6500",3273,"Manila & 1st",40.721650724879986,-74.04288411140442,3272,"Jersey & 3rd",40.72333158646436,-74.04595255851744,26216,"Subscriber",1988,2
334,"2018-12-19 08:16:46.8090","2018-12-19 08:22:21.4570",3273,"Manila & 1st",40.721650724879986,-74.04288411140442,3183,"Exchange Place",40.7162469,-74.0334588,29500,"Subscriber",1980,1
418,"2018-12-19 08:20:46.6090","2018-12-19 08:27:45.0760",3273,"Manila & 1st",40.721650724879986,-74.04288411140442,3183,"Exchange Place",40.7162469,-74.0334588,29261,"Subscriber",1971,1
283,"2018-12-19 08:52:43.7300","2018-12-19 08:57:27.6650",3273,"Manila & 1st",40.721650724879986,-74.04288411140442,3183,"Exchange Place",40.7162469,-74.0334588,29484,"Subscriber",1973,1
245,"2018-12-19 09:26:15.6200","2018-12-19 09:30:21.3880",3273,"Manila & 1st",40.721650724879986,-74.04288411140442,3203,"Hamilton Park",40.727595966,-74.044247311,26213,"Subscriber",1973,2
241,"2018-12-19 12:54:33.5970","2018-12-19 12:58:35.5610",3273,"Manila & 1st",40.721650724879986,-74.04288411140442,3203,"Hamilton Park",40.727595966,-74.044247311,29306,"Subscriber",1989,1
197,"2018-12-19 13:39:19.7750","2018-12-19 13:42:37.4780",3273,"Manila & 1st",40.721650724879986,-74.04288411140442,3270,"Jersey & 6th St",40.72528910781132,-74.04557168483734,29215,"Subscriber",1977,1
626,"2018-12-19 15:12:26.1340","2018-12-19 15:22:53.0920",3273,"Manila & 1st",40.721650724879986,-74.04288411140442,3267,"Morris Canal",40.7124188237569,-74.03852552175522,29297,"Subscriber",1972,1
185,"2018-12-19 18:24:38.9740","2018-12-19 18:27:44.1680",3273,"Manila & 1st",40.721650724879986,-74.04288411140442,3203,"Hamilton Park",40.727595966,-74.044247311,29681,"Subscriber",1960,1
223,"2018-12-19 19:24:47.7320","2018-12-19 19:28:30.9350",3273,"Manila & 1st",40.721650724879986,-74.04288411140442,3270,"Jersey & 6th St",40.72528910781132,-74.04557168483734,29297,"Subscriber",1968,2
287,"2018-12-19 21:38:31.4110","2018-12-19 21:43:18.8990",3273,"Manila & 1st",40.721650724879986,-74.04288411140442,3270,"Jersey & 6th St",40.72528910781132,-74.04557168483734,29127,"Subscriber",1989,1
191,"2018-12-19 21:43:22.4640","2018-12-19 21:46:34.1450",3273,"Manila & 1st",40.721650724879986,-74.04288411140442,3270,"Jersey & 6th St",40.72528910781132,-74.04557168483734,29612,"Subscriber",1992,2
260,"2018-12-20 08:05:26.2810","2018-12-20 08:09:46.8740",3273,"Manila & 1st",40.721650724879986,-74.04288411140442,3269,"Brunswick & 6th",40.72601172964625,-74.05038893222809,26241,"Subscriber",1984,1
305,"2018-12-20 08:17:21.8340","2018-12-20 08:22:27.3570",3273,"Manila & 1st",40.721650724879986,-74.04288411140442,3183,"Exchange Place",40.7162469,-74.0334588,29297,"Subscriber",1980,1
493,"2018-12-20 08:58:56.4880","2018-12-20 09:07:09.6240",3273,"Manila & 1st",40.721650724879986,-74.04288411140442,3184,"Paulus Hook",40.7141454,-74.0335519,29619,"Subscriber",1987,2
406,"2018-12-20 09:50:15.3210","2018-12-20 09:57:01.6330",3273,"Manila & 1st",40.721650724879986,-74.04288411140442,3639,"Harborside",40.7192517,-74.034234,26192,"Subscriber",1973,1
233,"2018-12-20 10:53:18.1300","2018-12-20 10:57:11.6820",3273,"Manila & 1st",40.721650724879986,-74.04288411140442,3269,"Brunswick & 6th",40.72601172964625,-74.05038893222809,29273,"Subscriber",1989,1
183,"2018-12-20 13:00:41.0420","2018-12-20 13:03:44.8130",3273,"Manila & 1st",40.721650724879986,-74.04288411140442,3270,"Jersey & 6th St",40.72528910781132,-74.04557168483734,29281,"Subscriber",1977,1
547,"2018-12-20 13:21:17.8150","2018-12-20 13:30:25.3050",3273,"Manila & 1st",40.721650724879986,-74.04288411140442,3267,"Morris Canal",40.7124188237569,-74.03852552175522,26160,"Subscriber",1970,1
240,"2018-12-20 16:29:00.9310","2018-12-20 16:33:01.0480",3273,"Manila & 1st",40.721650724879986,-74.04288411140442,3269,"Brunswick & 6th",40.72601172964625,-74.05038893222809,29122,"Subscriber",1989,1
217,"2018-12-20 21:21:55.6030","2018-12-20 21:25:32.7500",3273,"Manila & 1st",40.721650724879986,-74.04288411140442,3203,"Hamilton Park",40.727595966,-74.044247311,29582,"Subscriber",1986,1
232,"2018-12-20 22:57:21.2880","2018-12-20 23:01:13.5910",3273,"Manila & 1st",40.721650724879986,-74.04288411140442,3270,"Jersey & 6th St",40.72528910781132,-74.04557168483734,26267,"Subscriber",1976,1
76,"2018-12-20 22:57:57.4160","2018-12-20 22:59:13.5970",3273,"Manila & 1st",40.721650724879986,-74.04288411140442,3186,"Grove St PATH",40.71958611647166,-74.04311746358871,29502,"Subscriber",1983,2
117,"2018-12-21 01:15:23.4140","2018-12-21 01:17:20.5980",3273,"Manila & 1st",40.721650724879986,-74.04288411140442,3270,"Jersey & 6th St",40.72528910781132,-74.04557168483734,29204,"Subscriber",1985,1
234,"2018-12-21 10:29:11.1990","2018-12-21 10:33:05.3070",3273,"Manila & 1st",40.721650724879986,-74.04288411140442,3203,"Hamilton Park",40.727595966,-74.044247311,29662,"Subscriber",1973,2
107,"2018-12-21 12:59:37.0930","2018-12-21 13:01:24.9890",3273,"Manila & 1st",40.721650724879986,-74.04288411140442,3187,"Warren St",40.7211236,-74.03805095,29198,"Subscriber",1971,1
506,"2018-12-21 14:22:59.7680","2018-12-21 14:31:25.8990",3273,"Manila & 1st",40.721650724879986,-74.04288411140442,3202,"Newport PATH",40.7272235,-74.0337589,29460,"Subscriber",1972,2
345,"2018-12-21 19:15:26.5630","2018-12-21 19:21:12.2300",3273,"Manila & 1st",40.721650724879986,-74.04288411140442,3273,"Manila & 1st",40.721650724879986,-74.04288411140442,29639,"Subscriber",1986,1
279,"2018-12-22 00:49:48.0310","2018-12-22 00:54:27.8460",3273,"Manila & 1st",40.721650724879986,-74.04288411140442,3278,"Monmouth and 6th",40.72568548362901,-74.04879033565521,29542,"Subscriber",1988,1
242,"2018-12-22 01:52:22.7710","2018-12-22 01:56:25.3590",3273,"Manila & 1st",40.721650724879986,-74.04288411140442,3278,"Monmouth and 6th",40.72568548362901,-74.04879033565521,29639,"Subscriber",1980,2
192,"2018-12-22 04:49:39.4910","2018-12-22 04:52:52.0860",3273,"Manila & 1st",40.721650724879986,-74.04288411140442,3270,"Jersey & 6th St",40.72528910781132,-74.04557168483734,26203,"Subscriber",1992,2
329,"2018-12-22 09:30:38.6690","2018-12-22 09:36:08.4560",3273,"Manila & 1st",40.721650724879986,-74.04288411140442,3203,"Hamilton Park",40.727595966,-74.044247311,26264,"Subscriber",1989,1
332,"2018-12-22 09:53:24.9800","2018-12-22 09:58:57.4180",3273,"Manila & 1st",40.721650724879986,-74.04288411140442,3681,"Grand St",40.71517767732029,-74.03768330812454,29245,"Subscriber",1947,1
665,"2018-12-22 10:59:20.9420","2018-12-22 11:10:26.1770",3273,"Manila & 1st",40.721650724879986,-74.04288411140442,3199,"Newport Pkwy",40.7287448,-74.0321082,26206,"Subscriber",1972,1
166,"2018-12-22 13:07:43.0760","2018-12-22 13:10:30.0730",3273,"Manila & 1st",40.721650724879986,-74.04288411140442,3270,"Jersey & 6th St",40.72528910781132,-74.04557168483734,29245,"Subscriber",1977,1
646,"2018-12-22 15:20:33.3670","2018-12-22 15:31:20.0700",3273,"Manila & 1st",40.721650724879986,-74.04288411140442,3186,"Grove St PATH",40.71958611647166,-74.04311746358871,26242,"Subscriber",1971,1
418,"2018-12-22 19:28:48.4710","2018-12-22 19:35:47.0580",3273,"Manila & 1st",40.721650724879986,-74.04288411140442,3483,"Montgomery St",40.71942,-74.05099,29665,"Subscriber",1983,1
1601,"2018-12-22 23:15:13.2690","2018-12-22 23:41:54.5120",3273,"Manila & 1st",40.721650724879986,-74.04288411140442,3481,"York St",40.71649,-74.04105,29286,"Subscriber",1982,1
469,"2018-12-23 13:27:18.2660","2018-12-23 13:35:07.6450",3273,"Manila & 1st",40.721650724879986,-74.04288411140442,3272,"Jersey & 3rd",40.72333158646436,-74.04595255851744,29458,"Subscriber",1990,1
1151,"2018-12-23 13:41:19.0510","2018-12-23 14:00:30.6050",3273,"Manila & 1st",40.721650724879986,-74.04288411140442,3210,"Pershing Field",40.742677141,-74.051788633,29245,"Subscriber",1991,1
193,"2018-12-23 14:48:42.4580","2018-12-23 14:51:56.3570",3273,"Manila & 1st",40.721650724879986,-74.04288411140442,3270,"Jersey & 6th St",40.72528910781132,-74.04557168483734,29257,"Subscriber",1979,2
227,"2018-12-23 14:53:49.4230","2018-12-23 14:57:36.7240",3273,"Manila & 1st",40.721650724879986,-74.04288411140442,3203,"Hamilton Park",40.727595966,-74.044247311,29612,"Subscriber",1986,1
153,"2018-12-23 16:47:06.2220","2018-12-23 16:49:39.9120",3273,"Manila & 1st",40.721650724879986,-74.04288411140442,3272,"Jersey & 3rd",40.72333158646436,-74.04595255851744,29546,"Subscriber",1952,1
345,"2018-12-23 20:41:16.4710","2018-12-23 20:47:01.7130",3273,"Manila & 1st",40.721650724879986,-74.04288411140442,3681,"Grand St",40.71517767732029,-74.03768330812454,29296,"Subscriber",1970,1
327,"2018-12-24 00:08:54.6600","2018-12-24 00:14:21.8780",3273,"Manila & 1st",40.721650724879986,-74.04288411140442,3269,"Brunswick & 6th",40.72601172964625,-74.05038893222809,29535,"Subscriber",1993,2
303,"2018-12-24 00:09:18.7090","2018-12-24 00:14:21.9670",3273,"Manila & 1st",40.721650724879986,-74.04288411140442,3269,"Brunswick & 6th",40.72601172964625,-74.05038893222809,29662,"Subscriber",1990,1
249,"2018-12-24 11:37:00.8870","2018-12-24 11:41:10.4330",3273,"Manila & 1st",40.721650724879986,-74.04288411140442,3203,"Hamilton Park",40.727595966,-74.044247311,26300,"Customer",1969,0
160,"2018-12-24 12:41:20.0050","2018-12-24 12:44:00.6540",3273,"Manila & 1st",40.721650724879986,-74.04288411140442,3270,"Jersey & 6th St",40.72528910781132,-74.04557168483734,29572,"Subscriber",1980,1
377,"2018-12-24 13:03:06.4440","2018-12-24 13:09:24.1650",3273,"Manila & 1st",40.721650724879986,-74.04288411140442,3214,"Essex Light Rail",40.7127742,-74.0364857,29665,"Subscriber",1994,1
352,"2018-12-24 13:42:26.8830","2018-12-24 13:48:19.8780",3273,"Manila & 1st",40.721650724879986,-74.04288411140442,3203,"Hamilton Park",40.727595966,-74.044247311,29228,"Subscriber",1970,2
278,"2018-12-24 13:42:55.5270","2018-12-24 13:47:33.9160",3273,"Manila & 1st",40.721650724879986,-74.04288411140442,3209,"Brunswick St",40.7241765,-74.0506564,29508,"Subscriber",1989,1
261,"2018-12-24 15:22:51.3140","2018-12-24 15:27:12.5450",3273,"Manila & 1st",40.721650724879986,-74.04288411140442,3209,"Brunswick St",40.7241765,-74.0506564,26302,"Subscriber",1990,1
761,"2018-12-24 18:11:19.2180","2018-12-24 18:24:00.3770",3273,"Manila & 1st",40.721650724879986,-74.04288411140442,3225,"Baldwin at Montgomery",40.7236589,-74.0641943,29675,"Subscriber",1994,1
70,"2018-12-24 18:32:32.6290","2018-12-24 18:33:42.8300",3273,"Manila & 1st",40.721650724879986,-74.04288411140442,3186,"Grove St PATH",40.71958611647166,-74.04311746358871,29264,"Subscriber",1987,1
66,"2018-12-24 18:36:29.6630","2018-12-24 18:37:35.6630",3273,"Manila & 1st",40.721650724879986,-74.04288411140442,3186,"Grove St PATH",40.71958611647166,-74.04311746358871,26295,"Subscriber",1987,1
77,"2018-12-24 18:40:18.1350","2018-12-24 18:41:35.5650",3273,"Manila & 1st",40.721650724879986,-74.04288411140442,3186,"Grove St PATH",40.71958611647166,-74.04311746358871,26184,"Subscriber",1987,1
74,"2018-12-24 18:48:33.2530","2018-12-24 18:49:47.7720",3273,"Manila & 1st",40.721650724879986,-74.04288411140442,3186,"Grove St PATH",40.71958611647166,-74.04311746358871,26170,"Subscriber",1987,1
65,"2018-12-24 18:52:22.7620","2018-12-24 18:53:28.4710",3273,"Manila & 1st",40.721650724879986,-74.04288411140442,3186,"Grove St PATH",40.71958611647166,-74.04311746358871,29546,"Subscriber",1987,1
109,"2018-12-24 18:56:21.9170","2018-12-24 18:58:11.8190",3273,"Manila & 1st",40.721650724879986,-74.04288411140442,3272,"Jersey & 3rd",40.72333158646436,-74.04595255851744,29586,"Subscriber",1960,1
173,"2018-12-24 19:01:04.0720","2018-12-24 19:03:58.0380",3273,"Manila & 1st",40.721650724879986,-74.04288411140442,3187,"Warren St",40.7211236,-74.03805095,29435,"Subscriber",1987,1
194,"2018-12-24 20:53:49.3110","2018-12-24 20:57:03.9880",3273,"Manila & 1st",40.721650724879986,-74.04288411140442,3203,"Hamilton Park",40.727595966,-74.044247311,29517,"Subscriber",1968,1
290,"2018-12-25 13:45:02.2560","2018-12-25 13:49:52.9420",3273,"Manila & 1st",40.721650724879986,-74.04288411140442,3203,"Hamilton Park",40.727595966,-74.044247311,29569,"Subscriber",1993,1
491,"2018-12-25 16:20:10.7310","2018-12-25 16:28:21.7980",3273,"Manila & 1st",40.721650724879986,-74.04288411140442,3186,"Grove St PATH",40.71958611647166,-74.04311746358871,29300,"Subscriber",1976,1
279,"2018-12-25 17:04:55.9400","2018-12-25 17:09:35.0880",3273,"Manila & 1st",40.721650724879986,-74.04288411140442,3639,"Harborside",40.7192517,-74.034234,29259,"Subscriber",1990,1
365,"2018-12-25 20:43:50.6640","2018-12-25 20:49:55.8800",3273,"Manila & 1st",40.721650724879986,-74.04288411140442,3269,"Brunswick & 6th",40.72601172964625,-74.05038893222809,26255,"Subscriber",1990,1
369,"2018-12-25 20:44:04.6000","2018-12-25 20:50:13.9610",3273,"Manila & 1st",40.721650724879986,-74.04288411140442,3269,"Brunswick & 6th",40.72601172964625,-74.05038893222809,29495,"Subscriber",1993,2
312,"2018-12-26 08:14:24.2000","2018-12-26 08:19:36.7960",3273,"Manila & 1st",40.721650724879986,-74.04288411140442,3183,"Exchange Place",40.7162469,-74.0334588,29512,"Subscriber",1980,1
186,"2018-12-26 08:27:03.3070","2018-12-26 08:30:10.0880",3273,"Manila & 1st",40.721650724879986,-74.04288411140442,3278,"Monmouth and 6th",40.72568548362901,-74.04879033565521,29546,"Subscriber",1987,1
147,"2018-12-26 12:37:46.2420","2018-12-26 12:40:13.4290",3273,"Manila & 1st",40.721650724879986,-74.04288411140442,3270,"Jersey & 6th St",40.72528910781132,-74.04557168483734,26244,"Subscriber",1977,1
935,"2018-12-26 13:30:01.2370","2018-12-26 13:45:37.2010",3273,"Manila & 1st",40.721650724879986,-74.04288411140442,3638,"Washington St",40.7242941,-74.0354826,29517,"Subscriber",1983,1
267,"2018-12-26 17:21:30.8120","2018-12-26 17:25:58.6040",3273,"Manila & 1st",40.721650724879986,-74.04288411140442,3270,"Jersey & 6th St",40.72528910781132,-74.04557168483734,29603,"Subscriber",1983,2
258,"2018-12-26 18:27:36.5120","2018-12-26 18:31:55.2820",3273,"Manila & 1st",40.721650724879986,-74.04288411140442,3203,"Hamilton Park",40.727595966,-74.044247311,26296,"Subscriber",1984,2
290,"2018-12-26 18:49:41.4140","2018-12-26 18:54:32.3860",3273,"Manila & 1st",40.721650724879986,-74.04288411140442,3269,"Brunswick & 6th",40.72601172964625,-74.05038893222809,26216,"Subscriber",1991,1
264,"2018-12-26 19:09:56.3680","2018-12-26 19:14:21.0980",3273,"Manila & 1st",40.721650724879986,-74.04288411140442,3203,"Hamilton Park",40.727595966,-74.044247311,29293,"Subscriber",1970,2
280,"2018-12-26 20:46:07.6900","2018-12-26 20:50:48.4760",3273,"Manila & 1st",40.721650724879986,-74.04288411140442,3273,"Manila & 1st",40.721650724879986,-74.04288411140442,26311,"Subscriber",1986,1
335,"2018-12-27 11:45:57.3550","2018-12-27 11:51:32.8670",3273,"Manila & 1st",40.721650724879986,-74.04288411140442,3275,"Columbus Drive",40.71835519823214,-74.03891444206238,26311,"Subscriber",1968,1
134,"2018-12-27 17:17:28.1830","2018-12-27 17:19:42.7660",3273,"Manila & 1st",40.721650724879986,-74.04288411140442,3270,"Jersey & 6th St",40.72528910781132,-74.04557168483734,26174,"Subscriber",1992,1
199,"2018-12-27 18:33:21.4780","2018-12-27 18:36:41.1690",3273,"Manila & 1st",40.721650724879986,-74.04288411140442,3203,"Hamilton Park",40.727595966,-74.044247311,26204,"Subscriber",1992,2
235,"2018-12-27 20:10:07.2260","2018-12-27 20:14:02.3060",3273,"Manila & 1st",40.721650724879986,-74.04288411140442,3209,"Brunswick St",40.7241765,-74.0506564,26272,"Subscriber",1989,1
3061,"2018-12-27 20:34:07.9000","2018-12-27 21:25:09.0480",3273,"Manila & 1st",40.721650724879986,-74.04288411140442,254,"W 11 St & 6 Ave",40.73532427,-73.99800419,29607,"Subscriber",1990,2
139,"2018-12-27 20:51:50.8140","2018-12-27 20:54:10.0210",3273,"Manila & 1st",40.721650724879986,-74.04288411140442,3187,"Warren St",40.7211236,-74.03805095,26211,"Subscriber",1983,1
1078,"2018-12-27 21:06:42.6250","2018-12-27 21:24:41.5640",3273,"Manila & 1st",40.721650724879986,-74.04288411140442,3681,"Grand St",40.71517767732029,-74.03768330812454,29220,"Subscriber",1977,1
278,"2018-12-27 21:27:51.4850","2018-12-27 21:32:29.9540",3273,"Manila & 1st",40.721650724879986,-74.04288411140442,3269,"Brunswick & 6th",40.72601172964625,-74.05038893222809,29504,"Subscriber",1989,2
205,"2018-12-27 21:51:07.3390","2018-12-27 21:54:32.8450",3273,"Manila & 1st",40.721650724879986,-74.04288411140442,3203,"Hamilton Park",40.727595966,-74.044247311,29259,"Subscriber",1991,2
306,"2018-12-28 13:52:58.6030","2018-12-28 13:58:04.9160",3273,"Manila & 1st",40.721650724879986,-74.04288411140442,3202,"Newport PATH",40.7272235,-74.0337589,29516,"Subscriber",1971,1
83,"2018-12-28 18:00:48.2170","2018-12-28 18:02:11.4410",3273,"Manila & 1st",40.721650724879986,-74.04288411140442,3186,"Grove St PATH",40.71958611647166,-74.04311746358871,26202,"Subscriber",1987,1
66,"2018-12-28 18:08:55.3130","2018-12-28 18:10:01.9560",3273,"Manila & 1st",40.721650724879986,-74.04288411140442,3186,"Grove St PATH",40.71958611647166,-74.04311746358871,29665,"Subscriber",1987,1
239,"2018-12-28 19:43:56.4980","2018-12-28 19:47:56.0130",3273,"Manila & 1st",40.721650724879986,-74.04288411140442,3203,"Hamilton Park",40.727595966,-74.044247311,26166,"Subscriber",1986,1
174,"2018-12-28 21:54:38.4780","2018-12-28 21:57:33.4200",3273,"Manila & 1st",40.721650724879986,-74.04288411140442,3270,"Jersey & 6th St",40.72528910781132,-74.04557168483734,29586,"Subscriber",1992,1
2779,"2018-12-29 11:02:16.1090","2018-12-29 11:48:35.9630",3273,"Manila & 1st",40.721650724879986,-74.04288411140442,3211,"Newark Ave",40.72152515,-74.046304543,29289,"Subscriber",1989,1
206,"2018-12-29 13:59:54.3360","2018-12-29 14:03:20.9710",3273,"Manila & 1st",40.721650724879986,-74.04288411140442,3203,"Hamilton Park",40.727595966,-74.044247311,26309,"Subscriber",1983,1
394,"2018-12-29 14:22:28.7860","2018-12-29 14:29:03.5210",3273,"Manila & 1st",40.721650724879986,-74.04288411140442,3269,"Brunswick & 6th",40.72601172964625,-74.05038893222809,29278,"Subscriber",1982,1
97,"2018-12-29 14:24:27.5700","2018-12-29 14:26:05.3800",3273,"Manila & 1st",40.721650724879986,-74.04288411140442,3211,"Newark Ave",40.72152515,-74.046304543,29521,"Subscriber",1984,1
142,"2018-12-29 18:28:09.2100","2018-12-29 18:30:31.4420",3273,"Manila & 1st",40.721650724879986,-74.04288411140442,3272,"Jersey & 3rd",40.72333158646436,-74.04595255851744,29278,"Subscriber",1992,1
208,"2018-12-29 20:59:03.9470","2018-12-29 21:02:32.8740",3273,"Manila & 1st",40.721650724879986,-74.04288411140442,3209,"Brunswick St",40.7241765,-74.0506564,29455,"Subscriber",1990,1
369,"2018-12-30 12:43:06.5220","2018-12-30 12:49:15.8760",3273,"Manila & 1st",40.721650724879986,-74.04288411140442,3483,"Montgomery St",40.71942,-74.05099,29234,"Subscriber",1992,2
279,"2018-12-30 13:15:11.4900","2018-12-30 13:19:50.9220",3273,"Manila & 1st",40.721650724879986,-74.04288411140442,3203,"Hamilton Park",40.727595966,-74.044247311,26192,"Subscriber",1969,0
161,"2018-12-30 13:40:50.9660","2018-12-30 13:43:32.7250",3273,"Manila & 1st",40.721650724879986,-74.04288411140442,3272,"Jersey & 3rd",40.72333158646436,-74.04595255851744,29220,"Subscriber",1988,2
131,"2018-12-30 17:34:09.0450","2018-12-30 17:36:20.1550",3273,"Manila & 1st",40.721650724879986,-74.04288411140442,3272,"Jersey & 3rd",40.72333158646436,-74.04595255851744,29231,"Subscriber",1991,1
350,"2018-12-30 17:53:45.1740","2018-12-30 17:59:35.2280",3273,"Manila & 1st",40.721650724879986,-74.04288411140442,3276,"Marin Light Rail",40.71458403535893,-74.04281705617905,29513,"Subscriber",1994,1
352,"2018-12-30 19:36:25.0810","2018-12-30 19:42:17.3810",3273,"Manila & 1st",40.721650724879986,-74.04288411140442,3483,"Montgomery St",40.71942,-74.05099,29598,"Subscriber",1981,2
206,"2018-12-31 09:28:10.0350","2018-12-31 09:31:36.8430",3273,"Manila & 1st",40.721650724879986,-74.04288411140442,3639,"Harborside",40.7192517,-74.034234,26206,"Subscriber",1983,1
195,"2018-12-31 09:35:50.0180","2018-12-31 09:39:05.0300",3273,"Manila & 1st",40.721650724879986,-74.04288411140442,3275,"Columbus Drive",40.71835519823214,-74.03891444206238,26264,"Subscriber",1963,1
579,"2018-12-31 12:30:17.1320","2018-12-31 12:39:56.9960",3273,"Manila & 1st",40.721650724879986,-74.04288411140442,3212,"Christ Hospital",40.734785818,-74.050443636,29497,"Subscriber",1988,1
194,"2018-12-31 13:15:21.3250","2018-12-31 13:18:35.3360",3273,"Manila & 1st",40.721650724879986,-74.04288411140442,3185,"City Hall",40.7177325,-74.043845,29439,"Subscriber",1990,1
174,"2018-12-31 13:38:10.1940","2018-12-31 13:41:04.7240",3273,"Manila & 1st",40.721650724879986,-74.04288411140442,3270,"Jersey & 6th St",40.72528910781132,-74.04557168483734,29500,"Subscriber",1979,2
102,"2018-12-31 19:34:20.2430","2018-12-31 19:36:02.5930",3273,"Manila & 1st",40.721650724879986,-74.04288411140442,3187,"Warren St",40.7211236,-74.03805095,26165,"Subscriber",1972,1
149,"2018-12-01 07:57:33.9380","2018-12-01 08:00:03.7220",3275,"Columbus Drive",40.71835519823214,-74.03891444206238,3183,"Exchange Place",40.7162469,-74.0334588,29221,"Subscriber",1988,1
315,"2018-12-01 09:41:38.5920","2018-12-01 09:46:54.0140",3275,"Columbus Drive",40.71835519823214,-74.03891444206238,3202,"Newport PATH",40.7272235,-74.0337589,29526,"Subscriber",1973,2
282,"2018-12-01 10:31:07.7770","2018-12-01 10:35:50.1700",3275,"Columbus Drive",40.71835519823214,-74.03891444206238,3209,"Brunswick St",40.7241765,-74.0506564,26290,"Subscriber",1975,1
451,"2018-12-01 13:13:32.9100","2018-12-01 13:21:04.4190",3275,"Columbus Drive",40.71835519823214,-74.03891444206238,3276,"Marin Light Rail",40.71458403535893,-74.04281705617905,26200,"Subscriber",1989,2
314,"2018-12-01 13:17:41.1090","2018-12-01 13:22:55.7000",3275,"Columbus Drive",40.71835519823214,-74.03891444206238,3199,"Newport Pkwy",40.7287448,-74.0321082,26263,"Subscriber",1980,1
337,"2018-12-01 13:43:23.3760","2018-12-01 13:49:01.2710",3275,"Columbus Drive",40.71835519823214,-74.03891444206238,3267,"Morris Canal",40.7124188237569,-74.03852552175522,29612,"Subscriber",1983,2
916,"2018-12-01 15:01:00.4620","2018-12-01 15:16:16.6660",3275,"Columbus Drive",40.71835519823214,-74.03891444206238,3275,"Columbus Drive",40.71835519823214,-74.03891444206238,26242,"Subscriber",1989,1
387,"2018-12-01 16:56:14.3510","2018-12-01 17:02:41.9900",3275,"Columbus Drive",40.71835519823214,-74.03891444206238,3202,"Newport PATH",40.7272235,-74.0337589,29255,"Subscriber",1991,1
281,"2018-12-01 17:10:17.3060","2018-12-01 17:14:58.5350",3275,"Columbus Drive",40.71835519823214,-74.03891444206238,3184,"Paulus Hook",40.7141454,-74.0335519,29593,"Subscriber",1994,1
527,"2018-12-01 19:21:29.7320","2018-12-01 19:30:16.7810",3275,"Columbus Drive",40.71835519823214,-74.03891444206238,3199,"Newport Pkwy",40.7287448,-74.0321082,26242,"Subscriber",1974,1
69,"2018-12-01 22:13:58.8420","2018-12-01 22:15:08.1780",3275,"Columbus Drive",40.71835519823214,-74.03891444206238,3187,"Warren St",40.7211236,-74.03805095,29593,"Subscriber",1988,1
360,"2018-12-02 14:26:10.7970","2018-12-02 14:32:11.0770",3275,"Columbus Drive",40.71835519823214,-74.03891444206238,3202,"Newport PATH",40.7272235,-74.0337589,29258,"Subscriber",1991,1
371,"2018-12-02 17:08:13.4640","2018-12-02 17:14:24.9350",3275,"Columbus Drive",40.71835519823214,-74.03891444206238,3276,"Marin Light Rail",40.71458403535893,-74.04281705617905,29597,"Subscriber",1985,2
284,"2018-12-02 17:12:11.0750","2018-12-02 17:16:55.4400",3275,"Columbus Drive",40.71835519823214,-74.03891444206238,3267,"Morris Canal",40.7124188237569,-74.03852552175522,29441,"Subscriber",1981,0
168,"2018-12-03 07:16:16.6240","2018-12-03 07:19:05.1550",3275,"Columbus Drive",40.71835519823214,-74.03891444206238,3183,"Exchange Place",40.7162469,-74.0334588,29448,"Subscriber",1969,0
481,"2018-12-03 08:49:19.6020","2018-12-03 08:57:21.1700",3275,"Columbus Drive",40.71835519823214,-74.03891444206238,3199,"Newport Pkwy",40.7287448,-74.0321082,26192,"Subscriber",1988,1
271,"2018-12-03 08:49:19.2410","2018-12-03 08:53:50.2640",3275,"Columbus Drive",40.71835519823214,-74.03891444206238,3214,"Essex Light Rail",40.7127742,-74.0364857,26199,"Subscriber",1994,1
172,"2018-12-03 08:50:51.7300","2018-12-03 08:53:43.7970",3275,"Columbus Drive",40.71835519823214,-74.03891444206238,3638,"Washington St",40.7242941,-74.0354826,29595,"Subscriber",1986,1
138,"2018-12-03 08:51:40.8620","2018-12-03 08:53:59.7560",3275,"Columbus Drive",40.71835519823214,-74.03891444206238,3639,"Harborside",40.7192517,-74.034234,26201,"Subscriber",1993,1
160,"2018-12-03 09:21:29.6930","2018-12-03 09:24:10.3160",3275,"Columbus Drive",40.71835519823214,-74.03891444206238,3639,"Harborside",40.7192517,-74.034234,29576,"Subscriber",1992,1
182,"2018-12-03 10:21:21.9510","2018-12-03 10:24:24.6230",3275,"Columbus Drive",40.71835519823214,-74.03891444206238,3639,"Harborside",40.7192517,-74.034234,29513,"Subscriber",1987,1
147,"2018-12-03 11:42:54.7230","2018-12-03 11:45:21.8180",3275,"Columbus Drive",40.71835519823214,-74.03891444206238,3681,"Grand St",40.71517767732029,-74.03768330812454,29480,"Subscriber",1985,1
1566,"2018-12-03 12:06:48.6970","2018-12-03 12:32:54.9300",3275,"Columbus Drive",40.71835519823214,-74.03891444206238,3185,"City Hall",40.7177325,-74.043845,26312,"Subscriber",1985,1
375,"2018-12-03 13:15:23.8400","2018-12-03 13:21:39.7070",3275,"Columbus Drive",40.71835519823214,-74.03891444206238,3202,"Newport PATH",40.7272235,-74.0337589,29496,"Subscriber",1988,1
763,"2018-12-03 13:31:11.8420","2018-12-03 13:43:55.4700",3275,"Columbus Drive",40.71835519823214,-74.03891444206238,3203,"Hamilton Park",40.727595966,-74.044247311,26290,"Customer",1990,1
241,"2018-12-03 15:26:37.4400","2018-12-03 15:30:39.3450",3275,"Columbus Drive",40.71835519823214,-74.03891444206238,3639,"Harborside",40.7192517,-74.034234,29296,"Subscriber",1959,2
329,"2018-12-03 16:00:34.7210","2018-12-03 16:06:03.9030",3275,"Columbus Drive",40.71835519823214,-74.03891444206238,3214,"Essex Light Rail",40.7127742,-74.0364857,29475,"Subscriber",1988,2
312,"2018-12-03 16:09:43.3000","2018-12-03 16:14:55.9610",3275,"Columbus Drive",40.71835519823214,-74.03891444206238,3209,"Brunswick St",40.7241765,-74.0506564,26234,"Subscriber",1974,1
212,"2018-12-03 16:18:59.5850","2018-12-03 16:22:31.9830",3275,"Columbus Drive",40.71835519823214,-74.03891444206238,3185,"City Hall",40.7177325,-74.043845,29459,"Subscriber",1986,1
74,"2018-12-03 17:31:36.6370","2018-12-03 17:32:50.8460",3275,"Columbus Drive",40.71835519823214,-74.03891444206238,3187,"Warren St",40.7211236,-74.03805095,29573,"Subscriber",1987,1
235,"2018-12-03 18:34:43.5650","2018-12-03 18:38:38.7490",3275,"Columbus Drive",40.71835519823214,-74.03891444206238,3184,"Paulus Hook",40.7141454,-74.0335519,29656,"Subscriber",1986,1
636,"2018-12-03 19:03:47.8120","2018-12-03 19:14:23.8500",3275,"Columbus Drive",40.71835519823214,-74.03891444206238,3206,"Hilltop",40.7311689,-74.0575736,29227,"Subscriber",1962,1
452,"2018-12-03 19:41:16.8980","2018-12-03 19:48:49.1800",3275,"Columbus Drive",40.71835519823214,-74.03891444206238,3199,"Newport Pkwy",40.7287448,-74.0321082,29296,"Subscriber",1973,1
364,"2018-12-03 19:55:40.6890","2018-12-03 20:01:44.9890",3275,"Columbus Drive",40.71835519823214,-74.03891444206238,3202,"Newport PATH",40.7272235,-74.0337589,29509,"Subscriber",1987,1
212,"2018-12-04 08:34:58.4770","2018-12-04 08:38:31.2220",3275,"Columbus Drive",40.71835519823214,-74.03891444206238,3638,"Washington St",40.7242941,-74.0354826,29546,"Subscriber",1969,0
371,"2018-12-04 08:41:47.7990","2018-12-04 08:47:59.3780",3275,"Columbus Drive",40.71835519823214,-74.03891444206238,3202,"Newport PATH",40.7272235,-74.0337589,26294,"Subscriber",1988,1
131,"2018-12-04 08:49:33.3810","2018-12-04 08:51:45.3250",3275,"Columbus Drive",40.71835519823214,-74.03891444206238,3639,"Harborside",40.7192517,-74.034234,26158,"Subscriber",1993,1
266,"2018-12-04 08:59:19.3290","2018-12-04 09:03:45.4210",3275,"Columbus Drive",40.71835519823214,-74.03891444206238,3214,"Essex Light Rail",40.7127742,-74.0364857,29249,"Subscriber",1981,1
690,"2018-12-04 09:02:34.1190","2018-12-04 09:14:04.4390",3275,"Columbus Drive",40.71835519823214,-74.03891444206238,3194,"McGinley Square",40.7253399253558,-74.06762212514877,29607,"Subscriber",1984,1
224,"2018-12-04 09:06:26.5010","2018-12-04 09:10:10.8320",3275,"Columbus Drive",40.71835519823214,-74.03891444206238,3214,"Essex Light Rail",40.7127742,-74.0364857,29293,"Subscriber",1994,1
193,"2018-12-04 09:11:21.8010","2018-12-04 09:14:35.0410",3275,"Columbus Drive",40.71835519823214,-74.03891444206238,3638,"Washington St",40.7242941,-74.0354826,29662,"Subscriber",1986,1
197,"2018-12-04 11:00:18.6280","2018-12-04 11:03:36.5270",3275,"Columbus Drive",40.71835519823214,-74.03891444206238,3639,"Harborside",40.7192517,-74.034234,29252,"Subscriber",1986,1
344,"2018-12-04 13:33:58.2350","2018-12-04 13:39:42.6230",3275,"Columbus Drive",40.71835519823214,-74.03891444206238,3202,"Newport PATH",40.7272235,-74.0337589,29273,"Subscriber",1988,1
244,"2018-12-04 15:40:43.0900","2018-12-04 15:44:48.0720",3275,"Columbus Drive",40.71835519823214,-74.03891444206238,3214,"Essex Light Rail",40.7127742,-74.0364857,29669,"Subscriber",1981,1
341,"2018-12-04 15:53:54.9550","2018-12-04 15:59:36.1500",3275,"Columbus Drive",40.71835519823214,-74.03891444206238,3270,"Jersey & 6th St",40.72528910781132,-74.04557168483734,26267,"Subscriber",1963,1
224,"2018-12-04 16:39:12.7550","2018-12-04 16:42:57.6250",3275,"Columbus Drive",40.71835519823214,-74.03891444206238,3214,"Essex Light Rail",40.7127742,-74.0364857,29604,"Subscriber",1985,1
163,"2018-12-04 18:11:53.5130","2018-12-04 18:14:37.5090",3275,"Columbus Drive",40.71835519823214,-74.03891444206238,3186,"Grove St PATH",40.71958611647166,-74.04311746358871,29475,"Subscriber",1986,1
385,"2018-12-04 18:21:32.5240","2018-12-04 18:27:57.5510",3275,"Columbus Drive",40.71835519823214,-74.03891444206238,3202,"Newport PATH",40.7272235,-74.0337589,29252,"Subscriber",1987,1
212,"2018-12-04 18:53:42.9930","2018-12-04 18:57:15.0800",3275,"Columbus Drive",40.71835519823214,-74.03891444206238,3276,"Marin Light Rail",40.71458403535893,-74.04281705617905,29662,"Subscriber",1989,1
395,"2018-12-04 18:53:41.1220","2018-12-04 19:00:17.0790",3275,"Columbus Drive",40.71835519823214,-74.03891444206238,3199,"Newport Pkwy",40.7287448,-74.0321082,29513,"Subscriber",1980,1
249,"2018-12-04 19:43:37.0560","2018-12-04 19:47:46.8100",3275,"Columbus Drive",40.71835519823214,-74.03891444206238,3267,"Morris Canal",40.7124188237569,-74.03852552175522,26260,"Subscriber",1984,1
224,"2018-12-04 20:08:39.0870","2018-12-04 20:12:23.1010",3275,"Columbus Drive",40.71835519823214,-74.03891444206238,3276,"Marin Light Rail",40.71458403535893,-74.04281705617905,29536,"Subscriber",1985,1
294,"2018-12-04 20:11:58.6940","2018-12-04 20:16:53.0820",3275,"Columbus Drive",40.71835519823214,-74.03891444206238,3276,"Marin Light Rail",40.71458403535893,-74.04281705617905,29120,"Subscriber",1989,2
575,"2018-12-04 20:16:35.5790","2018-12-04 20:26:11.3500",3275,"Columbus Drive",40.71835519823214,-74.03891444206238,3209,"Brunswick St",40.7241765,-74.0506564,29291,"Subscriber",1987,2
220,"2018-12-04 21:59:44.9080","2018-12-04 22:03:25.2830",3275,"Columbus Drive",40.71835519823214,-74.03891444206238,3267,"Morris Canal",40.7124188237569,-74.03852552175522,29272,"Subscriber",1993,1
262,"2018-12-04 23:03:50.0550","2018-12-04 23:08:12.8170",3275,"Columbus Drive",40.71835519823214,-74.03891444206238,3267,"Morris Canal",40.7124188237569,-74.03852552175522,26155,"Subscriber",1960,1
133,"2018-12-04 23:22:42.6990","2018-12-04 23:24:56.0710",3275,"Columbus Drive",40.71835519823214,-74.03891444206238,3186,"Grove St PATH",40.71958611647166,-74.04311746358871,26164,"Subscriber",1981,1
356,"2018-12-05 07:06:37.0860","2018-12-05 07:12:33.8530",3275,"Columbus Drive",40.71835519823214,-74.03891444206238,3214,"Essex Light Rail",40.7127742,-74.0364857,29499,"Subscriber",1983,2
207,"2018-12-05 08:38:16.3890","2018-12-05 08:41:44.2710",3275,"Columbus Drive",40.71835519823214,-74.03891444206238,3638,"Washington St",40.7242941,-74.0354826,29491,"Subscriber",1969,0
269,"2018-12-05 08:54:12.7640","2018-12-05 08:58:41.8430",3275,"Columbus Drive",40.71835519823214,-74.03891444206238,3214,"Essex Light Rail",40.7127742,-74.0364857,26295,"Subscriber",1981,1
368,"2018-12-05 08:57:34.9680","2018-12-05 09:03:43.6050",3275,"Columbus Drive",40.71835519823214,-74.03891444206238,3202,"Newport PATH",40.7272235,-74.0337589,26242,"Subscriber",1988,1
238,"2018-12-05 09:10:04.5470","2018-12-05 09:14:03.1970",3275,"Columbus Drive",40.71835519823214,-74.03891444206238,3638,"Washington St",40.7242941,-74.0354826,26191,"Subscriber",1986,1
164,"2018-12-05 09:15:24.9110","2018-12-05 09:18:09.7200",3275,"Columbus Drive",40.71835519823214,-74.03891444206238,3639,"Harborside",40.7192517,-74.034234,26167,"Subscriber",1992,1
127,"2018-12-05 09:27:56.0950","2018-12-05 09:30:03.1100",3275,"Columbus Drive",40.71835519823214,-74.03891444206238,3639,"Harborside",40.7192517,-74.034234,26164,"Subscriber",1993,1
155,"2018-12-05 10:26:48.7210","2018-12-05 10:29:24.6840",3275,"Columbus Drive",40.71835519823214,-74.03891444206238,3639,"Harborside",40.7192517,-74.034234,29589,"Subscriber",1987,1
269,"2018-12-05 14:07:32.4960","2018-12-05 14:12:02.3730",3275,"Columbus Drive",40.71835519823214,-74.03891444206238,3276,"Marin Light Rail",40.71458403535893,-74.04281705617905,26192,"Subscriber",1962,1
354,"2018-12-05 14:18:53.7690","2018-12-05 14:24:48.7560",3275,"Columbus Drive",40.71835519823214,-74.03891444206238,3202,"Newport PATH",40.7272235,-74.0337589,26287,"Subscriber",1988,1
176,"2018-12-05 15:26:16.3460","2018-12-05 15:29:12.6650",3275,"Columbus Drive",40.71835519823214,-74.03891444206238,3185,"City Hall",40.7177325,-74.043845,29306,"Subscriber",1994,1
80,"2018-12-05 16:54:46.8810","2018-12-05 16:56:07.7930",3275,"Columbus Drive",40.71835519823214,-74.03891444206238,3187,"Warren St",40.7211236,-74.03805095,29645,"Subscriber",1990,1
943,"2018-12-05 16:59:35.6380","2018-12-05 17:15:19.4210",3275,"Columbus Drive",40.71835519823214,-74.03891444206238,3225,"Baldwin at Montgomery",40.7236589,-74.0641943,29444,"Subscriber",1980,1
394,"2018-12-05 18:08:23.7260","2018-12-05 18:14:58.0230",3275,"Columbus Drive",40.71835519823214,-74.03891444206238,3483,"Montgomery St",40.71942,-74.05099,29452,"Subscriber",1983,1
212,"2018-12-05 18:35:01.6900","2018-12-05 18:38:33.8210",3275,"Columbus Drive",40.71835519823214,-74.03891444206238,3185,"City Hall",40.7177325,-74.043845,31443,"Subscriber",1986,1
304,"2018-12-05 19:42:56.4470","2018-12-05 19:48:01.3470",3275,"Columbus Drive",40.71835519823214,-74.03891444206238,3202,"Newport PATH",40.7272235,-74.0337589,26159,"Subscriber",1987,1
294,"2018-12-05 20:11:41.8760","2018-12-05 20:16:36.8560",3275,"Columbus Drive",40.71835519823214,-74.03891444206238,3276,"Marin Light Rail",40.71458403535893,-74.04281705617905,29482,"Subscriber",1989,2
275,"2018-12-05 21:10:29.3760","2018-12-05 21:15:04.3760",3275,"Columbus Drive",40.71835519823214,-74.03891444206238,3267,"Morris Canal",40.7124188237569,-74.03852552175522,29673,"Subscriber",1993,1
237,"2018-12-05 22:41:02.5880","2018-12-05 22:44:59.8860",3275,"Columbus Drive",40.71835519823214,-74.03891444206238,3267,"Morris Canal",40.7124188237569,-74.03852552175522,26280,"Subscriber",1984,1
259,"2018-12-05 23:34:42.0040","2018-12-05 23:39:01.4610",3275,"Columbus Drive",40.71835519823214,-74.03891444206238,3267,"Morris Canal",40.7124188237569,-74.03852552175522,26273,"Subscriber",1986,1
184,"2018-12-06 07:19:24.7320","2018-12-06 07:22:28.9080",3275,"Columbus Drive",40.71835519823214,-74.03891444206238,3639,"Harborside",40.7192517,-74.034234,26234,"Subscriber",1990,1
202,"2018-12-06 07:54:49.4440","2018-12-06 07:58:12.3210",3275,"Columbus Drive",40.71835519823214,-74.03891444206238,3638,"Washington St",40.7242941,-74.0354826,29459,"Subscriber",1969,0
91,"2018-12-06 08:05:29.3270","2018-12-06 08:07:00.6020",3275,"Columbus Drive",40.71835519823214,-74.03891444206238,3187,"Warren St",40.7211236,-74.03805095,29440,"Subscriber",1951,1
329,"2018-12-06 08:42:06.3010","2018-12-06 08:47:35.4840",3275,"Columbus Drive",40.71835519823214,-74.03891444206238,3214,"Essex Light Rail",40.7127742,-74.0364857,26234,"Subscriber",1981,1
256,"2018-12-06 09:08:52.5370","2018-12-06 09:13:08.7160",3275,"Columbus Drive",40.71835519823214,-74.03891444206238,3202,"Newport PATH",40.7272235,-74.0337589,29619,"Subscriber",1986,1
158,"2018-12-06 09:20:11.2750","2018-12-06 09:22:50.1090",3275,"Columbus Drive",40.71835519823214,-74.03891444206238,3639,"Harborside",40.7192517,-74.034234,26275,"Subscriber",1992,1
156,"2018-12-06 10:33:33.8810","2018-12-06 10:36:10.5060",3275,"Columbus Drive",40.71835519823214,-74.03891444206238,3639,"Harborside",40.7192517,-74.034234,29304,"Subscriber",1987,1
314,"2018-12-06 12:46:13.1730","2018-12-06 12:51:27.1900",3275,"Columbus Drive",40.71835519823214,-74.03891444206238,3199,"Newport Pkwy",40.7287448,-74.0321082,29570,"Subscriber",1980,1
254,"2018-12-06 13:15:54.0790","2018-12-06 13:20:08.1690",3275,"Columbus Drive",40.71835519823214,-74.03891444206238,3214,"Essex Light Rail",40.7127742,-74.0364857,26246,"Subscriber",1981,1
226,"2018-12-06 17:33:06.8970","2018-12-06 17:36:53.6130",3275,"Columbus Drive",40.71835519823214,-74.03891444206238,3214,"Essex Light Rail",40.7127742,-74.0364857,29570,"Subscriber",1974,1
212,"2018-12-06 18:14:50.3890","2018-12-06 18:18:23.0930",3275,"Columbus Drive",40.71835519823214,-74.03891444206238,3681,"Grand St",40.71517767732029,-74.03768330812454,29257,"Subscriber",1994,1
337,"2018-12-06 19:22:36.7670","2018-12-06 19:28:13.9770",3275,"Columbus Drive",40.71835519823214,-74.03891444206238,3203,"Hamilton Park",40.727595966,-74.044247311,29239,"Subscriber",1974,1
321,"2018-12-06 19:56:18.1280","2018-12-06 20:01:39.9580",3275,"Columbus Drive",40.71835519823214,-74.03891444206238,3202,"Newport PATH",40.7272235,-74.0337589,29629,"Subscriber",1987,1
1050,"2018-12-06 20:05:35.8090","2018-12-06 20:23:06.2870",3275,"Columbus Drive",40.71835519823214,-74.03891444206238,3640,"Journal Square",40.73367,-74.0625,29239,"Subscriber",1990,1
803,"2018-12-06 20:52:18.2930","2018-12-06 21:05:41.4280",3275,"Columbus Drive",40.71835519823214,-74.03891444206238,3206,"Hilltop",40.7311689,-74.0575736,29440,"Subscriber",1990,1
336,"2018-12-06 21:34:57.0680","2018-12-06 21:40:33.0780",3275,"Columbus Drive",40.71835519823214,-74.03891444206238,3199,"Newport Pkwy",40.7287448,-74.0321082,29642,"Subscriber",1980,1
334,"2018-12-07 07:08:07.1780","2018-12-07 07:13:41.7920",3275,"Columbus Drive",40.71835519823214,-74.03891444206238,3214,"Essex Light Rail",40.7127742,-74.0364857,29293,"Subscriber",1983,2
112,"2018-12-07 08:05:49.7630","2018-12-07 08:07:42.3690",3275,"Columbus Drive",40.71835519823214,-74.03891444206238,3187,"Warren St",40.7211236,-74.03805095,29496,"Subscriber",1951,1
260,"2018-12-07 08:05:50.7510","2018-12-07 08:10:11.1270",3275,"Columbus Drive",40.71835519823214,-74.03891444206238,3214,"Essex Light Rail",40.7127742,-74.0364857,26187,"Subscriber",1994,1
269,"2018-12-07 08:25:21.0550","2018-12-07 08:29:50.1500",3275,"Columbus Drive",40.71835519823214,-74.03891444206238,3638,"Washington St",40.7242941,-74.0354826,29221,"Subscriber",1969,0
391,"2018-12-07 08:49:31.6980","2018-12-07 08:56:03.4170",3275,"Columbus Drive",40.71835519823214,-74.03891444206238,3202,"Newport PATH",40.7272235,-74.0337589,29457,"Subscriber",1988,1
370,"2018-12-07 08:55:49.3750","2018-12-07 09:02:00.0720",3275,"Columbus Drive",40.71835519823214,-74.03891444206238,3202,"Newport PATH",40.7272235,-74.0337589,26152,"Subscriber",1986,1
258,"2018-12-07 08:56:49.8250","2018-12-07 09:01:08.2450",3275,"Columbus Drive",40.71835519823214,-74.03891444206238,3184,"Paulus Hook",40.7141454,-74.0335519,29197,"Subscriber",1991,2
230,"2018-12-07 09:11:36.1990","2018-12-07 09:15:26.4690",3275,"Columbus Drive",40.71835519823214,-74.03891444206238,3214,"Essex Light Rail",40.7127742,-74.0364857,26246,"Subscriber",1994,1
178,"2018-12-07 09:26:11.7060","2018-12-07 09:29:09.7450",3275,"Columbus Drive",40.71835519823214,-74.03891444206238,3639,"Harborside",40.7192517,-74.034234,29482,"Subscriber",1992,1
348,"2018-12-07 10:02:29.1840","2018-12-07 10:08:17.6410",3275,"Columbus Drive",40.71835519823214,-74.03891444206238,3199,"Newport Pkwy",40.7287448,-74.0321082,26186,"Subscriber",1989,1
326,"2018-12-07 10:41:15.5700","2018-12-07 10:46:41.9900",3275,"Columbus Drive",40.71835519823214,-74.03891444206238,3202,"Newport PATH",40.7272235,-74.0337589,29269,"Subscriber",1983,1
202,"2018-12-07 10:46:22.9820","2018-12-07 10:49:45.7450",3275,"Columbus Drive",40.71835519823214,-74.03891444206238,3681,"Grand St",40.71517767732029,-74.03768330812454,29273,"Subscriber",1987,2
229,"2018-12-07 10:50:27.6070","2018-12-07 10:54:17.5890",3275,"Columbus Drive",40.71835519823214,-74.03891444206238,3267,"Morris Canal",40.7124188237569,-74.03852552175522,26260,"Subscriber",1959,1
133,"2018-12-07 12:40:35.7240","2018-12-07 12:42:49.2630",3275,"Columbus Drive",40.71835519823214,-74.03891444206238,3639,"Harborside",40.7192517,-74.034234,29440,"Subscriber",1962,1
308,"2018-12-07 13:01:34.2120","2018-12-07 13:06:43.1200",3275,"Columbus Drive",40.71835519823214,-74.03891444206238,3199,"Newport Pkwy",40.7287448,-74.0321082,29227,"Subscriber",1980,1
145,"2018-12-07 13:27:52.2140","2018-12-07 13:30:18.0070",3275,"Columbus Drive",40.71835519823214,-74.03891444206238,3183,"Exchange Place",40.7162469,-74.0334588,29602,"Subscriber",1978,1
332,"2018-12-07 13:35:55.5790","2018-12-07 13:41:27.9020",3275,"Columbus Drive",40.71835519823214,-74.03891444206238,3202,"Newport PATH",40.7272235,-74.0337589,29578,"Subscriber",1988,1
223,"2018-12-07 13:47:42.9920","2018-12-07 13:51:26.2880",3275,"Columbus Drive",40.71835519823214,-74.03891444206238,3214,"Essex Light Rail",40.7127742,-74.0364857,26278,"Subscriber",1981,1
238,"2018-12-07 14:43:23.0610","2018-12-07 14:47:21.0870",3275,"Columbus Drive",40.71835519823214,-74.03891444206238,3214,"Essex Light Rail",40.7127742,-74.0364857,29614,"Subscriber",1980,2
470,"2018-12-07 16:06:08.8290","2018-12-07 16:13:59.8040",3275,"Columbus Drive",40.71835519823214,-74.03891444206238,3276,"Marin Light Rail",40.71458403535893,-74.04281705617905,26155,"Subscriber",1985,1
2199,"2018-12-07 16:27:36.6800","2018-12-07 17:04:16.5230",3275,"Columbus Drive",40.71835519823214,-74.03891444206238,3275,"Columbus Drive",40.71835519823214,-74.03891444206238,29592,"Subscriber",1989,1
342,"2018-12-07 18:09:11.2520","2018-12-07 18:14:53.9900",3275,"Columbus Drive",40.71835519823214,-74.03891444206238,3199,"Newport Pkwy",40.7287448,-74.0321082,29592,"Subscriber",1980,1
275,"2018-12-07 20:41:06.5690","2018-12-07 20:45:41.9120",3275,"Columbus Drive",40.71835519823214,-74.03891444206238,3272,"Jersey & 3rd",40.72333158646436,-74.04595255851744,29244,"Subscriber",1988,2
207,"2018-12-07 20:41:09.0720","2018-12-07 20:44:36.7220",3275,"Columbus Drive",40.71835519823214,-74.03891444206238,3276,"Marin Light Rail",40.71458403535893,-74.04281705617905,26309,"Subscriber",1989,1
269,"2018-12-07 21:07:38.4100","2018-12-07 21:12:07.9630",3275,"Columbus Drive",40.71835519823214,-74.03891444206238,3267,"Morris Canal",40.7124188237569,-74.03852552175522,29658,"Subscriber",1960,1
177,"2018-12-08 08:25:13.1920","2018-12-08 08:28:10.5200",3275,"Columbus Drive",40.71835519823214,-74.03891444206238,3267,"Morris Canal",40.7124188237569,-74.03852552175522,29555,"Subscriber",1986,1
267,"2018-12-08 09:54:33.2630","2018-12-08 09:59:00.4600",3275,"Columbus Drive",40.71835519823214,-74.03891444206238,3202,"Newport PATH",40.7272235,-74.0337589,29547,"Subscriber",1973,2
565,"2018-12-08 10:57:56.4770","2018-12-08 11:07:21.6670",3275,"Columbus Drive",40.71835519823214,-74.03891444206238,3209,"Brunswick St",40.7241765,-74.0506564,29308,"Subscriber",1989,2
223,"2018-12-08 12:09:48.4390","2018-12-08 12:13:31.7840",3275,"Columbus Drive",40.71835519823214,-74.03891444206238,3211,"Newark Ave",40.72152515,-74.046304543,29520,"Subscriber",1985,1
315,"2018-12-08 12:15:50.5330","2018-12-08 12:21:06.3860",3275,"Columbus Drive",40.71835519823214,-74.03891444206238,3214,"Essex Light Rail",40.7127742,-74.0364857,29281,"Subscriber",1985,1
140,"2018-12-08 13:15:26.2020","2018-12-08 13:17:46.4650",3275,"Columbus Drive",40.71835519823214,-74.03891444206238,3681,"Grand St",40.71517767732029,-74.03768330812454,29298,"Subscriber",1985,1
394,"2018-12-08 14:06:05.8880","2018-12-08 14:12:40.7700",3275,"Columbus Drive",40.71835519823214,-74.03891444206238,3202,"Newport PATH",40.7272235,-74.0337589,26303,"Subscriber",1984,2
306,"2018-12-08 14:34:24.6520","2018-12-08 14:39:31.1900",3275,"Columbus Drive",40.71835519823214,-74.03891444206238,3199,"Newport Pkwy",40.7287448,-74.0321082,29572,"Subscriber",1980,1
1764,"2018-12-08 14:39:45.8250","2018-12-08 15:09:10.2970",3275,"Columbus Drive",40.71835519823214,-74.03891444206238,3275,"Columbus Drive",40.71835519823214,-74.03891444206238,26173,"Subscriber",1958,1
318,"2018-12-08 14:43:09.6810","2018-12-08 14:48:28.2440",3275,"Columbus Drive",40.71835519823214,-74.03891444206238,3202,"Newport PATH",40.7272235,-74.0337589,26275,"Subscriber",1987,1
232,"2018-12-08 15:00:17.4380","2018-12-08 15:04:10.4030",3275,"Columbus Drive",40.71835519823214,-74.03891444206238,3267,"Morris Canal",40.7124188237569,-74.03852552175522,26280,"Subscriber",1959,1
385,"2018-12-08 16:14:25.6260","2018-12-08 16:20:50.9210",3275,"Columbus Drive",40.71835519823214,-74.03891444206238,3202,"Newport PATH",40.7272235,-74.0337589,29547,"Subscriber",1991,1
207,"2018-12-08 17:57:58.4300","2018-12-08 18:01:25.7660",3275,"Columbus Drive",40.71835519823214,-74.03891444206238,3276,"Marin Light Rail",40.71458403535893,-74.04281705617905,29492,"Subscriber",1985,1
176,"2018-12-08 18:49:44.2610","2018-12-08 18:52:40.3990",3275,"Columbus Drive",40.71835519823214,-74.03891444206238,3267,"Morris Canal",40.7124188237569,-74.03852552175522,29458,"Subscriber",1986,1
307,"2018-12-08 23:19:30.3250","2018-12-08 23:24:37.3960",3275,"Columbus Drive",40.71835519823214,-74.03891444206238,3267,"Morris Canal",40.7124188237569,-74.03852552175522,29123,"Subscriber",1993,1
208,"2018-12-09 13:10:39.2950","2018-12-09 13:14:07.6120",3275,"Columbus Drive",40.71835519823214,-74.03891444206238,3276,"Marin Light Rail",40.71458403535893,-74.04281705617905,29658,"Subscriber",1994,1
288,"2018-12-09 13:14:02.6190","2018-12-09 13:18:50.6470",3275,"Columbus Drive",40.71835519823214,-74.03891444206238,3184,"Paulus Hook",40.7141454,-74.0335519,29614,"Subscriber",1955,1
222,"2018-12-09 13:53:09.2110","2018-12-09 13:56:51.8480",3275,"Columbus Drive",40.71835519823214,-74.03891444206238,3276,"Marin Light Rail",40.71458403535893,-74.04281705617905,26173,"Subscriber",1985,1
180,"2018-12-09 16:04:10.9840","2018-12-09 16:07:11.3450",3275,"Columbus Drive",40.71835519823214,-74.03891444206238,3187,"Warren St",40.7211236,-74.03805095,26203,"Subscriber",1990,2
259,"2018-12-09 17:05:01.6720","2018-12-09 17:09:21.4570",3275,"Columbus Drive",40.71835519823214,-74.03891444206238,3267,"Morris Canal",40.7124188237569,-74.03852552175522,29283,"Subscriber",1960,1
335,"2018-12-09 17:17:13.5730","2018-12-09 17:22:48.7270",3275,"Columbus Drive",40.71835519823214,-74.03891444206238,3203,"Hamilton Park",40.727595966,-74.044247311,29658,"Subscriber",1995,1
372,"2018-12-10 07:05:35.4270","2018-12-10 07:11:47.4880",3275,"Columbus Drive",40.71835519823214,-74.03891444206238,3214,"Essex Light Rail",40.7127742,-74.0364857,29496,"Subscriber",1983,2
223,"2018-12-10 08:26:35.3270","2018-12-10 08:30:18.5270",3275,"Columbus Drive",40.71835519823214,-74.03891444206238,3638,"Washington St",40.7242941,-74.0354826,29583,"Subscriber",1969,0
313,"2018-12-10 08:28:32.8310","2018-12-10 08:33:46.2710",3275,"Columbus Drive",40.71835519823214,-74.03891444206238,3211,"Newark Ave",40.72152515,-74.046304543,29577,"Subscriber",1987,2
108,"2018-12-10 08:31:00.3430","2018-12-10 08:32:49.2270",3275,"Columbus Drive",40.71835519823214,-74.03891444206238,3187,"Warren St",40.7211236,-74.03805095,26216,"Subscriber",1951,1
167,"2018-12-10 09:13:33.5620","2018-12-10 09:16:21.1980",3275,"Columbus Drive",40.71835519823214,-74.03891444206238,3639,"Harborside",40.7192517,-74.034234,29262,"Subscriber",1992,1
164,"2018-12-10 09:57:51.3800","2018-12-10 10:00:36.1480",3275,"Columbus Drive",40.71835519823214,-74.03891444206238,3639,"Harborside",40.7192517,-74.034234,29549,"Subscriber",1987,1
231,"2018-12-10 11:58:00.2330","2018-12-10 12:01:51.7570",3275,"Columbus Drive",40.71835519823214,-74.03891444206238,3183,"Exchange Place",40.7162469,-74.0334588,29272,"Subscriber",1991,1
273,"2018-12-10 12:40:49.3310","2018-12-10 12:45:22.4110",3275,"Columbus Drive",40.71835519823214,-74.03891444206238,3184,"Paulus Hook",40.7141454,-74.0335519,29503,"Subscriber",1959,1
144,"2018-12-10 14:08:34.1140","2018-12-10 14:10:58.7230",3275,"Columbus Drive",40.71835519823214,-74.03891444206238,3681,"Grand St",40.71517767732029,-74.03768330812454,26274,"Subscriber",1985,1
118,"2018-12-10 15:02:18.4220","2018-12-10 15:04:16.6670",3275,"Columbus Drive",40.71835519823214,-74.03891444206238,3639,"Harborside",40.7192517,-74.034234,26242,"Subscriber",1993,1
290,"2018-12-10 15:07:29.3870","2018-12-10 15:12:19.4430",3275,"Columbus Drive",40.71835519823214,-74.03891444206238,3211,"Newark Ave",40.72152515,-74.046304543,26215,"Subscriber",1973,1
122,"2018-12-10 15:26:20.6840","2018-12-10 15:28:23.4730",3275,"Columbus Drive",40.71835519823214,-74.03891444206238,3681,"Grand St",40.71517767732029,-74.03768330812454,26274,"Subscriber",1985,1
216,"2018-12-10 19:07:32.1390","2018-12-10 19:11:08.2470",3275,"Columbus Drive",40.71835519823214,-74.03891444206238,3267,"Morris Canal",40.7124188237569,-74.03852552175522,29296,"Subscriber",1990,1
388,"2018-12-10 19:40:16.1480","2018-12-10 19:46:44.5260",3275,"Columbus Drive",40.71835519823214,-74.03891444206238,3279,"Dixon Mills",40.721630142638354,-74.04996782541275,26242,"Subscriber",1986,1
100,"2018-12-10 21:00:29.3470","2018-12-10 21:02:09.6250",3275,"Columbus Drive",40.71835519823214,-74.03891444206238,3187,"Warren St",40.7211236,-74.03805095,29496,"Subscriber",1987,1
301,"2018-12-10 22:18:28.9020","2018-12-10 22:23:30.2730",3275,"Columbus Drive",40.71835519823214,-74.03891444206238,3214,"Essex Light Rail",40.7127742,-74.0364857,29267,"Subscriber",1958,1
325,"2018-12-10 22:51:01.0380","2018-12-10 22:56:26.2370",3275,"Columbus Drive",40.71835519823214,-74.03891444206238,3214,"Essex Light Rail",40.7127742,-74.0364857,29672,"Subscriber",1993,1
1753,"2018-12-11 06:38:14.8260","2018-12-11 07:07:28.5460",3275,"Columbus Drive",40.71835519823214,-74.03891444206238,3185,"City Hall",40.7177325,-74.043845,29526,"Subscriber",1985,2
96,"2018-12-11 07:55:44.9860","2018-12-11 07:57:21.8550",3275,"Columbus Drive",40.71835519823214,-74.03891444206238,3187,"Warren St",40.7211236,-74.03805095,29434,"Subscriber",1951,1
211,"2018-12-11 08:23:22.4300","2018-12-11 08:26:54.4110",3275,"Columbus Drive",40.71835519823214,-74.03891444206238,3638,"Washington St",40.7242941,-74.0354826,29495,"Subscriber",1969,0
352,"2018-12-11 08:33:00.8830","2018-12-11 08:38:53.0730",3275,"Columbus Drive",40.71835519823214,-74.03891444206238,3202,"Newport PATH",40.7272235,-74.0337589,26266,"Subscriber",1983,1
276,"2018-12-11 08:51:31.2080","2018-12-11 08:56:07.8840",3275,"Columbus Drive",40.71835519823214,-74.03891444206238,3202,"Newport PATH",40.7272235,-74.0337589,29301,"Subscriber",1986,1
277,"2018-12-11 09:12:35.8170","2018-12-11 09:17:12.8340",3275,"Columbus Drive",40.71835519823214,-74.03891444206238,3184,"Paulus Hook",40.7141454,-74.0335519,29214,"Subscriber",1994,1
213,"2018-12-11 09:22:38.8360","2018-12-11 09:26:11.8700",3275,"Columbus Drive",40.71835519823214,-74.03891444206238,3639,"Harborside",40.7192517,-74.034234,29282,"Subscriber",1992,1
146,"2018-12-11 10:05:36.3110","2018-12-11 10:08:02.6060",3275,"Columbus Drive",40.71835519823214,-74.03891444206238,3639,"Harborside",40.7192517,-74.034234,29306,"Subscriber",1987,1
155,"2018-12-11 10:39:12.6370","2018-12-11 10:41:48.1100",3275,"Columbus Drive",40.71835519823214,-74.03891444206238,3639,"Harborside",40.7192517,-74.034234,26186,"Subscriber",1986,1
362,"2018-12-11 11:05:53.1540","2018-12-11 11:11:56.0150",3275,"Columbus Drive",40.71835519823214,-74.03891444206238,3199,"Newport Pkwy",40.7287448,-74.0321082,29503,"Subscriber",1980,1
225,"2018-12-11 13:33:19.4970","2018-12-11 13:37:05.1530",3275,"Columbus Drive",40.71835519823214,-74.03891444206238,3184,"Paulus Hook",40.7141454,-74.0335519,29494,"Subscriber",1987,1
154,"2018-12-11 13:42:55.5630","2018-12-11 13:45:30.3750",3275,"Columbus Drive",40.71835519823214,-74.03891444206238,3183,"Exchange Place",40.7162469,-74.0334588,29439,"Subscriber",1978,1
1090,"2018-12-11 15:48:35.5300","2018-12-11 16:06:46.4680",3275,"Columbus Drive",40.71835519823214,-74.03891444206238,3275,"Columbus Drive",40.71835519823214,-74.03891444206238,29640,"Subscriber",1988,1
810,"2018-12-11 18:25:17.7580","2018-12-11 18:38:48.3200",3275,"Columbus Drive",40.71835519823214,-74.03891444206238,3185,"City Hall",40.7177325,-74.043845,29593,"Subscriber",1948,1
347,"2018-12-11 18:37:38.4280","2018-12-11 18:43:26.3330",3275,"Columbus Drive",40.71835519823214,-74.03891444206238,3199,"Newport Pkwy",40.7287448,-74.0321082,26270,"Subscriber",1980,1
332,"2018-12-11 19:02:32.0760","2018-12-11 19:08:04.3930",3275,"Columbus Drive",40.71835519823214,-74.03891444206238,3202,"Newport PATH",40.7272235,-74.0337589,29656,"Subscriber",1987,1
209,"2018-12-11 21:50:04.2580","2018-12-11 21:53:33.3970",3275,"Columbus Drive",40.71835519823214,-74.03891444206238,3267,"Morris Canal",40.7124188237569,-74.03852552175522,29262,"Subscriber",1993,1
341,"2018-12-12 07:03:57.1070","2018-12-12 07:09:38.2470",3275,"Columbus Drive",40.71835519823214,-74.03891444206238,3214,"Essex Light Rail",40.7127742,-74.0364857,26318,"Subscriber",1983,2
99,"2018-12-12 07:57:11.3280","2018-12-12 07:58:51.3250",3275,"Columbus Drive",40.71835519823214,-74.03891444206238,3187,"Warren St",40.7211236,-74.03805095,26211,"Subscriber",1951,1
178,"2018-12-12 08:50:53.2660","2018-12-12 08:53:52.1350",3275,"Columbus Drive",40.71835519823214,-74.03891444206238,3638,"Washington St",40.7242941,-74.0354826,29604,"Subscriber",1986,1
139,"2018-12-12 08:56:16.5770","2018-12-12 08:58:36.3880",3275,"Columbus Drive",40.71835519823214,-74.03891444206238,3186,"Grove St PATH",40.71958611647166,-74.04311746358871,26294,"Subscriber",1982,1
210,"2018-12-12 08:56:40.6220","2018-12-12 09:00:10.8800",3275,"Columbus Drive",40.71835519823214,-74.03891444206238,3267,"Morris Canal",40.7124188237569,-74.03852552175522,29233,"Subscriber",1979,1
205,"2018-12-12 09:19:27.7010","2018-12-12 09:22:53.6570",3275,"Columbus Drive",40.71835519823214,-74.03891444206238,3639,"Harborside",40.7192517,-74.034234,29658,"Subscriber",1992,1
238,"2018-12-12 09:26:44.6660","2018-12-12 09:30:43.1460",3275,"Columbus Drive",40.71835519823214,-74.03891444206238,3184,"Paulus Hook",40.7141454,-74.0335519,29495,"Subscriber",1991,2
189,"2018-12-12 10:08:19.8000","2018-12-12 10:11:29.4240",3275,"Columbus Drive",40.71835519823214,-74.03891444206238,3185,"City Hall",40.7177325,-74.043845,29291,"Subscriber",1983,1
316,"2018-12-12 11:13:01.2570","2018-12-12 11:18:17.4900",3275,"Columbus Drive",40.71835519823214,-74.03891444206238,3199,"Newport Pkwy",40.7287448,-74.0321082,26244,"Subscriber",1980,1
505,"2018-12-12 11:42:01.0670","2018-12-12 11:50:26.7360",3275,"Columbus Drive",40.71835519823214,-74.03891444206238,3279,"Dixon Mills",40.721630142638354,-74.04996782541275,29241,"Subscriber",1982,1
167,"2018-12-12 15:07:21.3510","2018-12-12 15:10:08.6340",3275,"Columbus Drive",40.71835519823214,-74.03891444206238,3185,"City Hall",40.7177325,-74.043845,29272,"Subscriber",1972,1
312,"2018-12-12 17:51:33.9560","2018-12-12 17:56:46.5090",3275,"Columbus Drive",40.71835519823214,-74.03891444206238,3211,"Newark Ave",40.72152515,-74.046304543,29275,"Subscriber",1990,2
329,"2018-12-12 20:53:30.4010","2018-12-12 20:58:59.7330",3275,"Columbus Drive",40.71835519823214,-74.03891444206238,3214,"Essex Light Rail",40.7127742,-74.0364857,29542,"Subscriber",1993,1
325,"2018-12-12 21:11:54.7500","2018-12-12 21:17:20.3950",3275,"Columbus Drive",40.71835519823214,-74.03891444206238,3199,"Newport Pkwy",40.7287448,-74.0321082,26247,"Subscriber",1980,1
271,"2018-12-12 22:12:51.4250","2018-12-12 22:17:23.2670",3275,"Columbus Drive",40.71835519823214,-74.03891444206238,3213,"Van Vorst Park",40.71848892,-74.047726625,26246,"Subscriber",1983,1
816,"2018-12-12 23:26:51.4320","2018-12-12 23:40:28.3910",3275,"Columbus Drive",40.71835519823214,-74.03891444206238,3202,"Newport PATH",40.7272235,-74.0337589,29489,"Subscriber",1991,1
276,"2018-12-13 08:53:55.8770","2018-12-13 08:58:32.0080",3275,"Columbus Drive",40.71835519823214,-74.03891444206238,3638,"Washington St",40.7242941,-74.0354826,29127,"Subscriber",1969,0
219,"2018-12-13 08:59:19.7430","2018-12-13 09:02:59.6860",3275,"Columbus Drive",40.71835519823214,-74.03891444206238,3202,"Newport PATH",40.7272235,-74.0337589,26291,"Subscriber",1986,1
172,"2018-12-13 09:25:23.3740","2018-12-13 09:28:16.2450",3275,"Columbus Drive",40.71835519823214,-74.03891444206238,3639,"Harborside",40.7192517,-74.034234,29283,"Subscriber",1992,1
1212,"2018-12-13 10:33:28.4200","2018-12-13 10:53:40.6110",3275,"Columbus Drive",40.71835519823214,-74.03891444206238,3681,"Grand St",40.71517767732029,-74.03768330812454,29434,"Subscriber",1966,1
350,"2018-12-13 13:32:46.7300","2018-12-13 13:38:37.1730",3275,"Columbus Drive",40.71835519823214,-74.03891444206238,3199,"Newport Pkwy",40.7287448,-74.0321082,29307,"Subscriber",1989,1
290,"2018-12-13 13:45:09.1690","2018-12-13 13:49:59.9640",3275,"Columbus Drive",40.71835519823214,-74.03891444206238,3275,"Columbus Drive",40.71835519823214,-74.03891444206238,26170,"Subscriber",1991,1
147,"2018-12-13 14:40:23.8930","2018-12-13 14:42:51.7870",3275,"Columbus Drive",40.71835519823214,-74.03891444206238,3183,"Exchange Place",40.7162469,-74.0334588,26170,"Subscriber",1981,1
125,"2018-12-13 15:20:06.6220","2018-12-13 15:22:12.2510",3275,"Columbus Drive",40.71835519823214,-74.03891444206238,3186,"Grove St PATH",40.71958611647166,-74.04311746358871,26284,"Subscriber",1964,1
722,"2018-12-13 16:33:16.8860","2018-12-13 16:45:19.4360",3275,"Columbus Drive",40.71835519823214,-74.03891444206238,3187,"Warren St",40.7211236,-74.03805095,29608,"Subscriber",1979,1
103,"2018-12-13 16:42:48.7160","2018-12-13 16:44:32.5860",3275,"Columbus Drive",40.71835519823214,-74.03891444206238,3681,"Grand St",40.71517767732029,-74.03768330812454,26260,"Subscriber",1985,1
352,"2018-12-13 16:49:40.4380","2018-12-13 16:55:33.0200",3275,"Columbus Drive",40.71835519823214,-74.03891444206238,3272,"Jersey & 3rd",40.72333158646436,-74.04595255851744,29307,"Subscriber",1988,1
320,"2018-12-13 17:31:41.1790","2018-12-13 17:37:01.6670",3275,"Columbus Drive",40.71835519823214,-74.03891444206238,3270,"Jersey & 6th St",40.72528910781132,-74.04557168483734,29619,"Subscriber",1987,2
316,"2018-12-13 19:02:55.0900","2018-12-13 19:08:11.6210",3275,"Columbus Drive",40.71835519823214,-74.03891444206238,3202,"Newport PATH",40.7272235,-74.0337589,29264,"Subscriber",1987,1
364,"2018-12-13 19:23:41.9570","2018-12-13 19:29:45.9860",3275,"Columbus Drive",40.71835519823214,-74.03891444206238,3202,"Newport PATH",40.7272235,-74.0337589,29301,"Subscriber",1991,1
331,"2018-12-13 20:02:08.3820","2018-12-13 20:07:40.3310",3275,"Columbus Drive",40.71835519823214,-74.03891444206238,3276,"Marin Light Rail",40.71458403535893,-74.04281705617905,29542,"Subscriber",1985,1
338,"2018-12-13 20:16:09.4260","2018-12-13 20:21:47.4560",3275,"Columbus Drive",40.71835519823214,-74.03891444206238,3276,"Marin Light Rail",40.71458403535893,-74.04281705617905,26161,"Subscriber",1989,2
101,"2018-12-13 20:50:59.3580","2018-12-13 20:52:41.2680",3275,"Columbus Drive",40.71835519823214,-74.03891444206238,3187,"Warren St",40.7211236,-74.03805095,26189,"Subscriber",1987,1
103,"2018-12-13 22:23:43.6620","2018-12-13 22:25:27.3060",3275,"Columbus Drive",40.71835519823214,-74.03891444206238,3481,"York St",40.71649,-74.04105,29289,"Subscriber",1985,2
282,"2018-12-14 00:08:33.7800","2018-12-14 00:13:16.7750",3275,"Columbus Drive",40.71835519823214,-74.03891444206238,3183,"Exchange Place",40.7162469,-74.0334588,26170,"Subscriber",1984,1
124,"2018-12-14 07:47:31.4500","2018-12-14 07:49:36.0350",3275,"Columbus Drive",40.71835519823214,-74.03891444206238,3187,"Warren St",40.7211236,-74.03805095,26251,"Subscriber",1951,1
355,"2018-12-14 08:16:30.8350","2018-12-14 08:22:26.7820",3275,"Columbus Drive",40.71835519823214,-74.03891444206238,3199,"Newport Pkwy",40.7287448,-74.0321082,26311,"Subscriber",1988,2
240,"2018-12-14 08:38:09.2690","2018-12-14 08:42:09.7550",3275,"Columbus Drive",40.71835519823214,-74.03891444206238,3638,"Washington St",40.7242941,-74.0354826,29494,"Subscriber",1969,0
270,"2018-12-14 08:39:30.4950","2018-12-14 08:44:01.4620",3275,"Columbus Drive",40.71835519823214,-74.03891444206238,3202,"Newport PATH",40.7272235,-74.0337589,29582,"Subscriber",1986,1
215,"2018-12-14 08:57:53.9090","2018-12-14 09:01:28.9120",3275,"Columbus Drive",40.71835519823214,-74.03891444206238,3214,"Essex Light Rail",40.7127742,-74.0364857,29589,"Subscriber",1994,1
180,"2018-12-14 09:29:14.8960","2018-12-14 09:32:15.2950",3275,"Columbus Drive",40.71835519823214,-74.03891444206238,3639,"Harborside",40.7192517,-74.034234,29507,"Subscriber",1992,1
152,"2018-12-14 09:51:32.9960","2018-12-14 09:54:05.9360",3275,"Columbus Drive",40.71835519823214,-74.03891444206238,3639,"Harborside",40.7192517,-74.034234,29664,"Subscriber",1987,1
221,"2018-12-14 11:02:26.8390","2018-12-14 11:06:07.8720",3275,"Columbus Drive",40.71835519823214,-74.03891444206238,3681,"Grand St",40.71517767732029,-74.03768330812454,29275,"Subscriber",1987,2
221,"2018-12-14 11:43:51.9730","2018-12-14 11:47:33.7840",3275,"Columbus Drive",40.71835519823214,-74.03891444206238,3481,"York St",40.71649,-74.04105,26282,"Subscriber",1983,1
147,"2018-12-14 13:41:15.9760","2018-12-14 13:43:43.8470",3275,"Columbus Drive",40.71835519823214,-74.03891444206238,3639,"Harborside",40.7192517,-74.034234,29487,"Subscriber",1966,1
593,"2018-12-14 13:42:57.1120","2018-12-14 13:52:50.9560",3275,"Columbus Drive",40.71835519823214,-74.03891444206238,3276,"Marin Light Rail",40.71458403535893,-74.04281705617905,29440,"Subscriber",1962,1
253,"2018-12-14 13:48:20.9940","2018-12-14 13:52:34.4710",3275,"Columbus Drive",40.71835519823214,-74.03891444206238,3214,"Essex Light Rail",40.7127742,-74.0364857,26211,"Subscriber",1995,2
515,"2018-12-14 14:14:30.4660","2018-12-14 14:23:06.3710",3275,"Columbus Drive",40.71835519823214,-74.03891444206238,3203,"Hamilton Park",40.727595966,-74.044247311,26152,"Subscriber",1991,1
11179,"2018-12-14 16:07:12.6980","2018-12-14 19:13:32.2150",3275,"Columbus Drive",40.71835519823214,-74.03891444206238,3187,"Warren St",40.7211236,-74.03805095,26246,"Subscriber",1990,2
818,"2018-12-14 17:13:30.3970","2018-12-14 17:27:09.3070",3275,"Columbus Drive",40.71835519823214,-74.03891444206238,3272,"Jersey & 3rd",40.72333158646436,-74.04595255851744,29264,"Subscriber",1988,1
341,"2018-12-14 17:53:18.6110","2018-12-14 17:59:00.5390",3275,"Columbus Drive",40.71835519823214,-74.03891444206238,3202,"Newport PATH",40.7272235,-74.0337589,26282,"Subscriber",1987,1
255,"2018-12-14 21:06:24.7070","2018-12-14 21:10:40.2540",3275,"Columbus Drive",40.71835519823214,-74.03891444206238,3267,"Morris Canal",40.7124188237569,-74.03852552175522,29465,"Subscriber",1960,1
136,"2018-12-15 01:17:17.9670","2018-12-15 01:19:34.1070",3275,"Columbus Drive",40.71835519823214,-74.03891444206238,3639,"Harborside",40.7192517,-74.034234,29540,"Subscriber",1980,1
2176,"2018-12-15 11:29:28.9500","2018-12-15 12:05:45.0340",3275,"Columbus Drive",40.71835519823214,-74.03891444206238,3638,"Washington St",40.7242941,-74.0354826,29272,"Subscriber",1973,2
165,"2018-12-15 11:53:54.4410","2018-12-15 11:56:40.3610",3275,"Columbus Drive",40.71835519823214,-74.03891444206238,3186,"Grove St PATH",40.71958611647166,-74.04311746358871,26151,"Subscriber",1985,2
1580,"2018-12-15 12:16:04.8010","2018-12-15 12:42:25.0590",3275,"Columbus Drive",40.71835519823214,-74.03891444206238,3209,"Brunswick St",40.7241765,-74.0506564,29247,"Subscriber",1974,1
359,"2018-12-15 12:19:09.0140","2018-12-15 12:25:08.9920",3275,"Columbus Drive",40.71835519823214,-74.03891444206238,3214,"Essex Light Rail",40.7127742,-74.0364857,29529,"Subscriber",1983,2
486,"2018-12-15 13:13:47.9550","2018-12-15 13:21:54.3520",3275,"Columbus Drive",40.71835519823214,-74.03891444206238,3483,"Montgomery St",40.71942,-74.05099,29457,"Subscriber",1991,1
673,"2018-12-15 13:28:44.1220","2018-12-15 13:39:57.4440",3275,"Columbus Drive",40.71835519823214,-74.03891444206238,3206,"Hilltop",40.7311689,-74.0575736,29677,"Subscriber",1990,1
393,"2018-12-15 14:46:25.2070","2018-12-15 14:52:59.1400",3275,"Columbus Drive",40.71835519823214,-74.03891444206238,3279,"Dixon Mills",40.721630142638354,-74.04996782541275,29523,"Subscriber",1982,1
142,"2018-12-15 16:01:23.7170","2018-12-15 16:03:46.2020",3275,"Columbus Drive",40.71835519823214,-74.03891444206238,3481,"York St",40.71649,-74.04105,26161,"Subscriber",1985,2
323,"2018-12-15 16:04:58.1420","2018-12-15 16:10:21.8800",3275,"Columbus Drive",40.71835519823214,-74.03891444206238,3202,"Newport PATH",40.7272235,-74.0337589,29602,"Subscriber",1991,1
351,"2018-12-15 18:29:01.1880","2018-12-15 18:34:52.2490",3275,"Columbus Drive",40.71835519823214,-74.03891444206238,3199,"Newport Pkwy",40.7287448,-74.0321082,29663,"Subscriber",1987,1
150,"2018-12-16 10:06:02.7060","2018-12-16 10:08:33.1660",3275,"Columbus Drive",40.71835519823214,-74.03891444206238,3186,"Grove St PATH",40.71958611647166,-74.04311746358871,26293,"Subscriber",1957,1
110,"2018-12-16 18:47:51.2100","2018-12-16 18:49:41.8860",3275,"Columbus Drive",40.71835519823214,-74.03891444206238,3681,"Grand St",40.71517767732029,-74.03768330812454,29671,"Subscriber",1985,1
234,"2018-12-16 19:10:13.4230","2018-12-16 19:14:08.2340",3275,"Columbus Drive",40.71835519823214,-74.03891444206238,3267,"Morris Canal",40.7124188237569,-74.03852552175522,29598,"Subscriber",1960,1
259,"2018-12-17 06:55:54.3280","2018-12-17 07:00:13.7310",3275,"Columbus Drive",40.71835519823214,-74.03891444206238,3211,"Newark Ave",40.72152515,-74.046304543,29303,"Subscriber",1989,1
348,"2018-12-17 07:04:16.8000","2018-12-17 07:10:05.5580",3275,"Columbus Drive",40.71835519823214,-74.03891444206238,3214,"Essex Light Rail",40.7127742,-74.0364857,29536,"Subscriber",1983,2
127,"2018-12-17 08:27:08.8140","2018-12-17 08:29:16.7170",3275,"Columbus Drive",40.71835519823214,-74.03891444206238,3183,"Exchange Place",40.7162469,-74.0334588,29608,"Subscriber",1982,1
209,"2018-12-17 08:55:32.2860","2018-12-17 08:59:01.6680",3275,"Columbus Drive",40.71835519823214,-74.03891444206238,3639,"Harborside",40.7192517,-74.034234,26221,"Subscriber",1969,1
240,"2018-12-17 08:57:12.0310","2018-12-17 09:01:12.2260",3275,"Columbus Drive",40.71835519823214,-74.03891444206238,3202,"Newport PATH",40.7272235,-74.0337589,29595,"Subscriber",1986,1
199,"2018-12-17 09:07:18.0360","2018-12-17 09:10:37.6380",3275,"Columbus Drive",40.71835519823214,-74.03891444206238,3214,"Essex Light Rail",40.7127742,-74.0364857,29239,"Subscriber",1994,1
150,"2018-12-17 09:08:11.7010","2018-12-17 09:10:42.6960",3275,"Columbus Drive",40.71835519823214,-74.03891444206238,3639,"Harborside",40.7192517,-74.034234,29225,"Subscriber",1987,1
168,"2018-12-17 09:08:32.1600","2018-12-17 09:11:20.3050",3275,"Columbus Drive",40.71835519823214,-74.03891444206238,3639,"Harborside",40.7192517,-74.034234,29533,"Subscriber",1992,1
413,"2018-12-17 09:37:57.7480","2018-12-17 09:44:51.1060",3275,"Columbus Drive",40.71835519823214,-74.03891444206238,3202,"Newport PATH",40.7272235,-74.0337589,29602,"Subscriber",1983,1
340,"2018-12-17 10:10:44.6690","2018-12-17 10:16:25.3940",3275,"Columbus Drive",40.71835519823214,-74.03891444206238,3270,"Jersey & 6th St",40.72528910781132,-74.04557168483734,29272,"Subscriber",1974,2
132,"2018-12-17 12:55:07.0440","2018-12-17 12:57:19.9200",3275,"Columbus Drive",40.71835519823214,-74.03891444206238,3639,"Harborside",40.7192517,-74.034234,29533,"Subscriber",1962,1
195,"2018-12-17 13:06:45.8600","2018-12-17 13:10:01.8430",3275,"Columbus Drive",40.71835519823214,-74.03891444206238,3639,"Harborside",40.7192517,-74.034234,26233,"Subscriber",1986,1
320,"2018-12-17 16:54:04.3430","2018-12-17 16:59:24.6280",3275,"Columbus Drive",40.71835519823214,-74.03891444206238,3214,"Essex Light Rail",40.7127742,-74.0364857,29473,"Subscriber",1989,1
289,"2018-12-17 16:54:40.0470","2018-12-17 16:59:29.2620",3275,"Columbus Drive",40.71835519823214,-74.03891444206238,3214,"Essex Light Rail",40.7127742,-74.0364857,29125,"Subscriber",1995,2
264,"2018-12-17 19:01:50.0090","2018-12-17 19:06:14.5120",3275,"Columbus Drive",40.71835519823214,-74.03891444206238,3184,"Paulus Hook",40.7141454,-74.0335519,29550,"Subscriber",1980,1
234,"2018-12-17 19:06:02.0010","2018-12-17 19:09:56.2930",3275,"Columbus Drive",40.71835519823214,-74.03891444206238,3186,"Grove St PATH",40.71958611647166,-74.04311746358871,29215,"Subscriber",1983,2
116,"2018-12-17 20:04:10.6240","2018-12-17 20:06:07.1570",3275,"Columbus Drive",40.71835519823214,-74.03891444206238,3186,"Grove St PATH",40.71958611647166,-74.04311746358871,29533,"Subscriber",1987,1
91,"2018-12-17 20:10:26.4210","2018-12-17 20:11:57.6280",3275,"Columbus Drive",40.71835519823214,-74.03891444206238,3186,"Grove St PATH",40.71958611647166,-74.04311746358871,29661,"Subscriber",1987,1
145,"2018-12-17 20:16:12.2750","2018-12-17 20:18:37.7590",3275,"Columbus Drive",40.71835519823214,-74.03891444206238,3186,"Grove St PATH",40.71958611647166,-74.04311746358871,29607,"Subscriber",1987,1
194,"2018-12-17 21:23:30.3570","2018-12-17 21:26:44.7000",3275,"Columbus Drive",40.71835519823214,-74.03891444206238,3267,"Morris Canal",40.7124188237569,-74.03852552175522,29553,"Subscriber",1990,1
106,"2018-12-18 07:57:32.1530","2018-12-18 07:59:18.1610",3275,"Columbus Drive",40.71835519823214,-74.03891444206238,3187,"Warren St",40.7211236,-74.03805095,29569,"Subscriber",1951,1
178,"2018-12-18 08:13:03.4890","2018-12-18 08:16:02.1840",3275,"Columbus Drive",40.71835519823214,-74.03891444206238,3184,"Paulus Hook",40.7141454,-74.0335519,26241,"Subscriber",1982,1
196,"2018-12-18 08:25:13.1480","2018-12-18 08:28:29.5600",3275,"Columbus Drive",40.71835519823214,-74.03891444206238,3638,"Washington St",40.7242941,-74.0354826,26153,"Subscriber",1969,0
234,"2018-12-18 08:54:49.9930","2018-12-18 08:58:44.2640",3275,"Columbus Drive",40.71835519823214,-74.03891444206238,3202,"Newport PATH",40.7272235,-74.0337589,29598,"Subscriber",1986,1
161,"2018-12-18 09:18:22.2800","2018-12-18 09:21:03.9460",3275,"Columbus Drive",40.71835519823214,-74.03891444206238,3639,"Harborside",40.7192517,-74.034234,26211,"Subscriber",1987,1
353,"2018-12-18 11:11:17.8380","2018-12-18 11:17:10.9770",3275,"Columbus Drive",40.71835519823214,-74.03891444206238,3199,"Newport Pkwy",40.7287448,-74.0321082,29288,"Subscriber",1980,1
168,"2018-12-18 12:47:41.6880","2018-12-18 12:50:29.8990",3275,"Columbus Drive",40.71835519823214,-74.03891444206238,3185,"City Hall",40.7177325,-74.043845,26245,"Subscriber",1972,1
603,"2018-12-18 14:39:13.5180","2018-12-18 14:49:16.6000",3275,"Columbus Drive",40.71835519823214,-74.03891444206238,3214,"Essex Light Rail",40.7127742,-74.0364857,29492,"Subscriber",1963,2
436,"2018-12-18 15:57:35.3630","2018-12-18 16:04:51.8920",3275,"Columbus Drive",40.71835519823214,-74.03891444206238,3278,"Monmouth and 6th",40.72568548362901,-74.04879033565521,29608,"Subscriber",1982,1
356,"2018-12-18 16:20:10.4450","2018-12-18 16:26:06.5400",3275,"Columbus Drive",40.71835519823214,-74.03891444206238,3199,"Newport Pkwy",40.7287448,-74.0321082,29544,"Subscriber",1971,1
1343,"2018-12-18 16:49:33.8390","2018-12-18 17:11:57.6810",3275,"Columbus Drive",40.71835519823214,-74.03891444206238,3638,"Washington St",40.7242941,-74.0354826,29305,"Subscriber",1993,1
435,"2018-12-18 17:46:32.6490","2018-12-18 17:53:48.5470",3275,"Columbus Drive",40.71835519823214,-74.03891444206238,3483,"Montgomery St",40.71942,-74.05099,29517,"Subscriber",1983,1
232,"2018-12-18 17:46:42.7350","2018-12-18 17:50:34.8890",3275,"Columbus Drive",40.71835519823214,-74.03891444206238,3267,"Morris Canal",40.7124188237569,-74.03852552175522,29199,"Subscriber",1975,1
417,"2018-12-18 18:10:02.7000","2018-12-18 18:17:00.0900",3275,"Columbus Drive",40.71835519823214,-74.03891444206238,3202,"Newport PATH",40.7272235,-74.0337589,26276,"Subscriber",1987,1
180,"2018-12-18 18:22:58.3760","2018-12-18 18:25:59.2420",3275,"Columbus Drive",40.71835519823214,-74.03891444206238,3185,"City Hall",40.7177325,-74.043845,26295,"Subscriber",1972,1
377,"2018-12-18 18:30:28.1260","2018-12-18 18:36:45.1400",3275,"Columbus Drive",40.71835519823214,-74.03891444206238,3267,"Morris Canal",40.7124188237569,-74.03852552175522,29528,"Subscriber",1960,1
315,"2018-12-18 23:07:07.6390","2018-12-18 23:12:23.0540",3275,"Columbus Drive",40.71835519823214,-74.03891444206238,3267,"Morris Canal",40.7124188237569,-74.03852552175522,29597,"Subscriber",1993,1
286,"2018-12-19 12:15:59.2120","2018-12-19 12:20:45.7200",3275,"Columbus Drive",40.71835519823214,-74.03891444206238,3270,"Jersey & 6th St",40.72528910781132,-74.04557168483734,26171,"Subscriber",1963,1
126,"2018-12-19 17:56:32.9870","2018-12-19 17:58:39.4440",3275,"Columbus Drive",40.71835519823214,-74.03891444206238,3187,"Warren St",40.7211236,-74.03805095,26296,"Subscriber",1991,1
300,"2018-12-19 18:16:36.7610","2018-12-19 18:21:37.4220",3275,"Columbus Drive",40.71835519823214,-74.03891444206238,3211,"Newark Ave",40.72152515,-74.046304543,29244,"Subscriber",1983,1
392,"2018-12-19 18:52:27.8000","2018-12-19 18:59:00.7180",3275,"Columbus Drive",40.71835519823214,-74.03891444206238,3209,"Brunswick St",40.7241765,-74.0506564,26212,"Subscriber",1985,1
306,"2018-12-19 19:20:32.2330","2018-12-19 19:25:38.6470",3275,"Columbus Drive",40.71835519823214,-74.03891444206238,3267,"Morris Canal",40.7124188237569,-74.03852552175522,29507,"Subscriber",1984,1
143,"2018-12-19 19:32:05.5970","2018-12-19 19:34:28.7120",3275,"Columbus Drive",40.71835519823214,-74.03891444206238,3186,"Grove St PATH",40.71958611647166,-74.04311746358871,29228,"Subscriber",1994,1
258,"2018-12-19 20:11:13.0780","2018-12-19 20:15:31.3140",3275,"Columbus Drive",40.71835519823214,-74.03891444206238,3276,"Marin Light Rail",40.71458403535893,-74.04281705617905,29640,"Subscriber",1989,2
77,"2018-12-19 20:55:42.9960","2018-12-19 20:57:00.8090",3275,"Columbus Drive",40.71835519823214,-74.03891444206238,3187,"Warren St",40.7211236,-74.03805095,29480,"Subscriber",1971,1
462,"2018-12-20 05:24:20.1100","2018-12-20 05:32:02.6250",3275,"Columbus Drive",40.71835519823214,-74.03891444206238,3199,"Newport Pkwy",40.7287448,-74.0321082,29676,"Subscriber",1980,1
233,"2018-12-20 06:52:29.1390","2018-12-20 06:56:22.2150",3275,"Columbus Drive",40.71835519823214,-74.03891444206238,3211,"Newark Ave",40.72152515,-74.046304543,29197,"Subscriber",1989,1
184,"2018-12-20 07:49:55.5150","2018-12-20 07:52:59.9510",3275,"Columbus Drive",40.71835519823214,-74.03891444206238,3638,"Washington St",40.7242941,-74.0354826,29231,"Subscriber",1969,0
322,"2018-12-20 08:25:36.9950","2018-12-20 08:30:59.8790",3275,"Columbus Drive",40.71835519823214,-74.03891444206238,3199,"Newport Pkwy",40.7287448,-74.0321082,29554,"Subscriber",1980,1
133,"2018-12-20 08:27:56.9170","2018-12-20 08:30:10.3480",3275,"Columbus Drive",40.71835519823214,-74.03891444206238,3183,"Exchange Place",40.7162469,-74.0334588,29296,"Subscriber",1982,1
156,"2018-12-20 09:25:10.7320","2018-12-20 09:27:47.3160",3275,"Columbus Drive",40.71835519823214,-74.03891444206238,3639,"Harborside",40.7192517,-74.034234,29440,"Subscriber",1987,1
423,"2018-12-20 09:29:49.4980","2018-12-20 09:36:53.1420",3275,"Columbus Drive",40.71835519823214,-74.03891444206238,3203,"Hamilton Park",40.727595966,-74.044247311,29492,"Subscriber",1973,2
235,"2018-12-20 09:35:31.2100","2018-12-20 09:39:26.8160",3275,"Columbus Drive",40.71835519823214,-74.03891444206238,3214,"Essex Light Rail",40.7127742,-74.0364857,29125,"Subscriber",1994,1
3700,"2018-12-20 12:10:12.2300","2018-12-20 13:11:52.9510",3275,"Columbus Drive",40.71835519823214,-74.03891444206238,3275,"Columbus Drive",40.71835519823214,-74.03891444206238,29297,"Subscriber",1991,2
588,"2018-12-20 13:25:57.2510","2018-12-20 13:35:45.3620",3275,"Columbus Drive",40.71835519823214,-74.03891444206238,3267,"Morris Canal",40.7124188237569,-74.03852552175522,26201,"Subscriber",1962,1
461,"2018-12-20 16:44:12.8690","2018-12-20 16:51:54.1770",3275,"Columbus Drive",40.71835519823214,-74.03891444206238,3199,"Newport Pkwy",40.7287448,-74.0321082,29646,"Subscriber",1991,1
239,"2018-12-20 19:18:00.6630","2018-12-20 19:21:59.7170",3275,"Columbus Drive",40.71835519823214,-74.03891444206238,3267,"Morris Canal",40.7124188237569,-74.03852552175522,29480,"Subscriber",1988,1
365,"2018-12-21 12:40:11.6140","2018-12-21 12:46:17.5190",3275,"Columbus Drive",40.71835519823214,-74.03891444206238,3267,"Morris Canal",40.7124188237569,-74.03852552175522,26175,"Subscriber",1991,2
455,"2018-12-21 14:16:54.9690","2018-12-21 14:24:29.9790",3275,"Columbus Drive",40.71835519823214,-74.03891444206238,3203,"Hamilton Park",40.727595966,-74.044247311,26206,"Subscriber",1991,1
210,"2018-12-21 17:33:55.3080","2018-12-21 17:37:25.5180",3275,"Columbus Drive",40.71835519823214,-74.03891444206238,3185,"City Hall",40.7177325,-74.043845,29491,"Subscriber",1989,1
422,"2018-12-21 18:05:47.7700","2018-12-21 18:12:50.2210",3275,"Columbus Drive",40.71835519823214,-74.03891444206238,3199,"Newport Pkwy",40.7287448,-74.0321082,29205,"Subscriber",1980,1
78,"2018-12-21 18:17:57.2480","2018-12-21 18:19:15.8860",3275,"Columbus Drive",40.71835519823214,-74.03891444206238,3187,"Warren St",40.7211236,-74.03805095,29307,"Subscriber",1989,1
191,"2018-12-21 18:33:31.6930","2018-12-21 18:36:43.5310",3275,"Columbus Drive",40.71835519823214,-74.03891444206238,3211,"Newark Ave",40.72152515,-74.046304543,26278,"Subscriber",1992,1
543,"2018-12-21 18:42:04.6160","2018-12-21 18:51:08.6080",3275,"Columbus Drive",40.71835519823214,-74.03891444206238,3209,"Brunswick St",40.7241765,-74.0506564,29297,"Subscriber",1985,2
356,"2018-12-21 20:06:36.6120","2018-12-21 20:12:33.5630",3275,"Columbus Drive",40.71835519823214,-74.03891444206238,3267,"Morris Canal",40.7124188237569,-74.03852552175522,29491,"Subscriber",1960,1
285,"2018-12-21 21:19:16.8840","2018-12-21 21:24:02.1210",3275,"Columbus Drive",40.71835519823214,-74.03891444206238,3267,"Morris Canal",40.7124188237569,-74.03852552175522,29499,"Subscriber",1993,1
941,"2018-12-22 00:40:28.5210","2018-12-22 00:56:09.9770",3275,"Columbus Drive",40.71835519823214,-74.03891444206238,3199,"Newport Pkwy",40.7287448,-74.0321082,26294,"Subscriber",1989,1
300,"2018-12-22 10:33:23.1920","2018-12-22 10:38:23.2100",3275,"Columbus Drive",40.71835519823214,-74.03891444206238,3202,"Newport PATH",40.7272235,-74.0337589,29681,"Subscriber",1986,1
336,"2018-12-22 10:39:52.2050","2018-12-22 10:45:29.0850",3275,"Columbus Drive",40.71835519823214,-74.03891444206238,3202,"Newport PATH",40.7272235,-74.0337589,29213,"Subscriber",1973,2
337,"2018-12-22 11:48:41.7190","2018-12-22 11:54:19.5980",3275,"Columbus Drive",40.71835519823214,-74.03891444206238,3199,"Newport Pkwy",40.7287448,-74.0321082,26158,"Subscriber",1980,1
891,"2018-12-22 12:08:37.5700","2018-12-22 12:23:29.2290",3275,"Columbus Drive",40.71835519823214,-74.03891444206238,3275,"Columbus Drive",40.71835519823214,-74.03891444206238,29491,"Subscriber",1985,1
902,"2018-12-22 12:08:39.7300","2018-12-22 12:23:42.3220",3275,"Columbus Drive",40.71835519823214,-74.03891444206238,3275,"Columbus Drive",40.71835519823214,-74.03891444206238,29213,"Subscriber",1978,2
539,"2018-12-22 12:30:22.6780","2018-12-22 12:39:22.2820",3275,"Columbus Drive",40.71835519823214,-74.03891444206238,3203,"Hamilton Park",40.727595966,-74.044247311,29491,"Customer",1969,0
525,"2018-12-22 12:30:31.4000","2018-12-22 12:39:17.0730",3275,"Columbus Drive",40.71835519823214,-74.03891444206238,3203,"Hamilton Park",40.727595966,-74.044247311,29213,"Subscriber",1989,1
400,"2018-12-22 12:37:40.2770","2018-12-22 12:44:20.6100",3275,"Columbus Drive",40.71835519823214,-74.03891444206238,3203,"Hamilton Park",40.727595966,-74.044247311,29290,"Subscriber",1984,1
612,"2018-12-22 13:41:09.4540","2018-12-22 13:51:21.8630",3275,"Columbus Drive",40.71835519823214,-74.03891444206238,3199,"Newport Pkwy",40.7287448,-74.0321082,26190,"Subscriber",1980,1
582,"2018-12-22 13:41:09.2560","2018-12-22 13:50:52.2520",3275,"Columbus Drive",40.71835519823214,-74.03891444206238,3199,"Newport Pkwy",40.7287448,-74.0321082,26174,"Subscriber",1980,0
136,"2018-12-22 16:11:54.2490","2018-12-22 16:14:11.1820",3275,"Columbus Drive",40.71835519823214,-74.03891444206238,3681,"Grand St",40.71517767732029,-74.03768330812454,26306,"Subscriber",1985,1
196,"2018-12-22 20:39:48.3050","2018-12-22 20:43:04.7270",3275,"Columbus Drive",40.71835519823214,-74.03891444206238,3681,"Grand St",40.71517767732029,-74.03768330812454,29296,"Subscriber",1993,1
498,"2018-12-23 07:23:42.7040","2018-12-23 07:32:00.9250",3275,"Columbus Drive",40.71835519823214,-74.03891444206238,3203,"Hamilton Park",40.727595966,-74.044247311,29554,"Subscriber",1985,2
364,"2018-12-23 10:38:12.5090","2018-12-23 10:44:16.5930",3275,"Columbus Drive",40.71835519823214,-74.03891444206238,3205,"JC Medical Center",40.71653978099194,-74.0496379137039,29443,"Subscriber",1976,1
184,"2018-12-23 11:21:23.8180","2018-12-23 11:24:27.9160",3275,"Columbus Drive",40.71835519823214,-74.03891444206238,3267,"Morris Canal",40.7124188237569,-74.03852552175522,29598,"Subscriber",1990,1
260,"2018-12-23 12:01:37.1930","2018-12-23 12:05:57.9680",3275,"Columbus Drive",40.71835519823214,-74.03891444206238,3214,"Essex Light Rail",40.7127742,-74.0364857,29437,"Subscriber",1983,2
356,"2018-12-23 12:08:35.8540","2018-12-23 12:14:32.3500",3275,"Columbus Drive",40.71835519823214,-74.03891444206238,3203,"Hamilton Park",40.727595966,-74.044247311,26184,"Subscriber",1984,1
108,"2018-12-23 15:03:38.5670","2018-12-23 15:05:27.0510",3275,"Columbus Drive",40.71835519823214,-74.03891444206238,3187,"Warren St",40.7211236,-74.03805095,26294,"Subscriber",1969,1
360,"2018-12-23 15:53:26.7330","2018-12-23 15:59:27.6580",3275,"Columbus Drive",40.71835519823214,-74.03891444206238,3183,"Exchange Place",40.7162469,-74.0334588,26197,"Subscriber",1993,1
152,"2018-12-23 16:55:16.6840","2018-12-23 16:57:48.8670",3275,"Columbus Drive",40.71835519823214,-74.03891444206238,3681,"Grand St",40.71517767732029,-74.03768330812454,29445,"Subscriber",1985,1
294,"2018-12-23 19:09:25.3210","2018-12-23 19:14:19.7980",3275,"Columbus Drive",40.71835519823214,-74.03891444206238,3267,"Morris Canal",40.7124188237569,-74.03852552175522,29661,"Subscriber",1960,1
162,"2018-12-23 20:31:17.6560","2018-12-23 20:33:59.9780",3275,"Columbus Drive",40.71835519823214,-74.03891444206238,3639,"Harborside",40.7192517,-74.034234,26167,"Subscriber",1991,1
344,"2018-12-24 08:52:05.9450","2018-12-24 08:57:50.6960",3275,"Columbus Drive",40.71835519823214,-74.03891444206238,3202,"Newport PATH",40.7272235,-74.0337589,26202,"Subscriber",1988,1
279,"2018-12-24 09:24:34.3150","2018-12-24 09:29:14.3010",3275,"Columbus Drive",40.71835519823214,-74.03891444206238,3202,"Newport PATH",40.7272235,-74.0337589,26298,"Subscriber",1986,1
517,"2018-12-24 11:31:41.3990","2018-12-24 11:40:19.2910",3275,"Columbus Drive",40.71835519823214,-74.03891444206238,3184,"Paulus Hook",40.7141454,-74.0335519,29212,"Customer",1969,0
503,"2018-12-24 11:31:53.3010","2018-12-24 11:40:16.4310",3275,"Columbus Drive",40.71835519823214,-74.03891444206238,3184,"Paulus Hook",40.7141454,-74.0335519,26243,"Customer",1969,0
912,"2018-12-24 13:59:39.4000","2018-12-24 14:14:51.5100",3275,"Columbus Drive",40.71835519823214,-74.03891444206238,3638,"Washington St",40.7242941,-74.0354826,29505,"Subscriber",1980,1
90,"2018-12-24 18:45:33.4360","2018-12-24 18:47:03.9580",3275,"Columbus Drive",40.71835519823214,-74.03891444206238,3275,"Columbus Drive",40.71835519823214,-74.03891444206238,29495,"Subscriber",1988,1
80,"2018-12-25 12:11:32.3030","2018-12-25 12:12:52.5570",3275,"Columbus Drive",40.71835519823214,-74.03891444206238,3187,"Warren St",40.7211236,-74.03805095,26298,"Subscriber",1992,1
35240,"2018-12-25 12:35:15.1440","2018-12-25 22:22:35.4720",3275,"Columbus Drive",40.71835519823214,-74.03891444206238,3184,"Paulus Hook",40.7141454,-74.0335519,26267,"Customer",1969,0
301,"2018-12-25 13:45:44.6230","2018-12-25 13:50:46.2860",3275,"Columbus Drive",40.71835519823214,-74.03891444206238,3267,"Morris Canal",40.7124188237569,-74.03852552175522,29542,"Subscriber",1977,1
72,"2018-12-25 15:41:16.3350","2018-12-25 15:42:29.0860",3275,"Columbus Drive",40.71835519823214,-74.03891444206238,3187,"Warren St",40.7211236,-74.03805095,29435,"Subscriber",1992,1
240,"2018-12-25 19:01:44.2690","2018-12-25 19:05:44.6960",3275,"Columbus Drive",40.71835519823214,-74.03891444206238,3276,"Marin Light Rail",40.71458403535893,-74.04281705617905,29500,"Subscriber",1989,1
206,"2018-12-25 19:09:03.1230","2018-12-25 19:12:29.7590",3275,"Columbus Drive",40.71835519823214,-74.03891444206238,3273,"Manila & 1st",40.721650724879986,-74.04288411140442,29495,"Subscriber",1987,1
412,"2018-12-26 08:25:30.1870","2018-12-26 08:32:23.1370",3275,"Columbus Drive",40.71835519823214,-74.03891444206238,3638,"Washington St",40.7242941,-74.0354826,29528,"Subscriber",1969,0
732,"2018-12-26 09:18:54.2580","2018-12-26 09:31:06.7790",3275,"Columbus Drive",40.71835519823214,-74.03891444206238,3199,"Newport Pkwy",40.7287448,-74.0321082,29458,"Subscriber",1987,1
326,"2018-12-26 09:38:18.8730","2018-12-26 09:43:45.7250",3275,"Columbus Drive",40.71835519823214,-74.03891444206238,3214,"Essex Light Rail",40.7127742,-74.0364857,26170,"Subscriber",1994,1
447,"2018-12-26 11:50:46.5810","2018-12-26 11:58:13.9870",3275,"Columbus Drive",40.71835519823214,-74.03891444206238,3203,"Hamilton Park",40.727595966,-74.044247311,29443,"Subscriber",1984,1
314,"2018-12-26 12:54:26.8120","2018-12-26 12:59:41.6930",3275,"Columbus Drive",40.71835519823214,-74.03891444206238,3267,"Morris Canal",40.7124188237569,-74.03852552175522,29289,"Subscriber",1983,2
244,"2018-12-26 13:14:24.6590","2018-12-26 13:18:28.7120",3275,"Columbus Drive",40.71835519823214,-74.03891444206238,3184,"Paulus Hook",40.7141454,-74.0335519,29264,"Subscriber",1987,1
215,"2018-12-26 13:22:08.7040","2018-12-26 13:25:44.4080",3275,"Columbus Drive",40.71835519823214,-74.03891444206238,3214,"Essex Light Rail",40.7127742,-74.0364857,29461,"Subscriber",1992,2
438,"2018-12-26 13:34:14.3850","2018-12-26 13:41:33.2500",3275,"Columbus Drive",40.71835519823214,-74.03891444206238,3199,"Newport Pkwy",40.7287448,-74.0321082,26211,"Subscriber",1988,1
309,"2018-12-26 16:53:16.1260","2018-12-26 16:58:25.3300",3275,"Columbus Drive",40.71835519823214,-74.03891444206238,3272,"Jersey & 3rd",40.72333158646436,-74.04595255851744,26271,"Subscriber",1987,2
150,"2018-12-26 17:31:30.1590","2018-12-26 17:34:01.0400",3275,"Columbus Drive",40.71835519823214,-74.03891444206238,3681,"Grand St",40.71517767732029,-74.03768330812454,29512,"Subscriber",1994,1
557,"2018-12-26 17:48:43.2140","2018-12-26 17:58:00.8560",3275,"Columbus Drive",40.71835519823214,-74.03891444206238,3202,"Newport PATH",40.7272235,-74.0337589,26213,"Subscriber",1987,1
148,"2018-12-26 18:36:30.6010","2018-12-26 18:38:58.6440",3275,"Columbus Drive",40.71835519823214,-74.03891444206238,3681,"Grand St",40.71517767732029,-74.03768330812454,26294,"Subscriber",1985,1
89,"2018-12-26 20:32:22.5860","2018-12-26 20:33:52.3590",3275,"Columbus Drive",40.71835519823214,-74.03891444206238,3187,"Warren St",40.7211236,-74.03805095,29607,"Subscriber",1971,1
249,"2018-12-27 08:25:39.7870","2018-12-27 08:29:49.0550",3275,"Columbus Drive",40.71835519823214,-74.03891444206238,3638,"Washington St",40.7242941,-74.0354826,29670,"Subscriber",1969,0
333,"2018-12-27 09:14:23.3460","2018-12-27 09:19:57.1400",3275,"Columbus Drive",40.71835519823214,-74.03891444206238,3202,"Newport PATH",40.7272235,-74.0337589,29512,"Subscriber",1988,1
136,"2018-12-27 09:53:11.5830","2018-12-27 09:55:28.2890",3275,"Columbus Drive",40.71835519823214,-74.03891444206238,3639,"Harborside",40.7192517,-74.034234,29219,"Subscriber",1987,1
239,"2018-12-27 09:58:26.2610","2018-12-27 10:02:25.2870",3275,"Columbus Drive",40.71835519823214,-74.03891444206238,3638,"Washington St",40.7242941,-74.0354826,29500,"Subscriber",1987,1
236,"2018-12-27 09:58:32.6480","2018-12-27 10:02:28.9890",3275,"Columbus Drive",40.71835519823214,-74.03891444206238,3638,"Washington St",40.7242941,-74.0354826,26153,"Subscriber",1991,2
125,"2018-12-27 11:39:50.2790","2018-12-27 11:41:56.0550",3275,"Columbus Drive",40.71835519823214,-74.03891444206238,3681,"Grand St",40.71517767732029,-74.03768330812454,26186,"Subscriber",1985,1
166,"2018-12-27 13:00:36.6300","2018-12-27 13:03:23.0010",3275,"Columbus Drive",40.71835519823214,-74.03891444206238,3214,"Essex Light Rail",40.7127742,-74.0364857,29602,"Subscriber",1992,2
322,"2018-12-27 13:43:26.3850","2018-12-27 13:48:48.5920",3275,"Columbus Drive",40.71835519823214,-74.03891444206238,3202,"Newport PATH",40.7272235,-74.0337589,29494,"Subscriber",1988,1
493,"2018-12-27 17:14:32.3950","2018-12-27 17:22:46.1470",3275,"Columbus Drive",40.71835519823214,-74.03891444206238,3203,"Hamilton Park",40.727595966,-74.044247311,26261,"Subscriber",1987,1
147,"2018-12-27 17:18:17.5460","2018-12-27 17:20:45.0970",3275,"Columbus Drive",40.71835519823214,-74.03891444206238,3681,"Grand St",40.71517767732029,-74.03768330812454,29668,"Subscriber",1994,1
223,"2018-12-27 17:51:28.5070","2018-12-27 17:55:11.8220",3275,"Columbus Drive",40.71835519823214,-74.03891444206238,3211,"Newark Ave",40.72152515,-74.046304543,26188,"Subscriber",1989,1
341,"2018-12-27 18:51:39.8510","2018-12-27 18:57:21.7330",3275,"Columbus Drive",40.71835519823214,-74.03891444206238,3202,"Newport PATH",40.7272235,-74.0337589,29545,"Subscriber",1987,1
849,"2018-12-27 19:39:04.3210","2018-12-27 19:53:13.4560",3275,"Columbus Drive",40.71835519823214,-74.03891444206238,3275,"Columbus Drive",40.71835519823214,-74.03891444206238,29661,"Subscriber",1990,1
89,"2018-12-27 19:49:27.4940","2018-12-27 19:50:57.0930",3275,"Columbus Drive",40.71835519823214,-74.03891444206238,3187,"Warren St",40.7211236,-74.03805095,29575,"Subscriber",1978,1
389,"2018-12-27 20:02:41.4760","2018-12-27 20:09:10.9440",3275,"Columbus Drive",40.71835519823214,-74.03891444206238,3202,"Newport PATH",40.7272235,-74.0337589,29534,"Subscriber",1985,1
105,"2018-12-27 20:36:31.1220","2018-12-27 20:38:16.7100",3275,"Columbus Drive",40.71835519823214,-74.03891444206238,3187,"Warren St",40.7211236,-74.03805095,29668,"Subscriber",1971,1
77,"2018-12-27 20:56:19.8400","2018-12-27 20:57:37.5040",3275,"Columbus Drive",40.71835519823214,-74.03891444206238,3187,"Warren St",40.7211236,-74.03805095,26311,"Subscriber",1972,1
152,"2018-12-28 05:56:19.0430","2018-12-28 05:58:51.8140",3275,"Columbus Drive",40.71835519823214,-74.03891444206238,3639,"Harborside",40.7192517,-74.034234,26279,"Subscriber",1980,1
393,"2018-12-28 06:53:48.2260","2018-12-28 07:00:21.6290",3275,"Columbus Drive",40.71835519823214,-74.03891444206238,3209,"Brunswick St",40.7241765,-74.0506564,29652,"Subscriber",1985,1
432,"2018-12-28 17:05:43.4340","2018-12-28 17:12:55.8440",3275,"Columbus Drive",40.71835519823214,-74.03891444206238,3199,"Newport Pkwy",40.7287448,-74.0321082,29450,"Subscriber",1980,1
384,"2018-12-28 17:43:26.8810","2018-12-28 17:49:51.2410",3275,"Columbus Drive",40.71835519823214,-74.03891444206238,3203,"Hamilton Park",40.727595966,-74.044247311,29542,"Subscriber",1987,1
152,"2018-12-28 18:30:22.2740","2018-12-28 18:32:54.7730",3275,"Columbus Drive",40.71835519823214,-74.03891444206238,3186,"Grove St PATH",40.71958611647166,-74.04311746358871,29247,"Subscriber",1987,1
329,"2018-12-28 19:11:12.5380","2018-12-28 19:16:42.4760",3275,"Columbus Drive",40.71835519823214,-74.03891444206238,3202,"Newport PATH",40.7272235,-74.0337589,29307,"Subscriber",1987,1
514,"2018-12-28 20:02:38.3050","2018-12-28 20:11:13.1530",3275,"Columbus Drive",40.71835519823214,-74.03891444206238,3483,"Montgomery St",40.71942,-74.05099,29207,"Subscriber",1991,1
507,"2018-12-28 20:02:42.8530","2018-12-28 20:11:10.6600",3275,"Columbus Drive",40.71835519823214,-74.03891444206238,3483,"Montgomery St",40.71942,-74.05099,29438,"Subscriber",1993,2
276,"2018-12-28 20:29:25.5990","2018-12-28 20:34:02.4470",3275,"Columbus Drive",40.71835519823214,-74.03891444206238,3267,"Morris Canal",40.7124188237569,-74.03852552175522,29499,"Subscriber",1960,1
111,"2018-12-28 21:45:47.6000","2018-12-28 21:47:38.6350",3275,"Columbus Drive",40.71835519823214,-74.03891444206238,3187,"Warren St",40.7211236,-74.03805095,29503,"Subscriber",1971,1
327,"2018-12-29 09:42:26.5380","2018-12-29 09:47:53.9020",3275,"Columbus Drive",40.71835519823214,-74.03891444206238,3202,"Newport PATH",40.7272235,-74.0337589,29570,"Subscriber",1983,1
408,"2018-12-29 10:31:01.5730","2018-12-29 10:37:49.8800",3275,"Columbus Drive",40.71835519823214,-74.03891444206238,3205,"JC Medical Center",40.71653978099194,-74.0496379137039,29215,"Subscriber",1976,1
183,"2018-12-29 11:02:16.1990","2018-12-29 11:05:19.2180",3275,"Columbus Drive",40.71835519823214,-74.03891444206238,3211,"Newark Ave",40.72152515,-74.046304543,29661,"Subscriber",1989,1
438,"2018-12-29 11:57:29.1930","2018-12-29 12:04:47.4580",3275,"Columbus Drive",40.71835519823214,-74.03891444206238,3202,"Newport PATH",40.7272235,-74.0337589,29465,"Subscriber",1987,2
717,"2018-12-29 12:58:45.8570","2018-12-29 13:10:43.7560",3275,"Columbus Drive",40.71835519823214,-74.03891444206238,3483,"Montgomery St",40.71942,-74.05099,29534,"Customer",1990,2
367,"2018-12-29 13:46:48.0350","2018-12-29 13:52:55.9670",3275,"Columbus Drive",40.71835519823214,-74.03891444206238,3214,"Essex Light Rail",40.7127742,-74.0364857,29629,"Subscriber",1983,2
221,"2018-12-29 13:50:57.3270","2018-12-29 13:54:38.7550",3275,"Columbus Drive",40.71835519823214,-74.03891444206238,3183,"Exchange Place",40.7162469,-74.0334588,26278,"Subscriber",1987,1
364,"2018-12-29 14:45:37.6150","2018-12-29 14:51:42.3780",3275,"Columbus Drive",40.71835519823214,-74.03891444206238,3199,"Newport Pkwy",40.7287448,-74.0321082,29283,"Subscriber",1974,1
267,"2018-12-29 14:47:32.1050","2018-12-29 14:51:59.8590",3275,"Columbus Drive",40.71835519823214,-74.03891444206238,3276,"Marin Light Rail",40.71458403535893,-74.04281705617905,29207,"Subscriber",1979,2
377,"2018-12-29 20:04:36.5830","2018-12-29 20:10:53.9510",3275,"Columbus Drive",40.71835519823214,-74.03891444206238,3275,"Columbus Drive",40.71835519823214,-74.03891444206238,29542,"Subscriber",1960,1
110,"2018-12-29 20:25:56.2360","2018-12-29 20:27:46.2730",3275,"Columbus Drive",40.71835519823214,-74.03891444206238,3187,"Warren St",40.7211236,-74.03805095,29595,"Subscriber",1971,1
341,"2018-12-29 20:26:40.1680","2018-12-29 20:32:21.7730",3275,"Columbus Drive",40.71835519823214,-74.03891444206238,3483,"Montgomery St",40.71942,-74.05099,29542,"Subscriber",1989,1
136,"2018-12-30 12:28:46.6570","2018-12-30 12:31:02.7020",3275,"Columbus Drive",40.71835519823214,-74.03891444206238,3681,"Grand St",40.71517767732029,-74.03768330812454,29536,"Subscriber",1985,1
570,"2018-12-30 13:53:11.8520","2018-12-30 14:02:42.3440",3275,"Columbus Drive",40.71835519823214,-74.03891444206238,3199,"Newport Pkwy",40.7287448,-74.0321082,29282,"Subscriber",1980,0
545,"2018-12-30 13:53:25.1240","2018-12-30 14:02:30.8480",3275,"Columbus Drive",40.71835519823214,-74.03891444206238,3199,"Newport Pkwy",40.7287448,-74.0321082,29494,"Subscriber",1980,1
503,"2018-12-30 16:38:12.8140","2018-12-30 16:46:36.6710",3275,"Columbus Drive",40.71835519823214,-74.03891444206238,3202,"Newport PATH",40.7272235,-74.0337589,26158,"Customer",1969,0
485,"2018-12-30 16:38:28.7540","2018-12-30 16:46:33.8020",3275,"Columbus Drive",40.71835519823214,-74.03891444206238,3202,"Newport PATH",40.7272235,-74.0337589,29602,"Customer",1969,0
96,"2018-12-30 18:25:09.1350","2018-12-30 18:26:45.7270",3275,"Columbus Drive",40.71835519823214,-74.03891444206238,3187,"Warren St",40.7211236,-74.03805095,29273,"Subscriber",1968,1
92,"2018-12-30 20:17:50.8710","2018-12-30 20:19:23.0810",3275,"Columbus Drive",40.71835519823214,-74.03891444206238,3187,"Warren St",40.7211236,-74.03805095,29273,"Subscriber",1971,1
144,"2018-12-30 20:24:43.7990","2018-12-30 20:27:08.5780",3275,"Columbus Drive",40.71835519823214,-74.03891444206238,3481,"York St",40.71649,-74.04105,26247,"Subscriber",1983,1
304,"2018-12-30 20:48:26.7480","2018-12-30 20:53:31.0720",3275,"Columbus Drive",40.71835519823214,-74.03891444206238,3481,"York St",40.71649,-74.04105,29307,"Subscriber",1962,1
311,"2018-12-30 21:07:31.4180","2018-12-30 21:12:42.5630",3275,"Columbus Drive",40.71835519823214,-74.03891444206238,3275,"Columbus Drive",40.71835519823214,-74.03891444206238,29675,"Subscriber",1994,1
289,"2018-12-31 10:04:45.6900","2018-12-31 10:09:34.9930",3275,"Columbus Drive",40.71835519823214,-74.03891444206238,3202,"Newport PATH",40.7272235,-74.0337589,29257,"Subscriber",1983,1
235,"2018-12-31 10:34:28.9120","2018-12-31 10:38:24.7050",3275,"Columbus Drive",40.71835519823214,-74.03891444206238,3183,"Exchange Place",40.7162469,-74.0334588,29437,"Subscriber",1970,1
82,"2018-12-31 12:20:44.0100","2018-12-31 12:22:06.3250",3275,"Columbus Drive",40.71835519823214,-74.03891444206238,3187,"Warren St",40.7211236,-74.03805095,26174,"Subscriber",1944,1
238,"2018-12-31 12:37:13.0730","2018-12-31 12:41:11.1130",3275,"Columbus Drive",40.71835519823214,-74.03891444206238,3272,"Jersey & 3rd",40.72333158646436,-74.04595255851744,26264,"Subscriber",1963,1
279,"2018-12-31 12:42:53.3470","2018-12-31 12:47:32.9010",3275,"Columbus Drive",40.71835519823214,-74.03891444206238,3185,"City Hall",40.7177325,-74.043845,29290,"Subscriber",1991,1
271,"2018-12-31 12:42:59.3620","2018-12-31 12:47:30.8020",3275,"Columbus Drive",40.71835519823214,-74.03891444206238,3185,"City Hall",40.7177325,-74.043845,26197,"Subscriber",1993,2
165,"2018-12-01 08:53:55.3960","2018-12-01 08:56:40.6560",3276,"Marin Light Rail",40.71458403535893,-74.04281705617905,3214,"Essex Light Rail",40.7127742,-74.0364857,29593,"Subscriber",1979,1
491,"2018-12-01 09:44:53.3960","2018-12-01 09:53:05.1190",3276,"Marin Light Rail",40.71458403535893,-74.04281705617905,3278,"Monmouth and 6th",40.72568548362901,-74.04879033565521,29219,"Subscriber",1979,2
8525,"2018-12-01 09:52:58.7500","2018-12-01 12:15:04.1620",3276,"Marin Light Rail",40.71458403535893,-74.04281705617905,3276,"Marin Light Rail",40.71458403535893,-74.04281705617905,33781,"Subscriber",1963,1
253,"2018-12-01 10:10:40.7230","2018-12-01 10:14:53.9390",3276,"Marin Light Rail",40.71458403535893,-74.04281705617905,3213,"Van Vorst Park",40.71848892,-74.047726625,29489,"Subscriber",1979,1
265,"2018-12-01 11:02:33.3060","2018-12-01 11:06:58.5550",3276,"Marin Light Rail",40.71458403535893,-74.04281705617905,3187,"Warren St",40.7211236,-74.03805095,29531,"Subscriber",1992,1
159,"2018-12-01 11:04:37.6990","2018-12-01 11:07:16.8210",3276,"Marin Light Rail",40.71458403535893,-74.04281705617905,3186,"Grove St PATH",40.71958611647166,-74.04311746358871,29246,"Subscriber",1986,1
529,"2018-12-01 11:12:07.7770","2018-12-01 11:20:56.8990",3276,"Marin Light Rail",40.71458403535893,-74.04281705617905,3276,"Marin Light Rail",40.71458403535893,-74.04281705617905,29262,"Subscriber",1962,1
340,"2018-12-01 11:41:04.4080","2018-12-01 11:46:44.5020",3276,"Marin Light Rail",40.71458403535893,-74.04281705617905,3187,"Warren St",40.7211236,-74.03805095,26205,"Subscriber",1989,2
218,"2018-12-01 11:57:28.7950","2018-12-01 12:01:06.8000",3276,"Marin Light Rail",40.71458403535893,-74.04281705617905,3267,"Morris Canal",40.7124188237569,-74.03852552175522,29583,"Customer",1994,2
486,"2018-12-01 11:59:05.5780","2018-12-01 12:07:12.3750",3276,"Marin Light Rail",40.71458403535893,-74.04281705617905,3202,"Newport PATH",40.7272235,-74.0337589,29521,"Subscriber",1979,2
645,"2018-12-01 12:39:54.8940","2018-12-01 12:50:40.5780",3276,"Marin Light Rail",40.71458403535893,-74.04281705617905,3199,"Newport Pkwy",40.7287448,-74.0321082,33781,"Subscriber",1963,1
630,"2018-12-01 12:40:14.4620","2018-12-01 12:50:44.8690",3276,"Marin Light Rail",40.71458403535893,-74.04281705617905,3199,"Newport Pkwy",40.7287448,-74.0321082,29473,"Subscriber",1964,2
212,"2018-12-01 13:19:08.7130","2018-12-01 13:22:41.1980",3276,"Marin Light Rail",40.71458403535893,-74.04281705617905,3186,"Grove St PATH",40.71958611647166,-74.04311746358871,29535,"Subscriber",1989,1
190,"2018-12-01 13:19:33.0510","2018-12-01 13:22:43.1570",3276,"Marin Light Rail",40.71458403535893,-74.04281705617905,3186,"Grove St PATH",40.71958611647166,-74.04311746358871,29455,"Subscriber",1989,2
234,"2018-12-01 13:20:10.2710","2018-12-01 13:24:04.4060",3276,"Marin Light Rail",40.71458403535893,-74.04281705617905,3186,"Grove St PATH",40.71958611647166,-74.04311746358871,29213,"Subscriber",1979,1
262,"2018-12-01 13:29:30.2610","2018-12-01 13:33:52.6180",3276,"Marin Light Rail",40.71458403535893,-74.04281705617905,3681,"Grand St",40.71517767732029,-74.03768330812454,26200,"Subscriber",1982,1
197,"2018-12-01 13:49:17.2730","2018-12-01 13:52:34.8800",3276,"Marin Light Rail",40.71458403535893,-74.04281705617905,3186,"Grove St PATH",40.71958611647166,-74.04311746358871,29623,"Subscriber",1979,1
313,"2018-12-01 14:13:28.4280","2018-12-01 14:18:42.0920",3276,"Marin Light Rail",40.71458403535893,-74.04281705617905,3186,"Grove St PATH",40.71958611647166,-74.04311746358871,29233,"Subscriber",1967,1
108,"2018-12-01 14:43:08.2270","2018-12-01 14:44:57.1870",3276,"Marin Light Rail",40.71458403535893,-74.04281705617905,3481,"York St",40.71649,-74.04105,29457,"Subscriber",1980,1
522,"2018-12-01 14:50:22.9760","2018-12-01 14:59:05.4480",3276,"Marin Light Rail",40.71458403535893,-74.04281705617905,3638,"Washington St",40.7242941,-74.0354826,29502,"Subscriber",1975,1
149,"2018-12-01 15:24:21.2930","2018-12-01 15:26:50.5730",3276,"Marin Light Rail",40.71458403535893,-74.04281705617905,3681,"Grand St",40.71517767732029,-74.03768330812454,29252,"Subscriber",1972,1
172,"2018-12-01 15:40:21.0530","2018-12-01 15:43:13.5040",3276,"Marin Light Rail",40.71458403535893,-74.04281705617905,3267,"Morris Canal",40.7124188237569,-74.03852552175522,29262,"Subscriber",1977,1
219,"2018-12-01 17:00:58.5420","2018-12-01 17:04:37.7970",3276,"Marin Light Rail",40.71458403535893,-74.04281705617905,3186,"Grove St PATH",40.71958611647166,-74.04311746358871,29475,"Subscriber",1960,1
220,"2018-12-01 17:01:06.3800","2018-12-01 17:04:47.1850",3276,"Marin Light Rail",40.71458403535893,-74.04281705617905,3186,"Grove St PATH",40.71958611647166,-74.04311746358871,26152,"Subscriber",1990,1
215,"2018-12-01 20:13:42.0760","2018-12-01 20:17:17.8350",3276,"Marin Light Rail",40.71458403535893,-74.04281705617905,3186,"Grove St PATH",40.71958611647166,-74.04311746358871,29272,"Customer",1982,1
619,"2018-12-01 20:15:49.6800","2018-12-01 20:26:09.2390",3276,"Marin Light Rail",40.71458403535893,-74.04281705617905,3270,"Jersey & 6th St",40.72528910781132,-74.04557168483734,29659,"Subscriber",1977,2
257,"2018-12-02 05:02:04.6200","2018-12-02 05:06:21.8990",3276,"Marin Light Rail",40.71458403535893,-74.04281705617905,3275,"Columbus Drive",40.71835519823214,-74.03891444206238,29258,"Subscriber",1988,1
301,"2018-12-02 09:17:37.6910","2018-12-02 09:22:39.0930",3276,"Marin Light Rail",40.71458403535893,-74.04281705617905,3187,"Warren St",40.7211236,-74.03805095,26213,"Subscriber",1987,2
152,"2018-12-02 11:03:06.4510","2018-12-02 11:05:39.1570",3276,"Marin Light Rail",40.71458403535893,-74.04281705617905,3186,"Grove St PATH",40.71958611647166,-74.04311746358871,29538,"Subscriber",1986,1
723,"2018-12-02 11:53:43.4330","2018-12-02 12:05:47.0550",3276,"Marin Light Rail",40.71458403535893,-74.04281705617905,3278,"Monmouth and 6th",40.72568548362901,-74.04879033565521,29521,"Subscriber",1977,2
195,"2018-12-02 13:23:56.9680","2018-12-02 13:27:12.0010",3276,"Marin Light Rail",40.71458403535893,-74.04281705617905,3186,"Grove St PATH",40.71958611647166,-74.04311746358871,26243,"Subscriber",1967,1
254,"2018-12-02 13:46:11.1980","2018-12-02 13:50:26.0470",3276,"Marin Light Rail",40.71458403535893,-74.04281705617905,3186,"Grove St PATH",40.71958611647166,-74.04311746358871,29490,"Subscriber",1979,1
258,"2018-12-02 13:46:12.5120","2018-12-02 13:50:31.0570",3276,"Marin Light Rail",40.71458403535893,-74.04281705617905,3186,"Grove St PATH",40.71958611647166,-74.04311746358871,29538,"Subscriber",1982,1
191,"2018-12-02 14:46:11.2200","2018-12-02 14:49:22.6960",3276,"Marin Light Rail",40.71458403535893,-74.04281705617905,3184,"Paulus Hook",40.7141454,-74.0335519,29457,"Subscriber",1967,1
354,"2018-12-02 16:20:56.5730","2018-12-02 16:26:51.0740",3276,"Marin Light Rail",40.71458403535893,-74.04281705617905,3187,"Warren St",40.7211236,-74.03805095,29252,"Subscriber",1976,2
381,"2018-12-02 16:28:22.2050","2018-12-02 16:34:43.5200",3276,"Marin Light Rail",40.71458403535893,-74.04281705617905,3270,"Jersey & 6th St",40.72528910781132,-74.04557168483734,29221,"Subscriber",1989,1
323,"2018-12-02 16:43:25.5930","2018-12-02 16:48:48.8150",3276,"Marin Light Rail",40.71458403535893,-74.04281705617905,3186,"Grove St PATH",40.71958611647166,-74.04311746358871,29610,"Subscriber",1984,1
316,"2018-12-02 16:46:52.8770","2018-12-02 16:52:08.9040",3276,"Marin Light Rail",40.71458403535893,-74.04281705617905,3186,"Grove St PATH",40.71958611647166,-74.04311746358871,29489,"Subscriber",1970,1
316,"2018-12-02 18:15:25.1870","2018-12-02 18:20:41.6340",3276,"Marin Light Rail",40.71458403535893,-74.04281705617905,3183,"Exchange Place",40.7162469,-74.0334588,29252,"Subscriber",1991,1
404,"2018-12-02 18:19:11.2930","2018-12-02 18:25:56.2270",3276,"Marin Light Rail",40.71458403535893,-74.04281705617905,3187,"Warren St",40.7211236,-74.03805095,26190,"Subscriber",1982,1
332,"2018-12-03 06:06:10.1410","2018-12-03 06:11:42.5400",3276,"Marin Light Rail",40.71458403535893,-74.04281705617905,3638,"Washington St",40.7242941,-74.0354826,29489,"Subscriber",1979,1
190,"2018-12-03 06:15:38.0750","2018-12-03 06:18:48.5020",3276,"Marin Light Rail",40.71458403535893,-74.04281705617905,3186,"Grove St PATH",40.71958611647166,-74.04311746358871,26164,"Subscriber",1979,2
150,"2018-12-03 06:37:49.8880","2018-12-03 06:40:20.4230",3276,"Marin Light Rail",40.71458403535893,-74.04281705617905,3186,"Grove St PATH",40.71958611647166,-74.04311746358871,29221,"Subscriber",1980,1
252,"2018-12-03 06:54:44.9110","2018-12-03 06:58:57.0630",3276,"Marin Light Rail",40.71458403535893,-74.04281705617905,3186,"Grove St PATH",40.71958611647166,-74.04311746358871,29545,"Subscriber",1989,1
184,"2018-12-03 07:33:57.2180","2018-12-03 07:37:01.5250",3276,"Marin Light Rail",40.71458403535893,-74.04281705617905,3186,"Grove St PATH",40.71958611647166,-74.04311746358871,26257,"Subscriber",1986,1
446,"2018-12-03 07:47:33.4990","2018-12-03 07:55:00.3800",3276,"Marin Light Rail",40.71458403535893,-74.04281705617905,3638,"Washington St",40.7242941,-74.0354826,29228,"Subscriber",1990,1
167,"2018-12-03 07:49:20.9670","2018-12-03 07:52:07.9960",3276,"Marin Light Rail",40.71458403535893,-74.04281705617905,3214,"Essex Light Rail",40.7127742,-74.0364857,29597,"Subscriber",1989,1
233,"2018-12-03 09:12:08.3420","2018-12-03 09:16:02.3280",3276,"Marin Light Rail",40.71458403535893,-74.04281705617905,3183,"Exchange Place",40.7162469,-74.0334588,29260,"Subscriber",1982,1
235,"2018-12-03 09:20:42.1380","2018-12-03 09:24:37.7780",3276,"Marin Light Rail",40.71458403535893,-74.04281705617905,3186,"Grove St PATH",40.71958611647166,-74.04311746358871,29225,"Subscriber",1989,1
196,"2018-12-03 09:29:32.5150","2018-12-03 09:32:49.1770",3276,"Marin Light Rail",40.71458403535893,-74.04281705617905,3186,"Grove St PATH",40.71958611647166,-74.04311746358871,29682,"Subscriber",1984,1
175,"2018-12-03 09:32:37.5580","2018-12-03 09:35:33.3780",3276,"Marin Light Rail",40.71458403535893,-74.04281705617905,3186,"Grove St PATH",40.71958611647166,-74.04311746358871,26152,"Subscriber",1989,1
276,"2018-12-03 10:09:09.1320","2018-12-03 10:13:45.1760",3276,"Marin Light Rail",40.71458403535893,-74.04281705617905,3186,"Grove St PATH",40.71958611647166,-74.04311746358871,29493,"Subscriber",1991,1
214,"2018-12-03 11:19:48.2760","2018-12-03 11:23:22.4950",3276,"Marin Light Rail",40.71458403535893,-74.04281705617905,3186,"Grove St PATH",40.71958611647166,-74.04311746358871,29636,"Subscriber",1970,1
194,"2018-12-03 11:28:49.5950","2018-12-03 11:32:03.6090",3276,"Marin Light Rail",40.71458403535893,-74.04281705617905,3186,"Grove St PATH",40.71958611647166,-74.04311746358871,29441,"Subscriber",1972,1
2782,"2018-12-03 11:32:14.7770","2018-12-03 12:18:36.8430",3276,"Marin Light Rail",40.71458403535893,-74.04281705617905,3267,"Morris Canal",40.7124188237569,-74.03852552175522,26159,"Subscriber",1968,1
314,"2018-12-03 11:55:43.5860","2018-12-03 12:00:58.3730",3276,"Marin Light Rail",40.71458403535893,-74.04281705617905,3211,"Newark Ave",40.72152515,-74.046304543,26254,"Subscriber",1985,1
321,"2018-12-03 16:58:07.2060","2018-12-03 17:03:28.9440",3276,"Marin Light Rail",40.71458403535893,-74.04281705617905,3186,"Grove St PATH",40.71958611647166,-74.04311746358871,29490,"Subscriber",1991,1
265,"2018-12-03 16:59:10.0850","2018-12-03 17:03:35.3020",3276,"Marin Light Rail",40.71458403535893,-74.04281705617905,3187,"Warren St",40.7211236,-74.03805095,29643,"Subscriber",1989,1
193,"2018-12-03 17:14:25.7570","2018-12-03 17:17:39.6810",3276,"Marin Light Rail",40.71458403535893,-74.04281705617905,3186,"Grove St PATH",40.71958611647166,-74.04311746358871,26261,"Subscriber",1958,1
279,"2018-12-03 17:34:46.2490","2018-12-03 17:39:25.3620",3276,"Marin Light Rail",40.71458403535893,-74.04281705617905,3183,"Exchange Place",40.7162469,-74.0334588,26188,"Subscriber",1985,1
149,"2018-12-03 18:37:31.9410","2018-12-03 18:40:01.8190",3276,"Marin Light Rail",40.71458403535893,-74.04281705617905,3186,"Grove St PATH",40.71958611647166,-74.04311746358871,29636,"Subscriber",1986,1
226,"2018-12-03 18:48:32.4540","2018-12-03 18:52:18.6130",3276,"Marin Light Rail",40.71458403535893,-74.04281705617905,3186,"Grove St PATH",40.71958611647166,-74.04311746358871,29592,"Subscriber",1972,1
166,"2018-12-03 19:31:51.7990","2018-12-03 19:34:38.3480",3276,"Marin Light Rail",40.71458403535893,-74.04281705617905,3267,"Morris Canal",40.7124188237569,-74.03852552175522,29513,"Subscriber",1959,1
209,"2018-12-03 21:20:38.7620","2018-12-03 21:24:07.9740",3276,"Marin Light Rail",40.71458403535893,-74.04281705617905,3275,"Columbus Drive",40.71835519823214,-74.03891444206238,26158,"Subscriber",1994,1
200,"2018-12-04 06:08:36.5880","2018-12-04 06:11:57.0010",3276,"Marin Light Rail",40.71458403535893,-74.04281705617905,3186,"Grove St PATH",40.71958611647166,-74.04311746358871,26152,"Subscriber",1980,1
603,"2018-12-04 06:48:08.4740","2018-12-04 06:58:11.7710",3276,"Marin Light Rail",40.71458403535893,-74.04281705617905,3269,"Brunswick & 6th",40.72601172964625,-74.05038893222809,26291,"Subscriber",1989,1
243,"2018-12-04 06:48:06.0490","2018-12-04 06:52:09.2980",3276,"Marin Light Rail",40.71458403535893,-74.04281705617905,3186,"Grove St PATH",40.71958611647166,-74.04311746358871,26290,"Subscriber",1989,1
156,"2018-12-04 06:52:37.9160","2018-12-04 06:55:14.7740",3276,"Marin Light Rail",40.71458403535893,-74.04281705617905,3186,"Grove St PATH",40.71958611647166,-74.04311746358871,29459,"Subscriber",1979,1
399,"2018-12-04 07:40:28.5310","2018-12-04 07:47:07.7720",3276,"Marin Light Rail",40.71458403535893,-74.04281705617905,3638,"Washington St",40.7242941,-74.0354826,29214,"Subscriber",1990,1
186,"2018-12-04 07:59:42.4750","2018-12-04 08:02:48.5290",3276,"Marin Light Rail",40.71458403535893,-74.04281705617905,3214,"Essex Light Rail",40.7127742,-74.0364857,29605,"Subscriber",1994,1
237,"2018-12-04 08:06:21.0880","2018-12-04 08:10:18.7070",3276,"Marin Light Rail",40.71458403535893,-74.04281705617905,3186,"Grove St PATH",40.71958611647166,-74.04311746358871,29527,"Subscriber",1986,1
155,"2018-12-04 08:08:20.6950","2018-12-04 08:10:56.5350",3276,"Marin Light Rail",40.71458403535893,-74.04281705617905,3186,"Grove St PATH",40.71958611647166,-74.04311746358871,29497,"Subscriber",1991,1
273,"2018-12-04 08:27:42.1970","2018-12-04 08:32:16.0780",3276,"Marin Light Rail",40.71458403535893,-74.04281705617905,3183,"Exchange Place",40.7162469,-74.0334588,29494,"Subscriber",1986,1
268,"2018-12-04 08:32:31.3260","2018-12-04 08:36:59.5500",3276,"Marin Light Rail",40.71458403535893,-74.04281705617905,3184,"Paulus Hook",40.7141454,-74.0335519,29269,"Subscriber",1989,2
136,"2018-12-04 08:33:37.3130","2018-12-04 08:35:54.1440",3276,"Marin Light Rail",40.71458403535893,-74.04281705617905,3185,"City Hall",40.7177325,-74.043845,29499,"Subscriber",1989,1
247,"2018-12-04 08:37:38.1110","2018-12-04 08:41:45.7090",3276,"Marin Light Rail",40.71458403535893,-74.04281705617905,3183,"Exchange Place",40.7162469,-74.0334588,29531,"Subscriber",1993,1
155,"2018-12-04 08:47:49.2300","2018-12-04 08:50:24.2470",3276,"Marin Light Rail",40.71458403535893,-74.04281705617905,3186,"Grove St PATH",40.71958611647166,-74.04311746358871,29209,"Subscriber",1979,1
255,"2018-12-04 09:07:31.6700","2018-12-04 09:11:46.8500",3276,"Marin Light Rail",40.71458403535893,-74.04281705617905,3183,"Exchange Place",40.7162469,-74.0334588,29438,"Subscriber",1982,1
596,"2018-12-04 10:31:27.8050","2018-12-04 10:41:24.4370",3276,"Marin Light Rail",40.71458403535893,-74.04281705617905,3183,"Exchange Place",40.7162469,-74.0334588,26251,"Subscriber",1985,1
185,"2018-12-04 10:49:02.7260","2018-12-04 10:52:08.0430",3276,"Marin Light Rail",40.71458403535893,-74.04281705617905,3186,"Grove St PATH",40.71958611647166,-74.04311746358871,29197,"Subscriber",1989,1
362,"2018-12-04 14:17:52.6380","2018-12-04 14:23:55.1920",3276,"Marin Light Rail",40.71458403535893,-74.04281705617905,3639,"Harborside",40.7192517,-74.034234,26304,"Subscriber",1963,1
559,"2018-12-04 14:55:08.3490","2018-12-04 15:04:27.8170",3276,"Marin Light Rail",40.71458403535893,-74.04281705617905,3276,"Marin Light Rail",40.71458403535893,-74.04281705617905,29500,"Subscriber",1980,1
451,"2018-12-04 15:31:15.9690","2018-12-04 15:38:47.7510",3276,"Marin Light Rail",40.71458403535893,-74.04281705617905,3186,"Grove St PATH",40.71958611647166,-74.04311746358871,29500,"Subscriber",1971,2
191,"2018-12-04 16:03:54.5020","2018-12-04 16:07:05.7520",3276,"Marin Light Rail",40.71458403535893,-74.04281705617905,3186,"Grove St PATH",40.71958611647166,-74.04311746358871,29126,"Subscriber",1987,2
1672,"2018-12-04 16:21:02.2770","2018-12-04 16:48:55.0320",3276,"Marin Light Rail",40.71458403535893,-74.04281705617905,3198,"Heights Elevator",40.748715945380226,-74.04044330120087,26158,"Subscriber",1972,1
179,"2018-12-04 16:42:13.5200","2018-12-04 16:45:12.7140",3276,"Marin Light Rail",40.71458403535893,-74.04281705617905,3186,"Grove St PATH",40.71958611647166,-74.04311746358871,29508,"Subscriber",1991,1
172,"2018-12-04 17:28:11.2570","2018-12-04 17:31:03.6590",3276,"Marin Light Rail",40.71458403535893,-74.04281705617905,3186,"Grove St PATH",40.71958611647166,-74.04311746358871,29123,"Subscriber",1991,1
154,"2018-12-04 17:53:10.6890","2018-12-04 17:55:44.8110",3276,"Marin Light Rail",40.71458403535893,-74.04281705617905,3186,"Grove St PATH",40.71958611647166,-74.04311746358871,29245,"Subscriber",1986,1
226,"2018-12-04 18:45:06.7400","2018-12-04 18:48:53.2860",3276,"Marin Light Rail",40.71458403535893,-74.04281705617905,3275,"Columbus Drive",40.71835519823214,-74.03891444206238,26260,"Subscriber",1985,1
365,"2018-12-05 05:52:23.4790","2018-12-05 05:58:28.8320",3276,"Marin Light Rail",40.71458403535893,-74.04281705617905,3209,"Brunswick St",40.7241765,-74.0506564,29500,"Subscriber",1978,1
188,"2018-12-05 06:10:24.0580","2018-12-05 06:13:32.5660",3276,"Marin Light Rail",40.71458403535893,-74.04281705617905,3186,"Grove St PATH",40.71958611647166,-74.04311746358871,26152,"Subscriber",1980,1
170,"2018-12-05 06:55:45.3090","2018-12-05 06:58:35.9190",3276,"Marin Light Rail",40.71458403535893,-74.04281705617905,3186,"Grove St PATH",40.71958611647166,-74.04311746358871,29528,"Subscriber",1979,1
190,"2018-12-05 07:35:11.6730","2018-12-05 07:38:22.4100",3276,"Marin Light Rail",40.71458403535893,-74.04281705617905,3184,"Paulus Hook",40.7141454,-74.0335519,29457,"Subscriber",1988,1
213,"2018-12-05 07:44:02.6670","2018-12-05 07:47:36.6240",3276,"Marin Light Rail",40.71458403535893,-74.04281705617905,3186,"Grove St PATH",40.71958611647166,-74.04311746358871,29602,"Subscriber",1986,1
448,"2018-12-05 07:47:31.1140","2018-12-05 07:54:59.1760",3276,"Marin Light Rail",40.71458403535893,-74.04281705617905,3638,"Washington St",40.7242941,-74.0354826,29120,"Subscriber",1990,1
227,"2018-12-05 07:56:45.0410","2018-12-05 08:00:32.9800",3276,"Marin Light Rail",40.71458403535893,-74.04281705617905,3183,"Exchange Place",40.7162469,-74.0334588,29484,"Subscriber",1981,1
197,"2018-12-05 08:25:20.1600","2018-12-05 08:28:38.0090",3276,"Marin Light Rail",40.71458403535893,-74.04281705617905,3186,"Grove St PATH",40.71958611647166,-74.04311746358871,26275,"Subscriber",1991,1
170,"2018-12-05 08:29:45.2410","2018-12-05 08:32:35.9470",3276,"Marin Light Rail",40.71458403535893,-74.04281705617905,3185,"City Hall",40.7177325,-74.043845,29487,"Subscriber",1973,1
151,"2018-12-05 08:37:42.7230","2018-12-05 08:40:14.4140",3276,"Marin Light Rail",40.71458403535893,-74.04281705617905,3185,"City Hall",40.7177325,-74.043845,29297,"Subscriber",1989,1
220,"2018-12-05 08:42:54.1570","2018-12-05 08:46:35.1210",3276,"Marin Light Rail",40.71458403535893,-74.04281705617905,3183,"Exchange Place",40.7162469,-74.0334588,29298,"Subscriber",1986,1
240,"2018-12-05 08:44:36.0960","2018-12-05 08:48:36.5830",3276,"Marin Light Rail",40.71458403535893,-74.04281705617905,3186,"Grove St PATH",40.71958611647166,-74.04311746358871,29611,"Subscriber",1987,1
183,"2018-12-05 08:45:33.7510","2018-12-05 08:48:37.5740",3276,"Marin Light Rail",40.71458403535893,-74.04281705617905,3186,"Grove St PATH",40.71958611647166,-74.04311746358871,29639,"Subscriber",1979,1
247,"2018-12-05 09:03:44.1080","2018-12-05 09:07:51.4240",3276,"Marin Light Rail",40.71458403535893,-74.04281705617905,3183,"Exchange Place",40.7162469,-74.0334588,29536,"Subscriber",1982,1
244,"2018-12-05 09:21:36.7500","2018-12-05 09:25:41.1590",3276,"Marin Light Rail",40.71458403535893,-74.04281705617905,3186,"Grove St PATH",40.71958611647166,-74.04311746358871,26241,"Subscriber",1989,1
188,"2018-12-05 09:42:16.5960","2018-12-05 09:45:24.8210",3276,"Marin Light Rail",40.71458403535893,-74.04281705617905,3186,"Grove St PATH",40.71958611647166,-74.04311746358871,29665,"Subscriber",1984,1
663,"2018-12-05 09:43:21.4910","2018-12-05 09:54:25.2780",3276,"Marin Light Rail",40.71458403535893,-74.04281705617905,3183,"Exchange Place",40.7162469,-74.0334588,29203,"Subscriber",1985,1
266,"2018-12-05 09:59:12.1890","2018-12-05 10:03:38.3900",3276,"Marin Light Rail",40.71458403535893,-74.04281705617905,3186,"Grove St PATH",40.71958611647166,-74.04311746358871,29445,"Subscriber",1991,1
189,"2018-12-05 11:02:10.9630","2018-12-05 11:05:20.2690",3276,"Marin Light Rail",40.71458403535893,-74.04281705617905,3186,"Grove St PATH",40.71958611647166,-74.04311746358871,29586,"Subscriber",1983,1
201,"2018-12-05 11:08:23.8990","2018-12-05 11:11:45.2210",3276,"Marin Light Rail",40.71458403535893,-74.04281705617905,3186,"Grove St PATH",40.71958611647166,-74.04311746358871,29662,"Subscriber",1989,1
144,"2018-12-05 12:20:35.3310","2018-12-05 12:22:59.4410",3276,"Marin Light Rail",40.71458403535893,-74.04281705617905,3185,"City Hall",40.7177325,-74.043845,29298,"Subscriber",1970,1
351,"2018-12-05 16:35:47.6980","2018-12-05 16:41:38.7630",3276,"Marin Light Rail",40.71458403535893,-74.04281705617905,3211,"Newark Ave",40.72152515,-74.046304543,26284,"Subscriber",1990,1
591,"2018-12-05 19:00:19.4980","2018-12-05 19:10:10.6770",3276,"Marin Light Rail",40.71458403535893,-74.04281705617905,3202,"Newport PATH",40.7272235,-74.0337589,26301,"Subscriber",1982,1
267,"2018-12-06 06:12:55.9270","2018-12-06 06:17:23.4270",3276,"Marin Light Rail",40.71458403535893,-74.04281705617905,3186,"Grove St PATH",40.71958611647166,-74.04311746358871,26192,"Subscriber",1979,2
138,"2018-12-06 06:21:14.7260","2018-12-06 06:23:33.6940",3276,"Marin Light Rail",40.71458403535893,-74.04281705617905,3186,"Grove St PATH",40.71958611647166,-74.04311746358871,29623,"Subscriber",1980,1
672,"2018-12-06 06:49:56.5210","2018-12-06 07:01:08.7880",3276,"Marin Light Rail",40.71458403535893,-74.04281705617905,3269,"Brunswick & 6th",40.72601172964625,-74.05038893222809,29496,"Subscriber",1989,1
186,"2018-12-06 06:57:04.6490","2018-12-06 07:00:11.0540",3276,"Marin Light Rail",40.71458403535893,-74.04281705617905,3186,"Grove St PATH",40.71958611647166,-74.04311746358871,26248,"Subscriber",1979,1
201,"2018-12-06 07:03:47.4820","2018-12-06 07:07:08.7570",3276,"Marin Light Rail",40.71458403535893,-74.04281705617905,3186,"Grove St PATH",40.71958611647166,-74.04311746358871,29243,"Subscriber",1989,1
156,"2018-12-06 07:14:19.4500","2018-12-06 07:16:55.5730",3276,"Marin Light Rail",40.71458403535893,-74.04281705617905,3186,"Grove St PATH",40.71958611647166,-74.04311746358871,29586,"Subscriber",1967,1
224,"2018-12-06 07:36:28.8070","2018-12-06 07:40:13.5080",3276,"Marin Light Rail",40.71458403535893,-74.04281705617905,3186,"Grove St PATH",40.71958611647166,-74.04311746358871,26203,"Subscriber",1986,1
204,"2018-12-06 07:38:22.2570","2018-12-06 07:41:46.8820",3276,"Marin Light Rail",40.71458403535893,-74.04281705617905,3184,"Paulus Hook",40.7141454,-74.0335519,29653,"Subscriber",1965,1
212,"2018-12-06 07:40:02.3010","2018-12-06 07:43:35.0870",3276,"Marin Light Rail",40.71458403535893,-74.04281705617905,3186,"Grove St PATH",40.71958611647166,-74.04311746358871,33781,"Subscriber",1979,1
410,"2018-12-06 07:53:02.3780","2018-12-06 07:59:52.7000",3276,"Marin Light Rail",40.71458403535893,-74.04281705617905,3638,"Washington St",40.7242941,-74.0354826,29482,"Subscriber",1990,1
230,"2018-12-06 07:53:25.7890","2018-12-06 07:57:16.7730",3276,"Marin Light Rail",40.71458403535893,-74.04281705617905,3183,"Exchange Place",40.7162469,-74.0334588,29231,"Subscriber",1981,1
170,"2018-12-06 07:56:37.0660","2018-12-06 07:59:27.1550",3276,"Marin Light Rail",40.71458403535893,-74.04281705617905,3214,"Essex Light Rail",40.7127742,-74.0364857,29259,"Subscriber",1994,1
188,"2018-12-06 08:03:56.0960","2018-12-06 08:07:04.5210",3276,"Marin Light Rail",40.71458403535893,-74.04281705617905,3186,"Grove St PATH",40.71958611647166,-74.04311746358871,29594,"Subscriber",1986,1
200,"2018-12-06 08:18:31.9710","2018-12-06 08:21:52.3380",3276,"Marin Light Rail",40.71458403535893,-74.04281705617905,3186,"Grove St PATH",40.71958611647166,-74.04311746358871,29662,"Subscriber",1991,1
277,"2018-12-06 08:23:52.4870","2018-12-06 08:28:29.6610",3276,"Marin Light Rail",40.71458403535893,-74.04281705617905,3183,"Exchange Place",40.7162469,-74.0334588,29597,"Subscriber",1993,1
262,"2018-12-06 08:28:14.8430","2018-12-06 08:32:37.4440",3276,"Marin Light Rail",40.71458403535893,-74.04281705617905,3183,"Exchange Place",40.7162469,-74.0334588,29237,"Subscriber",1986,1
269,"2018-12-06 08:32:48.9050","2018-12-06 08:37:18.2110",3276,"Marin Light Rail",40.71458403535893,-74.04281705617905,3184,"Paulus Hook",40.7141454,-74.0335519,26160,"Subscriber",1989,2
184,"2018-12-06 08:45:05.6400","2018-12-06 08:48:09.7940",3276,"Marin Light Rail",40.71458403535893,-74.04281705617905,3185,"City Hall",40.7177325,-74.043845,26242,"Subscriber",1989,1
241,"2018-12-06 09:00:51.2650","2018-12-06 09:04:52.3990",3276,"Marin Light Rail",40.71458403535893,-74.04281705617905,3183,"Exchange Place",40.7162469,-74.0334588,29645,"Subscriber",1982,1
140,"2018-12-06 09:34:40.2530","2018-12-06 09:37:01.0310",3276,"Marin Light Rail",40.71458403535893,-74.04281705617905,3186,"Grove St PATH",40.71958611647166,-74.04311746358871,29221,"Subscriber",1984,1
270,"2018-12-06 09:36:54.0040","2018-12-06 09:41:24.8290",3276,"Marin Light Rail",40.71458403535893,-74.04281705617905,3184,"Paulus Hook",40.7141454,-74.0335519,26273,"Subscriber",1975,2
222,"2018-12-06 10:53:33.5440","2018-12-06 10:57:16.1480",3276,"Marin Light Rail",40.71458403535893,-74.04281705617905,3183,"Exchange Place",40.7162469,-74.0334588,29474,"Subscriber",1984,1
305,"2018-12-06 11:21:17.6410","2018-12-06 11:26:23.0340",3276,"Marin Light Rail",40.71458403535893,-74.04281705617905,3183,"Exchange Place",40.7162469,-74.0334588,29589,"Subscriber",1985,1
178,"2018-12-06 15:53:54.3430","2018-12-06 15:56:52.9860",3276,"Marin Light Rail",40.71458403535893,-74.04281705617905,3186,"Grove St PATH",40.71958611647166,-74.04311746358871,29604,"Subscriber",1989,1
641,"2018-12-06 17:12:44.7960","2018-12-06 17:23:26.5070",3276,"Marin Light Rail",40.71458403535893,-74.04281705617905,3272,"Jersey & 3rd",40.72333158646436,-74.04595255851744,29273,"Subscriber",1984,2
171,"2018-12-06 18:07:17.6660","2018-12-06 18:10:09.6110",3276,"Marin Light Rail",40.71458403535893,-74.04281705617905,3186,"Grove St PATH",40.71958611647166,-74.04311746358871,29231,"Subscriber",1986,1
249,"2018-12-06 18:45:10.0280","2018-12-06 18:49:19.3870",3276,"Marin Light Rail",40.71458403535893,-74.04281705617905,3186,"Grove St PATH",40.71958611647166,-74.04311746358871,26211,"Subscriber",1972,1
244,"2018-12-06 21:10:11.7010","2018-12-06 21:14:15.7170",3276,"Marin Light Rail",40.71458403535893,-74.04281705617905,3275,"Columbus Drive",40.71835519823214,-74.03891444206238,29642,"Subscriber",1994,1
179,"2018-12-07 05:37:12.2810","2018-12-07 05:40:12.0630",3276,"Marin Light Rail",40.71458403535893,-74.04281705617905,3186,"Grove St PATH",40.71958611647166,-74.04311746358871,29220,"Subscriber",1979,2
302,"2018-12-07 06:04:31.6380","2018-12-07 06:09:33.6420",3276,"Marin Light Rail",40.71458403535893,-74.04281705617905,3186,"Grove St PATH",40.71958611647166,-74.04311746358871,26196,"Subscriber",1981,2
172,"2018-12-07 06:20:35.0420","2018-12-07 06:23:27.8920",3276,"Marin Light Rail",40.71458403535893,-74.04281705617905,3186,"Grove St PATH",40.71958611647166,-74.04311746358871,29490,"Subscriber",1980,1
591,"2018-12-07 06:48:28.0080","2018-12-07 06:58:19.1480",3276,"Marin Light Rail",40.71458403535893,-74.04281705617905,3269,"Brunswick & 6th",40.72601172964625,-74.05038893222809,26273,"Subscriber",1989,1
232,"2018-12-07 06:54:48.1420","2018-12-07 06:58:40.1610",3276,"Marin Light Rail",40.71458403535893,-74.04281705617905,3186,"Grove St PATH",40.71958611647166,-74.04311746358871,26213,"Subscriber",1989,1
208,"2018-12-07 07:08:27.4220","2018-12-07 07:11:56.3400",3276,"Marin Light Rail",40.71458403535893,-74.04281705617905,3186,"Grove St PATH",40.71958611647166,-74.04311746358871,29508,"Subscriber",1979,1
202,"2018-12-07 07:35:19.9880","2018-12-07 07:38:42.1670",3276,"Marin Light Rail",40.71458403535893,-74.04281705617905,3186,"Grove St PATH",40.71958611647166,-74.04311746358871,26255,"Subscriber",1986,1
265,"2018-12-07 07:44:19.3140","2018-12-07 07:48:44.4770",3276,"Marin Light Rail",40.71458403535893,-74.04281705617905,3186,"Grove St PATH",40.71958611647166,-74.04311746358871,29448,"Subscriber",1986,1
257,"2018-12-07 08:08:00.3810","2018-12-07 08:12:17.9210",3276,"Marin Light Rail",40.71458403535893,-74.04281705617905,3183,"Exchange Place",40.7162469,-74.0334588,29491,"Subscriber",1981,1
119,"2018-12-07 08:10:24.1960","2018-12-07 08:12:23.8060",3276,"Marin Light Rail",40.71458403535893,-74.04281705617905,3185,"City Hall",40.7177325,-74.043845,29487,"Subscriber",1988,1
240,"2018-12-07 08:23:01.3220","2018-12-07 08:27:01.5930",3276,"Marin Light Rail",40.71458403535893,-74.04281705617905,3184,"Paulus Hook",40.7141454,-74.0335519,29497,"Subscriber",1992,2
168,"2018-12-07 08:24:32.4420","2018-12-07 08:27:20.6100",3276,"Marin Light Rail",40.71458403535893,-74.04281705617905,3186,"Grove St PATH",40.71958611647166,-74.04311746358871,26189,"Subscriber",1991,1
163,"2018-12-07 08:28:25.8940","2018-12-07 08:31:08.9470",3276,"Marin Light Rail",40.71458403535893,-74.04281705617905,3185,"City Hall",40.7177325,-74.043845,29254,"Subscriber",1983,1
221,"2018-12-07 08:31:39.3540","2018-12-07 08:35:20.4250",3276,"Marin Light Rail",40.71458403535893,-74.04281705617905,3184,"Paulus Hook",40.7141454,-74.0335519,29570,"Subscriber",1989,2
276,"2018-12-07 08:37:06.5340","2018-12-07 08:41:42.5560",3276,"Marin Light Rail",40.71458403535893,-74.04281705617905,3183,"Exchange Place",40.7162469,-74.0334588,29662,"Subscriber",1986,1
127,"2018-12-07 08:49:09.6950","2018-12-07 08:51:16.9930",3276,"Marin Light Rail",40.71458403535893,-74.04281705617905,3185,"City Hall",40.7177325,-74.043845,29594,"Subscriber",1989,1
308,"2018-12-07 09:04:45.2850","2018-12-07 09:09:53.4320",3276,"Marin Light Rail",40.71458403535893,-74.04281705617905,3183,"Exchange Place",40.7162469,-74.0334588,29597,"Subscriber",1965,1
216,"2018-12-07 09:07:05.3860","2018-12-07 09:10:42.0690",3276,"Marin Light Rail",40.71458403535893,-74.04281705617905,3183,"Exchange Place",40.7162469,-74.0334588,29281,"Subscriber",1982,1
169,"2018-12-07 09:44:02.6700","2018-12-07 09:46:52.4390",3276,"Marin Light Rail",40.71458403535893,-74.04281705617905,3186,"Grove St PATH",40.71958611647166,-74.04311746358871,29266,"Subscriber",1984,1
511,"2018-12-07 11:50:11.0220","2018-12-07 11:58:42.9230",3276,"Marin Light Rail",40.71458403535893,-74.04281705617905,3681,"Grand St",40.71517767732029,-74.03768330812454,29439,"Subscriber",1994,1
679,"2018-12-07 11:56:57.4460","2018-12-07 12:08:16.5630",3276,"Marin Light Rail",40.71458403535893,-74.04281705617905,3276,"Marin Light Rail",40.71458403535893,-74.04281705617905,29283,"Subscriber",1972,1
226,"2018-12-07 12:48:49.9740","2018-12-07 12:52:36.4310",3276,"Marin Light Rail",40.71458403535893,-74.04281705617905,3185,"City Hall",40.7177325,-74.043845,26224,"Subscriber",1987,1
428,"2018-12-07 16:53:18.6500","2018-12-07 17:00:27.3210",3276,"Marin Light Rail",40.71458403535893,-74.04281705617905,3186,"Grove St PATH",40.71958611647166,-74.04311746358871,29283,"Subscriber",1990,1
107,"2018-12-07 17:32:47.8100","2018-12-07 17:34:35.0800",3276,"Marin Light Rail",40.71458403535893,-74.04281705617905,3681,"Grand St",40.71517767732029,-74.03768330812454,29520,"Subscriber",1985,1
146,"2018-12-07 17:59:38.6730","2018-12-07 18:02:04.9590",3276,"Marin Light Rail",40.71458403535893,-74.04281705617905,3186,"Grove St PATH",40.71958611647166,-74.04311746358871,26302,"Subscriber",1979,1
215,"2018-12-07 18:27:23.5140","2018-12-07 18:30:58.9270",3276,"Marin Light Rail",40.71458403535893,-74.04281705617905,3186,"Grove St PATH",40.71958611647166,-74.04311746358871,26187,"Subscriber",1986,1
209,"2018-12-07 19:40:05.3230","2018-12-07 19:43:34.9130",3276,"Marin Light Rail",40.71458403535893,-74.04281705617905,3186,"Grove St PATH",40.71958611647166,-74.04311746358871,28164,"Subscriber",1989,1
162,"2018-12-07 19:43:13.1590","2018-12-07 19:45:55.2720",3276,"Marin Light Rail",40.71458403535893,-74.04281705617905,3185,"City Hall",40.7177325,-74.043845,29499,"Subscriber",1989,2
197,"2018-12-07 20:20:09.1940","2018-12-07 20:23:27.0510",3276,"Marin Light Rail",40.71458403535893,-74.04281705617905,3186,"Grove St PATH",40.71958611647166,-74.04311746358871,29595,"Subscriber",1986,1
577,"2018-12-07 20:45:21.0730","2018-12-07 20:54:58.7310",3276,"Marin Light Rail",40.71458403535893,-74.04281705617905,3268,"Lafayette Park",40.71346382669195,-74.06285852193832,26234,"Subscriber",1991,1
215,"2018-12-08 01:27:23.5620","2018-12-08 01:30:59.5510",3276,"Marin Light Rail",40.71458403535893,-74.04281705617905,3186,"Grove St PATH",40.71958611647166,-74.04311746358871,29545,"Customer",1982,1
181,"2018-12-08 08:49:03.6690","2018-12-08 08:52:05.5110",3276,"Marin Light Rail",40.71458403535893,-74.04281705617905,3214,"Essex Light Rail",40.7127742,-74.0364857,26159,"Subscriber",1979,1
206,"2018-12-08 09:47:18.7310","2018-12-08 09:50:45.2760",3276,"Marin Light Rail",40.71458403535893,-74.04281705617905,3681,"Grand St",40.71517767732029,-74.03768330812454,29594,"Subscriber",1978,1
481,"2018-12-08 10:15:42.1850","2018-12-08 10:23:43.9510",3276,"Marin Light Rail",40.71458403535893,-74.04281705617905,3211,"Newark Ave",40.72152515,-74.046304543,29554,"Subscriber",1971,2
328,"2018-12-08 10:44:14.8930","2018-12-08 10:49:43.7140",3276,"Marin Light Rail",40.71458403535893,-74.04281705617905,3272,"Jersey & 3rd",40.72333158646436,-74.04595255851744,26210,"Subscriber",1979,2
567,"2018-12-08 10:45:59.2030","2018-12-08 10:55:27.1470",3276,"Marin Light Rail",40.71458403535893,-74.04281705617905,3199,"Newport Pkwy",40.7287448,-74.0321082,29575,"Subscriber",1989,1
233,"2018-12-08 11:01:43.1790","2018-12-08 11:05:36.9990",3276,"Marin Light Rail",40.71458403535893,-74.04281705617905,3186,"Grove St PATH",40.71958611647166,-74.04311746358871,26209,"Subscriber",1986,1
127,"2018-12-08 11:14:14.5390","2018-12-08 11:16:22.1710",3276,"Marin Light Rail",40.71458403535893,-74.04281705617905,3481,"York St",40.71649,-74.04105,26295,"Subscriber",1980,1
475,"2018-12-08 11:28:32.5200","2018-12-08 11:36:28.4330",3276,"Marin Light Rail",40.71458403535893,-74.04281705617905,3192,"Liberty Light Rail",40.7112423,-74.0557013,29288,"Subscriber",1986,1
481,"2018-12-08 11:34:30.1290","2018-12-08 11:42:31.4230",3276,"Marin Light Rail",40.71458403535893,-74.04281705617905,3211,"Newark Ave",40.72152515,-74.046304543,29443,"Subscriber",1986,1
351,"2018-12-08 11:49:53.3370","2018-12-08 11:55:44.7690",3276,"Marin Light Rail",40.71458403535893,-74.04281705617905,3211,"Newark Ave",40.72152515,-74.046304543,29306,"Subscriber",1968,2
446,"2018-12-08 12:21:06.1450","2018-12-08 12:28:32.4360",3276,"Marin Light Rail",40.71458403535893,-74.04281705617905,3211,"Newark Ave",40.72152515,-74.046304543,26160,"Subscriber",1992,2
145,"2018-12-08 13:03:36.4080","2018-12-08 13:06:02.3430",3276,"Marin Light Rail",40.71458403535893,-74.04281705617905,3185,"City Hall",40.7177325,-74.043845,29271,"Subscriber",1973,1
217,"2018-12-08 13:29:53.2940","2018-12-08 13:33:30.9250",3276,"Marin Light Rail",40.71458403535893,-74.04281705617905,3681,"Grand St",40.71517767732029,-74.03768330812454,26284,"Subscriber",1982,1
307,"2018-12-08 13:32:07.7580","2018-12-08 13:37:14.9280",3276,"Marin Light Rail",40.71458403535893,-74.04281705617905,3186,"Grove St PATH",40.71958611647166,-74.04311746358871,26309,"Subscriber",1982,1
193,"2018-12-08 14:05:55.1300","2018-12-08 14:09:08.3540",3276,"Marin Light Rail",40.71458403535893,-74.04281705617905,3186,"Grove St PATH",40.71958611647166,-74.04311746358871,29531,"Subscriber",1986,1
1352,"2018-12-08 15:35:29.7470","2018-12-08 15:58:02.6350",3276,"Marin Light Rail",40.71458403535893,-74.04281705617905,3276,"Marin Light Rail",40.71458403535893,-74.04281705617905,29304,"Subscriber",1984,1
382,"2018-12-08 16:15:03.2010","2018-12-08 16:21:26.1420",3276,"Marin Light Rail",40.71458403535893,-74.04281705617905,3192,"Liberty Light Rail",40.7112423,-74.0557013,29610,"Subscriber",1985,2
189,"2018-12-08 16:44:59.4960","2018-12-08 16:48:09.0360",3276,"Marin Light Rail",40.71458403535893,-74.04281705617905,3185,"City Hall",40.7177325,-74.043845,29490,"Subscriber",1984,1
2385,"2018-12-08 18:36:01.5410","2018-12-08 19:15:47.0670",3276,"Marin Light Rail",40.71458403535893,-74.04281705617905,3198,"Heights Elevator",40.748715945380226,-74.04044330120087,29304,"Subscriber",1985,2
205,"2018-12-08 18:50:30.5990","2018-12-08 18:53:56.5440",3276,"Marin Light Rail",40.71458403535893,-74.04281705617905,3186,"Grove St PATH",40.71958611647166,-74.04311746358871,29639,"Subscriber",1984,1
354,"2018-12-08 22:32:34.9670","2018-12-08 22:38:29.3270",3276,"Marin Light Rail",40.71458403535893,-74.04281705617905,3209,"Brunswick St",40.7241765,-74.0506564,29492,"Subscriber",1978,1
314,"2018-12-09 08:53:35.2540","2018-12-09 08:58:49.3680",3276,"Marin Light Rail",40.71458403535893,-74.04281705617905,3187,"Warren St",40.7211236,-74.03805095,29581,"Subscriber",1992,2
263,"2018-12-09 09:20:54.6180","2018-12-09 09:25:17.8800",3276,"Marin Light Rail",40.71458403535893,-74.04281705617905,3205,"JC Medical Center",40.71653978099194,-74.0496379137039,29608,"Subscriber",1979,1
194,"2018-12-09 09:57:16.6580","2018-12-09 10:00:31.1190",3276,"Marin Light Rail",40.71458403535893,-74.04281705617905,3186,"Grove St PATH",40.71958611647166,-74.04311746358871,29575,"Subscriber",1987,2
565,"2018-12-09 10:32:21.5120","2018-12-09 10:41:46.6080",3276,"Marin Light Rail",40.71458403535893,-74.04281705617905,3199,"Newport Pkwy",40.7287448,-74.0321082,29608,"Subscriber",1979,2
318,"2018-12-09 10:32:45.8350","2018-12-09 10:38:04.1330",3276,"Marin Light Rail",40.71458403535893,-74.04281705617905,3211,"Newark Ave",40.72152515,-74.046304543,29465,"Subscriber",1988,1
466,"2018-12-09 10:34:29.2720","2018-12-09 10:42:15.5500",3276,"Marin Light Rail",40.71458403535893,-74.04281705617905,3272,"Jersey & 3rd",40.72333158646436,-74.04595255851744,29296,"Subscriber",1985,2
144,"2018-12-09 10:39:39.8460","2018-12-09 10:42:04.7780",3276,"Marin Light Rail",40.71458403535893,-74.04281705617905,3186,"Grove St PATH",40.71958611647166,-74.04311746358871,26171,"Subscriber",1979,1
136,"2018-12-09 12:10:28.0050","2018-12-09 12:12:44.2600",3276,"Marin Light Rail",40.71458403535893,-74.04281705617905,3185,"City Hall",40.7177325,-74.043845,29271,"Subscriber",1973,1
3806,"2018-12-09 12:27:50.9040","2018-12-09 13:31:17.2790",3276,"Marin Light Rail",40.71458403535893,-74.04281705617905,3276,"Marin Light Rail",40.71458403535893,-74.04281705617905,29536,"Customer",1995,1
210,"2018-12-09 12:33:54.4240","2018-12-09 12:37:24.6060",3276,"Marin Light Rail",40.71458403535893,-74.04281705617905,3186,"Grove St PATH",40.71958611647166,-74.04311746358871,26187,"Subscriber",1986,1
622,"2018-12-09 13:09:35.7220","2018-12-09 13:19:58.2800",3276,"Marin Light Rail",40.71458403535893,-74.04281705617905,3276,"Marin Light Rail",40.71458403535893,-74.04281705617905,29465,"Subscriber",1993,1
150,"2018-12-09 15:54:03.8890","2018-12-09 15:56:34.5370",3276,"Marin Light Rail",40.71458403535893,-74.04281705617905,3185,"City Hall",40.7177325,-74.043845,29583,"Subscriber",1984,1
717,"2018-12-09 16:17:02.5640","2018-12-09 16:28:59.9460",3276,"Marin Light Rail",40.71458403535893,-74.04281705617905,3202,"Newport PATH",40.7272235,-74.0337589,29544,"Subscriber",1976,2
468,"2018-12-09 16:36:06.9620","2018-12-09 16:43:55.8640",3276,"Marin Light Rail",40.71458403535893,-74.04281705617905,3638,"Washington St",40.7242941,-74.0354826,29465,"Subscriber",1987,2
307,"2018-12-09 17:05:41.6320","2018-12-09 17:10:48.7790",3276,"Marin Light Rail",40.71458403535893,-74.04281705617905,3275,"Columbus Drive",40.71835519823214,-74.03891444206238,29658,"Subscriber",1990,2
1205,"2018-12-09 17:11:12.4690","2018-12-09 17:31:17.9210",3276,"Marin Light Rail",40.71458403535893,-74.04281705617905,3199,"Newport Pkwy",40.7287448,-74.0321082,29536,"Subscriber",1980,2
336,"2018-12-09 17:17:16.4180","2018-12-09 17:22:52.6500",3276,"Marin Light Rail",40.71458403535893,-74.04281705617905,3187,"Warren St",40.7211236,-74.03805095,26275,"Subscriber",1982,1
316,"2018-12-09 18:31:23.8000","2018-12-09 18:36:39.8360",3276,"Marin Light Rail",40.71458403535893,-74.04281705617905,3183,"Exchange Place",40.7162469,-74.0334588,29222,"Subscriber",1991,1
241,"2018-12-09 20:23:21.3110","2018-12-09 20:27:23.0250",3276,"Marin Light Rail",40.71458403535893,-74.04281705617905,3483,"Montgomery St",40.71942,-74.05099,26275,"Subscriber",1986,1
572,"2018-12-09 20:26:24.7350","2018-12-09 20:35:56.9140",3276,"Marin Light Rail",40.71458403535893,-74.04281705617905,3202,"Newport PATH",40.7272235,-74.0337589,26179,"Subscriber",1990,1
219,"2018-12-10 05:47:04.9220","2018-12-10 05:50:44.3750",3276,"Marin Light Rail",40.71458403535893,-74.04281705617905,3186,"Grove St PATH",40.71958611647166,-74.04311746358871,26275,"Subscriber",1984,1
194,"2018-12-10 06:08:47.6680","2018-12-10 06:12:01.7290",3276,"Marin Light Rail",40.71458403535893,-74.04281705617905,3186,"Grove St PATH",40.71958611647166,-74.04311746358871,29606,"Subscriber",1980,1
641,"2018-12-10 06:47:23.7890","2018-12-10 06:58:05.3610",3276,"Marin Light Rail",40.71458403535893,-74.04281705617905,3269,"Brunswick & 6th",40.72601172964625,-74.05038893222809,29271,"Subscriber",1989,1
246,"2018-12-10 06:53:06.5160","2018-12-10 06:57:13.5030",3276,"Marin Light Rail",40.71458403535893,-74.04281705617905,3186,"Grove St PATH",40.71958611647166,-74.04311746358871,29516,"Subscriber",1989,1
219,"2018-12-10 06:58:23.5150","2018-12-10 07:02:03.1570",3276,"Marin Light Rail",40.71458403535893,-74.04281705617905,3186,"Grove St PATH",40.71958611647166,-74.04311746358871,26158,"Subscriber",1979,1
174,"2018-12-10 07:35:58.6450","2018-12-10 07:38:52.9170",3276,"Marin Light Rail",40.71458403535893,-74.04281705617905,3186,"Grove St PATH",40.71958611647166,-74.04311746358871,29676,"Subscriber",1986,1
164,"2018-12-10 07:49:10.2130","2018-12-10 07:51:54.3380",3276,"Marin Light Rail",40.71458403535893,-74.04281705617905,3214,"Essex Light Rail",40.7127742,-74.0364857,29602,"Subscriber",1989,1
157,"2018-12-10 07:57:12.7730","2018-12-10 07:59:50.5990",3276,"Marin Light Rail",40.71458403535893,-74.04281705617905,3214,"Essex Light Rail",40.7127742,-74.0364857,29247,"Subscriber",1994,1
313,"2018-12-10 08:00:46.5360","2018-12-10 08:05:59.7730",3276,"Marin Light Rail",40.71458403535893,-74.04281705617905,3183,"Exchange Place",40.7162469,-74.0334588,29656,"Subscriber",1981,1
361,"2018-12-10 08:04:26.5730","2018-12-10 08:10:27.9660",3276,"Marin Light Rail",40.71458403535893,-74.04281705617905,3638,"Washington St",40.7242941,-74.0354826,29276,"Subscriber",1990,1
288,"2018-12-10 08:20:43.8860","2018-12-10 08:25:32.4930",3276,"Marin Light Rail",40.71458403535893,-74.04281705617905,3184,"Paulus Hook",40.7141454,-74.0335519,29201,"Subscriber",1990,1
183,"2018-12-10 08:22:57.7470","2018-12-10 08:26:01.3580",3276,"Marin Light Rail",40.71458403535893,-74.04281705617905,3186,"Grove St PATH",40.71958611647166,-74.04311746358871,26173,"Subscriber",1983,1
323,"2018-12-10 08:23:06.8000","2018-12-10 08:28:30.0850",3276,"Marin Light Rail",40.71458403535893,-74.04281705617905,3639,"Harborside",40.7192517,-74.034234,26155,"Subscriber",1988,1
158,"2018-12-10 08:31:12.8510","2018-12-10 08:33:51.5850",3276,"Marin Light Rail",40.71458403535893,-74.04281705617905,3185,"City Hall",40.7177325,-74.043845,29652,"Subscriber",1988,1
290,"2018-12-10 09:06:07.7130","2018-12-10 09:10:58.0210",3276,"Marin Light Rail",40.71458403535893,-74.04281705617905,3183,"Exchange Place",40.7162469,-74.0334588,29477,"Subscriber",1965,1
405,"2018-12-10 09:06:15.8050","2018-12-10 09:13:01.4500",3276,"Marin Light Rail",40.71458403535893,-74.04281705617905,3639,"Harborside",40.7192517,-74.034234,26211,"Subscriber",1976,2
198,"2018-12-10 14:18:48.9930","2018-12-10 14:22:07.4080",3276,"Marin Light Rail",40.71458403535893,-74.04281705617905,3186,"Grove St PATH",40.71958611647166,-74.04311746358871,29201,"Subscriber",1984,1
142,"2018-12-10 17:53:07.0170","2018-12-10 17:55:29.1150",3276,"Marin Light Rail",40.71458403535893,-74.04281705617905,3186,"Grove St PATH",40.71958611647166,-74.04311746358871,26268,"Subscriber",1982,1
382,"2018-12-10 18:00:51.2340","2018-12-10 18:07:13.5980",3276,"Marin Light Rail",40.71458403535893,-74.04281705617905,3270,"Jersey & 6th St",40.72528910781132,-74.04557168483734,26202,"Subscriber",1989,1
263,"2018-12-10 18:41:54.5320","2018-12-10 18:46:17.8310",3276,"Marin Light Rail",40.71458403535893,-74.04281705617905,3186,"Grove St PATH",40.71958611647166,-74.04311746358871,29623,"Subscriber",1972,1
324,"2018-12-10 18:59:26.1710","2018-12-10 19:04:51.0890",3276,"Marin Light Rail",40.71458403535893,-74.04281705617905,3639,"Harborside",40.7192517,-74.034234,29285,"Subscriber",1984,1
413,"2018-12-10 21:21:42.7280","2018-12-10 21:28:36.0870",3276,"Marin Light Rail",40.71458403535893,-74.04281705617905,3203,"Hamilton Park",40.727595966,-74.044247311,29473,"Subscriber",1986,1
512,"2018-12-10 23:04:22.6940","2018-12-10 23:12:54.9860",3276,"Marin Light Rail",40.71458403535893,-74.04281705617905,3203,"Hamilton Park",40.727595966,-74.044247311,29507,"Subscriber",1991,1
188,"2018-12-11 06:21:52.1750","2018-12-11 06:25:00.9180",3276,"Marin Light Rail",40.71458403535893,-74.04281705617905,3186,"Grove St PATH",40.71958611647166,-74.04311746358871,29250,"Subscriber",1980,1
598,"2018-12-11 06:44:11.2280","2018-12-11 06:54:09.8370",3276,"Marin Light Rail",40.71458403535893,-74.04281705617905,3269,"Brunswick & 6th",40.72601172964625,-74.05038893222809,26179,"Subscriber",1989,1
203,"2018-12-11 06:55:43.2580","2018-12-11 06:59:07.0400",3276,"Marin Light Rail",40.71458403535893,-74.04281705617905,3186,"Grove St PATH",40.71958611647166,-74.04311746358871,29652,"Subscriber",1992,2
190,"2018-12-11 07:01:15.2370","2018-12-11 07:04:25.9850",3276,"Marin Light Rail",40.71458403535893,-74.04281705617905,3186,"Grove St PATH",40.71958611647166,-74.04311746358871,29285,"Subscriber",1989,1
176,"2018-12-11 07:39:44.0320","2018-12-11 07:42:40.9160",3276,"Marin Light Rail",40.71458403535893,-74.04281705617905,3186,"Grove St PATH",40.71958611647166,-74.04311746358871,29437,"Subscriber",1986,1
310,"2018-12-11 07:55:00.5590","2018-12-11 08:00:11.3150",3276,"Marin Light Rail",40.71458403535893,-74.04281705617905,3183,"Exchange Place",40.7162469,-74.0334588,29483,"Subscriber",1981,1
171,"2018-12-11 07:55:14.9530","2018-12-11 07:58:06.5050",3276,"Marin Light Rail",40.71458403535893,-74.04281705617905,3214,"Essex Light Rail",40.7127742,-74.0364857,29656,"Subscriber",1994,1
400,"2018-12-11 08:10:17.4040","2018-12-11 08:16:57.7040",3276,"Marin Light Rail",40.71458403535893,-74.04281705617905,3638,"Washington St",40.7242941,-74.0354826,29658,"Subscriber",1990,1
182,"2018-12-11 08:31:15.2130","2018-12-11 08:34:17.4270",3276,"Marin Light Rail",40.71458403535893,-74.04281705617905,3186,"Grove St PATH",40.71958611647166,-74.04311746358871,29210,"Subscriber",1983,1
226,"2018-12-11 08:31:47.7070","2018-12-11 08:35:34.4390",3276,"Marin Light Rail",40.71458403535893,-74.04281705617905,3186,"Grove St PATH",40.71958611647166,-74.04311746358871,29300,"Subscriber",1974,1
166,"2018-12-11 08:37:43.1050","2018-12-11 08:40:29.6630",3276,"Marin Light Rail",40.71458403535893,-74.04281705617905,3185,"City Hall",40.7177325,-74.043845,26297,"Subscriber",1989,1
415,"2018-12-11 09:03:16.1790","2018-12-11 09:10:11.9320",3276,"Marin Light Rail",40.71458403535893,-74.04281705617905,3681,"Grand St",40.71517767732029,-74.03768330812454,26293,"Subscriber",1965,1
224,"2018-12-11 09:46:45.6280","2018-12-11 09:50:29.6900",3276,"Marin Light Rail",40.71458403535893,-74.04281705617905,3186,"Grove St PATH",40.71958611647166,-74.04311746358871,26186,"Subscriber",1986,1
221,"2018-12-11 10:42:24.9020","2018-12-11 10:46:06.4080",3276,"Marin Light Rail",40.71458403535893,-74.04281705617905,3183,"Exchange Place",40.7162469,-74.0334588,29541,"Subscriber",1979,1
260,"2018-12-11 16:00:47.6740","2018-12-11 16:05:08.5000",3276,"Marin Light Rail",40.71458403535893,-74.04281705617905,3273,"Manila & 1st",40.721650724879986,-74.04288411140442,29612,"Subscriber",1986,1
175,"2018-12-11 17:25:20.6830","2018-12-11 17:28:15.7410",3276,"Marin Light Rail",40.71458403535893,-74.04281705617905,3185,"City Hall",40.7177325,-74.043845,26206,"Subscriber",1987,2
631,"2018-12-11 19:16:58.1150","2018-12-11 19:27:29.7600",3276,"Marin Light Rail",40.71458403535893,-74.04281705617905,3268,"Lafayette Park",40.71346382669195,-74.06285852193832,29639,"Subscriber",1988,1
619,"2018-12-11 19:17:16.6500","2018-12-11 19:27:36.3530",3276,"Marin Light Rail",40.71458403535893,-74.04281705617905,3268,"Lafayette Park",40.71346382669195,-74.06285852193832,29541,"Subscriber",1987,2
139,"2018-12-11 19:23:16.1060","2018-12-11 19:25:36.0450",3276,"Marin Light Rail",40.71458403535893,-74.04281705617905,3213,"Van Vorst Park",40.71848892,-74.047726625,26153,"Subscriber",1989,1
171,"2018-12-11 19:26:01.1980","2018-12-11 19:28:52.8890",3276,"Marin Light Rail",40.71458403535893,-74.04281705617905,3186,"Grove St PATH",40.71958611647166,-74.04311746358871,29661,"Subscriber",1986,1
198,"2018-12-11 19:37:00.5140","2018-12-11 19:40:18.6060",3276,"Marin Light Rail",40.71458403535893,-74.04281705617905,3186,"Grove St PATH",40.71958611647166,-74.04311746358871,33744,"Subscriber",1975,1
188,"2018-12-12 05:38:51.9400","2018-12-12 05:42:00.5570",3276,"Marin Light Rail",40.71458403535893,-74.04281705617905,3186,"Grove St PATH",40.71958611647166,-74.04311746358871,33744,"Subscriber",1979,2
71,"2018-12-12 06:57:12.5100","2018-12-12 06:58:23.6960",3276,"Marin Light Rail",40.71458403535893,-74.04281705617905,3276,"Marin Light Rail",40.71458403535893,-74.04281705617905,29255,"Subscriber",1989,1
212,"2018-12-12 06:58:32.8790","2018-12-12 07:02:05.2030",3276,"Marin Light Rail",40.71458403535893,-74.04281705617905,3186,"Grove St PATH",40.71958611647166,-74.04311746358871,29213,"Subscriber",1989,1
205,"2018-12-12 07:23:36.2400","2018-12-12 07:27:01.6430",3276,"Marin Light Rail",40.71458403535893,-74.04281705617905,3186,"Grove St PATH",40.71958611647166,-74.04311746358871,29286,"Subscriber",1986,1
209,"2018-12-12 07:30:10.7950","2018-12-12 07:33:40.0860",3276,"Marin Light Rail",40.71458403535893,-74.04281705617905,3186,"Grove St PATH",40.71958611647166,-74.04311746358871,26254,"Subscriber",1980,1
268,"2018-12-12 07:34:18.7310","2018-12-12 07:38:47.6610",3276,"Marin Light Rail",40.71458403535893,-74.04281705617905,3183,"Exchange Place",40.7162469,-74.0334588,26251,"Subscriber",1965,1
131,"2018-12-12 07:49:08.4850","2018-12-12 07:51:19.6060",3276,"Marin Light Rail",40.71458403535893,-74.04281705617905,3185,"City Hall",40.7177325,-74.043845,29225,"Subscriber",1988,1
346,"2018-12-12 07:55:33.6710","2018-12-12 08:01:19.6710",3276,"Marin Light Rail",40.71458403535893,-74.04281705617905,3639,"Harborside",40.7192517,-74.034234,29210,"Subscriber",1988,1
313,"2018-12-12 08:00:14.6390","2018-12-12 08:05:28.5120",3276,"Marin Light Rail",40.71458403535893,-74.04281705617905,3186,"Grove St PATH",40.71958611647166,-74.04311746358871,29581,"Subscriber",1984,1
466,"2018-12-12 08:09:47.5430","2018-12-12 08:17:33.9070",3276,"Marin Light Rail",40.71458403535893,-74.04281705617905,3202,"Newport PATH",40.7272235,-74.0337589,26186,"Subscriber",1990,1
139,"2018-12-12 08:16:37.0280","2018-12-12 08:18:56.5440",3276,"Marin Light Rail",40.71458403535893,-74.04281705617905,3186,"Grove St PATH",40.71958611647166,-74.04311746358871,29661,"Subscriber",1991,1
178,"2018-12-12 08:22:52.2630","2018-12-12 08:25:51.1110",3276,"Marin Light Rail",40.71458403535893,-74.04281705617905,3186,"Grove St PATH",40.71958611647166,-74.04311746358871,29201,"Subscriber",1983,1
219,"2018-12-12 08:23:54.4910","2018-12-12 08:27:34.1090",3276,"Marin Light Rail",40.71458403535893,-74.04281705617905,3186,"Grove St PATH",40.71958611647166,-74.04311746358871,26153,"Subscriber",1979,1
150,"2018-12-12 08:25:07.2040","2018-12-12 08:27:37.2660",3276,"Marin Light Rail",40.71458403535893,-74.04281705617905,3185,"City Hall",40.7177325,-74.043845,29660,"Subscriber",1972,1
383,"2018-12-12 09:05:16.5140","2018-12-12 09:11:39.9820",3276,"Marin Light Rail",40.71458403535893,-74.04281705617905,3681,"Grand St",40.71517767732029,-74.03768330812454,29301,"Subscriber",1982,1
269,"2018-12-12 09:24:17.5570","2018-12-12 09:28:47.1910",3276,"Marin Light Rail",40.71458403535893,-74.04281705617905,3186,"Grove St PATH",40.71958611647166,-74.04311746358871,29677,"Subscriber",1987,2
306,"2018-12-12 10:37:25.5120","2018-12-12 10:42:32.1950",3276,"Marin Light Rail",40.71458403535893,-74.04281705617905,3205,"JC Medical Center",40.71653978099194,-74.0496379137039,29492,"Subscriber",1981,2
219,"2018-12-12 10:38:18.9200","2018-12-12 10:41:58.3850",3276,"Marin Light Rail",40.71458403535893,-74.04281705617905,3186,"Grove St PATH",40.71958611647166,-74.04311746358871,26270,"Subscriber",1991,1
191,"2018-12-12 11:24:28.8120","2018-12-12 11:27:40.3580",3276,"Marin Light Rail",40.71458403535893,-74.04281705617905,3213,"Van Vorst Park",40.71848892,-74.047726625,29607,"Subscriber",1984,1
288,"2018-12-12 13:50:38.8130","2018-12-12 13:55:27.4280",3276,"Marin Light Rail",40.71458403535893,-74.04281705617905,3186,"Grove St PATH",40.71958611647166,-74.04311746358871,29125,"Customer",1969,0
155,"2018-12-12 16:09:22.3070","2018-12-12 16:11:57.9660",3276,"Marin Light Rail",40.71458403535893,-74.04281705617905,3186,"Grove St PATH",40.71958611647166,-74.04311746358871,29608,"Subscriber",1994,1
375,"2018-12-12 16:47:23.1230","2018-12-12 16:53:38.2650",3276,"Marin Light Rail",40.71458403535893,-74.04281705617905,3211,"Newark Ave",40.72152515,-74.046304543,29282,"Subscriber",1988,2
589,"2018-12-12 17:35:04.0740","2018-12-12 17:44:53.1740",3276,"Marin Light Rail",40.71458403535893,-74.04281705617905,3203,"Hamilton Park",40.727595966,-74.044247311,26211,"Subscriber",1972,1
247,"2018-12-12 18:34:39.0380","2018-12-12 18:38:46.0590",3276,"Marin Light Rail",40.71458403535893,-74.04281705617905,3186,"Grove St PATH",40.71958611647166,-74.04311746358871,29519,"Subscriber",1984,1
785,"2018-12-12 19:06:08.2810","2018-12-12 19:19:13.4400",3276,"Marin Light Rail",40.71458403535893,-74.04281705617905,3681,"Grand St",40.71517767732029,-74.03768330812454,29534,"Subscriber",1962,1
379,"2018-12-12 19:19:02.6440","2018-12-12 19:25:22.5160",3276,"Marin Light Rail",40.71458403535893,-74.04281705617905,3203,"Hamilton Park",40.727595966,-74.044247311,29647,"Subscriber",1991,1
188,"2018-12-12 19:23:56.4540","2018-12-12 19:27:05.1900",3276,"Marin Light Rail",40.71458403535893,-74.04281705617905,3186,"Grove St PATH",40.71958611647166,-74.04311746358871,26196,"Subscriber",1986,1
281,"2018-12-12 21:19:46.2340","2018-12-12 21:24:28.0110",3276,"Marin Light Rail",40.71458403535893,-74.04281705617905,3186,"Grove St PATH",40.71958611647166,-74.04311746358871,29272,"Subscriber",1990,1
723,"2018-12-13 05:23:55.4360","2018-12-13 05:35:58.9600",3276,"Marin Light Rail",40.71458403535893,-74.04281705617905,3187,"Warren St",40.7211236,-74.03805095,29587,"Subscriber",1988,2
227,"2018-12-13 06:08:26.4470","2018-12-13 06:12:14.1060",3276,"Marin Light Rail",40.71458403535893,-74.04281705617905,3186,"Grove St PATH",40.71958611647166,-74.04311746358871,29286,"Subscriber",1979,2
203,"2018-12-13 06:20:10.6750","2018-12-13 06:23:34.3610",3276,"Marin Light Rail",40.71458403535893,-74.04281705617905,3186,"Grove St PATH",40.71958611647166,-74.04311746358871,26220,"Subscriber",1980,1
290,"2018-12-13 06:43:55.4260","2018-12-13 06:48:46.1460",3276,"Marin Light Rail",40.71458403535893,-74.04281705617905,3213,"Van Vorst Park",40.71848892,-74.047726625,29554,"Subscriber",1976,2
223,"2018-12-13 06:50:21.0480","2018-12-13 06:54:04.6810",3276,"Marin Light Rail",40.71458403535893,-74.04281705617905,3186,"Grove St PATH",40.71958611647166,-74.04311746358871,29284,"Subscriber",1989,1
170,"2018-12-13 07:07:21.3910","2018-12-13 07:10:12.1850",3276,"Marin Light Rail",40.71458403535893,-74.04281705617905,3186,"Grove St PATH",40.71958611647166,-74.04311746358871,29644,"Subscriber",1979,1
193,"2018-12-13 07:45:25.1000","2018-12-13 07:48:38.9300",3276,"Marin Light Rail",40.71458403535893,-74.04281705617905,3186,"Grove St PATH",40.71958611647166,-74.04311746358871,26184,"Subscriber",1986,1
733,"2018-12-13 08:39:16.5830","2018-12-13 08:51:30.5570",3276,"Marin Light Rail",40.71458403535893,-74.04281705617905,3199,"Newport Pkwy",40.7287448,-74.0321082,29495,"Subscriber",1990,1
263,"2018-12-13 08:45:47.8150","2018-12-13 08:50:11.5460",3276,"Marin Light Rail",40.71458403535893,-74.04281705617905,3183,"Exchange Place",40.7162469,-74.0334588,26293,"Subscriber",1993,1
258,"2018-12-13 08:55:35.8080","2018-12-13 08:59:54.7370",3276,"Marin Light Rail",40.71458403535893,-74.04281705617905,3183,"Exchange Place",40.7162469,-74.0334588,29507,"Subscriber",1982,1
232,"2018-12-13 09:34:14.8190","2018-12-13 09:38:07.6060",3276,"Marin Light Rail",40.71458403535893,-74.04281705617905,3183,"Exchange Place",40.7162469,-74.0334588,26271,"Subscriber",1984,1
294,"2018-12-13 12:53:49.0560","2018-12-13 12:58:43.1990",3276,"Marin Light Rail",40.71458403535893,-74.04281705617905,3183,"Exchange Place",40.7162469,-74.0334588,29517,"Subscriber",1965,1
310,"2018-12-13 13:23:25.2690","2018-12-13 13:28:35.5500",3276,"Marin Light Rail",40.71458403535893,-74.04281705617905,3273,"Manila & 1st",40.721650724879986,-74.04288411140442,26278,"Subscriber",1986,2
167,"2018-12-13 17:59:20.9800","2018-12-13 18:02:08.6550",3276,"Marin Light Rail",40.71458403535893,-74.04281705617905,3186,"Grove St PATH",40.71958611647166,-74.04311746358871,29573,"Subscriber",1986,1
832,"2018-12-13 18:04:02.9880","2018-12-13 18:17:55.9740",3276,"Marin Light Rail",40.71458403535893,-74.04281705617905,3186,"Grove St PATH",40.71958611647166,-74.04311746358871,29640,"Subscriber",1993,1
950,"2018-12-13 19:53:30.4090","2018-12-13 20:09:20.6920",3276,"Marin Light Rail",40.71458403535893,-74.04281705617905,3276,"Marin Light Rail",40.71458403535893,-74.04281705617905,29467,"Subscriber",1989,1
195,"2018-12-14 05:37:46.4070","2018-12-14 05:41:02.3210",3276,"Marin Light Rail",40.71458403535893,-74.04281705617905,3186,"Grove St PATH",40.71958611647166,-74.04311746358871,29542,"Subscriber",1979,2
192,"2018-12-14 06:27:40.2830","2018-12-14 06:30:53.2210",3276,"Marin Light Rail",40.71458403535893,-74.04281705617905,3186,"Grove St PATH",40.71958611647166,-74.04311746358871,29467,"Subscriber",1979,1
151,"2018-12-14 06:28:03.5960","2018-12-14 06:30:34.8860",3276,"Marin Light Rail",40.71458403535893,-74.04281705617905,3186,"Grove St PATH",40.71958611647166,-74.04311746358871,29640,"Subscriber",1980,1
490,"2018-12-14 06:32:15.9470","2018-12-14 06:40:26.0810",3276,"Marin Light Rail",40.71458403535893,-74.04281705617905,3209,"Brunswick St",40.7241765,-74.0506564,29499,"Subscriber",1985,2
536,"2018-12-14 06:46:27.8210","2018-12-14 06:55:24.1430",3276,"Marin Light Rail",40.71458403535893,-74.04281705617905,3269,"Brunswick & 6th",40.72601172964625,-74.05038893222809,29221,"Subscriber",1989,1
186,"2018-12-14 07:04:45.9280","2018-12-14 07:07:51.9420",3276,"Marin Light Rail",40.71458403535893,-74.04281705617905,3186,"Grove St PATH",40.71958611647166,-74.04311746358871,29594,"Subscriber",1989,1
140,"2018-12-14 07:06:47.8890","2018-12-14 07:09:08.0010",3276,"Marin Light Rail",40.71458403535893,-74.04281705617905,3186,"Grove St PATH",40.71958611647166,-74.04311746358871,26161,"Subscriber",1979,1
216,"2018-12-14 07:33:36.5540","2018-12-14 07:37:12.9230",3276,"Marin Light Rail",40.71458403535893,-74.04281705617905,3186,"Grove St PATH",40.71958611647166,-74.04311746358871,29679,"Subscriber",1986,1
121,"2018-12-14 08:06:07.0120","2018-12-14 08:08:08.4390",3276,"Marin Light Rail",40.71458403535893,-74.04281705617905,3185,"City Hall",40.7177325,-74.043845,29268,"Subscriber",1988,1
409,"2018-12-14 08:11:52.7220","2018-12-14 08:18:42.4810",3276,"Marin Light Rail",40.71458403535893,-74.04281705617905,3183,"Exchange Place",40.7162469,-74.0334588,29611,"Subscriber",1988,1
154,"2018-12-14 08:18:51.0900","2018-12-14 08:21:25.4120",3276,"Marin Light Rail",40.71458403535893,-74.04281705617905,3214,"Essex Light Rail",40.7127742,-74.0364857,29502,"Subscriber",1994,1
140,"2018-12-14 08:23:09.1450","2018-12-14 08:25:30.0720",3276,"Marin Light Rail",40.71458403535893,-74.04281705617905,3185,"City Hall",40.7177325,-74.043845,26187,"Subscriber",1973,1
156,"2018-12-14 08:26:15.3130","2018-12-14 08:28:51.3830",3276,"Marin Light Rail",40.71458403535893,-74.04281705617905,3185,"City Hall",40.7177325,-74.043845,29665,"Subscriber",1989,1
157,"2018-12-14 08:27:09.6230","2018-12-14 08:29:46.8420",3276,"Marin Light Rail",40.71458403535893,-74.04281705617905,3267,"Morris Canal",40.7124188237569,-74.03852552175522,29244,"Subscriber",1980,1
362,"2018-12-14 08:27:11.0800","2018-12-14 08:33:13.1850",3276,"Marin Light Rail",40.71458403535893,-74.04281705617905,3183,"Exchange Place",40.7162469,-74.0334588,29578,"Subscriber",1981,1
312,"2018-12-14 08:35:14.4010","2018-12-14 08:40:27.3890",3276,"Marin Light Rail",40.71458403535893,-74.04281705617905,3183,"Exchange Place",40.7162469,-74.0334588,29203,"Subscriber",1993,1
220,"2018-12-14 08:35:42.0020","2018-12-14 08:39:22.4120",3276,"Marin Light Rail",40.71458403535893,-74.04281705617905,3184,"Paulus Hook",40.7141454,-74.0335519,29284,"Subscriber",1989,2
298,"2018-12-14 08:39:26.6610","2018-12-14 08:44:24.6720",3276,"Marin Light Rail",40.71458403535893,-74.04281705617905,3183,"Exchange Place",40.7162469,-74.0334588,26198,"Subscriber",1965,1
252,"2018-12-14 08:55:44.9420","2018-12-14 08:59:57.0010",3276,"Marin Light Rail",40.71458403535893,-74.04281705617905,3639,"Harborside",40.7192517,-74.034234,29293,"Subscriber",1982,1
211,"2018-12-14 08:57:55.5480","2018-12-14 09:01:27.4790",3276,"Marin Light Rail",40.71458403535893,-74.04281705617905,3186,"Grove St PATH",40.71958611647166,-74.04311746358871,26293,"Subscriber",1989,1
315,"2018-12-14 08:58:54.6480","2018-12-14 09:04:10.6400",3276,"Marin Light Rail",40.71458403535893,-74.04281705617905,3211,"Newark Ave",40.72152515,-74.046304543,29440,"Subscriber",1986,1
171,"2018-12-14 09:24:50.4030","2018-12-14 09:27:42.1700",3276,"Marin Light Rail",40.71458403535893,-74.04281705617905,3275,"Columbus Drive",40.71835519823214,-74.03891444206238,29664,"Subscriber",1988,1
229,"2018-12-14 09:37:02.8430","2018-12-14 09:40:52.5920",3276,"Marin Light Rail",40.71458403535893,-74.04281705617905,3186,"Grove St PATH",40.71958611647166,-74.04311746358871,29469,"Subscriber",1972,1
228,"2018-12-14 09:47:28.0250","2018-12-14 09:51:16.7760",3276,"Marin Light Rail",40.71458403535893,-74.04281705617905,3186,"Grove St PATH",40.71958611647166,-74.04311746358871,26248,"Subscriber",1989,1
188,"2018-12-14 09:50:50.7590","2018-12-14 09:53:58.7970",3276,"Marin Light Rail",40.71458403535893,-74.04281705617905,3186,"Grove St PATH",40.71958611647166,-74.04311746358871,26213,"Subscriber",1984,1
256,"2018-12-14 13:35:49.8280","2018-12-14 13:40:06.2260",3276,"Marin Light Rail",40.71458403535893,-74.04281705617905,3185,"City Hall",40.7177325,-74.043845,29443,"Subscriber",1994,1
584,"2018-12-15 07:32:45.5660","2018-12-15 07:42:29.6460",3276,"Marin Light Rail",40.71458403535893,-74.04281705617905,3209,"Brunswick St",40.7241765,-74.0506564,26318,"Subscriber",1985,2
235,"2018-12-15 07:39:42.1250","2018-12-15 07:43:37.9470",3276,"Marin Light Rail",40.71458403535893,-74.04281705617905,3213,"Van Vorst Park",40.71848892,-74.047726625,29240,"Subscriber",1974,2
180,"2018-12-15 08:45:24.5540","2018-12-15 08:48:24.7400",3276,"Marin Light Rail",40.71458403535893,-74.04281705617905,3186,"Grove St PATH",40.71958611647166,-74.04311746358871,29537,"Subscriber",1967,1
508,"2018-12-15 09:47:11.1830","2018-12-15 09:55:40.0680",3276,"Marin Light Rail",40.71458403535893,-74.04281705617905,3269,"Brunswick & 6th",40.72601172964625,-74.05038893222809,29476,"Subscriber",1989,1
181,"2018-12-15 10:11:41.5450","2018-12-15 10:14:42.8240",3276,"Marin Light Rail",40.71458403535893,-74.04281705617905,3276,"Marin Light Rail",40.71458403535893,-74.04281705617905,26221,"Subscriber",1981,1
447,"2018-12-15 11:05:56.9240","2018-12-15 11:13:24.6250",3276,"Marin Light Rail",40.71458403535893,-74.04281705617905,3267,"Morris Canal",40.7124188237569,-74.03852552175522,29674,"Subscriber",1984,1
2086,"2018-12-15 11:25:00.8440","2018-12-15 11:59:47.7160",3276,"Marin Light Rail",40.71458403535893,-74.04281705617905,459,"W 20 St & 11 Ave",40.746745,-74.007756,29291,"Subscriber",1980,1
325,"2018-12-15 13:01:16.1430","2018-12-15 13:06:41.2110",3276,"Marin Light Rail",40.71458403535893,-74.04281705617905,3276,"Marin Light Rail",40.71458403535893,-74.04281705617905,29476,"Subscriber",1965,1
1989,"2018-12-15 13:09:59.0700","2018-12-15 13:43:08.8380",3276,"Marin Light Rail",40.71458403535893,-74.04281705617905,3276,"Marin Light Rail",40.71458403535893,-74.04281705617905,29476,"Subscriber",1984,1
813,"2018-12-15 13:16:39.3600","2018-12-15 13:30:12.6020",3276,"Marin Light Rail",40.71458403535893,-74.04281705617905,3638,"Washington St",40.7242941,-74.0354826,26221,"Subscriber",1964,2
799,"2018-12-15 13:16:48.8610","2018-12-15 13:30:08.1950",3276,"Marin Light Rail",40.71458403535893,-74.04281705617905,3638,"Washington St",40.7242941,-74.0354826,29542,"Subscriber",1963,1
192,"2018-12-15 14:17:03.3910","2018-12-15 14:20:15.9750",3276,"Marin Light Rail",40.71458403535893,-74.04281705617905,3267,"Morris Canal",40.7124188237569,-74.03852552175522,29476,"Subscriber",1984,1
321,"2018-12-15 15:43:15.2010","2018-12-15 15:48:36.8480",3276,"Marin Light Rail",40.71458403535893,-74.04281705617905,3213,"Van Vorst Park",40.71848892,-74.047726625,17348,"Subscriber",1987,1
224,"2018-12-15 16:52:49.0460","2018-12-15 16:56:34.0380",3276,"Marin Light Rail",40.71458403535893,-74.04281705617905,3213,"Van Vorst Park",40.71848892,-74.047726625,29484,"Subscriber",1989,1
131,"2018-12-15 17:01:20.3730","2018-12-15 17:03:31.5770",3276,"Marin Light Rail",40.71458403535893,-74.04281705617905,3185,"City Hall",40.7177325,-74.043845,26225,"Subscriber",1979,2
365,"2018-12-15 17:40:24.2940","2018-12-15 17:46:30.1290",3276,"Marin Light Rail",40.71458403535893,-74.04281705617905,3272,"Jersey & 3rd",40.72333158646436,-74.04595255851744,29477,"Subscriber",1988,1
382,"2018-12-15 17:53:53.9220","2018-12-15 18:00:16.4530",3276,"Marin Light Rail",40.71458403535893,-74.04281705617905,3211,"Newark Ave",40.72152515,-74.046304543,26206,"Subscriber",1989,1
478,"2018-12-15 17:59:46.8890","2018-12-15 18:07:44.9750",3276,"Marin Light Rail",40.71458403535893,-74.04281705617905,3269,"Brunswick & 6th",40.72601172964625,-74.05038893222809,29506,"Subscriber",1980,1
417,"2018-12-15 18:15:26.3760","2018-12-15 18:22:23.8480",3276,"Marin Light Rail",40.71458403535893,-74.04281705617905,3638,"Washington St",40.7242941,-74.0354826,29234,"Subscriber",1969,0
145,"2018-12-15 21:08:08.6660","2018-12-15 21:10:33.8200",3276,"Marin Light Rail",40.71458403535893,-74.04281705617905,3186,"Grove St PATH",40.71958611647166,-74.04311746358871,26303,"Subscriber",1979,1
280,"2018-12-16 09:19:36.6040","2018-12-16 09:24:17.5110",3276,"Marin Light Rail",40.71458403535893,-74.04281705617905,3187,"Warren St",40.7211236,-74.03805095,26291,"Subscriber",1987,2
231,"2018-12-16 10:28:02.0030","2018-12-16 10:31:53.2840",3276,"Marin Light Rail",40.71458403535893,-74.04281705617905,3186,"Grove St PATH",40.71958611647166,-74.04311746358871,26197,"Subscriber",1985,1
316,"2018-12-16 10:45:05.4270","2018-12-16 10:50:22.3660",3276,"Marin Light Rail",40.71458403535893,-74.04281705617905,3211,"Newark Ave",40.72152515,-74.046304543,26196,"Subscriber",1988,1
343,"2018-12-16 16:30:09.3350","2018-12-16 16:35:52.3760",3276,"Marin Light Rail",40.71458403535893,-74.04281705617905,3187,"Warren St",40.7211236,-74.03805095,26172,"Subscriber",1976,2
466,"2018-12-16 17:42:39.9990","2018-12-16 17:50:26.2550",3276,"Marin Light Rail",40.71458403535893,-74.04281705617905,3211,"Newark Ave",40.72152515,-74.046304543,26198,"Subscriber",1969,0
262,"2018-12-16 19:22:48.3820","2018-12-16 19:27:10.7800",3276,"Marin Light Rail",40.71458403535893,-74.04281705617905,3187,"Warren St",40.7211236,-74.03805095,29245,"Subscriber",1982,1
693,"2018-12-17 06:49:09.6150","2018-12-17 07:00:43.5430",3276,"Marin Light Rail",40.71458403535893,-74.04281705617905,3269,"Brunswick & 6th",40.72601172964625,-74.05038893222809,29538,"Subscriber",1989,1
228,"2018-12-17 07:21:55.9070","2018-12-17 07:25:44.3090",3276,"Marin Light Rail",40.71458403535893,-74.04281705617905,3186,"Grove St PATH",40.71958611647166,-74.04311746358871,26309,"Subscriber",1989,1
152,"2018-12-17 07:22:49.4260","2018-12-17 07:25:21.8470",3276,"Marin Light Rail",40.71458403535893,-74.04281705617905,3186,"Grove St PATH",40.71958611647166,-74.04311746358871,29440,"Subscriber",1980,1
201,"2018-12-17 07:41:02.1370","2018-12-17 07:44:23.2350",3276,"Marin Light Rail",40.71458403535893,-74.04281705617905,3186,"Grove St PATH",40.71958611647166,-74.04311746358871,29505,"Subscriber",1979,1
168,"2018-12-17 07:53:38.1170","2018-12-17 07:56:26.1760",3276,"Marin Light Rail",40.71458403535893,-74.04281705617905,3214,"Essex Light Rail",40.7127742,-74.0364857,26187,"Subscriber",1994,1
386,"2018-12-17 08:03:53.6780","2018-12-17 08:10:20.6290",3276,"Marin Light Rail",40.71458403535893,-74.04281705617905,3638,"Washington St",40.7242941,-74.0354826,29663,"Subscriber",1990,1
138,"2018-12-17 08:16:48.9290","2018-12-17 08:19:07.2180",3276,"Marin Light Rail",40.71458403535893,-74.04281705617905,3186,"Grove St PATH",40.71958611647166,-74.04311746358871,26311,"Subscriber",1991,1
278,"2018-12-17 08:17:21.2860","2018-12-17 08:21:59.5290",3276,"Marin Light Rail",40.71458403535893,-74.04281705617905,3184,"Paulus Hook",40.7141454,-74.0335519,26294,"Subscriber",1992,2
125,"2018-12-17 08:17:47.3730","2018-12-17 08:19:52.4430",3276,"Marin Light Rail",40.71458403535893,-74.04281705617905,3185,"City Hall",40.7177325,-74.043845,29233,"Subscriber",1973,1
174,"2018-12-17 08:29:16.1630","2018-12-17 08:32:11.1080",3276,"Marin Light Rail",40.71458403535893,-74.04281705617905,3186,"Grove St PATH",40.71958611647166,-74.04311746358871,26193,"Subscriber",1983,1
112,"2018-12-17 08:29:40.7880","2018-12-17 08:31:33.0210",3276,"Marin Light Rail",40.71458403535893,-74.04281705617905,3185,"City Hall",40.7177325,-74.043845,29530,"Subscriber",1972,1
132,"2018-12-17 08:32:59.5310","2018-12-17 08:35:11.8500",3276,"Marin Light Rail",40.71458403535893,-74.04281705617905,3185,"City Hall",40.7177325,-74.043845,26269,"Subscriber",1988,1
213,"2018-12-17 08:35:43.9230","2018-12-17 08:39:17.7450",3276,"Marin Light Rail",40.71458403535893,-74.04281705617905,3184,"Paulus Hook",40.7141454,-74.0335519,26211,"Subscriber",1989,2
296,"2018-12-17 08:57:37.2730","2018-12-17 09:02:33.6370",3276,"Marin Light Rail",40.71458403535893,-74.04281705617905,3183,"Exchange Place",40.7162469,-74.0334588,29508,"Subscriber",1965,1
395,"2018-12-17 08:57:39.1010","2018-12-17 09:04:14.6220",3276,"Marin Light Rail",40.71458403535893,-74.04281705617905,3275,"Columbus Drive",40.71835519823214,-74.03891444206238,29239,"Subscriber",1988,1
204,"2018-12-17 09:05:41.8760","2018-12-17 09:09:06.4530",3276,"Marin Light Rail",40.71458403535893,-74.04281705617905,3183,"Exchange Place",40.7162469,-74.0334588,29307,"Subscriber",1982,1
218,"2018-12-17 09:55:43.6400","2018-12-17 09:59:21.9640",3276,"Marin Light Rail",40.71458403535893,-74.04281705617905,3186,"Grove St PATH",40.71958611647166,-74.04311746358871,29647,"Subscriber",1984,1
259,"2018-12-17 09:57:51.7090","2018-12-17 10:02:11.0920",3276,"Marin Light Rail",40.71458403535893,-74.04281705617905,3186,"Grove St PATH",40.71958611647166,-74.04311746358871,29534,"Subscriber",1989,1
153,"2018-12-17 11:35:36.1110","2018-12-17 11:38:09.7180",3276,"Marin Light Rail",40.71458403535893,-74.04281705617905,3185,"City Hall",40.7177325,-74.043845,29597,"Subscriber",1988,1
108,"2018-12-17 11:54:33.7820","2018-12-17 11:56:22.4360",3276,"Marin Light Rail",40.71458403535893,-74.04281705617905,3185,"City Hall",40.7177325,-74.043845,29219,"Subscriber",1994,1
226,"2018-12-17 12:24:27.6290","2018-12-17 12:28:14.0190",3276,"Marin Light Rail",40.71458403535893,-74.04281705617905,3183,"Exchange Place",40.7162469,-74.0334588,29483,"Subscriber",1979,1
348,"2018-12-17 14:12:17.5680","2018-12-17 14:18:06.4370",3276,"Marin Light Rail",40.71458403535893,-74.04281705617905,3276,"Marin Light Rail",40.71458403535893,-74.04281705617905,29553,"Subscriber",1969,0
177,"2018-12-17 15:32:06.0690","2018-12-17 15:35:03.1840",3276,"Marin Light Rail",40.71458403535893,-74.04281705617905,3184,"Paulus Hook",40.7141454,-74.0335519,29553,"Subscriber",1958,1
267,"2018-12-17 16:50:13.2360","2018-12-17 16:54:40.7110",3276,"Marin Light Rail",40.71458403535893,-74.04281705617905,3186,"Grove St PATH",40.71958611647166,-74.04311746358871,26197,"Subscriber",1957,1
204,"2018-12-17 17:09:42.3400","2018-12-17 17:13:07.2080",3276,"Marin Light Rail",40.71458403535893,-74.04281705617905,3681,"Grand St",40.71517767732029,-74.03768330812454,26283,"Subscriber",1987,2
263,"2018-12-17 19:22:08.9710","2018-12-17 19:26:32.1480",3276,"Marin Light Rail",40.71458403535893,-74.04281705617905,3213,"Van Vorst Park",40.71848892,-74.047726625,26257,"Subscriber",1976,2
201,"2018-12-17 23:08:32.1980","2018-12-17 23:11:53.5080",3276,"Marin Light Rail",40.71458403535893,-74.04281705617905,3183,"Exchange Place",40.7162469,-74.0334588,29520,"Subscriber",1988,1
200,"2018-12-18 06:23:37.3710","2018-12-18 06:26:58.3410",3276,"Marin Light Rail",40.71458403535893,-74.04281705617905,3186,"Grove St PATH",40.71958611647166,-74.04311746358871,29540,"Subscriber",1980,1
214,"2018-12-18 06:27:43.1420","2018-12-18 06:31:17.6370",3276,"Marin Light Rail",40.71458403535893,-74.04281705617905,3186,"Grove St PATH",40.71958611647166,-74.04311746358871,26294,"Subscriber",1979,1
615,"2018-12-18 06:47:40.8130","2018-12-18 06:57:56.3280",3276,"Marin Light Rail",40.71458403535893,-74.04281705617905,3269,"Brunswick & 6th",40.72601172964625,-74.05038893222809,29297,"Subscriber",1989,1
250,"2018-12-18 06:51:13.5790","2018-12-18 06:55:23.6830",3276,"Marin Light Rail",40.71458403535893,-74.04281705617905,3184,"Paulus Hook",40.7141454,-74.0335519,26248,"Customer",1991,1
191,"2018-12-18 06:56:06.6850","2018-12-18 06:59:18.2120",3276,"Marin Light Rail",40.71458403535893,-74.04281705617905,3186,"Grove St PATH",40.71958611647166,-74.04311746358871,29619,"Subscriber",1979,1
186,"2018-12-18 07:35:58.0760","2018-12-18 07:39:04.1980",3276,"Marin Light Rail",40.71458403535893,-74.04281705617905,3186,"Grove St PATH",40.71958611647166,-74.04311746358871,29671,"Subscriber",1986,1
169,"2018-12-18 07:57:27.2100","2018-12-18 08:00:17.0220",3276,"Marin Light Rail",40.71458403535893,-74.04281705617905,3214,"Essex Light Rail",40.7127742,-74.0364857,26303,"Subscriber",1994,1
271,"2018-12-18 08:46:09.6900","2018-12-18 08:50:41.6140",3276,"Marin Light Rail",40.71458403535893,-74.04281705617905,3183,"Exchange Place",40.7162469,-74.0334588,26271,"Subscriber",1993,1
248,"2018-12-18 09:01:01.7520","2018-12-18 09:05:10.6280",3276,"Marin Light Rail",40.71458403535893,-74.04281705617905,3183,"Exchange Place",40.7162469,-74.0334588,29264,"Subscriber",1982,1
159,"2018-12-18 10:43:19.6850","2018-12-18 10:45:59.6180",3276,"Marin Light Rail",40.71458403535893,-74.04281705617905,3186,"Grove St PATH",40.71958611647166,-74.04311746358871,29121,"Subscriber",1989,1
147,"2018-12-18 16:24:36.6450","2018-12-18 16:27:04.1080",3276,"Marin Light Rail",40.71458403535893,-74.04281705617905,3186,"Grove St PATH",40.71958611647166,-74.04311746358871,26280,"Subscriber",1979,1
147,"2018-12-18 16:45:40.0500","2018-12-18 16:48:07.7530",3276,"Marin Light Rail",40.71458403535893,-74.04281705617905,3681,"Grand St",40.71517767732029,-74.03768330812454,29528,"Subscriber",1963,1
243,"2018-12-18 17:05:30.3650","2018-12-18 17:09:33.7270",3276,"Marin Light Rail",40.71458403535893,-74.04281705617905,3267,"Morris Canal",40.7124188237569,-74.03852552175522,29283,"Customer",1988,1
160,"2018-12-18 17:54:25.3150","2018-12-18 17:57:05.3200",3276,"Marin Light Rail",40.71458403535893,-74.04281705617905,3186,"Grove St PATH",40.71958611647166,-74.04311746358871,29124,"Subscriber",1986,1
280,"2018-12-18 19:02:06.5510","2018-12-18 19:06:46.6370",3276,"Marin Light Rail",40.71458403535893,-74.04281705617905,3211,"Newark Ave",40.72152515,-74.046304543,29245,"Subscriber",1972,1
1257,"2018-12-18 21:04:49.9950","2018-12-18 21:25:47.3470",3276,"Marin Light Rail",40.71458403535893,-74.04281705617905,3267,"Morris Canal",40.7124188237569,-74.03852552175522,26255,"Subscriber",1984,1
209,"2018-12-19 01:18:44.7040","2018-12-19 01:22:14.6660",3276,"Marin Light Rail",40.71458403535893,-74.04281705617905,3267,"Morris Canal",40.7124188237569,-74.03852552175522,29121,"Subscriber",1977,1
207,"2018-12-19 06:13:27.3510","2018-12-19 06:16:54.4980",3276,"Marin Light Rail",40.71458403535893,-74.04281705617905,3186,"Grove St PATH",40.71958611647166,-74.04311746358871,29636,"Subscriber",1980,1
223,"2018-12-19 06:35:04.0960","2018-12-19 06:38:47.4110",3276,"Marin Light Rail",40.71458403535893,-74.04281705617905,3186,"Grove St PATH",40.71958611647166,-74.04311746358871,26159,"Subscriber",1979,1
145,"2018-12-19 06:55:04.4670","2018-12-19 06:57:30.2310",3276,"Marin Light Rail",40.71458403535893,-74.04281705617905,3186,"Grove St PATH",40.71958611647166,-74.04311746358871,29286,"Subscriber",1979,1
273,"2018-12-19 07:34:20.0780","2018-12-19 07:38:53.1760",3276,"Marin Light Rail",40.71458403535893,-74.04281705617905,3186,"Grove St PATH",40.71958611647166,-74.04311746358871,29545,"Subscriber",1971,2
180,"2018-12-19 07:42:42.5280","2018-12-19 07:45:42.6960",3276,"Marin Light Rail",40.71458403535893,-74.04281705617905,3186,"Grove St PATH",40.71958611647166,-74.04311746358871,26279,"Subscriber",1986,1
209,"2018-12-19 08:19:02.4160","2018-12-19 08:22:31.6790",3276,"Marin Light Rail",40.71458403535893,-74.04281705617905,3186,"Grove St PATH",40.71958611647166,-74.04311746358871,29281,"Subscriber",1983,1
174,"2018-12-19 08:22:23.3860","2018-12-19 08:25:17.6250",3276,"Marin Light Rail",40.71458403535893,-74.04281705617905,3186,"Grove St PATH",40.71958611647166,-74.04311746358871,29286,"Subscriber",1991,1
190,"2018-12-19 08:30:52.1090","2018-12-19 08:34:02.5870",3276,"Marin Light Rail",40.71458403535893,-74.04281705617905,3214,"Essex Light Rail",40.7127742,-74.0364857,26196,"Subscriber",1987,1
112,"2018-12-19 08:31:20.9300","2018-12-19 08:33:13.7730",3276,"Marin Light Rail",40.71458403535893,-74.04281705617905,3185,"City Hall",40.7177325,-74.043845,29659,"Subscriber",1972,1
256,"2018-12-19 08:31:28.4880","2018-12-19 08:35:44.8270",3276,"Marin Light Rail",40.71458403535893,-74.04281705617905,3186,"Grove St PATH",40.71958611647166,-74.04311746358871,29215,"Subscriber",1986,1
326,"2018-12-19 08:36:27.7850","2018-12-19 08:41:54.1080",3276,"Marin Light Rail",40.71458403535893,-74.04281705617905,3639,"Harborside",40.7192517,-74.034234,26172,"Subscriber",1988,1
194,"2018-12-19 09:12:47.4790","2018-12-19 09:16:01.9140",3276,"Marin Light Rail",40.71458403535893,-74.04281705617905,3186,"Grove St PATH",40.71958611647166,-74.04311746358871,26170,"Subscriber",1979,1
202,"2018-12-19 10:48:55.8430","2018-12-19 10:52:17.9390",3276,"Marin Light Rail",40.71458403535893,-74.04281705617905,3186,"Grove St PATH",40.71958611647166,-74.04311746358871,26264,"Subscriber",1989,1
240,"2018-12-19 12:21:02.7980","2018-12-19 12:25:03.7180",3276,"Marin Light Rail",40.71458403535893,-74.04281705617905,3186,"Grove St PATH",40.71958611647166,-74.04311746358871,29445,"Subscriber",1970,1
1206,"2018-12-19 17:51:14.5410","2018-12-19 18:11:20.9400",3276,"Marin Light Rail",40.71458403535893,-74.04281705617905,3276,"Marin Light Rail",40.71458403535893,-74.04281705617905,29665,"Subscriber",1963,1
409,"2018-12-19 19:27:01.5710","2018-12-19 19:33:51.2270",3276,"Marin Light Rail",40.71458403535893,-74.04281705617905,3211,"Newark Ave",40.72152515,-74.046304543,29284,"Subscriber",1989,1
360,"2018-12-19 19:30:25.0180","2018-12-19 19:36:25.8650",3276,"Marin Light Rail",40.71458403535893,-74.04281705617905,3203,"Hamilton Park",40.727595966,-74.044247311,29619,"Subscriber",1989,1
195,"2018-12-19 19:39:55.4720","2018-12-19 19:43:11.4310",3276,"Marin Light Rail",40.71458403535893,-74.04281705617905,3186,"Grove St PATH",40.71958611647166,-74.04311746358871,29304,"Subscriber",1979,1
158,"2018-12-20 05:52:16.5970","2018-12-20 05:54:55.4590",3276,"Marin Light Rail",40.71458403535893,-74.04281705617905,3186,"Grove St PATH",40.71958611647166,-74.04311746358871,29665,"Subscriber",1984,1
231,"2018-12-20 06:08:09.2790","2018-12-20 06:12:00.6820",3276,"Marin Light Rail",40.71458403535893,-74.04281705617905,3186,"Grove St PATH",40.71958611647166,-74.04311746358871,29529,"Subscriber",1979,2
169,"2018-12-20 06:25:06.0820","2018-12-20 06:27:55.8790",3276,"Marin Light Rail",40.71458403535893,-74.04281705617905,3186,"Grove St PATH",40.71958611647166,-74.04311746358871,29124,"Subscriber",1980,1
224,"2018-12-20 06:38:06.0800","2018-12-20 06:41:50.8790",3276,"Marin Light Rail",40.71458403535893,-74.04281705617905,3186,"Grove St PATH",40.71958611647166,-74.04311746358871,26245,"Subscriber",1979,1
532,"2018-12-20 06:42:45.8090","2018-12-20 06:51:38.7450",3276,"Marin Light Rail",40.71458403535893,-74.04281705617905,3269,"Brunswick & 6th",40.72601172964625,-74.05038893222809,29275,"Subscriber",1989,1
252,"2018-12-20 06:55:03.8790","2018-12-20 06:59:15.9040",3276,"Marin Light Rail",40.71458403535893,-74.04281705617905,3186,"Grove St PATH",40.71958611647166,-74.04311746358871,29577,"Subscriber",1989,1
140,"2018-12-20 07:04:31.0440","2018-12-20 07:06:52.0120",3276,"Marin Light Rail",40.71458403535893,-74.04281705617905,3186,"Grove St PATH",40.71958611647166,-74.04311746358871,29288,"Subscriber",1979,1
448,"2018-12-20 07:50:45.9850","2018-12-20 07:58:14.4660",3276,"Marin Light Rail",40.71458403535893,-74.04281705617905,3638,"Washington St",40.7242941,-74.0354826,26183,"Subscriber",1990,1
169,"2018-12-20 08:00:21.5390","2018-12-20 08:03:11.2280",3276,"Marin Light Rail",40.71458403535893,-74.04281705617905,3214,"Essex Light Rail",40.7127742,-74.0364857,29460,"Subscriber",1994,1
208,"2018-12-20 08:01:44.9510","2018-12-20 08:05:13.7590",3276,"Marin Light Rail",40.71458403535893,-74.04281705617905,3186,"Grove St PATH",40.71958611647166,-74.04311746358871,26159,"Subscriber",1986,1
210,"2018-12-20 08:23:24.2130","2018-12-20 08:26:55.0370",3276,"Marin Light Rail",40.71458403535893,-74.04281705617905,3186,"Grove St PATH",40.71958611647166,-74.04311746358871,26200,"Subscriber",1991,1
204,"2018-12-20 08:29:26.9170","2018-12-20 08:32:51.3100",3276,"Marin Light Rail",40.71458403535893,-74.04281705617905,3183,"Exchange Place",40.7162469,-74.0334588,29264,"Subscriber",1988,1
141,"2018-12-20 08:37:52.6150","2018-12-20 08:40:14.5950",3276,"Marin Light Rail",40.71458403535893,-74.04281705617905,3185,"City Hall",40.7177325,-74.043845,26268,"Subscriber",1988,1
207,"2018-12-20 08:43:23.5130","2018-12-20 08:46:51.4280",3276,"Marin Light Rail",40.71458403535893,-74.04281705617905,3186,"Grove St PATH",40.71958611647166,-74.04311746358871,29586,"Subscriber",1979,1
218,"2018-12-20 08:47:59.9430","2018-12-20 08:51:38.2390",3276,"Marin Light Rail",40.71458403535893,-74.04281705617905,3184,"Paulus Hook",40.7141454,-74.0335519,29537,"Subscriber",1965,1
260,"2018-12-20 09:04:14.8760","2018-12-20 09:08:35.3140",3276,"Marin Light Rail",40.71458403535893,-74.04281705617905,3186,"Grove St PATH",40.71958611647166,-74.04311746358871,26201,"Subscriber",1987,1
432,"2018-12-20 09:22:10.6700","2018-12-20 09:29:23.1180",3276,"Marin Light Rail",40.71458403535893,-74.04281705617905,3214,"Essex Light Rail",40.7127742,-74.0364857,29640,"Subscriber",1981,1
237,"2018-12-20 09:31:38.1690","2018-12-20 09:35:35.3760",3276,"Marin Light Rail",40.71458403535893,-74.04281705617905,3186,"Grove St PATH",40.71958611647166,-74.04311746358871,29612,"Subscriber",1984,1
159,"2018-12-20 09:54:16.9030","2018-12-20 09:56:55.9490",3276,"Marin Light Rail",40.71458403535893,-74.04281705617905,3214,"Essex Light Rail",40.7127742,-74.0364857,29298,"Subscriber",1984,1
219,"2018-12-20 11:48:15.9090","2018-12-20 11:51:55.3400",3276,"Marin Light Rail",40.71458403535893,-74.04281705617905,3186,"Grove St PATH",40.71958611647166,-74.04311746358871,29517,"Subscriber",1989,1
242,"2018-12-20 13:05:11.2420","2018-12-20 13:09:13.4330",3276,"Marin Light Rail",40.71458403535893,-74.04281705617905,3275,"Columbus Drive",40.71835519823214,-74.03891444206238,26201,"Subscriber",1962,1
161,"2018-12-20 14:29:28.3490","2018-12-20 14:32:09.9200",3276,"Marin Light Rail",40.71458403535893,-74.04281705617905,3186,"Grove St PATH",40.71958611647166,-74.04311746358871,26279,"Subscriber",1994,1
173,"2018-12-20 18:04:02.8170","2018-12-20 18:06:56.6750",3276,"Marin Light Rail",40.71458403535893,-74.04281705617905,3186,"Grove St PATH",40.71958611647166,-74.04311746358871,26166,"Subscriber",1986,1
546,"2018-12-21 06:47:48.7920","2018-12-21 06:56:55.3140",3276,"Marin Light Rail",40.71458403535893,-74.04281705617905,3269,"Brunswick & 6th",40.72601172964625,-74.05038893222809,29502,"Subscriber",1989,1
181,"2018-12-21 07:12:38.3300","2018-12-21 07:15:39.8800",3276,"Marin Light Rail",40.71458403535893,-74.04281705617905,3186,"Grove St PATH",40.71958611647166,-74.04311746358871,26287,"Subscriber",1980,1
187,"2018-12-21 14:47:15.4850","2018-12-21 14:50:23.3620",3276,"Marin Light Rail",40.71458403535893,-74.04281705617905,3186,"Grove St PATH",40.71958611647166,-74.04311746358871,29535,"Subscriber",1994,1
298,"2018-12-21 16:11:15.3270","2018-12-21 16:16:14.0470",3276,"Marin Light Rail",40.71458403535893,-74.04281705617905,3211,"Newark Ave",40.72152515,-74.046304543,29502,"Subscriber",1990,1
259,"2018-12-21 17:42:33.0750","2018-12-21 17:46:52.9070",3276,"Marin Light Rail",40.71458403535893,-74.04281705617905,3184,"Paulus Hook",40.7141454,-74.0335519,26275,"Subscriber",1971,1
444,"2018-12-21 19:15:13.8570","2018-12-21 19:22:38.0020",3276,"Marin Light Rail",40.71458403535893,-74.04281705617905,3209,"Brunswick St",40.7241765,-74.0506564,29485,"Subscriber",1989,1
796,"2018-12-21 20:12:31.8560","2018-12-21 20:25:47.9280",3276,"Marin Light Rail",40.71458403535893,-74.04281705617905,3202,"Newport PATH",40.7272235,-74.0337589,29234,"Subscriber",1987,1
121,"2018-12-21 21:19:27.4060","2018-12-21 21:21:28.9070",3276,"Marin Light Rail",40.71458403535893,-74.04281705617905,3185,"City Hall",40.7177325,-74.043845,26233,"Subscriber",1983,1
523,"2018-12-21 22:32:01.5290","2018-12-21 22:40:44.6040",3276,"Marin Light Rail",40.71458403535893,-74.04281705617905,3483,"Montgomery St",40.71942,-74.05099,29598,"Subscriber",1958,1
407,"2018-12-22 08:14:49.3620","2018-12-22 08:21:36.8210",3276,"Marin Light Rail",40.71458403535893,-74.04281705617905,3638,"Washington St",40.7242941,-74.0354826,26200,"Subscriber",1979,1
156,"2018-12-22 08:25:42.1490","2018-12-22 08:28:18.8580",3276,"Marin Light Rail",40.71458403535893,-74.04281705617905,3185,"City Hall",40.7177325,-74.043845,29283,"Subscriber",1989,1
251,"2018-12-22 09:58:27.6960","2018-12-22 10:02:38.9510",3276,"Marin Light Rail",40.71458403535893,-74.04281705617905,3186,"Grove St PATH",40.71958611647166,-74.04311746358871,33744,"Subscriber",1985,2
226,"2018-12-22 11:00:21.0380","2018-12-22 11:04:07.6180",3276,"Marin Light Rail",40.71458403535893,-74.04281705617905,3186,"Grove St PATH",40.71958611647166,-74.04311746358871,26254,"Subscriber",1986,1
250,"2018-12-22 11:08:17.9330","2018-12-22 11:12:28.1880",3276,"Marin Light Rail",40.71458403535893,-74.04281705617905,3186,"Grove St PATH",40.71958611647166,-74.04311746358871,29508,"Subscriber",1979,2
2324,"2018-12-22 11:24:22.0620","2018-12-22 12:03:06.4920",3276,"Marin Light Rail",40.71458403535893,-74.04281705617905,3276,"Marin Light Rail",40.71458403535893,-74.04281705617905,29437,"Subscriber",1993,1
472,"2018-12-22 11:37:20.9610","2018-12-22 11:45:13.0050",3276,"Marin Light Rail",40.71458403535893,-74.04281705617905,3276,"Marin Light Rail",40.71458403535893,-74.04281705617905,26164,"Customer",1991,1
202,"2018-12-22 12:46:56.8410","2018-12-22 12:50:19.1420",3276,"Marin Light Rail",40.71458403535893,-74.04281705617905,3186,"Grove St PATH",40.71958611647166,-74.04311746358871,26276,"Subscriber",1979,1
482,"2018-12-22 13:23:27.4920","2018-12-22 13:31:30.0410",3276,"Marin Light Rail",40.71458403535893,-74.04281705617905,3205,"JC Medical Center",40.71653978099194,-74.0496379137039,29553,"Subscriber",1990,2
397,"2018-12-22 13:24:24.8420","2018-12-22 13:31:02.5210",3276,"Marin Light Rail",40.71458403535893,-74.04281705617905,3205,"JC Medical Center",40.71653978099194,-74.0496379137039,29292,"Customer",1969,0
124,"2018-12-22 13:26:44.1880","2018-12-22 13:28:48.5520",3276,"Marin Light Rail",40.71458403535893,-74.04281705617905,3681,"Grand St",40.71517767732029,-74.03768330812454,29127,"Subscriber",1986,1
1409,"2018-12-22 13:33:06.2400","2018-12-22 13:56:36.1700",3276,"Marin Light Rail",40.71458403535893,-74.04281705617905,3639,"Harborside",40.7192517,-74.034234,26276,"Subscriber",1991,2
244,"2018-12-22 13:34:25.0970","2018-12-22 13:38:29.9310",3276,"Marin Light Rail",40.71458403535893,-74.04281705617905,3184,"Paulus Hook",40.7141454,-74.0335519,29597,"Subscriber",1986,1
276,"2018-12-22 14:01:57.5260","2018-12-22 14:06:34.1690",3276,"Marin Light Rail",40.71458403535893,-74.04281705617905,3187,"Warren St",40.7211236,-74.03805095,26254,"Subscriber",1983,1
169,"2018-12-22 14:59:26.9750","2018-12-22 15:02:16.7490",3276,"Marin Light Rail",40.71458403535893,-74.04281705617905,3186,"Grove St PATH",40.71958611647166,-74.04311746358871,29437,"Subscriber",1986,1
212,"2018-12-22 17:10:02.2220","2018-12-22 17:13:34.3540",3276,"Marin Light Rail",40.71458403535893,-74.04281705617905,3186,"Grove St PATH",40.71958611647166,-74.04311746358871,26164,"Subscriber",1994,1
143,"2018-12-22 17:43:03.8200","2018-12-22 17:45:27.6470",3276,"Marin Light Rail",40.71458403535893,-74.04281705617905,3185,"City Hall",40.7177325,-74.043845,29487,"Subscriber",1971,1
170,"2018-12-22 17:50:54.4950","2018-12-22 17:53:45.2970",3276,"Marin Light Rail",40.71458403535893,-74.04281705617905,3185,"City Hall",40.7177325,-74.043845,29528,"Subscriber",1980,2
559,"2018-12-23 08:27:24.3260","2018-12-23 08:36:43.6460",3276,"Marin Light Rail",40.71458403535893,-74.04281705617905,3199,"Newport Pkwy",40.7287448,-74.0321082,29199,"Subscriber",1980,1
146,"2018-12-23 10:04:27.9890","2018-12-23 10:06:54.0310",3276,"Marin Light Rail",40.71458403535893,-74.04281705617905,3186,"Grove St PATH",40.71958611647166,-74.04311746358871,29484,"Subscriber",1985,1
168,"2018-12-23 11:48:09.1870","2018-12-23 11:50:58.1150",3276,"Marin Light Rail",40.71458403535893,-74.04281705617905,3185,"City Hall",40.7177325,-74.043845,26213,"Subscriber",1973,1
254,"2018-12-23 11:56:45.9090","2018-12-23 12:01:00.1990",3276,"Marin Light Rail",40.71458403535893,-74.04281705617905,3183,"Exchange Place",40.7162469,-74.0334588,26200,"Subscriber",1979,1
411,"2018-12-23 14:14:19.4570","2018-12-23 14:21:10.8730",3276,"Marin Light Rail",40.71458403535893,-74.04281705617905,3214,"Essex Light Rail",40.7127742,-74.0364857,29593,"Subscriber",1958,1
274,"2018-12-23 15:39:42.5870","2018-12-23 15:44:16.9500",3276,"Marin Light Rail",40.71458403535893,-74.04281705617905,3184,"Paulus Hook",40.7141454,-74.0335519,29438,"Subscriber",1989,1
1293,"2018-12-23 17:30:47.9250","2018-12-23 17:52:21.7110",3276,"Marin Light Rail",40.71458403535893,-74.04281705617905,3639,"Harborside",40.7192517,-74.034234,29598,"Subscriber",1994,0
161,"2018-12-24 06:07:45.0050","2018-12-24 06:10:26.7660",3276,"Marin Light Rail",40.71458403535893,-74.04281705617905,3186,"Grove St PATH",40.71958611647166,-74.04311746358871,29264,"Subscriber",1980,1
195,"2018-12-24 08:25:46.6630","2018-12-24 08:29:01.9270",3276,"Marin Light Rail",40.71458403535893,-74.04281705617905,3214,"Essex Light Rail",40.7127742,-74.0364857,29601,"Subscriber",1994,1
165,"2018-12-24 12:00:28.8140","2018-12-24 12:03:13.9480",3276,"Marin Light Rail",40.71458403535893,-74.04281705617905,3185,"City Hall",40.7177325,-74.043845,29506,"Subscriber",1973,1
1675,"2018-12-24 13:35:44.3820","2018-12-24 14:03:40.2030",3276,"Marin Light Rail",40.71458403535893,-74.04281705617905,3273,"Manila & 1st",40.721650724879986,-74.04288411140442,29675,"Subscriber",1982,1
1624,"2018-12-24 13:36:38.5640","2018-12-24 14:03:43.3070",3276,"Marin Light Rail",40.71458403535893,-74.04281705617905,3273,"Manila & 1st",40.721650724879986,-74.04288411140442,26295,"Subscriber",1985,2
766,"2018-12-24 14:04:42.4090","2018-12-24 14:17:28.7450",3276,"Marin Light Rail",40.71458403535893,-74.04281705617905,3483,"Montgomery St",40.71942,-74.05099,29645,"Customer",1991,1
739,"2018-12-24 14:05:30.9200","2018-12-24 14:17:50.8970",3276,"Marin Light Rail",40.71458403535893,-74.04281705617905,3483,"Montgomery St",40.71942,-74.05099,26206,"Customer",1989,2
301,"2018-12-24 15:27:51.0080","2018-12-24 15:32:52.2760",3276,"Marin Light Rail",40.71458403535893,-74.04281705617905,3186,"Grove St PATH",40.71958611647166,-74.04311746358871,29233,"Subscriber",1989,2
300,"2018-12-24 15:27:51.5180","2018-12-24 15:32:52.2020",3276,"Marin Light Rail",40.71458403535893,-74.04281705617905,3186,"Grove St PATH",40.71958611647166,-74.04311746358871,29629,"Subscriber",1989,1
162,"2018-12-24 16:06:49.3150","2018-12-24 16:09:32.0670",3276,"Marin Light Rail",40.71458403535893,-74.04281705617905,3186,"Grove St PATH",40.71958611647166,-74.04311746358871,29474,"Subscriber",1986,1
153,"2018-12-24 19:24:35.6030","2018-12-24 19:27:09.2030",3276,"Marin Light Rail",40.71458403535893,-74.04281705617905,3186,"Grove St PATH",40.71958611647166,-74.04311746358871,29296,"Subscriber",1967,1
130,"2018-12-25 12:02:42.4240","2018-12-25 12:04:52.7270",3276,"Marin Light Rail",40.71458403535893,-74.04281705617905,3185,"City Hall",40.7177325,-74.043845,29122,"Subscriber",1973,1
184,"2018-12-25 15:13:11.2900","2018-12-25 15:16:16.1640",3276,"Marin Light Rail",40.71458403535893,-74.04281705617905,3186,"Grove St PATH",40.71958611647166,-74.04311746358871,29122,"Subscriber",1990,1
1363,"2018-12-25 15:49:20.1990","2018-12-25 16:12:03.3280",3276,"Marin Light Rail",40.71458403535893,-74.04281705617905,3196,"Riverview Park",40.7443187,-74.0439909,29519,"Subscriber",1984,2
478,"2018-12-25 16:52:55.8280","2018-12-25 17:00:54.4330",3276,"Marin Light Rail",40.71458403535893,-74.04281705617905,3202,"Newport PATH",40.7272235,-74.0337589,26294,"Subscriber",1972,1
203,"2018-12-25 22:57:52.2420","2018-12-25 23:01:15.7320",3276,"Marin Light Rail",40.71458403535893,-74.04281705617905,3214,"Essex Light Rail",40.7127742,-74.0364857,29307,"Subscriber",1958,1
560,"2018-12-26 07:21:36.4430","2018-12-26 07:30:57.2390",3276,"Marin Light Rail",40.71458403535893,-74.04281705617905,3203,"Hamilton Park",40.727595966,-74.044247311,29575,"Subscriber",1977,2
162,"2018-12-26 08:03:43.2390","2018-12-26 08:06:25.7480",3276,"Marin Light Rail",40.71458403535893,-74.04281705617905,3214,"Essex Light Rail",40.7127742,-74.0364857,29500,"Subscriber",1994,1
252,"2018-12-26 12:53:54.1900","2018-12-26 12:58:06.8790",3276,"Marin Light Rail",40.71458403535893,-74.04281705617905,3186,"Grove St PATH",40.71958611647166,-74.04311746358871,29652,"Subscriber",1970,1
132,"2018-12-26 17:01:20.3640","2018-12-26 17:03:32.9140",3276,"Marin Light Rail",40.71458403535893,-74.04281705617905,3185,"City Hall",40.7177325,-74.043845,29616,"Subscriber",1988,1
420,"2018-12-26 17:36:49.8460","2018-12-26 17:43:50.7180",3276,"Marin Light Rail",40.71458403535893,-74.04281705617905,3639,"Harborside",40.7192517,-74.034234,29502,"Subscriber",1985,2
974,"2018-12-26 17:44:12.2780","2018-12-26 18:00:26.8340",3276,"Marin Light Rail",40.71458403535893,-74.04281705617905,3276,"Marin Light Rail",40.71458403535893,-74.04281705617905,26255,"Subscriber",1993,1
316,"2018-12-26 18:45:21.8190","2018-12-26 18:50:38.7580",3276,"Marin Light Rail",40.71458403535893,-74.04281705617905,3211,"Newark Ave",40.72152515,-74.046304543,26259,"Subscriber",1972,1
605,"2018-12-26 19:50:47.9540","2018-12-26 20:00:53.9530",3276,"Marin Light Rail",40.71458403535893,-74.04281705617905,3192,"Liberty Light Rail",40.7112423,-74.0557013,29259,"Customer",1998,1
679,"2018-12-26 20:31:45.6200","2018-12-26 20:43:05.0580",3276,"Marin Light Rail",40.71458403535893,-74.04281705617905,3202,"Newport PATH",40.7272235,-74.0337589,29259,"Customer",1998,1
173,"2018-12-27 06:18:42.6780","2018-12-27 06:21:36.6000",3276,"Marin Light Rail",40.71458403535893,-74.04281705617905,3186,"Grove St PATH",40.71958611647166,-74.04311746358871,29652,"Subscriber",1980,1
177,"2018-12-27 08:03:44.9190","2018-12-27 08:06:42.0640",3276,"Marin Light Rail",40.71458403535893,-74.04281705617905,3214,"Essex Light Rail",40.7127742,-74.0364857,29447,"Subscriber",1994,1
199,"2018-12-27 08:48:57.7680","2018-12-27 08:52:17.4630",3276,"Marin Light Rail",40.71458403535893,-74.04281705617905,3186,"Grove St PATH",40.71958611647166,-74.04311746358871,26233,"Subscriber",1974,1
252,"2018-12-27 08:53:59.0720","2018-12-27 08:58:11.1440",3276,"Marin Light Rail",40.71458403535893,-74.04281705617905,3183,"Exchange Place",40.7162469,-74.0334588,26163,"Subscriber",1986,1
248,"2018-12-27 10:03:18.2620","2018-12-27 10:07:26.4590",3276,"Marin Light Rail",40.71458403535893,-74.04281705617905,3186,"Grove St PATH",40.71958611647166,-74.04311746358871,29295,"Subscriber",1989,1
364,"2018-12-27 11:56:21.5700","2018-12-27 12:02:25.5900",3276,"Marin Light Rail",40.71458403535893,-74.04281705617905,3211,"Newark Ave",40.72152515,-74.046304543,26300,"Subscriber",1970,1
246,"2018-12-27 15:55:44.6530","2018-12-27 15:59:51.1140",3276,"Marin Light Rail",40.71458403535893,-74.04281705617905,3184,"Paulus Hook",40.7141454,-74.0335519,26216,"Subscriber",1959,1
401,"2018-12-27 17:51:48.4160","2018-12-27 17:58:29.5000",3276,"Marin Light Rail",40.71458403535893,-74.04281705617905,3211,"Newark Ave",40.72152515,-74.046304543,29500,"Subscriber",1988,1
183,"2018-12-27 18:14:25.8900","2018-12-27 18:17:29.8430",3276,"Marin Light Rail",40.71458403535893,-74.04281705617905,3186,"Grove St PATH",40.71958611647166,-74.04311746358871,29463,"Subscriber",1986,1
309,"2018-12-27 18:33:51.1870","2018-12-27 18:39:00.2760",3276,"Marin Light Rail",40.71458403535893,-74.04281705617905,3211,"Newark Ave",40.72152515,-74.046304543,29308,"Subscriber",1972,1
251,"2018-12-27 18:56:02.4050","2018-12-27 19:00:13.9120",3276,"Marin Light Rail",40.71458403535893,-74.04281705617905,3186,"Grove St PATH",40.71958611647166,-74.04311746358871,29286,"Subscriber",1986,1
538,"2018-12-27 19:56:34.3840","2018-12-27 20:05:32.9640",3276,"Marin Light Rail",40.71458403535893,-74.04281705617905,3276,"Marin Light Rail",40.71458403535893,-74.04281705617905,29586,"Subscriber",1978,1
219,"2018-12-28 06:35:28.1120","2018-12-28 06:39:07.5990",3276,"Marin Light Rail",40.71458403535893,-74.04281705617905,3186,"Grove St PATH",40.71958611647166,-74.04311746358871,29120,"Subscriber",1980,1
178,"2018-12-28 08:08:49.4330","2018-12-28 08:11:47.9660",3276,"Marin Light Rail",40.71458403535893,-74.04281705617905,3214,"Essex Light Rail",40.7127742,-74.0364857,29629,"Subscriber",1994,1
153,"2018-12-28 18:53:21.0210","2018-12-28 18:55:54.8320",3276,"Marin Light Rail",40.71458403535893,-74.04281705617905,3213,"Van Vorst Park",40.71848892,-74.047726625,29286,"Subscriber",1989,1
248,"2018-12-28 19:05:49.9160","2018-12-28 19:09:58.0090",3276,"Marin Light Rail",40.71458403535893,-74.04281705617905,3273,"Manila & 1st",40.721650724879986,-74.04288411140442,29586,"Subscriber",1989,1
156,"2018-12-28 23:29:28.2650","2018-12-28 23:32:04.4000",3276,"Marin Light Rail",40.71458403535893,-74.04281705617905,3185,"City Hall",40.7177325,-74.043845,26286,"Subscriber",1988,1
1373,"2018-12-29 10:41:47.3360","2018-12-29 11:04:41.0250",3276,"Marin Light Rail",40.71458403535893,-74.04281705617905,3638,"Washington St",40.7242941,-74.0354826,29447,"Customer",1969,0
368,"2018-12-29 10:49:06.9570","2018-12-29 10:55:15.5860",3276,"Marin Light Rail",40.71458403535893,-74.04281705617905,3272,"Jersey & 3rd",40.72333158646436,-74.04595255851744,26244,"Subscriber",1979,2
136,"2018-12-29 11:09:05.6140","2018-12-29 11:11:22.4570",3276,"Marin Light Rail",40.71458403535893,-74.04281705617905,3214,"Essex Light Rail",40.7127742,-74.0364857,29286,"Subscriber",1989,1
1009,"2018-12-29 12:00:47.9470","2018-12-29 12:17:37.6010",3276,"Marin Light Rail",40.71458403535893,-74.04281705617905,3211,"Newark Ave",40.72152515,-74.046304543,29447,"Subscriber",1982,1
993,"2018-12-29 12:01:03.9330","2018-12-29 12:17:37.7130",3276,"Marin Light Rail",40.71458403535893,-74.04281705617905,3211,"Newark Ave",40.72152515,-74.046304543,29601,"Subscriber",1985,2
153,"2018-12-29 12:30:20.1170","2018-12-29 12:32:53.3360",3276,"Marin Light Rail",40.71458403535893,-74.04281705617905,3185,"City Hall",40.7177325,-74.043845,26266,"Subscriber",1973,1
1114,"2018-12-29 14:59:06.6570","2018-12-29 15:17:41.1270",3276,"Marin Light Rail",40.71458403535893,-74.04281705617905,3267,"Morris Canal",40.7124188237569,-74.03852552175522,26291,"Customer",1992,2
124,"2018-12-29 15:16:11.8520","2018-12-29 15:18:16.2250",3276,"Marin Light Rail",40.71458403535893,-74.04281705617905,3185,"City Hall",40.7177325,-74.043845,29207,"Subscriber",1984,1
318,"2018-12-29 19:41:25.7420","2018-12-29 19:46:43.9110",3276,"Marin Light Rail",40.71458403535893,-74.04281705617905,3187,"Warren St",40.7211236,-74.03805095,29677,"Subscriber",1989,1
218,"2018-12-29 20:14:31.9450","2018-12-29 20:18:10.0790",3276,"Marin Light Rail",40.71458403535893,-74.04281705617905,3275,"Columbus Drive",40.71835519823214,-74.03891444206238,29595,"Subscriber",1984,1
230,"2018-12-30 00:46:36.2980","2018-12-30 00:50:26.7030",3276,"Marin Light Rail",40.71458403535893,-74.04281705617905,3186,"Grove St PATH",40.71958611647166,-74.04311746358871,29207,"Subscriber",1970,1
268,"2018-12-30 07:37:19.6590","2018-12-30 07:41:48.1270",3276,"Marin Light Rail",40.71458403535893,-74.04281705617905,3213,"Van Vorst Park",40.71848892,-74.047726625,29676,"Subscriber",1974,2
552,"2018-12-30 08:14:45.8020","2018-12-30 08:23:58.1370",3276,"Marin Light Rail",40.71458403535893,-74.04281705617905,3276,"Marin Light Rail",40.71458403535893,-74.04281705617905,29272,"Subscriber",1983,1
328,"2018-12-30 09:59:53.9110","2018-12-30 10:05:22.6930",3276,"Marin Light Rail",40.71458403535893,-74.04281705617905,3187,"Warren St",40.7211236,-74.03805095,29272,"Subscriber",1989,1
312,"2018-12-30 10:33:59.1110","2018-12-30 10:39:11.9010",3276,"Marin Light Rail",40.71458403535893,-74.04281705617905,3639,"Harborside",40.7192517,-74.034234,29236,"Subscriber",1964,2
190,"2018-12-30 10:52:32.7920","2018-12-30 10:55:42.9360",3276,"Marin Light Rail",40.71458403535893,-74.04281705617905,3186,"Grove St PATH",40.71958611647166,-74.04311746358871,29207,"Subscriber",1979,1
241,"2018-12-30 12:31:16.0000","2018-12-30 12:35:17.5810",3276,"Marin Light Rail",40.71458403535893,-74.04281705617905,3185,"City Hall",40.7177325,-74.043845,29236,"Subscriber",1989,1
203,"2018-12-30 15:36:03.3580","2018-12-30 15:39:26.5710",3276,"Marin Light Rail",40.71458403535893,-74.04281705617905,3186,"Grove St PATH",40.71958611647166,-74.04311746358871,29250,"Subscriber",1989,2
301,"2018-12-30 15:38:59.0650","2018-12-30 15:44:00.8890",3276,"Marin Light Rail",40.71458403535893,-74.04281705617905,3211,"Newark Ave",40.72152515,-74.046304543,29521,"Subscriber",1989,1
194,"2018-12-30 19:58:28.2360","2018-12-30 20:01:43.0730",3276,"Marin Light Rail",40.71458403535893,-74.04281705617905,3681,"Grand St",40.71517767732029,-74.03768330812454,29513,"Subscriber",1989,1
482,"2018-12-30 20:41:40.5880","2018-12-30 20:49:43.0080",3276,"Marin Light Rail",40.71458403535893,-74.04281705617905,3203,"Hamilton Park",40.727595966,-74.044247311,26163,"Subscriber",1991,1
135,"2018-12-31 06:58:33.8000","2018-12-31 07:00:49.1080",3276,"Marin Light Rail",40.71458403535893,-74.04281705617905,3186,"Grove St PATH",40.71958611647166,-74.04311746358871,29520,"Subscriber",1980,1
123,"2018-12-31 10:57:51.8590","2018-12-31 10:59:55.7300",3276,"Marin Light Rail",40.71458403535893,-74.04281705617905,3185,"City Hall",40.7177325,-74.043845,29121,"Subscriber",1979,2
128,"2018-12-31 11:55:37.9970","2018-12-31 11:57:46.3960",3276,"Marin Light Rail",40.71458403535893,-74.04281705617905,3185,"City Hall",40.7177325,-74.043845,29520,"Subscriber",1973,1
133,"2018-12-31 13:28:04.2030","2018-12-31 13:30:18.1150",3276,"Marin Light Rail",40.71458403535893,-74.04281705617905,3185,"City Hall",40.7177325,-74.043845,29267,"Subscriber",1985,1
125,"2018-12-31 14:10:53.4080","2018-12-31 14:12:59.3510",3276,"Marin Light Rail",40.71458403535893,-74.04281705617905,3681,"Grand St",40.71517767732029,-74.03768330812454,26264,"Subscriber",1963,1
257,"2018-12-31 14:18:23.9310","2018-12-31 14:22:41.4230",3276,"Marin Light Rail",40.71458403535893,-74.04281705617905,3213,"Van Vorst Park",40.71848892,-74.047726625,29443,"Subscriber",1985,2
271,"2018-12-31 16:16:48.8770","2018-12-31 16:21:20.7970",3276,"Marin Light Rail",40.71458403535893,-74.04281705617905,3186,"Grove St PATH",40.71958611647166,-74.04311746358871,26264,"Subscriber",1987,2
795,"2018-12-01 10:30:05.5250","2018-12-01 10:43:21.5110",3277,"Communipaw & Berry Lane",40.71435836870427,-74.06661093235016,3186,"Grove St PATH",40.71958611647166,-74.04311746358871,29251,"Subscriber",1988,1
537,"2018-12-02 01:02:07.3220","2018-12-02 01:11:04.4230",3277,"Communipaw & Berry Lane",40.71435836870427,-74.06661093235016,3186,"Grove St PATH",40.71958611647166,-74.04311746358871,29584,"Subscriber",1975,1
705,"2018-12-02 10:46:43.5070","2018-12-02 10:58:28.8520",3277,"Communipaw & Berry Lane",40.71435836870427,-74.06661093235016,3186,"Grove St PATH",40.71958611647166,-74.04311746358871,26224,"Subscriber",1988,1
1365,"2018-12-02 16:52:41.6080","2018-12-02 17:15:27.0310",3277,"Communipaw & Berry Lane",40.71435836870427,-74.06661093235016,3275,"Columbus Drive",40.71835519823214,-74.03891444206238,29448,"Subscriber",1958,1
695,"2018-12-03 05:43:25.7890","2018-12-03 05:55:00.9290",3277,"Communipaw & Berry Lane",40.71435836870427,-74.06661093235016,3186,"Grove St PATH",40.71958611647166,-74.04311746358871,29587,"Subscriber",1988,1
624,"2018-12-03 08:02:38.2790","2018-12-03 08:13:02.7870",3277,"Communipaw & Berry Lane",40.71435836870427,-74.06661093235016,3186,"Grove St PATH",40.71958611647166,-74.04311746358871,29614,"Subscriber",1984,2
655,"2018-12-03 13:15:23.5040","2018-12-03 13:26:19.4720",3277,"Communipaw & Berry Lane",40.71435836870427,-74.06661093235016,3195,"Sip Ave",40.73074262530658,-74.06378388404846,29668,"Subscriber",1985,1
566,"2018-12-03 16:22:35.4960","2018-12-03 16:32:02.3630",3277,"Communipaw & Berry Lane",40.71435836870427,-74.06661093235016,3186,"Grove St PATH",40.71958611647166,-74.04311746358871,29451,"Subscriber",1975,1
701,"2018-12-03 21:01:38.3020","2018-12-03 21:13:19.7540",3277,"Communipaw & Berry Lane",40.71435836870427,-74.06661093235016,3195,"Sip Ave",40.73074262530658,-74.06378388404846,26191,"Subscriber",1988,1
739,"2018-12-04 06:00:04.9950","2018-12-04 06:12:24.0990",3277,"Communipaw & Berry Lane",40.71435836870427,-74.06661093235016,3186,"Grove St PATH",40.71958611647166,-74.04311746358871,29483,"Subscriber",1988,1
685,"2018-12-04 08:45:13.7980","2018-12-04 08:56:39.6110",3277,"Communipaw & Berry Lane",40.71435836870427,-74.06661093235016,3186,"Grove St PATH",40.71958611647166,-74.04311746358871,29292,"Subscriber",1983,1
507,"2018-12-04 18:03:27.2930","2018-12-04 18:11:54.3680",3277,"Communipaw & Berry Lane",40.71435836870427,-74.06661093235016,3186,"Grove St PATH",40.71958611647166,-74.04311746358871,26208,"Subscriber",1975,1
686,"2018-12-05 08:33:42.8170","2018-12-05 08:45:09.2730",3277,"Communipaw & Berry Lane",40.71435836870427,-74.06661093235016,3186,"Grove St PATH",40.71958611647166,-74.04311746358871,29668,"Subscriber",1988,1
664,"2018-12-05 09:13:54.1720","2018-12-05 09:24:59.1440",3277,"Communipaw & Berry Lane",40.71435836870427,-74.06661093235016,3186,"Grove St PATH",40.71958611647166,-74.04311746358871,29521,"Subscriber",1983,1
715,"2018-12-06 05:56:39.2250","2018-12-06 06:08:35.0460",3277,"Communipaw & Berry Lane",40.71435836870427,-74.06661093235016,3186,"Grove St PATH",40.71958611647166,-74.04311746358871,29262,"Subscriber",1988,1
619,"2018-12-06 09:06:29.8940","2018-12-06 09:16:49.3730",3277,"Communipaw & Berry Lane",40.71435836870427,-74.06661093235016,3186,"Grove St PATH",40.71958611647166,-74.04311746358871,26210,"Subscriber",1986,2
619,"2018-12-06 10:08:28.2220","2018-12-06 10:18:47.6200",3277,"Communipaw & Berry Lane",40.71435836870427,-74.06661093235016,3186,"Grove St PATH",40.71958611647166,-74.04311746358871,26213,"Subscriber",1983,1
843,"2018-12-06 15:26:59.9480","2018-12-06 15:41:03.4620",3277,"Communipaw & Berry Lane",40.71435836870427,-74.06661093235016,3195,"Sip Ave",40.73074262530658,-74.06378388404846,26163,"Subscriber",1988,1
520,"2018-12-06 19:31:30.4470","2018-12-06 19:40:10.9370",3277,"Communipaw & Berry Lane",40.71435836870427,-74.06661093235016,3186,"Grove St PATH",40.71958611647166,-74.04311746358871,29298,"Subscriber",1975,1
671,"2018-12-07 05:53:36.3460","2018-12-07 06:04:47.8880",3277,"Communipaw & Berry Lane",40.71435836870427,-74.06661093235016,3186,"Grove St PATH",40.71958611647166,-74.04311746358871,29250,"Subscriber",1988,1
561,"2018-12-07 09:17:10.0740","2018-12-07 09:26:32.0590",3277,"Communipaw & Berry Lane",40.71435836870427,-74.06661093235016,3273,"Manila & 1st",40.721650724879986,-74.04288411140442,29646,"Subscriber",1986,2
516,"2018-12-08 06:58:27.2210","2018-12-08 07:07:03.4680",3277,"Communipaw & Berry Lane",40.71435836870427,-74.06661093235016,3194,"McGinley Square",40.7253399253558,-74.06762212514877,29601,"Subscriber",1988,1
620,"2018-12-08 10:30:02.5830","2018-12-08 10:40:22.7330",3277,"Communipaw & Berry Lane",40.71435836870427,-74.06661093235016,3186,"Grove St PATH",40.71958611647166,-74.04311746358871,29482,"Subscriber",1988,1
620,"2018-12-09 10:51:52.2190","2018-12-09 11:02:12.7760",3277,"Communipaw & Berry Lane",40.71435836870427,-74.06661093235016,3186,"Grove St PATH",40.71958611647166,-74.04311746358871,29652,"Subscriber",1988,1
555,"2018-12-09 17:08:00.9060","2018-12-09 17:17:16.0560",3277,"Communipaw & Berry Lane",40.71435836870427,-74.06661093235016,3186,"Grove St PATH",40.71958611647166,-74.04311746358871,29285,"Subscriber",1975,1
741,"2018-12-10 08:03:15.2460","2018-12-10 08:15:36.5560",3277,"Communipaw & Berry Lane",40.71435836870427,-74.06661093235016,3195,"Sip Ave",40.73074262530658,-74.06378388404846,26193,"Subscriber",1988,1
554,"2018-12-10 13:26:10.3130","2018-12-10 13:35:25.3070",3277,"Communipaw & Berry Lane",40.71435836870427,-74.06661093235016,3186,"Grove St PATH",40.71958611647166,-74.04311746358871,26221,"Subscriber",1975,1
675,"2018-12-10 14:03:50.2320","2018-12-10 14:15:05.9250",3277,"Communipaw & Berry Lane",40.71435836870427,-74.06661093235016,3186,"Grove St PATH",40.71958611647166,-74.04311746358871,29682,"Subscriber",1988,1
603,"2018-12-10 16:57:01.5890","2018-12-10 17:07:04.9760",3277,"Communipaw & Berry Lane",40.71435836870427,-74.06661093235016,3186,"Grove St PATH",40.71958611647166,-74.04311746358871,29210,"Subscriber",1975,1
243,"2018-12-10 19:50:31.0980","2018-12-10 19:54:35.0680",3277,"Communipaw & Berry Lane",40.71435836870427,-74.06661093235016,3426,"JCBS Depot",40.70965083364061,-74.06860113143921,29230,"Subscriber",1992,1
1409,"2018-12-11 02:55:05.4880","2018-12-11 03:18:35.3380",3277,"Communipaw & Berry Lane",40.71435836870427,-74.06661093235016,3277,"Communipaw & Berry Lane",40.71435836870427,-74.06661093235016,26268,"Subscriber",1988,1
648,"2018-12-11 08:11:51.4690","2018-12-11 08:22:39.7420",3277,"Communipaw & Berry Lane",40.71435836870427,-74.06661093235016,3185,"City Hall",40.7177325,-74.043845,26219,"Subscriber",1982,1
624,"2018-12-11 09:15:01.4820","2018-12-11 09:25:26.0500",3277,"Communipaw & Berry Lane",40.71435836870427,-74.06661093235016,3186,"Grove St PATH",40.71958611647166,-74.04311746358871,26268,"Subscriber",1986,2
957,"2018-12-11 11:04:08.3160","2018-12-11 11:20:05.9580",3277,"Communipaw & Berry Lane",40.71435836870427,-74.06661093235016,3186,"Grove St PATH",40.71958611647166,-74.04311746358871,26205,"Subscriber",1988,1
489,"2018-12-11 20:08:52.6390","2018-12-11 20:17:01.7250",3277,"Communipaw & Berry Lane",40.71435836870427,-74.06661093235016,3186,"Grove St PATH",40.71958611647166,-74.04311746358871,26208,"Subscriber",1975,1
677,"2018-12-12 05:30:54.3620","2018-12-12 05:42:11.8770",3277,"Communipaw & Berry Lane",40.71435836870427,-74.06661093235016,3195,"Sip Ave",40.73074262530658,-74.06378388404846,26242,"Subscriber",1988,1
615,"2018-12-12 08:20:21.2860","2018-12-12 08:30:36.9630",3277,"Communipaw & Berry Lane",40.71435836870427,-74.06661093235016,3185,"City Hall",40.7177325,-74.043845,29533,"Subscriber",1982,1
378,"2018-12-12 08:30:23.8210","2018-12-12 08:36:42.4940",3277,"Communipaw & Berry Lane",40.71435836870427,-74.06661093235016,3192,"Liberty Light Rail",40.7112423,-74.0557013,26242,"Subscriber",1988,1
318,"2018-12-12 08:32:19.0660","2018-12-12 08:37:38.0260",3277,"Communipaw & Berry Lane",40.71435836870427,-74.06661093235016,3426,"JCBS Depot",40.70965083364061,-74.06860113143921,29587,"Subscriber",1991,1
521,"2018-12-12 09:08:33.7000","2018-12-12 09:17:14.8120",3277,"Communipaw & Berry Lane",40.71435836870427,-74.06661093235016,3186,"Grove St PATH",40.71958611647166,-74.04311746358871,26173,"Subscriber",1986,2
591,"2018-12-12 09:24:07.3220","2018-12-12 09:33:59.2970",3277,"Communipaw & Berry Lane",40.71435836870427,-74.06661093235016,3186,"Grove St PATH",40.71958611647166,-74.04311746358871,29676,"Subscriber",1983,1
726,"2018-12-13 09:11:38.8400","2018-12-13 09:23:45.0180",3277,"Communipaw & Berry Lane",40.71435836870427,-74.06661093235016,3186,"Grove St PATH",40.71958611647166,-74.04311746358871,26280,"Subscriber",1983,1
779,"2018-12-13 09:25:57.9080","2018-12-13 09:38:56.9440",3277,"Communipaw & Berry Lane",40.71435836870427,-74.06661093235016,3186,"Grove St PATH",40.71958611647166,-74.04311746358871,29544,"Subscriber",1986,2
759,"2018-12-13 14:04:50.5740","2018-12-13 14:17:29.7140",3277,"Communipaw & Berry Lane",40.71435836870427,-74.06661093235016,3186,"Grove St PATH",40.71958611647166,-74.04311746358871,29450,"Subscriber",1975,1
591,"2018-12-14 09:34:05.6270","2018-12-14 09:43:56.8950",3277,"Communipaw & Berry Lane",40.71435836870427,-74.06661093235016,3186,"Grove St PATH",40.71958611647166,-74.04311746358871,29442,"Subscriber",1986,2
921,"2018-12-14 10:50:15.9150","2018-12-14 11:05:37.7380",3277,"Communipaw & Berry Lane",40.71435836870427,-74.06661093235016,3186,"Grove St PATH",40.71958611647166,-74.04311746358871,29645,"Subscriber",1988,1
1593,"2018-12-14 19:04:04.3590","2018-12-14 19:30:37.4610",3277,"Communipaw & Berry Lane",40.71435836870427,-74.06661093235016,3272,"Jersey & 3rd",40.72333158646436,-74.04595255851744,29636,"Subscriber",1988,1
557,"2018-12-16 16:36:01.9160","2018-12-16 16:45:19.3580",3277,"Communipaw & Berry Lane",40.71435836870427,-74.06661093235016,3186,"Grove St PATH",40.71958611647166,-74.04311746358871,29442,"Subscriber",1975,1
1001,"2018-12-17 04:07:25.1890","2018-12-17 04:24:07.0590",3277,"Communipaw & Berry Lane",40.71435836870427,-74.06661093235016,3183,"Exchange Place",40.7162469,-74.0334588,29304,"Subscriber",1992,1
919,"2018-12-17 08:10:34.4640","2018-12-17 08:25:53.5900",3277,"Communipaw & Berry Lane",40.71435836870427,-74.06661093235016,3185,"City Hall",40.7177325,-74.043845,29126,"Subscriber",1986,2
665,"2018-12-17 09:15:29.7400","2018-12-17 09:26:35.4080",3277,"Communipaw & Berry Lane",40.71435836870427,-74.06661093235016,3186,"Grove St PATH",40.71958611647166,-74.04311746358871,29545,"Subscriber",1986,2
596,"2018-12-17 11:23:51.2670","2018-12-17 11:33:48.0860",3277,"Communipaw & Berry Lane",40.71435836870427,-74.06661093235016,3186,"Grove St PATH",40.71958611647166,-74.04311746358871,26311,"Subscriber",1975,1
672,"2018-12-17 12:09:28.9470","2018-12-17 12:20:40.9980",3277,"Communipaw & Berry Lane",40.71435836870427,-74.06661093235016,3186,"Grove St PATH",40.71958611647166,-74.04311746358871,29636,"Subscriber",1988,1
874,"2018-12-17 14:47:07.4250","2018-12-17 15:01:42.1740",3277,"Communipaw & Berry Lane",40.71435836870427,-74.06661093235016,3186,"Grove St PATH",40.71958611647166,-74.04311746358871,29308,"Subscriber",1988,1
726,"2018-12-18 19:26:39.5600","2018-12-18 19:38:46.2860",3277,"Communipaw & Berry Lane",40.71435836870427,-74.06661093235016,3186,"Grove St PATH",40.71958611647166,-74.04311746358871,26267,"Subscriber",1988,1
591,"2018-12-19 11:27:09.2040","2018-12-19 11:37:01.1320",3277,"Communipaw & Berry Lane",40.71435836870427,-74.06661093235016,3186,"Grove St PATH",40.71958611647166,-74.04311746358871,29517,"Subscriber",1975,1
712,"2018-12-19 20:56:50.3330","2018-12-19 21:08:42.4050",3277,"Communipaw & Berry Lane",40.71435836870427,-74.06661093235016,3195,"Sip Ave",40.73074262530658,-74.06378388404846,29250,"Subscriber",1988,1
642,"2018-12-20 07:19:58.0270","2018-12-20 07:30:40.7100",3277,"Communipaw & Berry Lane",40.71435836870427,-74.06661093235016,3186,"Grove St PATH",40.71958611647166,-74.04311746358871,29549,"Subscriber",1988,1
537,"2018-12-20 09:36:24.8510","2018-12-20 09:45:22.7670",3277,"Communipaw & Berry Lane",40.71435836870427,-74.06661093235016,3186,"Grove St PATH",40.71958611647166,-74.04311746358871,29121,"Subscriber",1986,2
441,"2018-12-20 12:56:22.3140","2018-12-20 13:03:44.2510",3277,"Communipaw & Berry Lane",40.71435836870427,-74.06661093235016,3694,"Jackson Square",40.71113,-74.0789,29216,"Subscriber",1991,1
536,"2018-12-20 15:49:33.9580","2018-12-20 15:58:30.1590",3277,"Communipaw & Berry Lane",40.71435836870427,-74.06661093235016,3186,"Grove St PATH",40.71958611647166,-74.04311746358871,29308,"Subscriber",1975,1
780,"2018-12-21 20:09:15.6250","2018-12-21 20:22:16.5300",3277,"Communipaw & Berry Lane",40.71435836870427,-74.06661093235016,3195,"Sip Ave",40.73074262530658,-74.06378388404846,29305,"Subscriber",1988,1
1980,"2018-12-22 11:14:40.4490","2018-12-22 11:47:41.1850",3277,"Communipaw & Berry Lane",40.71435836870427,-74.06661093235016,3694,"Jackson Square",40.71113,-74.0789,29586,"Subscriber",1993,1
794,"2018-12-22 16:43:18.0920","2018-12-22 16:56:32.6420",3277,"Communipaw & Berry Lane",40.71435836870427,-74.06661093235016,3195,"Sip Ave",40.73074262530658,-74.06378388404846,29271,"Subscriber",1988,1
705,"2018-12-23 00:21:06.0280","2018-12-23 00:32:51.8760",3277,"Communipaw & Berry Lane",40.71435836870427,-74.06661093235016,3186,"Grove St PATH",40.71958611647166,-74.04311746358871,29660,"Subscriber",1988,1
631,"2018-12-23 20:37:10.6570","2018-12-23 20:47:41.7800",3277,"Communipaw & Berry Lane",40.71435836870427,-74.06661093235016,3186,"Grove St PATH",40.71958611647166,-74.04311746358871,29629,"Subscriber",1988,1
1293,"2018-12-24 12:23:21.0710","2018-12-24 12:44:54.5580",3277,"Communipaw & Berry Lane",40.71435836870427,-74.06661093235016,3277,"Communipaw & Berry Lane",40.71435836870427,-74.06661093235016,26193,"Subscriber",1988,1
528,"2018-12-26 10:24:56.8470","2018-12-26 10:33:45.2510",3277,"Communipaw & Berry Lane",40.71435836870427,-74.06661093235016,3186,"Grove St PATH",40.71958611647166,-74.04311746358871,29282,"Subscriber",1975,1
531,"2018-12-26 11:56:33.6960","2018-12-26 12:05:24.9890",3277,"Communipaw & Berry Lane",40.71435836870427,-74.06661093235016,3211,"Newark Ave",40.72152515,-74.046304543,26166,"Subscriber",1975,1
662,"2018-12-26 14:35:51.1300","2018-12-26 14:46:53.7070",3277,"Communipaw & Berry Lane",40.71435836870427,-74.06661093235016,3186,"Grove St PATH",40.71958611647166,-74.04311746358871,29299,"Subscriber",1988,1
707,"2018-12-27 10:44:20.4780","2018-12-27 10:56:07.5050",3277,"Communipaw & Berry Lane",40.71435836870427,-74.06661093235016,3186,"Grove St PATH",40.71958611647166,-74.04311746358871,26164,"Subscriber",1988,1
492,"2018-12-27 17:50:53.7060","2018-12-27 17:59:06.3480",3277,"Communipaw & Berry Lane",40.71435836870427,-74.06661093235016,3186,"Grove St PATH",40.71958611647166,-74.04311746358871,29290,"Subscriber",1975,1
3080,"2018-12-28 08:38:09.2820","2018-12-28 09:29:29.6550",3277,"Communipaw & Berry Lane",40.71435836870427,-74.06661093235016,3268,"Lafayette Park",40.71346382669195,-74.06285852193832,26193,"Subscriber",1991,1
507,"2018-12-28 15:06:26.6920","2018-12-28 15:14:53.9210",3277,"Communipaw & Berry Lane",40.71435836870427,-74.06661093235016,3211,"Newark Ave",40.72152515,-74.046304543,29573,"Subscriber",1975,1
468,"2018-12-29 21:15:06.8450","2018-12-29 21:22:55.4410",3277,"Communipaw & Berry Lane",40.71435836870427,-74.06661093235016,3211,"Newark Ave",40.72152515,-74.046304543,29602,"Subscriber",1975,1
836,"2018-12-30 12:56:38.1320","2018-12-30 13:10:35.1310",3277,"Communipaw & Berry Lane",40.71435836870427,-74.06661093235016,3186,"Grove St PATH",40.71958611647166,-74.04311746358871,29249,"Subscriber",1988,1
379,"2018-12-31 12:58:53.4640","2018-12-31 13:05:12.6470",3277,"Communipaw & Berry Lane",40.71435836870427,-74.06661093235016,3694,"Jackson Square",40.71113,-74.0789,26270,"Subscriber",1991,1
240,"2018-12-01 05:09:36.3410","2018-12-01 05:13:37.3210",3278,"Monmouth and 6th",40.72568548362901,-74.04879033565521,3186,"Grove St PATH",40.71958611647166,-74.04311746358871,29243,"Subscriber",1991,1
222,"2018-12-01 10:56:45.9010","2018-12-01 11:00:28.3860",3278,"Monmouth and 6th",40.72568548362901,-74.04879033565521,3272,"Jersey & 3rd",40.72333158646436,-74.04595255851744,29292,"Subscriber",1981,1
315,"2018-12-01 12:23:04.1640","2018-12-01 12:28:19.2180",3278,"Monmouth and 6th",40.72568548362901,-74.04879033565521,3186,"Grove St PATH",40.71958611647166,-74.04311746358871,29496,"Subscriber",1988,1
135,"2018-12-01 12:44:05.7090","2018-12-01 12:46:21.5960",3278,"Monmouth and 6th",40.72568548362901,-74.04879033565521,3272,"Jersey & 3rd",40.72333158646436,-74.04595255851744,29219,"Subscriber",1982,1
365,"2018-12-01 14:15:51.3750","2018-12-01 14:21:57.2140",3278,"Monmouth and 6th",40.72568548362901,-74.04879033565521,3186,"Grove St PATH",40.71958611647166,-74.04311746358871,29219,"Subscriber",1980,2
226,"2018-12-01 15:56:50.9020","2018-12-01 16:00:37.7090",3278,"Monmouth and 6th",40.72568548362901,-74.04879033565521,3186,"Grove St PATH",40.71958611647166,-74.04311746358871,29289,"Subscriber",1991,1
196,"2018-12-01 16:14:35.5700","2018-12-01 16:17:51.7570",3278,"Monmouth and 6th",40.72568548362901,-74.04879033565521,3272,"Jersey & 3rd",40.72333158646436,-74.04595255851744,29552,"Subscriber",1983,2
248,"2018-12-01 17:36:55.1450","2018-12-01 17:41:03.3740",3278,"Monmouth and 6th",40.72568548362901,-74.04879033565521,3273,"Manila & 1st",40.721650724879986,-74.04288411140442,26276,"Subscriber",1980,1
156,"2018-12-02 07:41:16.4420","2018-12-02 07:43:52.8380",3278,"Monmouth and 6th",40.72568548362901,-74.04879033565521,3272,"Jersey & 3rd",40.72333158646436,-74.04595255851744,29207,"Subscriber",1982,2
158,"2018-12-02 10:19:19.1320","2018-12-02 10:21:57.6310",3278,"Monmouth and 6th",40.72568548362901,-74.04879033565521,3211,"Newark Ave",40.72152515,-74.046304543,29284,"Subscriber",1983,2
504,"2018-12-02 10:38:20.6810","2018-12-02 10:46:45.4700",3278,"Monmouth and 6th",40.72568548362901,-74.04879033565521,3275,"Columbus Drive",40.71835519823214,-74.03891444206238,29496,"Subscriber",1990,2
499,"2018-12-02 10:38:21.3620","2018-12-02 10:46:40.4020",3278,"Monmouth and 6th",40.72568548362901,-74.04879033565521,3275,"Columbus Drive",40.71835519823214,-74.03891444206238,29441,"Subscriber",1984,1
238,"2018-12-02 11:06:50.5160","2018-12-02 11:10:49.4420",3278,"Monmouth and 6th",40.72568548362901,-74.04879033565521,3273,"Manila & 1st",40.721650724879986,-74.04288411140442,26221,"Subscriber",1986,2
283,"2018-12-02 13:13:24.8900","2018-12-02 13:18:07.9040",3278,"Monmouth and 6th",40.72568548362901,-74.04879033565521,3186,"Grove St PATH",40.71958611647166,-74.04311746358871,26164,"Subscriber",1976,2
355,"2018-12-02 14:49:06.4860","2018-12-02 14:55:01.5970",3278,"Monmouth and 6th",40.72568548362901,-74.04879033565521,3639,"Harborside",40.7192517,-74.034234,29521,"Subscriber",1994,1
270,"2018-12-02 16:49:18.5180","2018-12-02 16:53:48.9650",3278,"Monmouth and 6th",40.72568548362901,-74.04879033565521,3186,"Grove St PATH",40.71958611647166,-74.04311746358871,29512,"Subscriber",1983,2
235,"2018-12-02 18:20:08.2990","2018-12-02 18:24:04.0090",3278,"Monmouth and 6th",40.72568548362901,-74.04879033565521,3273,"Manila & 1st",40.721650724879986,-74.04288411140442,29512,"Subscriber",1980,2
174,"2018-12-02 18:57:05.6190","2018-12-02 19:00:00.3920",3278,"Monmouth and 6th",40.72568548362901,-74.04879033565521,3272,"Jersey & 3rd",40.72333158646436,-74.04595255851744,29521,"Subscriber",1987,1
177,"2018-12-03 05:22:12.1310","2018-12-03 05:25:09.9490",3278,"Monmouth and 6th",40.72568548362901,-74.04879033565521,3273,"Manila & 1st",40.721650724879986,-74.04288411140442,29207,"Subscriber",1988,1
473,"2018-12-03 07:25:05.0370","2018-12-03 07:32:58.4020",3278,"Monmouth and 6th",40.72568548362901,-74.04879033565521,3184,"Paulus Hook",40.7141454,-74.0335519,29207,"Subscriber",1979,1
257,"2018-12-03 07:33:02.8100","2018-12-03 07:37:20.4510",3278,"Monmouth and 6th",40.72568548362901,-74.04879033565521,3186,"Grove St PATH",40.71958611647166,-74.04311746358871,29284,"Subscriber",1981,2
231,"2018-12-03 07:49:51.6720","2018-12-03 07:53:43.4720",3278,"Monmouth and 6th",40.72568548362901,-74.04879033565521,3186,"Grove St PATH",40.71958611647166,-74.04311746358871,29521,"Subscriber",1991,1
272,"2018-12-03 07:57:17.7990","2018-12-03 08:01:50.6010",3278,"Monmouth and 6th",40.72568548362901,-74.04879033565521,3186,"Grove St PATH",40.71958611647166,-74.04311746358871,29201,"Subscriber",1982,1
382,"2018-12-03 08:16:16.5300","2018-12-03 08:22:39.4010",3278,"Monmouth and 6th",40.72568548362901,-74.04879033565521,3639,"Harborside",40.7192517,-74.034234,29658,"Subscriber",1994,1
270,"2018-12-03 08:50:17.5080","2018-12-03 08:54:48.0630",3278,"Monmouth and 6th",40.72568548362901,-74.04879033565521,3186,"Grove St PATH",40.71958611647166,-74.04311746358871,29284,"Subscriber",1983,2
263,"2018-12-03 09:08:59.4340","2018-12-03 09:13:23.0700",3278,"Monmouth and 6th",40.72568548362901,-74.04879033565521,3186,"Grove St PATH",40.71958611647166,-74.04311746358871,29586,"Subscriber",1980,1
369,"2018-12-03 09:09:24.5390","2018-12-03 09:15:34.3300",3278,"Monmouth and 6th",40.72568548362901,-74.04879033565521,3186,"Grove St PATH",40.71958611647166,-74.04311746358871,29510,"Subscriber",1988,1
271,"2018-12-03 09:14:59.2650","2018-12-03 09:19:30.4080",3278,"Monmouth and 6th",40.72568548362901,-74.04879033565521,3213,"Van Vorst Park",40.71848892,-74.047726625,29545,"Subscriber",1973,1
284,"2018-12-03 09:33:42.5230","2018-12-03 09:38:26.9820",3278,"Monmouth and 6th",40.72568548362901,-74.04879033565521,3186,"Grove St PATH",40.71958611647166,-74.04311746358871,29588,"Subscriber",1980,2
306,"2018-12-03 09:37:07.5780","2018-12-03 09:42:13.6910",3278,"Monmouth and 6th",40.72568548362901,-74.04879033565521,3186,"Grove St PATH",40.71958611647166,-74.04311746358871,29198,"Subscriber",1985,1
227,"2018-12-03 09:57:53.3000","2018-12-03 10:01:41.2060",3278,"Monmouth and 6th",40.72568548362901,-74.04879033565521,3186,"Grove St PATH",40.71958611647166,-74.04311746358871,29308,"Subscriber",1977,1
315,"2018-12-03 11:56:16.8680","2018-12-03 12:01:32.0610",3278,"Monmouth and 6th",40.72568548362901,-74.04879033565521,3186,"Grove St PATH",40.71958611647166,-74.04311746358871,29273,"Subscriber",1956,1
246,"2018-12-03 12:28:56.0920","2018-12-03 12:33:02.2650",3278,"Monmouth and 6th",40.72568548362901,-74.04879033565521,3273,"Manila & 1st",40.721650724879986,-74.04288411140442,29470,"Subscriber",1983,2
481,"2018-12-03 13:25:56.0460","2018-12-03 13:33:57.1510",3278,"Monmouth and 6th",40.72568548362901,-74.04879033565521,3206,"Hilltop",40.7311689,-74.0575736,29245,"Subscriber",1977,1
702,"2018-12-03 13:40:34.8750","2018-12-03 13:52:17.7770",3278,"Monmouth and 6th",40.72568548362901,-74.04879033565521,3214,"Essex Light Rail",40.7127742,-74.0364857,29550,"Subscriber",1995,2
321,"2018-12-03 17:19:58.9160","2018-12-03 17:25:20.4000",3278,"Monmouth and 6th",40.72568548362901,-74.04879033565521,3186,"Grove St PATH",40.71958611647166,-74.04311746358871,29535,"Subscriber",1988,2
453,"2018-12-03 20:13:13.5950","2018-12-03 20:20:47.0160",3278,"Monmouth and 6th",40.72568548362901,-74.04879033565521,3205,"JC Medical Center",40.71653978099194,-74.0496379137039,15947,"Subscriber",1980,1
218,"2018-12-04 05:19:57.1370","2018-12-04 05:23:35.6700",3278,"Monmouth and 6th",40.72568548362901,-74.04879033565521,3273,"Manila & 1st",40.721650724879986,-74.04288411140442,29531,"Subscriber",1988,1
201,"2018-12-04 06:23:19.9660","2018-12-04 06:26:41.8590",3278,"Monmouth and 6th",40.72568548362901,-74.04879033565521,3186,"Grove St PATH",40.71958611647166,-74.04311746358871,29441,"Subscriber",1985,1
253,"2018-12-04 06:51:38.3060","2018-12-04 06:55:52.0350",3278,"Monmouth and 6th",40.72568548362901,-74.04879033565521,3211,"Newark Ave",40.72152515,-74.046304543,29470,"Subscriber",1955,2
167,"2018-12-04 06:59:37.8640","2018-12-04 07:02:25.0340",3278,"Monmouth and 6th",40.72568548362901,-74.04879033565521,3272,"Jersey & 3rd",40.72333158646436,-74.04595255851744,29526,"Subscriber",1982,2
305,"2018-12-04 07:07:45.4000","2018-12-04 07:12:50.9440",3278,"Monmouth and 6th",40.72568548362901,-74.04879033565521,3186,"Grove St PATH",40.71958611647166,-74.04311746358871,29659,"Subscriber",1986,2
247,"2018-12-04 07:33:24.7040","2018-12-04 07:37:32.4690",3278,"Monmouth and 6th",40.72568548362901,-74.04879033565521,3273,"Manila & 1st",40.721650724879986,-74.04288411140442,29204,"Subscriber",1984,2
217,"2018-12-04 07:36:42.6830","2018-12-04 07:40:19.8180",3278,"Monmouth and 6th",40.72568548362901,-74.04879033565521,3186,"Grove St PATH",40.71958611647166,-74.04311746358871,29531,"Subscriber",1991,1
254,"2018-12-04 07:36:49.6010","2018-12-04 07:41:04.3260",3278,"Monmouth and 6th",40.72568548362901,-74.04879033565521,3186,"Grove St PATH",40.71958611647166,-74.04311746358871,29127,"Subscriber",1994,1
263,"2018-12-04 07:42:01.4920","2018-12-04 07:46:25.0410",3278,"Monmouth and 6th",40.72568548362901,-74.04879033565521,3186,"Grove St PATH",40.71958611647166,-74.04311746358871,29243,"Subscriber",1981,2
234,"2018-12-04 08:06:04.1420","2018-12-04 08:09:58.7690",3278,"Monmouth and 6th",40.72568548362901,-74.04879033565521,3186,"Grove St PATH",40.71958611647166,-74.04311746358871,29619,"Subscriber",1983,2
248,"2018-12-04 08:09:22.6460","2018-12-04 08:13:31.3590",3278,"Monmouth and 6th",40.72568548362901,-74.04879033565521,3186,"Grove St PATH",40.71958611647166,-74.04311746358871,29586,"Subscriber",1991,1
241,"2018-12-04 08:09:30.0450","2018-12-04 08:13:31.1380",3278,"Monmouth and 6th",40.72568548362901,-74.04879033565521,3186,"Grove St PATH",40.71958611647166,-74.04311746358871,26254,"Subscriber",1990,2
290,"2018-12-04 08:13:19.8450","2018-12-04 08:18:10.4320",3278,"Monmouth and 6th",40.72568548362901,-74.04879033565521,3186,"Grove St PATH",40.71958611647166,-74.04311746358871,26293,"Subscriber",1983,2
344,"2018-12-04 08:59:16.9980","2018-12-04 09:05:01.3080",3278,"Monmouth and 6th",40.72568548362901,-74.04879033565521,3186,"Grove St PATH",40.71958611647166,-74.04311746358871,26254,"Subscriber",1977,1
285,"2018-12-04 09:01:27.8420","2018-12-04 09:06:13.4580",3278,"Monmouth and 6th",40.72568548362901,-74.04879033565521,3186,"Grove St PATH",40.71958611647166,-74.04311746358871,29263,"Subscriber",1977,1
310,"2018-12-04 09:03:09.4490","2018-12-04 09:08:20.3790",3278,"Monmouth and 6th",40.72568548362901,-74.04879033565521,3186,"Grove St PATH",40.71958611647166,-74.04311746358871,26282,"Subscriber",1985,1
455,"2018-12-04 09:49:37.7480","2018-12-04 09:57:13.6120",3278,"Monmouth and 6th",40.72568548362901,-74.04879033565521,3186,"Grove St PATH",40.71958611647166,-74.04311746358871,29487,"Subscriber",1988,1
304,"2018-12-04 10:08:50.3110","2018-12-04 10:13:54.6800",3278,"Monmouth and 6th",40.72568548362901,-74.04879033565521,3273,"Manila & 1st",40.721650724879986,-74.04288411140442,29576,"Subscriber",1980,2
433,"2018-12-04 17:18:26.5760","2018-12-04 17:25:39.8820",3278,"Monmouth and 6th",40.72568548362901,-74.04879033565521,3639,"Harborside",40.7192517,-74.034234,26155,"Subscriber",1994,1
722,"2018-12-04 17:19:06.3600","2018-12-04 17:31:08.5660",3278,"Monmouth and 6th",40.72568548362901,-74.04879033565521,3183,"Exchange Place",40.7162469,-74.0334588,26296,"Subscriber",1980,2
330,"2018-12-04 17:38:41.3210","2018-12-04 17:44:11.9420",3278,"Monmouth and 6th",40.72568548362901,-74.04879033565521,3186,"Grove St PATH",40.71958611647166,-74.04311746358871,29673,"Subscriber",1993,2
249,"2018-12-04 20:18:59.5930","2018-12-04 20:23:09.0210",3278,"Monmouth and 6th",40.72568548362901,-74.04879033565521,3273,"Manila & 1st",40.721650724879986,-74.04288411140442,29548,"Subscriber",1989,1
375,"2018-12-05 06:46:32.9130","2018-12-05 06:52:48.5220",3278,"Monmouth and 6th",40.72568548362901,-74.04879033565521,3186,"Grove St PATH",40.71958611647166,-74.04311746358871,26224,"Subscriber",1981,1
212,"2018-12-05 07:10:57.3710","2018-12-05 07:14:30.3650",3278,"Monmouth and 6th",40.72568548362901,-74.04879033565521,3186,"Grove St PATH",40.71958611647166,-74.04311746358871,29593,"Subscriber",1978,1
253,"2018-12-05 07:12:30.0930","2018-12-05 07:16:43.4340",3278,"Monmouth and 6th",40.72568548362901,-74.04879033565521,3186,"Grove St PATH",40.71958611647166,-74.04311746358871,29467,"Subscriber",1985,1
257,"2018-12-05 07:33:56.6480","2018-12-05 07:38:13.6750",3278,"Monmouth and 6th",40.72568548362901,-74.04879033565521,3186,"Grove St PATH",40.71958611647166,-74.04311746358871,29659,"Subscriber",1981,2
221,"2018-12-05 07:43:48.0150","2018-12-05 07:47:29.3460",3278,"Monmouth and 6th",40.72568548362901,-74.04879033565521,3186,"Grove St PATH",40.71958611647166,-74.04311746358871,29455,"Subscriber",1991,1
316,"2018-12-05 07:59:32.6410","2018-12-05 08:04:49.2490",3278,"Monmouth and 6th",40.72568548362901,-74.04879033565521,3186,"Grove St PATH",40.71958611647166,-74.04311746358871,26206,"Subscriber",1986,2
295,"2018-12-05 07:59:54.7860","2018-12-05 08:04:49.9460",3278,"Monmouth and 6th",40.72568548362901,-74.04879033565521,3186,"Grove St PATH",40.71958611647166,-74.04311746358871,29275,"Subscriber",1978,1
264,"2018-12-05 08:02:59.6560","2018-12-05 08:07:23.9610",3278,"Monmouth and 6th",40.72568548362901,-74.04879033565521,3273,"Manila & 1st",40.721650724879986,-74.04288411140442,29301,"Subscriber",1982,2
276,"2018-12-05 08:07:34.6670","2018-12-05 08:12:11.3560",3278,"Monmouth and 6th",40.72568548362901,-74.04879033565521,3186,"Grove St PATH",40.71958611647166,-74.04311746358871,29212,"Subscriber",1993,1
392,"2018-12-05 08:08:33.2510","2018-12-05 08:15:05.2910",3278,"Monmouth and 6th",40.72568548362901,-74.04879033565521,3186,"Grove St PATH",40.71958611647166,-74.04311746358871,29681,"Subscriber",1984,2
254,"2018-12-05 08:08:59.7270","2018-12-05 08:13:14.2420",3278,"Monmouth and 6th",40.72568548362901,-74.04879033565521,3186,"Grove St PATH",40.71958611647166,-74.04311746358871,29241,"Subscriber",1983,2
254,"2018-12-05 09:08:50.3400","2018-12-05 09:13:05.0750",3278,"Monmouth and 6th",40.72568548362901,-74.04879033565521,3186,"Grove St PATH",40.71958611647166,-74.04311746358871,29198,"Subscriber",1977,1
295,"2018-12-05 09:52:29.2260","2018-12-05 09:57:24.3870",3278,"Monmouth and 6th",40.72568548362901,-74.04879033565521,3186,"Grove St PATH",40.71958611647166,-74.04311746358871,29259,"Subscriber",1980,2
277,"2018-12-05 10:18:01.7260","2018-12-05 10:22:39.0710",3278,"Monmouth and 6th",40.72568548362901,-74.04879033565521,3186,"Grove St PATH",40.71958611647166,-74.04311746358871,26171,"Subscriber",1985,1
635,"2018-12-05 13:07:09.3570","2018-12-05 13:17:45.2690",3278,"Monmouth and 6th",40.72568548362901,-74.04879033565521,3183,"Exchange Place",40.7162469,-74.0334588,29241,"Subscriber",1969,0
169,"2018-12-05 16:02:12.0240","2018-12-05 16:05:01.7070",3278,"Monmouth and 6th",40.72568548362901,-74.04879033565521,3273,"Manila & 1st",40.721650724879986,-74.04288411140442,29521,"Subscriber",1988,1
289,"2018-12-05 17:30:21.0780","2018-12-05 17:35:10.8090",3278,"Monmouth and 6th",40.72568548362901,-74.04879033565521,3186,"Grove St PATH",40.71958611647166,-74.04311746358871,26294,"Subscriber",1988,2
320,"2018-12-05 17:30:06.9560","2018-12-05 17:35:27.8650",3278,"Monmouth and 6th",40.72568548362901,-74.04879033565521,3186,"Grove St PATH",40.71958611647166,-74.04311746358871,29623,"Subscriber",1984,1
1228,"2018-12-05 18:21:51.3840","2018-12-05 18:42:20.1740",3278,"Monmouth and 6th",40.72568548362901,-74.04879033565521,3679,"Bergen Ave",40.722103786686034,-74.07145500183105,29507,"Subscriber",1995,1
249,"2018-12-06 06:37:02.7520","2018-12-06 06:41:12.5850",3278,"Monmouth and 6th",40.72568548362901,-74.04879033565521,3186,"Grove St PATH",40.71958611647166,-74.04311746358871,26204,"Subscriber",1985,1
345,"2018-12-06 06:53:18.0140","2018-12-06 06:59:03.5420",3278,"Monmouth and 6th",40.72568548362901,-74.04879033565521,3186,"Grove St PATH",40.71958611647166,-74.04311746358871,26167,"Subscriber",1981,1
308,"2018-12-06 07:00:29.0910","2018-12-06 07:05:37.2260",3278,"Monmouth and 6th",40.72568548362901,-74.04879033565521,3186,"Grove St PATH",40.71958611647166,-74.04311746358871,29659,"Subscriber",1987,2
301,"2018-12-06 07:13:00.9090","2018-12-06 07:18:02.5440",3278,"Monmouth and 6th",40.72568548362901,-74.04879033565521,3186,"Grove St PATH",40.71958611647166,-74.04311746358871,29278,"Subscriber",1987,2
413,"2018-12-06 07:18:36.0470","2018-12-06 07:25:29.6750",3278,"Monmouth and 6th",40.72568548362901,-74.04879033565521,3639,"Harborside",40.7192517,-74.034234,26159,"Subscriber",1994,1
217,"2018-12-06 07:29:45.0950","2018-12-06 07:33:22.9440",3278,"Monmouth and 6th",40.72568548362901,-74.04879033565521,3186,"Grove St PATH",40.71958611647166,-74.04311746358871,29458,"Subscriber",1991,1
256,"2018-12-06 07:32:55.8950","2018-12-06 07:37:11.9910",3278,"Monmouth and 6th",40.72568548362901,-74.04879033565521,3186,"Grove St PATH",40.71958611647166,-74.04311746358871,29474,"Subscriber",1993,1
270,"2018-12-06 07:37:40.2380","2018-12-06 07:42:10.9410",3278,"Monmouth and 6th",40.72568548362901,-74.04879033565521,3186,"Grove St PATH",40.71958611647166,-74.04311746358871,26215,"Subscriber",1981,2
230,"2018-12-06 08:56:10.5740","2018-12-06 09:00:00.7210",3278,"Monmouth and 6th",40.72568548362901,-74.04879033565521,3186,"Grove St PATH",40.71958611647166,-74.04311746358871,29614,"Subscriber",1977,1
382,"2018-12-06 09:04:41.8800","2018-12-06 09:11:04.7750",3278,"Monmouth and 6th",40.72568548362901,-74.04879033565521,3186,"Grove St PATH",40.71958611647166,-74.04311746358871,29272,"Subscriber",1984,1
316,"2018-12-06 09:06:15.7050","2018-12-06 09:11:31.9100",3278,"Monmouth and 6th",40.72568548362901,-74.04879033565521,3186,"Grove St PATH",40.71958611647166,-74.04311746358871,29275,"Subscriber",1980,2
267,"2018-12-06 09:07:43.3330","2018-12-06 09:12:10.6470",3278,"Monmouth and 6th",40.72568548362901,-74.04879033565521,3186,"Grove St PATH",40.71958611647166,-74.04311746358871,29639,"Subscriber",1988,1
292,"2018-12-06 09:13:08.9240","2018-12-06 09:18:01.5480",3278,"Monmouth and 6th",40.72568548362901,-74.04879033565521,3186,"Grove St PATH",40.71958611647166,-74.04311746358871,26284,"Subscriber",1984,1
337,"2018-12-06 09:17:17.4930","2018-12-06 09:22:55.0280",3278,"Monmouth and 6th",40.72568548362901,-74.04879033565521,3186,"Grove St PATH",40.71958611647166,-74.04311746358871,29659,"Subscriber",1985,1
253,"2018-12-06 13:17:17.5810","2018-12-06 13:21:30.9250",3278,"Monmouth and 6th",40.72568548362901,-74.04879033565521,3273,"Manila & 1st",40.721650724879986,-74.04288411140442,29536,"Subscriber",1983,2
310,"2018-12-06 13:34:46.7090","2018-12-06 13:39:57.5730",3278,"Monmouth and 6th",40.72568548362901,-74.04879033565521,3186,"Grove St PATH",40.71958611647166,-74.04311746358871,29271,"Subscriber",1956,1
210,"2018-12-06 16:04:30.3960","2018-12-06 16:08:00.9230",3278,"Monmouth and 6th",40.72568548362901,-74.04879033565521,3186,"Grove St PATH",40.71958611647166,-74.04311746358871,29306,"Subscriber",1990,1
214,"2018-12-06 17:22:53.8770","2018-12-06 17:26:28.7750",3278,"Monmouth and 6th",40.72568548362901,-74.04879033565521,3273,"Manila & 1st",40.721650724879986,-74.04288411140442,26202,"Subscriber",1988,1
198,"2018-12-06 18:52:17.6380","2018-12-06 18:55:36.4960",3278,"Monmouth and 6th",40.72568548362901,-74.04879033565521,3211,"Newark Ave",40.72152515,-74.046304543,29306,"Subscriber",1982,1
437,"2018-12-06 18:54:23.2770","2018-12-06 19:01:40.4450",3278,"Monmouth and 6th",40.72568548362901,-74.04879033565521,3185,"City Hall",40.7177325,-74.043845,29285,"Subscriber",1993,2
422,"2018-12-06 18:54:28.9900","2018-12-06 19:01:31.5790",3278,"Monmouth and 6th",40.72568548362901,-74.04879033565521,3185,"City Hall",40.7177325,-74.043845,29588,"Subscriber",1990,1
322,"2018-12-06 19:15:58.1450","2018-12-06 19:21:20.7930",3278,"Monmouth and 6th",40.72568548362901,-74.04879033565521,3186,"Grove St PATH",40.71958611647166,-74.04311746358871,33781,"Subscriber",1977,1
189,"2018-12-06 22:38:07.1030","2018-12-06 22:41:16.1340",3278,"Monmouth and 6th",40.72568548362901,-74.04879033565521,3186,"Grove St PATH",40.71958611647166,-74.04311746358871,26217,"Subscriber",1994,1
224,"2018-12-07 05:23:48.1100","2018-12-07 05:27:33.0430",3278,"Monmouth and 6th",40.72568548362901,-74.04879033565521,3273,"Manila & 1st",40.721650724879986,-74.04288411140442,29670,"Subscriber",1988,1
243,"2018-12-07 07:14:24.1760","2018-12-07 07:18:27.6510",3278,"Monmouth and 6th",40.72568548362901,-74.04879033565521,3186,"Grove St PATH",40.71958611647166,-74.04311746358871,29670,"Subscriber",1991,1
390,"2018-12-07 07:17:45.4960","2018-12-07 07:24:15.9830",3278,"Monmouth and 6th",40.72568548362901,-74.04879033565521,3638,"Washington St",40.7242941,-74.0354826,26275,"Subscriber",1981,1
399,"2018-12-07 07:32:35.7430","2018-12-07 07:39:15.0330",3278,"Monmouth and 6th",40.72568548362901,-74.04879033565521,3186,"Grove St PATH",40.71958611647166,-74.04311746358871,26296,"Customer",1983,2
322,"2018-12-07 07:36:13.4880","2018-12-07 07:41:36.1980",3278,"Monmouth and 6th",40.72568548362901,-74.04879033565521,3186,"Grove St PATH",40.71958611647166,-74.04311746358871,29245,"Subscriber",1986,2
285,"2018-12-07 07:36:10.8800","2018-12-07 07:40:56.7140",3278,"Monmouth and 6th",40.72568548362901,-74.04879033565521,3186,"Grove St PATH",40.71958611647166,-74.04311746358871,33781,"Subscriber",1982,2
242,"2018-12-07 07:40:14.7260","2018-12-07 07:44:17.2360",3278,"Monmouth and 6th",40.72568548362901,-74.04879033565521,3186,"Grove St PATH",40.71958611647166,-74.04311746358871,29285,"Subscriber",1981,2
300,"2018-12-07 07:48:22.9140","2018-12-07 07:53:23.6250",3278,"Monmouth and 6th",40.72568548362901,-74.04879033565521,3186,"Grove St PATH",40.71958611647166,-74.04311746358871,29446,"Subscriber",1988,1
271,"2018-12-07 08:14:36.3770","2018-12-07 08:19:07.6650",3278,"Monmouth and 6th",40.72568548362901,-74.04879033565521,3186,"Grove St PATH",40.71958611647166,-74.04311746358871,29304,"Subscriber",1982,1
239,"2018-12-07 08:16:11.8520","2018-12-07 08:20:11.8380",3278,"Monmouth and 6th",40.72568548362901,-74.04879033565521,3186,"Grove St PATH",40.71958611647166,-74.04311746358871,29468,"Subscriber",1987,2
268,"2018-12-07 08:18:28.2590","2018-12-07 08:22:57.0780",3278,"Monmouth and 6th",40.72568548362901,-74.04879033565521,3273,"Manila & 1st",40.721650724879986,-74.04288411140442,29275,"Subscriber",1981,1
286,"2018-12-07 08:35:52.1650","2018-12-07 08:40:38.8730",3278,"Monmouth and 6th",40.72568548362901,-74.04879033565521,3186,"Grove St PATH",40.71958611647166,-74.04311746358871,26287,"Subscriber",1990,2
283,"2018-12-07 08:35:53.9500","2018-12-07 08:40:37.3510",3278,"Monmouth and 6th",40.72568548362901,-74.04879033565521,3186,"Grove St PATH",40.71958611647166,-74.04311746358871,29261,"Subscriber",1991,1
347,"2018-12-07 08:46:57.2020","2018-12-07 08:52:44.4710",3278,"Monmouth and 6th",40.72568548362901,-74.04879033565521,3185,"City Hall",40.7177325,-74.043845,29484,"Subscriber",1977,1
533,"2018-12-07 09:07:17.8780","2018-12-07 09:16:11.7000",3278,"Monmouth and 6th",40.72568548362901,-74.04879033565521,3183,"Exchange Place",40.7162469,-74.0334588,29227,"Subscriber",1977,1
316,"2018-12-07 09:30:28.1380","2018-12-07 09:35:44.3300",3278,"Monmouth and 6th",40.72568548362901,-74.04879033565521,3186,"Grove St PATH",40.71958611647166,-74.04311746358871,29448,"Subscriber",1987,2
324,"2018-12-07 09:38:22.3620","2018-12-07 09:43:47.0640",3278,"Monmouth and 6th",40.72568548362901,-74.04879033565521,3186,"Grove St PATH",40.71958611647166,-74.04311746358871,26292,"Subscriber",1985,1
328,"2018-12-07 09:40:23.7810","2018-12-07 09:45:51.9250",3278,"Monmouth and 6th",40.72568548362901,-74.04879033565521,3186,"Grove St PATH",40.71958611647166,-74.04311746358871,29201,"Subscriber",1980,2
416,"2018-12-07 11:24:35.5950","2018-12-07 11:31:31.8750",3278,"Monmouth and 6th",40.72568548362901,-74.04879033565521,3185,"City Hall",40.7177325,-74.043845,29296,"Subscriber",1964,1
1789,"2018-12-07 12:10:14.3030","2018-12-07 12:40:04.0230",3278,"Monmouth and 6th",40.72568548362901,-74.04879033565521,3278,"Monmouth and 6th",40.72568548362901,-74.04879033565521,26303,"Subscriber",1988,1
847,"2018-12-07 12:44:24.2960","2018-12-07 12:58:31.3920",3278,"Monmouth and 6th",40.72568548362901,-74.04879033565521,3275,"Columbus Drive",40.71835519823214,-74.03891444206238,26303,"Subscriber",1988,1
208,"2018-12-07 12:46:17.2770","2018-12-07 12:49:45.8110",3278,"Monmouth and 6th",40.72568548362901,-74.04879033565521,3272,"Jersey & 3rd",40.72333158646436,-74.04595255851744,29475,"Subscriber",1983,2
601,"2018-12-07 15:40:29.8030","2018-12-07 15:50:31.2600",3278,"Monmouth and 6th",40.72568548362901,-74.04879033565521,3211,"Newark Ave",40.72152515,-74.046304543,29123,"Subscriber",1955,2
130,"2018-12-07 18:32:20.3570","2018-12-07 18:34:30.8410",3278,"Monmouth and 6th",40.72568548362901,-74.04879033565521,3272,"Jersey & 3rd",40.72333158646436,-74.04595255851744,29446,"Subscriber",1977,1
259,"2018-12-08 06:48:10.8150","2018-12-08 06:52:30.3110",3278,"Monmouth and 6th",40.72568548362901,-74.04879033565521,3638,"Washington St",40.7242941,-74.0354826,29578,"Subscriber",1981,1
367,"2018-12-08 07:47:48.7270","2018-12-08 07:53:55.8960",3278,"Monmouth and 6th",40.72568548362901,-74.04879033565521,3639,"Harborside",40.7192517,-74.034234,29533,"Subscriber",1994,1
308,"2018-12-08 13:40:19.4810","2018-12-08 13:45:28.3700",3278,"Monmouth and 6th",40.72568548362901,-74.04879033565521,3186,"Grove St PATH",40.71958611647166,-74.04311746358871,29225,"Subscriber",1987,2
294,"2018-12-08 13:54:48.2840","2018-12-08 13:59:42.9850",3278,"Monmouth and 6th",40.72568548362901,-74.04879033565521,3213,"Van Vorst Park",40.71848892,-74.047726625,29245,"Subscriber",1982,2
562,"2018-12-08 14:17:50.0390","2018-12-08 14:27:12.1540",3278,"Monmouth and 6th",40.72568548362901,-74.04879033565521,3639,"Harborside",40.7192517,-74.034234,29533,"Subscriber",1994,1
593,"2018-12-08 14:17:53.8280","2018-12-08 14:27:47.1470",3278,"Monmouth and 6th",40.72568548362901,-74.04879033565521,3639,"Harborside",40.7192517,-74.034234,29541,"Customer",1994,2
130,"2018-12-08 17:19:03.7970","2018-12-08 17:21:14.3580",3278,"Monmouth and 6th",40.72568548362901,-74.04879033565521,3272,"Jersey & 3rd",40.72333158646436,-74.04595255851744,29278,"Subscriber",1988,1
352,"2018-12-08 18:24:36.1320","2018-12-08 18:30:28.7430",3278,"Monmouth and 6th",40.72568548362901,-74.04879033565521,3206,"Hilltop",40.7311689,-74.0575736,26224,"Subscriber",1977,1
328,"2018-12-09 08:02:24.6640","2018-12-09 08:07:53.2720",3278,"Monmouth and 6th",40.72568548362901,-74.04879033565521,3638,"Washington St",40.7242941,-74.0354826,29272,"Subscriber",1981,1
235,"2018-12-09 10:29:21.7080","2018-12-09 10:33:17.0980",3278,"Monmouth and 6th",40.72568548362901,-74.04879033565521,3273,"Manila & 1st",40.721650724879986,-74.04288411140442,29278,"Subscriber",1988,1
1220,"2018-12-09 12:32:16.2060","2018-12-09 12:52:36.6080",3278,"Monmouth and 6th",40.72568548362901,-74.04879033565521,3196,"Riverview Park",40.7443187,-74.0439909,26257,"Subscriber",1984,1
125,"2018-12-09 12:42:29.7680","2018-12-09 12:44:35.6490",3278,"Monmouth and 6th",40.72568548362901,-74.04879033565521,3279,"Dixon Mills",40.721630142638354,-74.04996782541275,29244,"Subscriber",1980,1
276,"2018-12-09 14:17:36.0400","2018-12-09 14:22:12.3520",3278,"Monmouth and 6th",40.72568548362901,-74.04879033565521,3186,"Grove St PATH",40.71958611647166,-74.04311746358871,29453,"Customer",1969,0
626,"2018-12-09 14:44:25.7790","2018-12-09 14:54:52.4020",3278,"Monmouth and 6th",40.72568548362901,-74.04879033565521,3186,"Grove St PATH",40.71958611647166,-74.04311746358871,29541,"Subscriber",1988,1
346,"2018-12-09 15:16:30.2330","2018-12-09 15:22:16.3430",3278,"Monmouth and 6th",40.72568548362901,-74.04879033565521,3483,"Montgomery St",40.71942,-74.05099,29613,"Subscriber",1981,2
366,"2018-12-09 15:42:19.7530","2018-12-09 15:48:26.0510",3278,"Monmouth and 6th",40.72568548362901,-74.04879033565521,3186,"Grove St PATH",40.71958611647166,-74.04311746358871,29241,"Subscriber",1987,1
276,"2018-12-09 18:23:26.0570","2018-12-09 18:28:02.7840",3278,"Monmouth and 6th",40.72568548362901,-74.04879033565521,3186,"Grove St PATH",40.71958611647166,-74.04311746358871,26264,"Subscriber",1980,1
286,"2018-12-09 19:09:49.7550","2018-12-09 19:14:36.2980",3278,"Monmouth and 6th",40.72568548362901,-74.04879033565521,3187,"Warren St",40.7211236,-74.03805095,26202,"Subscriber",1976,1
164,"2018-12-09 21:07:52.6380","2018-12-09 21:10:36.7450",3278,"Monmouth and 6th",40.72568548362901,-74.04879033565521,3272,"Jersey & 3rd",40.72333158646436,-74.04595255851744,29512,"Subscriber",1984,1
232,"2018-12-10 05:24:58.9000","2018-12-10 05:28:51.5620",3278,"Monmouth and 6th",40.72568548362901,-74.04879033565521,3273,"Manila & 1st",40.721650724879986,-74.04288411140442,29476,"Subscriber",1988,1
264,"2018-12-10 06:35:28.5940","2018-12-10 06:39:53.2870",3278,"Monmouth and 6th",40.72568548362901,-74.04879033565521,3186,"Grove St PATH",40.71958611647166,-74.04311746358871,26191,"Subscriber",1985,1
287,"2018-12-10 07:16:28.1350","2018-12-10 07:21:15.7680",3278,"Monmouth and 6th",40.72568548362901,-74.04879033565521,3186,"Grove St PATH",40.71958611647166,-74.04311746358871,29547,"Subscriber",1987,2
270,"2018-12-10 07:27:07.2980","2018-12-10 07:31:37.8380",3278,"Monmouth and 6th",40.72568548362901,-74.04879033565521,3186,"Grove St PATH",40.71958611647166,-74.04311746358871,26174,"Subscriber",1991,1
435,"2018-12-10 07:29:30.1830","2018-12-10 07:36:45.4260",3278,"Monmouth and 6th",40.72568548362901,-74.04879033565521,3639,"Harborside",40.7192517,-74.034234,29278,"Subscriber",1994,1
247,"2018-12-10 07:41:35.0040","2018-12-10 07:45:42.5660",3278,"Monmouth and 6th",40.72568548362901,-74.04879033565521,3186,"Grove St PATH",40.71958611647166,-74.04311746358871,29613,"Subscriber",1981,2
297,"2018-12-10 07:52:19.4030","2018-12-10 07:57:17.2390",3278,"Monmouth and 6th",40.72568548362901,-74.04879033565521,3186,"Grove St PATH",40.71958611647166,-74.04311746358871,26262,"Subscriber",1988,1
208,"2018-12-10 07:58:27.9710","2018-12-10 08:01:56.5460",3278,"Monmouth and 6th",40.72568548362901,-74.04879033565521,3203,"Hamilton Park",40.727595966,-74.044247311,29516,"Customer",1988,2
323,"2018-12-10 08:09:33.0120","2018-12-10 08:14:56.2120",3278,"Monmouth and 6th",40.72568548362901,-74.04879033565521,3186,"Grove St PATH",40.71958611647166,-74.04311746358871,29237,"Subscriber",1982,2
211,"2018-12-10 08:15:31.4590","2018-12-10 08:19:02.9910",3278,"Monmouth and 6th",40.72568548362901,-74.04879033565521,3273,"Manila & 1st",40.721650724879986,-74.04288411140442,29506,"Subscriber",1980,1
383,"2018-12-10 08:16:21.9970","2018-12-10 08:22:45.5410",3278,"Monmouth and 6th",40.72568548362901,-74.04879033565521,3186,"Grove St PATH",40.71958611647166,-74.04311746358871,26191,"Subscriber",1988,1
258,"2018-12-10 09:22:06.2960","2018-12-10 09:26:25.0410",3278,"Monmouth and 6th",40.72568548362901,-74.04879033565521,3186,"Grove St PATH",40.71958611647166,-74.04311746358871,29285,"Subscriber",1977,1
271,"2018-12-10 09:28:36.3910","2018-12-10 09:33:08.2020",3278,"Monmouth and 6th",40.72568548362901,-74.04879033565521,3186,"Grove St PATH",40.71958611647166,-74.04311746358871,29490,"Subscriber",1977,1
299,"2018-12-10 10:15:31.4350","2018-12-10 10:20:31.1230",3278,"Monmouth and 6th",40.72568548362901,-74.04879033565521,3186,"Grove St PATH",40.71958611647166,-74.04311746358871,26157,"Subscriber",1985,1
422,"2018-12-10 12:28:36.1990","2018-12-10 12:35:38.3940",3278,"Monmouth and 6th",40.72568548362901,-74.04879033565521,3186,"Grove St PATH",40.71958611647166,-74.04311746358871,26205,"Subscriber",1981,1
337,"2018-12-10 17:15:21.4910","2018-12-10 17:20:59.4890",3278,"Monmouth and 6th",40.72568548362901,-74.04879033565521,3186,"Grove St PATH",40.71958611647166,-74.04311746358871,26233,"Subscriber",1988,2
247,"2018-12-10 18:14:06.3920","2018-12-10 18:18:14.0650",3278,"Monmouth and 6th",40.72568548362901,-74.04879033565521,3186,"Grove St PATH",40.71958611647166,-74.04311746358871,29503,"Subscriber",1985,1
654,"2018-12-11 05:44:31.6850","2018-12-11 05:55:25.7210",3278,"Monmouth and 6th",40.72568548362901,-74.04879033565521,3639,"Harborside",40.7192517,-74.034234,29275,"Subscriber",1994,1
223,"2018-12-11 06:18:30.1100","2018-12-11 06:22:13.4770",3278,"Monmouth and 6th",40.72568548362901,-74.04879033565521,3186,"Grove St PATH",40.71958611647166,-74.04311746358871,26318,"Subscriber",1985,1
294,"2018-12-11 07:08:26.0700","2018-12-11 07:13:21.0200",3278,"Monmouth and 6th",40.72568548362901,-74.04879033565521,3186,"Grove St PATH",40.71958611647166,-74.04311746358871,29444,"Subscriber",1986,2
256,"2018-12-11 07:15:08.7910","2018-12-11 07:19:25.4040",3278,"Monmouth and 6th",40.72568548362901,-74.04879033565521,3186,"Grove St PATH",40.71958611647166,-74.04311746358871,29282,"Subscriber",1981,2
333,"2018-12-11 07:23:04.3470","2018-12-11 07:28:37.6360",3278,"Monmouth and 6th",40.72568548362901,-74.04879033565521,3186,"Grove St PATH",40.71958611647166,-74.04311746358871,26204,"Subscriber",1982,2
285,"2018-12-11 07:23:19.4360","2018-12-11 07:28:04.5250",3278,"Monmouth and 6th",40.72568548362901,-74.04879033565521,3186,"Grove St PATH",40.71958611647166,-74.04311746358871,29623,"Subscriber",1991,1
226,"2018-12-11 07:44:19.2080","2018-12-11 07:48:05.8140",3278,"Monmouth and 6th",40.72568548362901,-74.04879033565521,3273,"Manila & 1st",40.721650724879986,-74.04288411140442,29525,"Subscriber",1984,2
293,"2018-12-11 07:47:31.0610","2018-12-11 07:52:24.2160",3278,"Monmouth and 6th",40.72568548362901,-74.04879033565521,3186,"Grove St PATH",40.71958611647166,-74.04311746358871,29497,"Subscriber",1991,1
282,"2018-12-11 07:58:59.8410","2018-12-11 08:03:42.6250",3278,"Monmouth and 6th",40.72568548362901,-74.04879033565521,3186,"Grove St PATH",40.71958611647166,-74.04311746358871,26261,"Subscriber",1983,2
641,"2018-12-11 08:09:50.7440","2018-12-11 08:20:32.3510",3278,"Monmouth and 6th",40.72568548362901,-74.04879033565521,3183,"Exchange Place",40.7162469,-74.0334588,26294,"Subscriber",1969,0
345,"2018-12-11 08:12:55.2660","2018-12-11 08:18:40.7370",3278,"Monmouth and 6th",40.72568548362901,-74.04879033565521,3186,"Grove St PATH",40.71958611647166,-74.04311746358871,29639,"Subscriber",1988,2
200,"2018-12-11 08:21:40.1130","2018-12-11 08:25:00.2400",3278,"Monmouth and 6th",40.72568548362901,-74.04879033565521,3272,"Jersey & 3rd",40.72333158646436,-74.04595255851744,26215,"Subscriber",1988,1
201,"2018-12-11 08:26:57.1620","2018-12-11 08:30:18.3190",3278,"Monmouth and 6th",40.72568548362901,-74.04879033565521,3273,"Manila & 1st",40.721650724879986,-74.04288411140442,26155,"Subscriber",1993,1
571,"2018-12-11 13:14:03.3890","2018-12-11 13:23:35.0380",3278,"Monmouth and 6th",40.72568548362901,-74.04879033565521,3183,"Exchange Place",40.7162469,-74.0334588,29672,"Subscriber",1969,0
509,"2018-12-11 14:07:14.6270","2018-12-11 14:15:44.4260",3278,"Monmouth and 6th",40.72568548362901,-74.04879033565521,3199,"Newport Pkwy",40.7287448,-74.0321082,29674,"Subscriber",1990,1
330,"2018-12-11 16:28:08.8510","2018-12-11 16:33:38.9640",3278,"Monmouth and 6th",40.72568548362901,-74.04879033565521,3186,"Grove St PATH",40.71958611647166,-74.04311746358871,29244,"Subscriber",1993,2
290,"2018-12-11 17:11:13.3130","2018-12-11 17:16:03.8870",3278,"Monmouth and 6th",40.72568548362901,-74.04879033565521,3186,"Grove St PATH",40.71958611647166,-74.04311746358871,29286,"Subscriber",1988,2
415,"2018-12-11 17:45:26.5130","2018-12-11 17:52:21.8070",3278,"Monmouth and 6th",40.72568548362901,-74.04879033565521,3639,"Harborside",40.7192517,-74.034234,29434,"Subscriber",1994,1
105,"2018-12-11 22:13:26.5490","2018-12-11 22:15:12.4380",3278,"Monmouth and 6th",40.72568548362901,-74.04879033565521,3270,"Jersey & 6th St",40.72528910781132,-74.04557168483734,26202,"Subscriber",1985,1
191,"2018-12-12 05:24:58.8110","2018-12-12 05:28:10.7160",3278,"Monmouth and 6th",40.72568548362901,-74.04879033565521,3273,"Manila & 1st",40.721650724879986,-74.04288411140442,29629,"Subscriber",1988,1
196,"2018-12-12 06:20:33.9080","2018-12-12 06:23:50.4830",3278,"Monmouth and 6th",40.72568548362901,-74.04879033565521,3186,"Grove St PATH",40.71958611647166,-74.04311746358871,29266,"Subscriber",1985,1
373,"2018-12-12 06:30:53.7280","2018-12-12 06:37:06.9100",3278,"Monmouth and 6th",40.72568548362901,-74.04879033565521,3186,"Grove St PATH",40.71958611647166,-74.04311746358871,26175,"Subscriber",1978,1
316,"2018-12-12 06:54:55.1690","2018-12-12 07:00:11.6370",3278,"Monmouth and 6th",40.72568548362901,-74.04879033565521,3186,"Grove St PATH",40.71958611647166,-74.04311746358871,29457,"Subscriber",1981,1
297,"2018-12-12 07:16:03.1310","2018-12-12 07:21:01.0870",3278,"Monmouth and 6th",40.72568548362901,-74.04879033565521,3186,"Grove St PATH",40.71958611647166,-74.04311746358871,26281,"Subscriber",1991,1
157,"2018-12-12 07:34:53.6160","2018-12-12 07:37:31.2290",3278,"Monmouth and 6th",40.72568548362901,-74.04879033565521,3203,"Hamilton Park",40.727595966,-74.044247311,29655,"Subscriber",1978,1
266,"2018-12-12 07:39:53.3560","2018-12-12 07:44:19.9310",3278,"Monmouth and 6th",40.72568548362901,-74.04879033565521,3186,"Grove St PATH",40.71958611647166,-74.04311746358871,29645,"Subscriber",1987,1
339,"2018-12-12 07:47:34.6350","2018-12-12 07:53:14.1700",3278,"Monmouth and 6th",40.72568548362901,-74.04879033565521,3186,"Grove St PATH",40.71958611647166,-74.04311746358871,26283,"Subscriber",1982,2
253,"2018-12-12 07:47:41.4490","2018-12-12 07:51:55.3770",3278,"Monmouth and 6th",40.72568548362901,-74.04879033565521,3186,"Grove St PATH",40.71958611647166,-74.04311746358871,29299,"Subscriber",1981,2
243,"2018-12-12 07:58:52.5220","2018-12-12 08:02:56.3850",3278,"Monmouth and 6th",40.72568548362901,-74.04879033565521,3186,"Grove St PATH",40.71958611647166,-74.04311746358871,29484,"Subscriber",1983,2
347,"2018-12-12 08:14:12.3480","2018-12-12 08:19:59.5000",3278,"Monmouth and 6th",40.72568548362901,-74.04879033565521,3186,"Grove St PATH",40.71958611647166,-74.04311746358871,26213,"Subscriber",1988,2
314,"2018-12-12 08:18:10.8810","2018-12-12 08:23:25.3300",3278,"Monmouth and 6th",40.72568548362901,-74.04879033565521,3186,"Grove St PATH",40.71958611647166,-74.04311746358871,29608,"Subscriber",1988,1
190,"2018-12-12 08:26:02.7340","2018-12-12 08:29:13.3720",3278,"Monmouth and 6th",40.72568548362901,-74.04879033565521,3273,"Manila & 1st",40.721650724879986,-74.04288411140442,26205,"Subscriber",1993,1
656,"2018-12-12 08:30:49.0750","2018-12-12 08:41:45.6290",3278,"Monmouth and 6th",40.72568548362901,-74.04879033565521,3681,"Grand St",40.71517767732029,-74.03768330812454,29246,"Subscriber",1982,1
280,"2018-12-12 08:33:06.3950","2018-12-12 08:37:46.9530",3278,"Monmouth and 6th",40.72568548362901,-74.04879033565521,3638,"Washington St",40.7242941,-74.0354826,29308,"Subscriber",1985,1
268,"2018-12-12 09:08:23.6500","2018-12-12 09:12:52.3090",3278,"Monmouth and 6th",40.72568548362901,-74.04879033565521,3186,"Grove St PATH",40.71958611647166,-74.04311746358871,29289,"Subscriber",1977,1
354,"2018-12-12 10:35:42.5870","2018-12-12 10:41:37.4430",3278,"Monmouth and 6th",40.72568548362901,-74.04879033565521,3186,"Grove St PATH",40.71958611647166,-74.04311746358871,26202,"Subscriber",1985,1
387,"2018-12-12 10:58:24.6360","2018-12-12 11:04:51.9250",3278,"Monmouth and 6th",40.72568548362901,-74.04879033565521,3211,"Newark Ave",40.72152515,-74.046304543,29552,"Subscriber",1959,2
243,"2018-12-12 11:41:20.8300","2018-12-12 11:45:24.6230",3278,"Monmouth and 6th",40.72568548362901,-74.04879033565521,3186,"Grove St PATH",40.71958611647166,-74.04311746358871,26173,"Subscriber",1991,1
142,"2018-12-12 11:47:53.1150","2018-12-12 11:50:15.1210",3278,"Monmouth and 6th",40.72568548362901,-74.04879033565521,3279,"Dixon Mills",40.721630142638354,-74.04996782541275,26234,"Subscriber",1980,1
699,"2018-12-12 11:54:35.6990","2018-12-12 12:06:14.7850",3278,"Monmouth and 6th",40.72568548362901,-74.04879033565521,3183,"Exchange Place",40.7162469,-74.0334588,29484,"Subscriber",1984,1
188,"2018-12-12 16:39:37.9450","2018-12-12 16:42:46.5430",3278,"Monmouth and 6th",40.72568548362901,-74.04879033565521,3272,"Jersey & 3rd",40.72333158646436,-74.04595255851744,29127,"Subscriber",1990,2
308,"2018-12-12 17:15:07.5000","2018-12-12 17:20:16.4710",3278,"Monmouth and 6th",40.72568548362901,-74.04879033565521,3186,"Grove St PATH",40.71958611647166,-74.04311746358871,29299,"Subscriber",1988,2
377,"2018-12-12 18:18:20.4020","2018-12-12 18:24:37.8370",3278,"Monmouth and 6th",40.72568548362901,-74.04879033565521,3186,"Grove St PATH",40.71958611647166,-74.04311746358871,29245,"Subscriber",1987,1
155,"2018-12-12 18:38:20.6300","2018-12-12 18:40:56.5160",3278,"Monmouth and 6th",40.72568548362901,-74.04879033565521,3211,"Newark Ave",40.72152515,-74.046304543,29220,"Subscriber",1982,1
1320,"2018-12-12 18:52:45.2750","2018-12-12 19:14:45.7630",3278,"Monmouth and 6th",40.72568548362901,-74.04879033565521,3278,"Monmouth and 6th",40.72568548362901,-74.04879033565521,26279,"Subscriber",1985,1
400,"2018-12-12 19:13:51.0590","2018-12-12 19:20:31.1420",3278,"Monmouth and 6th",40.72568548362901,-74.04879033565521,3186,"Grove St PATH",40.71958611647166,-74.04311746358871,29460,"Subscriber",1988,1
780,"2018-12-13 05:43:38.2500","2018-12-13 05:56:38.3030",3278,"Monmouth and 6th",40.72568548362901,-74.04879033565521,3639,"Harborside",40.7192517,-74.034234,26172,"Subscriber",1994,1
188,"2018-12-13 06:20:36.6990","2018-12-13 06:23:45.3150",3278,"Monmouth and 6th",40.72568548362901,-74.04879033565521,3186,"Grove St PATH",40.71958611647166,-74.04311746358871,29635,"Subscriber",1985,1
254,"2018-12-13 06:55:45.3190","2018-12-13 07:00:00.2130",3278,"Monmouth and 6th",40.72568548362901,-74.04879033565521,3186,"Grove St PATH",40.71958611647166,-74.04311746358871,26292,"Subscriber",1985,1
357,"2018-12-13 06:58:41.5890","2018-12-13 07:04:39.5070",3278,"Monmouth and 6th",40.72568548362901,-74.04879033565521,3186,"Grove St PATH",40.71958611647166,-74.04311746358871,29623,"Subscriber",1981,1
274,"2018-12-13 07:01:25.0360","2018-12-13 07:05:59.1880",3278,"Monmouth and 6th",40.72568548362901,-74.04879033565521,3186,"Grove St PATH",40.71958611647166,-74.04311746358871,29257,"Subscriber",1991,1
347,"2018-12-13 07:37:25.5280","2018-12-13 07:43:13.0370",3278,"Monmouth and 6th",40.72568548362901,-74.04879033565521,3186,"Grove St PATH",40.71958611647166,-74.04311746358871,29201,"Subscriber",1982,2
263,"2018-12-13 07:44:46.3130","2018-12-13 07:49:09.3790",3278,"Monmouth and 6th",40.72568548362901,-74.04879033565521,3186,"Grove St PATH",40.71958611647166,-74.04311746358871,26294,"Subscriber",1988,1
293,"2018-12-13 07:46:50.4920","2018-12-13 07:51:43.6760",3278,"Monmouth and 6th",40.72568548362901,-74.04879033565521,3186,"Grove St PATH",40.71958611647166,-74.04311746358871,29517,"Subscriber",1981,2
298,"2018-12-13 08:07:20.6510","2018-12-13 08:12:19.0380",3278,"Monmouth and 6th",40.72568548362901,-74.04879033565521,3186,"Grove St PATH",40.71958611647166,-74.04311746358871,26279,"Subscriber",1980,1
848,"2018-12-13 08:19:49.4290","2018-12-13 08:33:57.9790",3278,"Monmouth and 6th",40.72568548362901,-74.04879033565521,3186,"Grove St PATH",40.71958611647166,-74.04311746358871,29263,"Customer",1969,0
353,"2018-12-13 08:28:39.2610","2018-12-13 08:34:32.5270",3278,"Monmouth and 6th",40.72568548362901,-74.04879033565521,3186,"Grove St PATH",40.71958611647166,-74.04311746358871,26206,"Subscriber",1988,1
207,"2018-12-13 08:31:24.9510","2018-12-13 08:34:52.4000",3278,"Monmouth and 6th",40.72568548362901,-74.04879033565521,3273,"Manila & 1st",40.721650724879986,-74.04288411140442,29293,"Subscriber",1993,1
269,"2018-12-13 08:32:05.0270","2018-12-13 08:36:34.4950",3278,"Monmouth and 6th",40.72568548362901,-74.04879033565521,3186,"Grove St PATH",40.71958611647166,-74.04311746358871,29308,"Subscriber",1978,1
272,"2018-12-13 08:42:08.5650","2018-12-13 08:46:40.7190",3278,"Monmouth and 6th",40.72568548362901,-74.04879033565521,3186,"Grove St PATH",40.71958611647166,-74.04311746358871,29676,"Subscriber",1980,1
332,"2018-12-13 08:43:24.0260","2018-12-13 08:48:56.4020",3278,"Monmouth and 6th",40.72568548362901,-74.04879033565521,3186,"Grove St PATH",40.71958611647166,-74.04311746358871,29471,"Subscriber",1964,1
284,"2018-12-13 09:01:49.3070","2018-12-13 09:06:33.7860",3278,"Monmouth and 6th",40.72568548362901,-74.04879033565521,3186,"Grove St PATH",40.71958611647166,-74.04311746358871,29629,"Subscriber",1977,1
387,"2018-12-13 09:26:00.9480","2018-12-13 09:32:28.2210",3278,"Monmouth and 6th",40.72568548362901,-74.04879033565521,3202,"Newport PATH",40.7272235,-74.0337589,29597,"Subscriber",1983,1
292,"2018-12-13 09:37:52.9980","2018-12-13 09:42:45.2800",3278,"Monmouth and 6th",40.72568548362901,-74.04879033565521,3186,"Grove St PATH",40.71958611647166,-74.04311746358871,29606,"Subscriber",1985,1
252,"2018-12-13 09:47:24.5940","2018-12-13 09:51:37.3510",3278,"Monmouth and 6th",40.72568548362901,-74.04879033565521,3186,"Grove St PATH",40.71958611647166,-74.04311746358871,26164,"Subscriber",1983,2
402,"2018-12-13 10:22:41.2670","2018-12-13 10:29:23.3840",3278,"Monmouth and 6th",40.72568548362901,-74.04879033565521,3186,"Grove St PATH",40.71958611647166,-74.04311746358871,29222,"Subscriber",1964,1
302,"2018-12-13 10:23:48.8680","2018-12-13 10:28:51.1710",3278,"Monmouth and 6th",40.72568548362901,-74.04879033565521,3272,"Jersey & 3rd",40.72333158646436,-74.04595255851744,29531,"Subscriber",1983,2
197,"2018-12-13 12:19:45.5150","2018-12-13 12:23:02.6210",3278,"Monmouth and 6th",40.72568548362901,-74.04879033565521,3211,"Newark Ave",40.72152515,-74.046304543,29601,"Subscriber",1978,2
481,"2018-12-13 20:00:55.0010","2018-12-13 20:08:56.5010",3278,"Monmouth and 6th",40.72568548362901,-74.04879033565521,3185,"City Hall",40.7177325,-74.043845,26160,"Subscriber",1987,1
286,"2018-12-14 07:10:54.3290","2018-12-14 07:15:41.1730",3278,"Monmouth and 6th",40.72568548362901,-74.04879033565521,3186,"Grove St PATH",40.71958611647166,-74.04311746358871,26203,"Subscriber",1986,2
409,"2018-12-14 07:17:48.1210","2018-12-14 07:24:37.7300",3278,"Monmouth and 6th",40.72568548362901,-74.04879033565521,3638,"Washington St",40.7242941,-74.0354826,29612,"Subscriber",1981,1
423,"2018-12-14 07:23:49.4150","2018-12-14 07:30:52.8400",3278,"Monmouth and 6th",40.72568548362901,-74.04879033565521,3186,"Grove St PATH",40.71958611647166,-74.04311746358871,29601,"Customer",1983,2
290,"2018-12-14 07:28:37.9170","2018-12-14 07:33:28.8360",3278,"Monmouth and 6th",40.72568548362901,-74.04879033565521,3186,"Grove St PATH",40.71958611647166,-74.04311746358871,29252,"Subscriber",1991,1
296,"2018-12-14 07:46:45.7020","2018-12-14 07:51:42.5980",3278,"Monmouth and 6th",40.72568548362901,-74.04879033565521,3186,"Grove St PATH",40.71958611647166,-74.04311746358871,29215,"Subscriber",1981,2
355,"2018-12-14 07:48:05.0290","2018-12-14 07:54:00.3730",3278,"Monmouth and 6th",40.72568548362901,-74.04879033565521,3186,"Grove St PATH",40.71958611647166,-74.04311746358871,26268,"Subscriber",1982,2
336,"2018-12-14 08:03:36.1420","2018-12-14 08:09:12.2630",3278,"Monmouth and 6th",40.72568548362901,-74.04879033565521,3186,"Grove St PATH",40.71958611647166,-74.04311746358871,26275,"Subscriber",1988,2
473,"2018-12-14 08:13:59.1910","2018-12-14 08:21:52.7930",3278,"Monmouth and 6th",40.72568548362901,-74.04879033565521,3183,"Exchange Place",40.7162469,-74.0334588,29616,"Subscriber",1976,1
224,"2018-12-14 08:19:13.5800","2018-12-14 08:22:58.4410",3278,"Monmouth and 6th",40.72568548362901,-74.04879033565521,3186,"Grove St PATH",40.71958611647166,-74.04311746358871,26164,"Subscriber",1986,1
318,"2018-12-14 08:20:40.1170","2018-12-14 08:25:58.2170",3278,"Monmouth and 6th",40.72568548362901,-74.04879033565521,3273,"Manila & 1st",40.721650724879986,-74.04288411140442,29468,"Subscriber",1981,1
436,"2018-12-14 08:29:14.8850","2018-12-14 08:36:31.0210",3278,"Monmouth and 6th",40.72568548362901,-74.04879033565521,3273,"Manila & 1st",40.721650724879986,-74.04288411140442,29545,"Subscriber",1984,2
152,"2018-12-14 08:32:01.7040","2018-12-14 08:34:34.4680",3278,"Monmouth and 6th",40.72568548362901,-74.04879033565521,3272,"Jersey & 3rd",40.72333158646436,-74.04595255851744,29307,"Subscriber",1989,2
524,"2018-12-14 09:03:55.5440","2018-12-14 09:12:40.2710",3278,"Monmouth and 6th",40.72568548362901,-74.04879033565521,3183,"Exchange Place",40.7162469,-74.0334588,26316,"Subscriber",1977,1
665,"2018-12-14 11:11:20.0260","2018-12-14 11:22:25.2980",3278,"Monmouth and 6th",40.72568548362901,-74.04879033565521,3681,"Grand St",40.71517767732029,-74.03768330812454,26293,"Subscriber",1978,2
173,"2018-12-14 11:52:13.9600","2018-12-14 11:55:07.7250",3278,"Monmouth and 6th",40.72568548362901,-74.04879033565521,3211,"Newark Ave",40.72152515,-74.046304543,29199,"Subscriber",1983,2
289,"2018-12-14 12:05:50.9690","2018-12-14 12:10:39.9910",3278,"Monmouth and 6th",40.72568548362901,-74.04879033565521,3187,"Warren St",40.7211236,-74.03805095,26172,"Subscriber",1993,1
323,"2018-12-14 17:30:02.7510","2018-12-14 17:35:26.6140",3278,"Monmouth and 6th",40.72568548362901,-74.04879033565521,3186,"Grove St PATH",40.71958611647166,-74.04311746358871,26281,"Subscriber",1984,1
305,"2018-12-14 17:37:07.5800","2018-12-14 17:42:13.1260",3278,"Monmouth and 6th",40.72568548362901,-74.04879033565521,3186,"Grove St PATH",40.71958611647166,-74.04311746358871,29606,"Subscriber",1980,2
260,"2018-12-14 18:06:08.2590","2018-12-14 18:10:28.6150",3278,"Monmouth and 6th",40.72568548362901,-74.04879033565521,3186,"Grove St PATH",40.71958611647166,-74.04311746358871,29655,"Subscriber",1985,1
368,"2018-12-14 21:15:55.0180","2018-12-14 21:22:03.2610",3278,"Monmouth and 6th",40.72568548362901,-74.04879033565521,3186,"Grove St PATH",40.71958611647166,-74.04311746358871,29434,"Subscriber",1987,1
439,"2018-12-15 07:49:43.8410","2018-12-15 07:57:03.7420",3278,"Monmouth and 6th",40.72568548362901,-74.04879033565521,3639,"Harborside",40.7192517,-74.034234,29301,"Subscriber",1994,1
244,"2018-12-15 08:37:11.6950","2018-12-15 08:41:15.8410",3278,"Monmouth and 6th",40.72568548362901,-74.04879033565521,3186,"Grove St PATH",40.71958611647166,-74.04311746358871,29460,"Subscriber",1981,2
256,"2018-12-15 08:53:08.6440","2018-12-15 08:57:24.9410",3278,"Monmouth and 6th",40.72568548362901,-74.04879033565521,3186,"Grove St PATH",40.71958611647166,-74.04311746358871,26234,"Subscriber",1976,2
974,"2018-12-15 10:08:24.5550","2018-12-15 10:24:39.4010",3278,"Monmouth and 6th",40.72568548362901,-74.04879033565521,3198,"Heights Elevator",40.748715945380226,-74.04044330120087,29127,"Subscriber",1976,1
244,"2018-12-15 10:19:29.0350","2018-12-15 10:23:33.3030",3278,"Monmouth and 6th",40.72568548362901,-74.04879033565521,3186,"Grove St PATH",40.71958611647166,-74.04311746358871,26248,"Subscriber",1977,1
204,"2018-12-15 10:56:51.8060","2018-12-15 11:00:16.3060",3278,"Monmouth and 6th",40.72568548362901,-74.04879033565521,3203,"Hamilton Park",40.727595966,-74.044247311,29264,"Subscriber",1969,0
330,"2018-12-15 11:50:29.4530","2018-12-15 11:56:00.0040",3278,"Monmouth and 6th",40.72568548362901,-74.04879033565521,3186,"Grove St PATH",40.71958611647166,-74.04311746358871,29523,"Subscriber",1990,2
161,"2018-12-15 11:58:13.1780","2018-12-15 12:00:54.7840",3278,"Monmouth and 6th",40.72568548362901,-74.04879033565521,3272,"Jersey & 3rd",40.72333158646436,-74.04595255851744,29485,"Subscriber",1983,2
200,"2018-12-15 13:08:46.2380","2018-12-15 13:12:07.2190",3278,"Monmouth and 6th",40.72568548362901,-74.04879033565521,3186,"Grove St PATH",40.71958611647166,-74.04311746358871,29301,"Subscriber",1994,1
142,"2018-12-15 14:24:03.8440","2018-12-15 14:26:26.5350",3278,"Monmouth and 6th",40.72568548362901,-74.04879033565521,3272,"Jersey & 3rd",40.72333158646436,-74.04595255851744,29494,"Subscriber",1983,2
308,"2018-12-15 14:33:11.6910","2018-12-15 14:38:19.8730",3278,"Monmouth and 6th",40.72568548362901,-74.04879033565521,3186,"Grove St PATH",40.71958611647166,-74.04311746358871,26167,"Subscriber",1987,1
79,"2018-12-15 14:33:49.5710","2018-12-15 14:35:09.2470",3278,"Monmouth and 6th",40.72568548362901,-74.04879033565521,3269,"Brunswick & 6th",40.72601172964625,-74.05038893222809,29206,"Subscriber",1983,2
87,"2018-12-15 14:39:55.3560","2018-12-15 14:41:22.8120",3278,"Monmouth and 6th",40.72568548362901,-74.04879033565521,3269,"Brunswick & 6th",40.72601172964625,-74.05038893222809,26213,"Subscriber",1983,2
70,"2018-12-15 14:43:24.1930","2018-12-15 14:44:34.4580",3278,"Monmouth and 6th",40.72568548362901,-74.04879033565521,3269,"Brunswick & 6th",40.72601172964625,-74.05038893222809,29554,"Subscriber",1983,2
286,"2018-12-15 15:19:37.1420","2018-12-15 15:24:23.5880",3278,"Monmouth and 6th",40.72568548362901,-74.04879033565521,3186,"Grove St PATH",40.71958611647166,-74.04311746358871,29554,"Subscriber",1987,2
244,"2018-12-15 17:08:28.8810","2018-12-15 17:12:33.1230",3278,"Monmouth and 6th",40.72568548362901,-74.04879033565521,3186,"Grove St PATH",40.71958611647166,-74.04311746358871,29452,"Subscriber",1988,1
230,"2018-12-15 17:27:35.9200","2018-12-15 17:31:26.5230",3278,"Monmouth and 6th",40.72568548362901,-74.04879033565521,3211,"Newark Ave",40.72152515,-74.046304543,26213,"Subscriber",1982,1
337,"2018-12-15 18:47:32.7700","2018-12-15 18:53:10.4140",3278,"Monmouth and 6th",40.72568548362901,-74.04879033565521,3213,"Van Vorst Park",40.71848892,-74.047726625,29460,"Subscriber",1982,1
244,"2018-12-15 20:31:26.8070","2018-12-15 20:35:31.4840",3278,"Monmouth and 6th",40.72568548362901,-74.04879033565521,3273,"Manila & 1st",40.721650724879986,-74.04288411140442,29468,"Subscriber",1988,1
993,"2018-12-16 03:41:32.0750","2018-12-16 03:58:05.8020",3278,"Monmouth and 6th",40.72568548362901,-74.04879033565521,3195,"Sip Ave",40.73074262530658,-74.06378388404846,29206,"Customer",1990,1
941,"2018-12-16 03:42:26.0930","2018-12-16 03:58:07.4490",3278,"Monmouth and 6th",40.72568548362901,-74.04879033565521,3195,"Sip Ave",40.73074262530658,-74.06378388404846,29679,"Subscriber",1980,1
436,"2018-12-16 12:06:57.4300","2018-12-16 12:14:13.8000",3278,"Monmouth and 6th",40.72568548362901,-74.04879033565521,3639,"Harborside",40.7192517,-74.034234,26197,"Subscriber",1994,1
1303,"2018-12-16 16:48:37.8200","2018-12-16 17:10:20.8260",3278,"Monmouth and 6th",40.72568548362901,-74.04879033565521,3278,"Monmouth and 6th",40.72568548362901,-74.04879033565521,26292,"Subscriber",1986,2
218,"2018-12-16 18:16:24.2070","2018-12-16 18:20:02.6860",3278,"Monmouth and 6th",40.72568548362901,-74.04879033565521,3186,"Grove St PATH",40.71958611647166,-74.04311746358871,26215,"Subscriber",1991,1
100,"2018-12-16 22:36:19.8540","2018-12-16 22:38:00.0980",3278,"Monmouth and 6th",40.72568548362901,-74.04879033565521,3269,"Brunswick & 6th",40.72601172964625,-74.05038893222809,29493,"Subscriber",1983,2
88,"2018-12-16 22:41:26.3190","2018-12-16 22:42:54.6950",3278,"Monmouth and 6th",40.72568548362901,-74.04879033565521,3269,"Brunswick & 6th",40.72601172964625,-74.05038893222809,29492,"Subscriber",1983,2
107,"2018-12-16 22:46:03.7680","2018-12-16 22:47:51.5710",3278,"Monmouth and 6th",40.72568548362901,-74.04879033565521,3209,"Brunswick St",40.7241765,-74.0506564,29554,"Subscriber",1983,2
177,"2018-12-17 06:20:55.4070","2018-12-17 06:23:52.4210",3278,"Monmouth and 6th",40.72568548362901,-74.04879033565521,3186,"Grove St PATH",40.71958611647166,-74.04311746358871,29655,"Subscriber",1985,1
318,"2018-12-17 06:59:09.8590","2018-12-17 07:04:28.0060",3278,"Monmouth and 6th",40.72568548362901,-74.04879033565521,3186,"Grove St PATH",40.71958611647166,-74.04311746358871,29121,"Subscriber",1976,2
252,"2018-12-17 07:11:23.5650","2018-12-17 07:15:35.5660",3278,"Monmouth and 6th",40.72568548362901,-74.04879033565521,3186,"Grove St PATH",40.71958611647166,-74.04311746358871,26157,"Subscriber",1994,1
321,"2018-12-17 07:28:05.0070","2018-12-17 07:33:26.5070",3278,"Monmouth and 6th",40.72568548362901,-74.04879033565521,3186,"Grove St PATH",40.71958611647166,-74.04311746358871,26183,"Subscriber",1991,1
279,"2018-12-17 07:28:19.9270","2018-12-17 07:32:59.1370",3278,"Monmouth and 6th",40.72568548362901,-74.04879033565521,3186,"Grove St PATH",40.71958611647166,-74.04311746358871,26292,"Subscriber",1988,1
346,"2018-12-17 07:35:09.2010","2018-12-17 07:40:55.4030",3278,"Monmouth and 6th",40.72568548362901,-74.04879033565521,3186,"Grove St PATH",40.71958611647166,-74.04311746358871,26282,"Subscriber",1982,2
281,"2018-12-17 07:51:15.6220","2018-12-17 07:55:57.1070",3278,"Monmouth and 6th",40.72568548362901,-74.04879033565521,3186,"Grove St PATH",40.71958611647166,-74.04311746358871,29204,"Subscriber",1981,2
248,"2018-12-17 08:01:35.2510","2018-12-17 08:05:43.4850",3278,"Monmouth and 6th",40.72568548362901,-74.04879033565521,3186,"Grove St PATH",40.71958611647166,-74.04311746358871,29497,"Subscriber",1983,2
321,"2018-12-17 08:23:33.1780","2018-12-17 08:28:54.8640",3278,"Monmouth and 6th",40.72568548362901,-74.04879033565521,3186,"Grove St PATH",40.71958611647166,-74.04311746358871,29612,"Subscriber",1977,1
187,"2018-12-17 08:26:35.3090","2018-12-17 08:29:42.3420",3278,"Monmouth and 6th",40.72568548362901,-74.04879033565521,3273,"Manila & 1st",40.721650724879986,-74.04288411140442,29439,"Subscriber",1993,1
383,"2018-12-17 08:58:38.2900","2018-12-17 09:05:01.3890",3278,"Monmouth and 6th",40.72568548362901,-74.04879033565521,3185,"City Hall",40.7177325,-74.043845,29450,"Subscriber",1977,1
368,"2018-12-17 09:03:52.1820","2018-12-17 09:10:00.3810",3278,"Monmouth and 6th",40.72568548362901,-74.04879033565521,3186,"Grove St PATH",40.71958611647166,-74.04311746358871,29576,"Subscriber",1985,1
95,"2018-12-17 09:06:47.3790","2018-12-17 09:08:22.3860",3278,"Monmouth and 6th",40.72568548362901,-74.04879033565521,3269,"Brunswick & 6th",40.72601172964625,-74.05038893222809,26282,"Subscriber",1983,2
265,"2018-12-17 09:07:38.0420","2018-12-17 09:12:03.8630",3278,"Monmouth and 6th",40.72568548362901,-74.04879033565521,3186,"Grove St PATH",40.71958611647166,-74.04311746358871,29537,"Subscriber",1991,1
324,"2018-12-17 09:27:13.4330","2018-12-17 09:32:38.0010",3278,"Monmouth and 6th",40.72568548362901,-74.04879033565521,3186,"Grove St PATH",40.71958611647166,-74.04311746358871,29505,"Subscriber",1964,1
297,"2018-12-17 10:03:18.9060","2018-12-17 10:08:16.2400",3278,"Monmouth and 6th",40.72568548362901,-74.04879033565521,3273,"Manila & 1st",40.721650724879986,-74.04288411140442,29301,"Subscriber",1986,2
300,"2018-12-17 12:48:07.2230","2018-12-17 12:53:08.0490",3278,"Monmouth and 6th",40.72568548362901,-74.04879033565521,3186,"Grove St PATH",40.71958611647166,-74.04311746358871,29665,"Subscriber",1956,1
837,"2018-12-17 15:39:01.7370","2018-12-17 15:52:59.5260",3278,"Monmouth and 6th",40.72568548362901,-74.04879033565521,3681,"Grand St",40.71517767732029,-74.03768330812454,26197,"Subscriber",1987,1
299,"2018-12-17 17:56:25.5820","2018-12-17 18:01:25.4930",3278,"Monmouth and 6th",40.72568548362901,-74.04879033565521,3186,"Grove St PATH",40.71958611647166,-74.04311746358871,29529,"Subscriber",1994,1
633,"2018-12-17 18:21:53.9880","2018-12-17 18:32:27.3470",3278,"Monmouth and 6th",40.72568548362901,-74.04879033565521,3183,"Exchange Place",40.7162469,-74.0334588,29122,"Subscriber",1969,0
282,"2018-12-17 18:44:40.2620","2018-12-17 18:49:22.6490",3278,"Monmouth and 6th",40.72568548362901,-74.04879033565521,3187,"Warren St",40.7211236,-74.03805095,29452,"Subscriber",1976,1
170,"2018-12-18 06:11:10.4130","2018-12-18 06:14:00.5410",3278,"Monmouth and 6th",40.72568548362901,-74.04879033565521,3186,"Grove St PATH",40.71958611647166,-74.04311746358871,29520,"Subscriber",1985,1
244,"2018-12-18 06:15:33.5750","2018-12-18 06:19:37.9490",3278,"Monmouth and 6th",40.72568548362901,-74.04879033565521,3186,"Grove St PATH",40.71958611647166,-74.04311746358871,29602,"Subscriber",1981,2
332,"2018-12-18 06:59:00.9840","2018-12-18 07:04:33.7130",3278,"Monmouth and 6th",40.72568548362901,-74.04879033565521,3186,"Grove St PATH",40.71958611647166,-74.04311746358871,29260,"Subscriber",1969,0
283,"2018-12-18 07:22:17.5900","2018-12-18 07:27:00.8700",3278,"Monmouth and 6th",40.72568548362901,-74.04879033565521,3186,"Grove St PATH",40.71958611647166,-74.04311746358871,29210,"Subscriber",1991,1
267,"2018-12-18 07:41:22.8290","2018-12-18 07:45:50.7080",3278,"Monmouth and 6th",40.72568548362901,-74.04879033565521,3186,"Grove St PATH",40.71958611647166,-74.04311746358871,26291,"Subscriber",1978,1
239,"2018-12-18 07:55:24.2780","2018-12-18 07:59:24.2650",3278,"Monmouth and 6th",40.72568548362901,-74.04879033565521,3186,"Grove St PATH",40.71958611647166,-74.04311746358871,26255,"Subscriber",1983,2
259,"2018-12-18 07:58:43.6180","2018-12-18 08:03:02.7610",3278,"Monmouth and 6th",40.72568548362901,-74.04879033565521,3186,"Grove St PATH",40.71958611647166,-74.04311746358871,29545,"Subscriber",1976,2
319,"2018-12-18 08:01:07.3020","2018-12-18 08:06:27.2360",3278,"Monmouth and 6th",40.72568548362901,-74.04879033565521,3186,"Grove St PATH",40.71958611647166,-74.04311746358871,29301,"Subscriber",1982,2
278,"2018-12-18 08:02:43.8720","2018-12-18 08:07:22.5740",3278,"Monmouth and 6th",40.72568548362901,-74.04879033565521,3186,"Grove St PATH",40.71958611647166,-74.04311746358871,29636,"Subscriber",1988,2
354,"2018-12-18 08:06:42.7780","2018-12-18 08:12:37.3680",3278,"Monmouth and 6th",40.72568548362901,-74.04879033565521,3186,"Grove St PATH",40.71958611647166,-74.04311746358871,26184,"Subscriber",1984,2
500,"2018-12-18 08:08:00.7870","2018-12-18 08:16:21.6100",3278,"Monmouth and 6th",40.72568548362901,-74.04879033565521,3183,"Exchange Place",40.7162469,-74.0334588,26296,"Subscriber",1976,1
210,"2018-12-18 08:10:56.1700","2018-12-18 08:14:26.5960",3278,"Monmouth and 6th",40.72568548362901,-74.04879033565521,3273,"Manila & 1st",40.721650724879986,-74.04288411140442,29441,"Subscriber",1982,1
299,"2018-12-18 08:11:57.2740","2018-12-18 08:16:57.2480",3278,"Monmouth and 6th",40.72568548362901,-74.04879033565521,3273,"Manila & 1st",40.721650724879986,-74.04288411140442,26160,"Subscriber",1981,1
381,"2018-12-18 09:18:27.4350","2018-12-18 09:24:49.3250",3278,"Monmouth and 6th",40.72568548362901,-74.04879033565521,3183,"Exchange Place",40.7162469,-74.0334588,26280,"Subscriber",1985,1
252,"2018-12-18 09:18:23.7840","2018-12-18 09:22:36.3140",3278,"Monmouth and 6th",40.72568548362901,-74.04879033565521,3273,"Manila & 1st",40.721650724879986,-74.04288411140442,29225,"Subscriber",1986,2
302,"2018-12-18 12:43:31.0280","2018-12-18 12:48:33.3100",3278,"Monmouth and 6th",40.72568548362901,-74.04879033565521,3186,"Grove St PATH",40.71958611647166,-74.04311746358871,29306,"Subscriber",1956,1
259,"2018-12-18 17:18:04.2820","2018-12-18 17:22:23.8520",3278,"Monmouth and 6th",40.72568548362901,-74.04879033565521,3186,"Grove St PATH",40.71958611647166,-74.04311746358871,29608,"Subscriber",1988,2
223,"2018-12-18 17:20:49.3760","2018-12-18 17:24:33.3100",3278,"Monmouth and 6th",40.72568548362901,-74.04879033565521,3273,"Manila & 1st",40.721650724879986,-74.04288411140442,29260,"Subscriber",1988,1
286,"2018-12-18 17:55:03.4010","2018-12-18 17:59:50.3640",3278,"Monmouth and 6th",40.72568548362901,-74.04879033565521,3186,"Grove St PATH",40.71958611647166,-74.04311746358871,26186,"Subscriber",1986,2
320,"2018-12-18 18:01:31.5370","2018-12-18 18:06:52.2130",3278,"Monmouth and 6th",40.72568548362901,-74.04879033565521,3186,"Grove St PATH",40.71958611647166,-74.04311746358871,29443,"Subscriber",1984,1
328,"2018-12-18 18:01:27.9210","2018-12-18 18:06:56.0040",3278,"Monmouth and 6th",40.72568548362901,-74.04879033565521,3186,"Grove St PATH",40.71958611647166,-74.04311746358871,29583,"Subscriber",1990,2
109,"2018-12-18 18:53:23.3940","2018-12-18 18:55:13.3070",3278,"Monmouth and 6th",40.72568548362901,-74.04879033565521,3272,"Jersey & 3rd",40.72333158646436,-74.04595255851744,26311,"Subscriber",1971,1
246,"2018-12-19 05:22:35.1570","2018-12-19 05:26:41.8240",3278,"Monmouth and 6th",40.72568548362901,-74.04879033565521,3186,"Grove St PATH",40.71958611647166,-74.04311746358871,29525,"Subscriber",1985,1
440,"2018-12-19 05:46:27.6000","2018-12-19 05:53:47.8040",3278,"Monmouth and 6th",40.72568548362901,-74.04879033565521,3639,"Harborside",40.7192517,-74.034234,29210,"Subscriber",1994,1
217,"2018-12-19 06:16:19.8530","2018-12-19 06:19:57.0410",3278,"Monmouth and 6th",40.72568548362901,-74.04879033565521,3186,"Grove St PATH",40.71958611647166,-74.04311746358871,29521,"Subscriber",1985,1
336,"2018-12-19 06:55:42.2180","2018-12-19 07:01:19.1240",3278,"Monmouth and 6th",40.72568548362901,-74.04879033565521,3186,"Grove St PATH",40.71958611647166,-74.04311746358871,29546,"Subscriber",1981,1
248,"2018-12-19 07:19:24.1430","2018-12-19 07:23:33.0670",3278,"Monmouth and 6th",40.72568548362901,-74.04879033565521,3186,"Grove St PATH",40.71958611647166,-74.04311746358871,29278,"Subscriber",1987,2
292,"2018-12-19 07:40:20.2220","2018-12-19 07:45:13.0140",3278,"Monmouth and 6th",40.72568548362901,-74.04879033565521,3186,"Grove St PATH",40.71958611647166,-74.04311746358871,29445,"Subscriber",1973,1
286,"2018-12-19 07:44:40.1020","2018-12-19 07:49:26.8030",3278,"Monmouth and 6th",40.72568548362901,-74.04879033565521,3186,"Grove St PATH",40.71958611647166,-74.04311746358871,29215,"Subscriber",1991,1
219,"2018-12-19 07:58:09.0330","2018-12-19 08:01:48.8160",3278,"Monmouth and 6th",40.72568548362901,-74.04879033565521,3186,"Grove St PATH",40.71958611647166,-74.04311746358871,26268,"Subscriber",1971,1
253,"2018-12-19 07:58:28.3150","2018-12-19 08:02:41.4950",3278,"Monmouth and 6th",40.72568548362901,-74.04879033565521,3186,"Grove St PATH",40.71958611647166,-74.04311746358871,26278,"Subscriber",1983,2
366,"2018-12-19 08:00:43.9610","2018-12-19 08:06:50.0920",3278,"Monmouth and 6th",40.72568548362901,-74.04879033565521,3186,"Grove St PATH",40.71958611647166,-74.04311746358871,29508,"Subscriber",1986,2
339,"2018-12-19 08:11:57.4370","2018-12-19 08:17:36.8110",3278,"Monmouth and 6th",40.72568548362901,-74.04879033565521,3186,"Grove St PATH",40.71958611647166,-74.04311746358871,26192,"Subscriber",1982,2
240,"2018-12-19 08:16:09.9960","2018-12-19 08:20:10.5450",3278,"Monmouth and 6th",40.72568548362901,-74.04879033565521,3273,"Manila & 1st",40.721650724879986,-74.04288411140442,29484,"Subscriber",1980,1
264,"2018-12-19 09:17:23.2280","2018-12-19 09:21:48.0360",3278,"Monmouth and 6th",40.72568548362901,-74.04879033565521,3186,"Grove St PATH",40.71958611647166,-74.04311746358871,29546,"Subscriber",1980,2
246,"2018-12-19 09:22:55.3350","2018-12-19 09:27:01.8900",3278,"Monmouth and 6th",40.72568548362901,-74.04879033565521,3186,"Grove St PATH",40.71958611647166,-74.04311746358871,26155,"Subscriber",1991,1
115,"2018-12-19 09:34:02.0950","2018-12-19 09:35:57.3170",3278,"Monmouth and 6th",40.72568548362901,-74.04879033565521,3270,"Jersey & 6th St",40.72528910781132,-74.04557168483734,29544,"Subscriber",1983,2
73,"2018-12-19 09:46:06.8480","2018-12-19 09:47:20.6040",3278,"Monmouth and 6th",40.72568548362901,-74.04879033565521,3278,"Monmouth and 6th",40.72568548362901,-74.04879033565521,26258,"Subscriber",1985,1
376,"2018-12-19 09:47:36.5670","2018-12-19 09:53:53.5540",3278,"Monmouth and 6th",40.72568548362901,-74.04879033565521,3186,"Grove St PATH",40.71958611647166,-74.04311746358871,29496,"Subscriber",1985,1
246,"2018-12-19 11:12:09.6430","2018-12-19 11:16:15.8390",3278,"Monmouth and 6th",40.72568548362901,-74.04879033565521,3186,"Grove St PATH",40.71958611647166,-74.04311746358871,26258,"Subscriber",1981,1
363,"2018-12-19 12:31:19.7750","2018-12-19 12:37:23.7360",3278,"Monmouth and 6th",40.72568548362901,-74.04879033565521,3187,"Warren St",40.7211236,-74.03805095,29293,"Subscriber",1991,2
189,"2018-12-19 13:07:00.7370","2018-12-19 13:10:09.8690",3278,"Monmouth and 6th",40.72568548362901,-74.04879033565521,3211,"Newark Ave",40.72152515,-74.046304543,29281,"Subscriber",1982,1
309,"2018-12-19 13:09:41.2670","2018-12-19 13:14:51.0420",3278,"Monmouth and 6th",40.72568548362901,-74.04879033565521,3186,"Grove St PATH",40.71958611647166,-74.04311746358871,26276,"Subscriber",1977,1
495,"2018-12-19 14:45:02.7990","2018-12-19 14:53:18.7760",3278,"Monmouth and 6th",40.72568548362901,-74.04879033565521,3199,"Newport Pkwy",40.7287448,-74.0321082,29281,"Subscriber",1984,1
286,"2018-12-19 15:03:42.3150","2018-12-19 15:08:28.7540",3278,"Monmouth and 6th",40.72568548362901,-74.04879033565521,3483,"Montgomery St",40.71942,-74.05099,29520,"Subscriber",1992,2
277,"2018-12-19 16:36:55.1540","2018-12-19 16:41:32.8790",3278,"Monmouth and 6th",40.72568548362901,-74.04879033565521,3272,"Jersey & 3rd",40.72333158646436,-74.04595255851744,29569,"Subscriber",1987,1
207,"2018-12-20 06:19:54.8780","2018-12-20 06:23:22.7360",3278,"Monmouth and 6th",40.72568548362901,-74.04879033565521,3186,"Grove St PATH",40.71958611647166,-74.04311746358871,29254,"Subscriber",1985,1
193,"2018-12-20 06:22:58.1650","2018-12-20 06:26:11.4750",3278,"Monmouth and 6th",40.72568548362901,-74.04879033565521,3273,"Manila & 1st",40.721650724879986,-74.04288411140442,26241,"Subscriber",1988,1
227,"2018-12-20 06:46:10.3220","2018-12-20 06:49:58.0700",3278,"Monmouth and 6th",40.72568548362901,-74.04879033565521,3186,"Grove St PATH",40.71958611647166,-74.04311746358871,29441,"Subscriber",1985,1
320,"2018-12-20 06:55:23.4400","2018-12-20 07:00:44.0300",3278,"Monmouth and 6th",40.72568548362901,-74.04879033565521,3186,"Grove St PATH",40.71958611647166,-74.04311746358871,29278,"Subscriber",1981,1
262,"2018-12-20 07:21:53.4720","2018-12-20 07:26:16.4630",3278,"Monmouth and 6th",40.72568548362901,-74.04879033565521,3186,"Grove St PATH",40.71958611647166,-74.04311746358871,29220,"Subscriber",1991,1
417,"2018-12-20 07:40:56.9270","2018-12-20 07:47:54.8430",3278,"Monmouth and 6th",40.72568548362901,-74.04879033565521,3202,"Newport PATH",40.7272235,-74.0337589,29120,"Subscriber",1986,2
280,"2018-12-20 07:51:09.1820","2018-12-20 07:55:49.7600",3278,"Monmouth and 6th",40.72568548362901,-74.04879033565521,3186,"Grove St PATH",40.71958611647166,-74.04311746358871,29569,"Subscriber",1977,1
277,"2018-12-20 09:18:58.4510","2018-12-20 09:23:35.6240",3278,"Monmouth and 6th",40.72568548362901,-74.04879033565521,3186,"Grove St PATH",40.71958611647166,-74.04311746358871,29308,"Subscriber",1984,1
372,"2018-12-20 09:27:41.1330","2018-12-20 09:33:53.5280",3278,"Monmouth and 6th",40.72568548362901,-74.04879033565521,3186,"Grove St PATH",40.71958611647166,-74.04311746358871,26200,"Subscriber",1964,1
208,"2018-12-20 09:30:31.3880","2018-12-20 09:34:00.2180",3278,"Monmouth and 6th",40.72568548362901,-74.04879033565521,3273,"Manila & 1st",40.721650724879986,-74.04288411140442,29273,"Subscriber",1986,2
461,"2018-12-20 10:10:14.2030","2018-12-20 10:17:56.1120",3278,"Monmouth and 6th",40.72568548362901,-74.04879033565521,3639,"Harborside",40.7192517,-74.034234,29671,"Subscriber",1989,1
172,"2018-12-20 10:47:26.3140","2018-12-20 10:50:18.9050",3278,"Monmouth and 6th",40.72568548362901,-74.04879033565521,3211,"Newark Ave",40.72152515,-74.046304543,29605,"Subscriber",1983,2
280,"2018-12-20 10:50:14.4080","2018-12-20 10:54:55.3750",3278,"Monmouth and 6th",40.72568548362901,-74.04879033565521,3186,"Grove St PATH",40.71958611647166,-74.04311746358871,26175,"Subscriber",1980,1
168,"2018-12-20 11:10:13.1600","2018-12-20 11:13:01.9200",3278,"Monmouth and 6th",40.72568548362901,-74.04879033565521,3203,"Hamilton Park",40.727595966,-74.044247311,26161,"Subscriber",1983,1
88,"2018-12-20 12:02:01.3400","2018-12-20 12:03:29.6830",3278,"Monmouth and 6th",40.72568548362901,-74.04879033565521,3270,"Jersey & 6th St",40.72528910781132,-74.04557168483734,29445,"Subscriber",1987,1
141,"2018-12-20 13:50:47.3470","2018-12-20 13:53:08.3690",3278,"Monmouth and 6th",40.72568548362901,-74.04879033565521,3270,"Jersey & 6th St",40.72528910781132,-74.04557168483734,29199,"Subscriber",1983,2
302,"2018-12-20 14:09:44.6630","2018-12-20 14:14:46.7960",3278,"Monmouth and 6th",40.72568548362901,-74.04879033565521,3186,"Grove St PATH",40.71958611647166,-74.04311746358871,29536,"Subscriber",1984,1
1598,"2018-12-20 17:44:45.6820","2018-12-20 18:11:24.3720",3278,"Monmouth and 6th",40.72568548362901,-74.04879033565521,3278,"Monmouth and 6th",40.72568548362901,-74.04879033565521,29308,"Subscriber",1985,1
229,"2018-12-21 06:17:28.8480","2018-12-21 06:21:18.6570",3278,"Monmouth and 6th",40.72568548362901,-74.04879033565521,3186,"Grove St PATH",40.71958611647166,-74.04311746358871,29241,"Subscriber",1985,1
240,"2018-12-21 08:22:35.6160","2018-12-21 08:26:35.7870",3278,"Monmouth and 6th",40.72568548362901,-74.04879033565521,3186,"Grove St PATH",40.71958611647166,-74.04311746358871,29465,"Subscriber",1977,1
231,"2018-12-21 09:15:01.2590","2018-12-21 09:18:52.8140",3278,"Monmouth and 6th",40.72568548362901,-74.04879033565521,3273,"Manila & 1st",40.721650724879986,-74.04288411140442,29662,"Subscriber",1988,1
362,"2018-12-21 10:20:39.0030","2018-12-21 10:26:41.6230",3278,"Monmouth and 6th",40.72568548362901,-74.04879033565521,3639,"Harborside",40.7192517,-74.034234,29468,"Subscriber",1994,1
351,"2018-12-21 13:23:48.4180","2018-12-21 13:29:40.0850",3278,"Monmouth and 6th",40.72568548362901,-74.04879033565521,3186,"Grove St PATH",40.71958611647166,-74.04311746358871,29612,"Subscriber",1983,2
188,"2018-12-21 16:41:36.0720","2018-12-21 16:44:44.8550",3278,"Monmouth and 6th",40.72568548362901,-74.04879033565521,3211,"Newark Ave",40.72152515,-74.046304543,29308,"Subscriber",1982,1
184,"2018-12-21 18:53:10.8940","2018-12-21 18:56:15.5810",3278,"Monmouth and 6th",40.72568548362901,-74.04879033565521,3272,"Jersey & 3rd",40.72333158646436,-74.04595255851744,26291,"Subscriber",1980,2
136,"2018-12-21 20:02:37.6970","2018-12-21 20:04:54.3640",3278,"Monmouth and 6th",40.72568548362901,-74.04879033565521,3203,"Hamilton Park",40.727595966,-74.044247311,29536,"Subscriber",1985,1
257,"2018-12-22 10:04:32.0170","2018-12-22 10:08:49.8200",3278,"Monmouth and 6th",40.72568548362901,-74.04879033565521,3279,"Dixon Mills",40.721630142638354,-74.04996782541275,29639,"Subscriber",1986,1
232,"2018-12-22 13:27:03.3180","2018-12-22 13:30:55.4950",3278,"Monmouth and 6th",40.72568548362901,-74.04879033565521,3186,"Grove St PATH",40.71958611647166,-74.04311746358871,29288,"Subscriber",1994,1
546,"2018-12-22 13:59:45.7520","2018-12-22 14:08:52.2700",3278,"Monmouth and 6th",40.72568548362901,-74.04879033565521,3276,"Marin Light Rail",40.71458403535893,-74.04281705617905,29601,"Subscriber",1980,2
453,"2018-12-22 14:14:47.4740","2018-12-22 14:22:20.6620",3278,"Monmouth and 6th",40.72568548362901,-74.04879033565521,3220,"5 Corners Library",40.734961020009514,-74.0595030784607,29542,"Subscriber",1981,2
239,"2018-12-22 15:09:44.0760","2018-12-22 15:13:44.0580",3278,"Monmouth and 6th",40.72568548362901,-74.04879033565521,3273,"Manila & 1st",40.721650724879986,-74.04288411140442,29665,"Subscriber",1988,1
145,"2018-12-22 16:58:32.7590","2018-12-22 17:00:58.3080",3278,"Monmouth and 6th",40.72568548362901,-74.04879033565521,3272,"Jersey & 3rd",40.72333158646436,-74.04595255851744,26291,"Subscriber",1988,2
231,"2018-12-23 07:42:50.2000","2018-12-23 07:46:41.6930",3278,"Monmouth and 6th",40.72568548362901,-74.04879033565521,3186,"Grove St PATH",40.71958611647166,-74.04311746358871,26163,"Subscriber",1991,1
274,"2018-12-23 10:39:53.0140","2018-12-23 10:44:27.0290",3278,"Monmouth and 6th",40.72568548362901,-74.04879033565521,3186,"Grove St PATH",40.71958611647166,-74.04311746358871,29439,"Subscriber",1983,2
371,"2018-12-23 11:21:01.2630","2018-12-23 11:27:13.2530",3278,"Monmouth and 6th",40.72568548362901,-74.04879033565521,3186,"Grove St PATH",40.71958611647166,-74.04311746358871,29304,"Subscriber",1987,1
402,"2018-12-23 17:21:29.2960","2018-12-23 17:28:12.0010",3278,"Monmouth and 6th",40.72568548362901,-74.04879033565521,3185,"City Hall",40.7177325,-74.043845,26202,"Subscriber",1980,2
74,"2018-12-23 19:13:17.8620","2018-12-23 19:14:31.9770",3278,"Monmouth and 6th",40.72568548362901,-74.04879033565521,3269,"Brunswick & 6th",40.72601172964625,-74.05038893222809,29542,"Subscriber",1987,1
88,"2018-12-23 19:17:00.7720","2018-12-23 19:18:29.6010",3278,"Monmouth and 6th",40.72568548362901,-74.04879033565521,3269,"Brunswick & 6th",40.72601172964625,-74.05038893222809,26225,"Subscriber",1987,1
72,"2018-12-23 19:21:30.3050","2018-12-23 19:22:43.2700",3278,"Monmouth and 6th",40.72568548362901,-74.04879033565521,3269,"Brunswick & 6th",40.72601172964625,-74.05038893222809,29198,"Subscriber",1987,1
84,"2018-12-23 19:25:33.7750","2018-12-23 19:26:57.7880",3278,"Monmouth and 6th",40.72568548362901,-74.04879033565521,3269,"Brunswick & 6th",40.72601172964625,-74.05038893222809,29207,"Subscriber",1987,1
164,"2018-12-23 20:29:56.9530","2018-12-23 20:32:40.9650",3278,"Monmouth and 6th",40.72568548362901,-74.04879033565521,3272,"Jersey & 3rd",40.72333158646436,-74.04595255851744,29439,"Subscriber",1983,2
216,"2018-12-24 09:05:40.4830","2018-12-24 09:09:16.6920",3278,"Monmouth and 6th",40.72568548362901,-74.04879033565521,3272,"Jersey & 3rd",40.72333158646436,-74.04595255851744,26291,"Subscriber",1983,2
149,"2018-12-24 13:07:45.9530","2018-12-24 13:10:15.0510",3278,"Monmouth and 6th",40.72568548362901,-74.04879033565521,3272,"Jersey & 3rd",40.72333158646436,-74.04595255851744,29439,"Subscriber",1982,1
164,"2018-12-24 14:43:17.4620","2018-12-24 14:46:01.8670",3278,"Monmouth and 6th",40.72568548362901,-74.04879033565521,3272,"Jersey & 3rd",40.72333158646436,-74.04595255851744,26212,"Subscriber",1987,1
117,"2018-12-24 17:04:50.2710","2018-12-24 17:06:47.5390",3278,"Monmouth and 6th",40.72568548362901,-74.04879033565521,3272,"Jersey & 3rd",40.72333158646436,-74.04595255851744,29476,"Subscriber",1969,0
231,"2018-12-25 21:30:18.9830","2018-12-25 21:34:10.3420",3278,"Monmouth and 6th",40.72568548362901,-74.04879033565521,3273,"Manila & 1st",40.721650724879986,-74.04288411140442,29278,"Subscriber",1983,2
431,"2018-12-26 07:20:39.8990","2018-12-26 07:27:51.4380",3278,"Monmouth and 6th",40.72568548362901,-74.04879033565521,3639,"Harborside",40.7192517,-74.034234,29550,"Subscriber",1994,1
90858,"2018-12-26 08:10:04.7250","2018-12-27 09:24:23.7140",3278,"Monmouth and 6th",40.72568548362901,-74.04879033565521,3186,"Grove St PATH",40.71958611647166,-74.04311746358871,29198,"Subscriber",1993,1
1893,"2018-12-26 11:04:22.9150","2018-12-26 11:35:55.9930",3278,"Monmouth and 6th",40.72568548362901,-74.04879033565521,3198,"Heights Elevator",40.748715945380226,-74.04044330120087,29546,"Subscriber",1983,1
288,"2018-12-26 11:57:00.5370","2018-12-26 12:01:49.2120",3278,"Monmouth and 6th",40.72568548362901,-74.04879033565521,3186,"Grove St PATH",40.71958611647166,-74.04311746358871,29550,"Subscriber",1983,2
228,"2018-12-26 16:36:54.5580","2018-12-26 16:40:43.5060",3278,"Monmouth and 6th",40.72568548362901,-74.04879033565521,3273,"Manila & 1st",40.721650724879986,-74.04288411140442,29602,"Subscriber",1986,2
278,"2018-12-26 18:19:11.5190","2018-12-26 18:23:49.6180",3278,"Monmouth and 6th",40.72568548362901,-74.04879033565521,3186,"Grove St PATH",40.71958611647166,-74.04311746358871,26166,"Subscriber",1981,2
191,"2018-12-26 18:57:11.8770","2018-12-26 19:00:22.9270",3278,"Monmouth and 6th",40.72568548362901,-74.04879033565521,3211,"Newark Ave",40.72152515,-74.046304543,29612,"Subscriber",1982,1
290,"2018-12-26 19:57:59.0920","2018-12-26 20:02:50.0340",3278,"Monmouth and 6th",40.72568548362901,-74.04879033565521,3186,"Grove St PATH",40.71958611647166,-74.04311746358871,26163,"Subscriber",1987,1
190,"2018-12-26 21:07:21.6500","2018-12-26 21:10:32.3090",3278,"Monmouth and 6th",40.72568548362901,-74.04879033565521,3211,"Newark Ave",40.72152515,-74.046304543,29676,"Subscriber",1983,2
301,"2018-12-27 08:33:33.8450","2018-12-27 08:38:35.4250",3278,"Monmouth and 6th",40.72568548362901,-74.04879033565521,3186,"Grove St PATH",40.71958611647166,-74.04311746358871,29445,"Subscriber",1983,2
225,"2018-12-27 08:41:23.4220","2018-12-27 08:45:08.7330",3278,"Monmouth and 6th",40.72568548362901,-74.04879033565521,3186,"Grove St PATH",40.71958611647166,-74.04311746358871,29609,"Subscriber",1977,1
266,"2018-12-27 08:43:28.3770","2018-12-27 08:47:55.1200",3278,"Monmouth and 6th",40.72568548362901,-74.04879033565521,3186,"Grove St PATH",40.71958611647166,-74.04311746358871,29289,"Subscriber",1986,1
258,"2018-12-27 11:45:39.0690","2018-12-27 11:49:57.7400",3278,"Monmouth and 6th",40.72568548362901,-74.04879033565521,3273,"Manila & 1st",40.721650724879986,-74.04288411140442,26174,"Subscriber",1988,1
428,"2018-12-27 11:56:43.9980","2018-12-27 12:03:52.6150",3278,"Monmouth and 6th",40.72568548362901,-74.04879033565521,3186,"Grove St PATH",40.71958611647166,-74.04311746358871,29222,"Subscriber",1981,1
313,"2018-12-27 14:55:07.6050","2018-12-27 15:00:20.9280",3278,"Monmouth and 6th",40.72568548362901,-74.04879033565521,3273,"Manila & 1st",40.721650724879986,-74.04288411140442,26204,"Subscriber",1987,1
265,"2018-12-27 17:36:24.1130","2018-12-27 17:40:50.1020",3278,"Monmouth and 6th",40.72568548362901,-74.04879033565521,3186,"Grove St PATH",40.71958611647166,-74.04311746358871,29250,"Subscriber",1981,2
253,"2018-12-27 19:03:36.1490","2018-12-27 19:07:49.7310",3278,"Monmouth and 6th",40.72568548362901,-74.04879033565521,3186,"Grove St PATH",40.71958611647166,-74.04311746358871,29284,"Subscriber",1985,1
259,"2018-12-28 08:22:55.9840","2018-12-28 08:27:15.7050",3278,"Monmouth and 6th",40.72568548362901,-74.04879033565521,3186,"Grove St PATH",40.71958611647166,-74.04311746358871,29542,"Subscriber",1977,1
234,"2018-12-28 09:20:36.8000","2018-12-28 09:24:31.1280",3278,"Monmouth and 6th",40.72568548362901,-74.04879033565521,3273,"Manila & 1st",40.721650724879986,-74.04288411140442,29597,"Subscriber",1988,1
209,"2018-12-28 10:43:21.9370","2018-12-28 10:46:51.2810",3278,"Monmouth and 6th",40.72568548362901,-74.04879033565521,3211,"Newark Ave",40.72152515,-74.046304543,26275,"Subscriber",1987,1
394,"2018-12-28 20:42:01.6540","2018-12-28 20:48:36.4840",3278,"Monmouth and 6th",40.72568548362901,-74.04879033565521,3638,"Washington St",40.7242941,-74.0354826,26275,"Subscriber",1983,2
379,"2018-12-29 07:49:18.5660","2018-12-29 07:55:38.1910",3278,"Monmouth and 6th",40.72568548362901,-74.04879033565521,3639,"Harborside",40.7192517,-74.034234,26275,"Subscriber",1994,1
245,"2018-12-29 09:59:05.0210","2018-12-29 10:03:10.5210",3278,"Monmouth and 6th",40.72568548362901,-74.04879033565521,3273,"Manila & 1st",40.721650724879986,-74.04288411140442,29278,"Subscriber",1987,2
231,"2018-12-29 10:55:59.2850","2018-12-29 10:59:50.7510",3278,"Monmouth and 6th",40.72568548362901,-74.04879033565521,3203,"Hamilton Park",40.727595966,-74.044247311,29234,"Subscriber",1969,0
306,"2018-12-29 12:08:44.0800","2018-12-29 12:13:50.3660",3278,"Monmouth and 6th",40.72568548362901,-74.04879033565521,3186,"Grove St PATH",40.71958611647166,-74.04311746358871,29500,"Subscriber",1987,1
192,"2018-12-29 15:26:08.0670","2018-12-29 15:29:20.9490",3278,"Monmouth and 6th",40.72568548362901,-74.04879033565521,3211,"Newark Ave",40.72152515,-74.046304543,29293,"Subscriber",1970,1
298,"2018-12-29 16:30:30.7350","2018-12-29 16:35:29.5840",3278,"Monmouth and 6th",40.72568548362901,-74.04879033565521,3186,"Grove St PATH",40.71958611647166,-74.04311746358871,26275,"Subscriber",1981,2
86,"2018-12-29 16:31:28.2800","2018-12-29 16:32:54.5220",3278,"Monmouth and 6th",40.72568548362901,-74.04879033565521,3269,"Brunswick & 6th",40.72601172964625,-74.05038893222809,29500,"Subscriber",1982,2
431,"2018-12-29 17:47:12.2120","2018-12-29 17:54:23.7050",3278,"Monmouth and 6th",40.72568548362901,-74.04879033565521,3187,"Warren St",40.7211236,-74.03805095,26202,"Subscriber",1984,1
1164,"2018-12-29 18:52:28.6130","2018-12-29 19:11:52.8440",3278,"Monmouth and 6th",40.72568548362901,-74.04879033565521,3278,"Monmouth and 6th",40.72568548362901,-74.04879033565521,29297,"Subscriber",1988,1
239,"2018-12-30 12:07:47.6560","2018-12-30 12:11:47.6540",3278,"Monmouth and 6th",40.72568548362901,-74.04879033565521,3273,"Manila & 1st",40.721650724879986,-74.04288411140442,29234,"Subscriber",1987,2
141,"2018-12-30 12:37:28.6250","2018-12-30 12:39:50.1550",3278,"Monmouth and 6th",40.72568548362901,-74.04879033565521,3272,"Jersey & 3rd",40.72333158646436,-74.04595255851744,29245,"Subscriber",1980,2
187,"2018-12-30 14:01:27.3550","2018-12-30 14:04:35.3210",3278,"Monmouth and 6th",40.72568548362901,-74.04879033565521,3211,"Newark Ave",40.72152515,-74.046304543,29597,"Subscriber",1988,1
338,"2018-12-30 16:26:45.1720","2018-12-30 16:32:23.9630",3278,"Monmouth and 6th",40.72568548362901,-74.04879033565521,3483,"Montgomery St",40.71942,-74.05099,26275,"Subscriber",1969,0
146,"2018-12-30 16:31:02.5890","2018-12-30 16:33:29.0350",3278,"Monmouth and 6th",40.72568548362901,-74.04879033565521,3203,"Hamilton Park",40.727595966,-74.044247311,29209,"Subscriber",1985,1
350,"2018-12-31 07:17:55.2090","2018-12-31 07:23:46.0180",3278,"Monmouth and 6th",40.72568548362901,-74.04879033565521,3186,"Grove St PATH",40.71958611647166,-74.04311746358871,29209,"Subscriber",1980,1
201,"2018-12-31 08:03:49.7310","2018-12-31 08:07:10.7650",3278,"Monmouth and 6th",40.72568548362901,-74.04879033565521,3186,"Grove St PATH",40.71958611647166,-74.04311746358871,29598,"Subscriber",1993,1
332,"2018-12-31 08:40:18.9020","2018-12-31 08:45:51.6200",3278,"Monmouth and 6th",40.72568548362901,-74.04879033565521,3273,"Manila & 1st",40.721650724879986,-74.04288411140442,29277,"Subscriber",1984,1
417,"2018-12-31 11:03:51.2470","2018-12-31 11:10:48.4720",3278,"Monmouth and 6th",40.72568548362901,-74.04879033565521,3186,"Grove St PATH",40.71958611647166,-74.04311746358871,29642,"Subscriber",1964,1
244,"2018-12-31 11:18:43.6290","2018-12-31 11:22:48.5440",3278,"Monmouth and 6th",40.72568548362901,-74.04879033565521,3211,"Newark Ave",40.72152515,-74.046304543,29525,"Subscriber",1987,1
268,"2018-12-31 11:44:30.6420","2018-12-31 11:48:58.7530",3278,"Monmouth and 6th",40.72568548362901,-74.04879033565521,3273,"Manila & 1st",40.721650724879986,-74.04288411140442,29480,"Subscriber",1988,1
294,"2018-12-31 12:00:47.3180","2018-12-31 12:05:41.4530",3278,"Monmouth and 6th",40.72568548362901,-74.04879033565521,3185,"City Hall",40.7177325,-74.043845,26211,"Subscriber",1968,1
316,"2018-12-31 13:24:57.9890","2018-12-31 13:30:14.9180",3278,"Monmouth and 6th",40.72568548362901,-74.04879033565521,3483,"Montgomery St",40.71942,-74.05099,29598,"Subscriber",1987,2
351,"2018-12-31 22:13:51.8670","2018-12-31 22:19:43.3290",3278,"Monmouth and 6th",40.72568548362901,-74.04879033565521,3186,"Grove St PATH",40.71958611647166,-74.04311746358871,29220,"Subscriber",1987,1
322,"2018-12-31 22:14:36.2470","2018-12-31 22:19:59.0270",3278,"Monmouth and 6th",40.72568548362901,-74.04879033565521,3186,"Grove St PATH",40.71958611647166,-74.04311746358871,29521,"Customer",1990,2
455,"2018-12-01 08:41:12.6350","2018-12-01 08:48:48.3690",3279,"Dixon Mills",40.721630142638354,-74.04996782541275,3279,"Dixon Mills",40.721630142638354,-74.04996782541275,29298,"Subscriber",1982,1
228,"2018-12-01 09:39:16.9520","2018-12-01 09:43:05.6930",3279,"Dixon Mills",40.721630142638354,-74.04996782541275,3185,"City Hall",40.7177325,-74.043845,29247,"Subscriber",1984,2
197,"2018-12-01 10:04:12.2250","2018-12-01 10:07:29.5160",3279,"Dixon Mills",40.721630142638354,-74.04996782541275,3186,"Grove St PATH",40.71958611647166,-74.04311746358871,29644,"Subscriber",1975,1
123,"2018-12-01 10:13:36.1780","2018-12-01 10:15:39.2560",3279,"Dixon Mills",40.721630142638354,-74.04996782541275,3186,"Grove St PATH",40.71958611647166,-74.04311746358871,29244,"Subscriber",1981,1
137,"2018-12-01 10:30:36.2230","2018-12-01 10:32:53.9830",3279,"Dixon Mills",40.721630142638354,-74.04996782541275,3186,"Grove St PATH",40.71958611647166,-74.04311746358871,29263,"Subscriber",1980,2
1424,"2018-12-01 10:36:52.8740","2018-12-01 11:00:37.1850",3279,"Dixon Mills",40.721630142638354,-74.04996782541275,3638,"Washington St",40.7242941,-74.0354826,26275,"Customer",1996,2
1414,"2018-12-01 10:37:06.2510","2018-12-01 11:00:41.1620",3279,"Dixon Mills",40.721630142638354,-74.04996782541275,3638,"Washington St",40.7242941,-74.0354826,29569,"Customer",1996,2
199,"2018-12-01 11:49:27.8320","2018-12-01 11:52:46.9630",3279,"Dixon Mills",40.721630142638354,-74.04996782541275,3186,"Grove St PATH",40.71958611647166,-74.04311746358871,29443,"Subscriber",1987,2
275,"2018-12-01 13:15:06.3910","2018-12-01 13:19:42.1310",3279,"Dixon Mills",40.721630142638354,-74.04996782541275,3186,"Grove St PATH",40.71958611647166,-74.04311746358871,26254,"Subscriber",1988,2
182,"2018-12-01 13:27:33.4240","2018-12-01 13:30:36.2580",3279,"Dixon Mills",40.721630142638354,-74.04996782541275,3186,"Grove St PATH",40.71958611647166,-74.04311746358871,26241,"Subscriber",1965,1
829,"2018-12-01 13:29:20.1540","2018-12-01 13:43:09.2920",3279,"Dixon Mills",40.721630142638354,-74.04996782541275,3207,"Oakland Ave",40.7376037,-74.0524783,29584,"Subscriber",1988,1
171,"2018-12-01 14:14:54.6760","2018-12-01 14:17:45.7550",3279,"Dixon Mills",40.721630142638354,-74.04996782541275,3186,"Grove St PATH",40.71958611647166,-74.04311746358871,29264,"Subscriber",1991,1
574,"2018-12-01 15:02:22.7510","2018-12-01 15:11:57.3870",3279,"Dixon Mills",40.721630142638354,-74.04996782541275,3678,"Fairmount Ave",40.72572613742557,-74.07195925712585,26187,"Subscriber",1959,1
397,"2018-12-01 15:16:59.2570","2018-12-01 15:23:37.0070",3279,"Dixon Mills",40.721630142638354,-74.04996782541275,3681,"Grand St",40.71517767732029,-74.03768330812454,26158,"Subscriber",1971,1
128,"2018-12-01 15:40:50.8450","2018-12-01 15:42:59.3110",3279,"Dixon Mills",40.721630142638354,-74.04996782541275,3186,"Grove St PATH",40.71958611647166,-74.04311746358871,29442,"Subscriber",1977,1
250,"2018-12-01 18:43:10.1820","2018-12-01 18:47:20.7190",3279,"Dixon Mills",40.721630142638354,-74.04996782541275,3279,"Dixon Mills",40.721630142638354,-74.04996782541275,29235,"Subscriber",1982,1
151,"2018-12-01 18:44:34.8350","2018-12-01 18:47:05.9910",3279,"Dixon Mills",40.721630142638354,-74.04996782541275,3186,"Grove St PATH",40.71958611647166,-74.04311746358871,29201,"Subscriber",1993,1
195,"2018-12-02 12:50:28.7130","2018-12-02 12:53:44.3920",3279,"Dixon Mills",40.721630142638354,-74.04996782541275,3186,"Grove St PATH",40.71958611647166,-74.04311746358871,29528,"Subscriber",1988,2
191,"2018-12-02 15:10:28.6620","2018-12-02 15:13:40.1020",3279,"Dixon Mills",40.721630142638354,-74.04996782541275,3186,"Grove St PATH",40.71958611647166,-74.04311746358871,20783,"Subscriber",1996,2
343,"2018-12-02 15:45:45.8690","2018-12-02 15:51:29.0540",3279,"Dixon Mills",40.721630142638354,-74.04996782541275,3183,"Exchange Place",40.7162469,-74.0334588,29235,"Subscriber",1982,1
396,"2018-12-02 18:09:24.6800","2018-12-02 18:16:00.9870",3279,"Dixon Mills",40.721630142638354,-74.04996782541275,3273,"Manila & 1st",40.721650724879986,-74.04288411140442,29235,"Subscriber",1991,1
486,"2018-12-02 18:59:48.4920","2018-12-02 19:07:54.8270",3279,"Dixon Mills",40.721630142638354,-74.04996782541275,3212,"Christ Hospital",40.734785818,-74.050443636,26157,"Subscriber",1988,1
139,"2018-12-03 05:19:26.9290","2018-12-03 05:21:46.6840",3279,"Dixon Mills",40.721630142638354,-74.04996782541275,3186,"Grove St PATH",40.71958611647166,-74.04311746358871,29201,"Subscriber",1982,1
107,"2018-12-03 05:55:11.8380","2018-12-03 05:56:58.9170",3279,"Dixon Mills",40.721630142638354,-74.04996782541275,3186,"Grove St PATH",40.71958611647166,-74.04311746358871,26264,"Subscriber",1981,2
165,"2018-12-03 06:16:16.0120","2018-12-03 06:19:01.5340",3279,"Dixon Mills",40.721630142638354,-74.04996782541275,3186,"Grove St PATH",40.71958611647166,-74.04311746358871,29443,"Subscriber",1982,1
171,"2018-12-03 06:36:00.9870","2018-12-03 06:38:52.8960",3279,"Dixon Mills",40.721630142638354,-74.04996782541275,3186,"Grove St PATH",40.71958611647166,-74.04311746358871,29605,"Subscriber",1987,2
206,"2018-12-03 06:47:02.6100","2018-12-03 06:50:29.4000",3279,"Dixon Mills",40.721630142638354,-74.04996782541275,3186,"Grove St PATH",40.71958611647166,-74.04311746358871,29298,"Subscriber",1986,1
237,"2018-12-03 06:56:40.3470","2018-12-03 07:00:38.1880",3279,"Dixon Mills",40.721630142638354,-74.04996782541275,3186,"Grove St PATH",40.71958611647166,-74.04311746358871,29510,"Subscriber",1977,2
216,"2018-12-03 07:46:49.9180","2018-12-03 07:50:26.1930",3279,"Dixon Mills",40.721630142638354,-74.04996782541275,3186,"Grove St PATH",40.71958611647166,-74.04311746358871,26209,"Subscriber",1975,1
227,"2018-12-03 09:03:16.6910","2018-12-03 09:07:03.9450",3279,"Dixon Mills",40.721630142638354,-74.04996782541275,3186,"Grove St PATH",40.71958611647166,-74.04311746358871,29580,"Subscriber",1973,1
223,"2018-12-03 09:53:43.1370","2018-12-03 09:57:26.6650",3279,"Dixon Mills",40.721630142638354,-74.04996782541275,3186,"Grove St PATH",40.71958611647166,-74.04311746358871,29506,"Subscriber",1993,1
141,"2018-12-03 10:18:00.0630","2018-12-03 10:20:22.0210",3279,"Dixon Mills",40.721630142638354,-74.04996782541275,3186,"Grove St PATH",40.71958611647166,-74.04311746358871,29284,"Subscriber",1986,1
269,"2018-12-03 10:41:30.9880","2018-12-03 10:46:00.0660",3279,"Dixon Mills",40.721630142638354,-74.04996782541275,3185,"City Hall",40.7177325,-74.043845,26257,"Subscriber",1988,1
545,"2018-12-03 11:37:49.9990","2018-12-03 11:46:55.6670",3279,"Dixon Mills",40.721630142638354,-74.04996782541275,3184,"Paulus Hook",40.7141454,-74.0335519,29640,"Subscriber",1986,1
146,"2018-12-03 13:51:12.3840","2018-12-03 13:53:39.1840",3279,"Dixon Mills",40.721630142638354,-74.04996782541275,3186,"Grove St PATH",40.71958611647166,-74.04311746358871,29291,"Subscriber",1982,1
118,"2018-12-03 13:58:31.2700","2018-12-03 14:00:29.7810",3279,"Dixon Mills",40.721630142638354,-74.04996782541275,3211,"Newark Ave",40.72152515,-74.046304543,26303,"Subscriber",1976,1
146,"2018-12-03 16:23:51.0680","2018-12-03 16:26:17.3170",3279,"Dixon Mills",40.721630142638354,-74.04996782541275,3186,"Grove St PATH",40.71958611647166,-74.04311746358871,29455,"Subscriber",1996,2
304,"2018-12-03 19:37:24.5700","2018-12-03 19:42:28.9000",3279,"Dixon Mills",40.721630142638354,-74.04996782541275,3186,"Grove St PATH",40.71958611647166,-74.04311746358871,29645,"Subscriber",1988,2
2741,"2018-12-03 20:49:46.5460","2018-12-03 21:35:27.6510",3279,"Dixon Mills",40.721630142638354,-74.04996782541275,3214,"Essex Light Rail",40.7127742,-74.0364857,29276,"Subscriber",1978,1
525,"2018-12-03 21:20:45.0290","2018-12-03 21:29:30.9610",3279,"Dixon Mills",40.721630142638354,-74.04996782541275,3212,"Christ Hospital",40.734785818,-74.050443636,29506,"Subscriber",1988,1
118,"2018-12-04 05:51:43.1100","2018-12-04 05:53:41.8770",3279,"Dixon Mills",40.721630142638354,-74.04996782541275,3186,"Grove St PATH",40.71958611647166,-74.04311746358871,26234,"Subscriber",1981,2
188,"2018-12-04 06:07:10.7160","2018-12-04 06:10:19.2290",3279,"Dixon Mills",40.721630142638354,-74.04996782541275,3186,"Grove St PATH",40.71958611647166,-74.04311746358871,29297,"Subscriber",1982,1
192,"2018-12-04 07:03:47.9590","2018-12-04 07:07:00.3260",3279,"Dixon Mills",40.721630142638354,-74.04996782541275,3186,"Grove St PATH",40.71958611647166,-74.04311746358871,26208,"Subscriber",1977,2
158,"2018-12-04 07:33:26.1350","2018-12-04 07:36:04.2830",3279,"Dixon Mills",40.721630142638354,-74.04996782541275,3186,"Grove St PATH",40.71958611647166,-74.04311746358871,29286,"Subscriber",1975,1
175,"2018-12-04 07:45:01.3520","2018-12-04 07:47:57.1710",3279,"Dixon Mills",40.721630142638354,-74.04996782541275,3186,"Grove St PATH",40.71958611647166,-74.04311746358871,29203,"Subscriber",1976,1
227,"2018-12-04 07:51:35.0510","2018-12-04 07:55:22.8620",3279,"Dixon Mills",40.721630142638354,-74.04996782541275,3186,"Grove St PATH",40.71958611647166,-74.04311746358871,29291,"Subscriber",1986,1
130,"2018-12-04 07:56:44.2660","2018-12-04 07:58:54.7320",3279,"Dixon Mills",40.721630142638354,-74.04996782541275,3186,"Grove St PATH",40.71958611647166,-74.04311746358871,29640,"Subscriber",1982,1
201,"2018-12-04 08:03:42.4910","2018-12-04 08:07:03.5990",3279,"Dixon Mills",40.721630142638354,-74.04996782541275,3186,"Grove St PATH",40.71958611647166,-74.04311746358871,29535,"Subscriber",1986,1
162,"2018-12-04 08:04:27.6590","2018-12-04 08:07:10.1330",3279,"Dixon Mills",40.721630142638354,-74.04996782541275,3186,"Grove St PATH",40.71958611647166,-74.04311746358871,29528,"Subscriber",1993,1
752,"2018-12-04 08:22:15.3050","2018-12-04 08:34:47.6440",3279,"Dixon Mills",40.721630142638354,-74.04996782541275,3183,"Exchange Place",40.7162469,-74.0334588,29266,"Subscriber",1965,1
143,"2018-12-04 08:24:36.1840","2018-12-04 08:26:59.5720",3279,"Dixon Mills",40.721630142638354,-74.04996782541275,3186,"Grove St PATH",40.71958611647166,-74.04311746358871,29555,"Subscriber",1981,1
801,"2018-12-04 09:21:03.3390","2018-12-04 09:34:25.2620",3279,"Dixon Mills",40.721630142638354,-74.04996782541275,3186,"Grove St PATH",40.71958611647166,-74.04311746358871,29493,"Subscriber",1986,1
160,"2018-12-04 09:25:36.9940","2018-12-04 09:28:17.4040",3279,"Dixon Mills",40.721630142638354,-74.04996782541275,3186,"Grove St PATH",40.71958611647166,-74.04311746358871,29644,"Subscriber",1977,1
429,"2018-12-04 09:54:17.8630","2018-12-04 10:01:27.5880",3279,"Dixon Mills",40.721630142638354,-74.04996782541275,3183,"Exchange Place",40.7162469,-74.0334588,29524,"Subscriber",1949,1
172,"2018-12-04 10:35:37.8270","2018-12-04 10:38:30.4220",3279,"Dixon Mills",40.721630142638354,-74.04996782541275,3270,"Jersey & 6th St",40.72528910781132,-74.04557168483734,29288,"Subscriber",1970,1
147,"2018-12-04 11:08:01.5230","2018-12-04 11:10:29.3490",3279,"Dixon Mills",40.721630142638354,-74.04996782541275,3186,"Grove St PATH",40.71958611647166,-74.04311746358871,29298,"Subscriber",1970,1
243,"2018-12-04 12:54:01.8630","2018-12-04 12:58:04.9820",3279,"Dixon Mills",40.721630142638354,-74.04996782541275,3185,"City Hall",40.7177325,-74.043845,26159,"Subscriber",1988,1
429,"2018-12-04 17:35:06.6610","2018-12-04 17:42:16.3260",3279,"Dixon Mills",40.721630142638354,-74.04996782541275,3186,"Grove St PATH",40.71958611647166,-74.04311746358871,29664,"Subscriber",1982,2
571,"2018-12-04 21:19:10.2960","2018-12-04 21:28:41.7800",3279,"Dixon Mills",40.721630142638354,-74.04996782541275,3214,"Essex Light Rail",40.7127742,-74.0364857,26284,"Subscriber",1978,1
375,"2018-12-05 04:47:54.9270","2018-12-05 04:54:10.5150",3279,"Dixon Mills",40.721630142638354,-74.04996782541275,3638,"Washington St",40.7242941,-74.0354826,29608,"Subscriber",1964,1
130,"2018-12-05 05:52:37.5080","2018-12-05 05:54:47.7590",3279,"Dixon Mills",40.721630142638354,-74.04996782541275,3186,"Grove St PATH",40.71958611647166,-74.04311746358871,26159,"Subscriber",1981,2
155,"2018-12-05 06:30:43.9190","2018-12-05 06:33:19.1670",3279,"Dixon Mills",40.721630142638354,-74.04996782541275,3186,"Grove St PATH",40.71958611647166,-74.04311746358871,29263,"Subscriber",1987,2
156,"2018-12-05 07:16:40.5340","2018-12-05 07:19:17.1510",3279,"Dixon Mills",40.721630142638354,-74.04996782541275,3186,"Grove St PATH",40.71958611647166,-74.04311746358871,29527,"Subscriber",1986,1
214,"2018-12-05 07:16:51.7950","2018-12-05 07:20:26.0710",3279,"Dixon Mills",40.721630142638354,-74.04996782541275,3186,"Grove St PATH",40.71958611647166,-74.04311746358871,26209,"Subscriber",1977,2
170,"2018-12-05 07:40:51.3630","2018-12-05 07:43:42.3410",3279,"Dixon Mills",40.721630142638354,-74.04996782541275,3186,"Grove St PATH",40.71958611647166,-74.04311746358871,29231,"Subscriber",1975,1
228,"2018-12-05 07:55:14.9070","2018-12-05 07:59:03.2030",3279,"Dixon Mills",40.721630142638354,-74.04996782541275,3186,"Grove St PATH",40.71958611647166,-74.04311746358871,31443,"Subscriber",1986,1
203,"2018-12-05 08:46:59.5710","2018-12-05 08:50:22.7190",3279,"Dixon Mills",40.721630142638354,-74.04996782541275,3186,"Grove St PATH",40.71958611647166,-74.04311746358871,26253,"Subscriber",1988,2
160,"2018-12-05 09:07:47.5660","2018-12-05 09:10:27.9890",3279,"Dixon Mills",40.721630142638354,-74.04996782541275,3186,"Grove St PATH",40.71958611647166,-74.04311746358871,29653,"Subscriber",1986,1
156,"2018-12-05 09:19:51.8760","2018-12-05 09:22:28.4970",3279,"Dixon Mills",40.721630142638354,-74.04996782541275,3186,"Grove St PATH",40.71958611647166,-74.04311746358871,29595,"Subscriber",1977,1
455,"2018-12-05 09:25:23.8380","2018-12-05 09:32:59.5070",3279,"Dixon Mills",40.721630142638354,-74.04996782541275,3183,"Exchange Place",40.7162469,-74.0334588,29675,"Subscriber",1949,1
528,"2018-12-05 10:14:09.9830","2018-12-05 10:22:58.9000",3279,"Dixon Mills",40.721630142638354,-74.04996782541275,3183,"Exchange Place",40.7162469,-74.0334588,29607,"Subscriber",1981,2
161,"2018-12-05 10:36:15.8140","2018-12-05 10:38:56.9160",3279,"Dixon Mills",40.721630142638354,-74.04996782541275,3186,"Grove St PATH",40.71958611647166,-74.04311746358871,26255,"Subscriber",1986,1
153,"2018-12-05 12:03:58.8800","2018-12-05 12:06:32.7240",3279,"Dixon Mills",40.721630142638354,-74.04996782541275,3186,"Grove St PATH",40.71958611647166,-74.04311746358871,29540,"Subscriber",1982,1
144,"2018-12-05 13:07:42.8230","2018-12-05 13:10:07.3200",3279,"Dixon Mills",40.721630142638354,-74.04996782541275,3186,"Grove St PATH",40.71958611647166,-74.04311746358871,26296,"Subscriber",1973,1
146,"2018-12-05 14:36:52.8500","2018-12-05 14:39:19.4690",3279,"Dixon Mills",40.721630142638354,-74.04996782541275,3186,"Grove St PATH",40.71958611647166,-74.04311746358871,29573,"Subscriber",1996,2
274,"2018-12-05 15:08:02.1980","2018-12-05 15:12:37.1730",3279,"Dixon Mills",40.721630142638354,-74.04996782541275,3185,"City Hall",40.7177325,-74.043845,29258,"Subscriber",1988,1
289,"2018-12-05 17:15:58.3920","2018-12-05 17:20:47.6410",3279,"Dixon Mills",40.721630142638354,-74.04996782541275,3185,"City Hall",40.7177325,-74.043845,26296,"Subscriber",1984,2
382,"2018-12-05 17:53:17.8960","2018-12-05 17:59:40.4610",3279,"Dixon Mills",40.721630142638354,-74.04996782541275,3192,"Liberty Light Rail",40.7112423,-74.0557013,26206,"Subscriber",1985,1
150,"2018-12-05 21:32:43.4070","2018-12-05 21:35:14.0130",3279,"Dixon Mills",40.721630142638354,-74.04996782541275,3272,"Jersey & 3rd",40.72333158646436,-74.04595255851744,26191,"Subscriber",1986,1
414,"2018-12-05 23:04:47.2420","2018-12-05 23:11:41.9820",3279,"Dixon Mills",40.721630142638354,-74.04996782541275,3225,"Baldwin at Montgomery",40.7236589,-74.0641943,26276,"Subscriber",1976,0
128,"2018-12-06 06:05:29.0010","2018-12-06 06:07:37.2070",3279,"Dixon Mills",40.721630142638354,-74.04996782541275,3186,"Grove St PATH",40.71958611647166,-74.04311746358871,26316,"Subscriber",1982,1
115,"2018-12-06 06:07:17.1710","2018-12-06 06:09:13.0430",3279,"Dixon Mills",40.721630142638354,-74.04996782541275,3186,"Grove St PATH",40.71958611647166,-74.04311746358871,26170,"Subscriber",1981,2
169,"2018-12-06 06:27:25.2640","2018-12-06 06:30:14.9940",3279,"Dixon Mills",40.721630142638354,-74.04996782541275,3186,"Grove St PATH",40.71958611647166,-74.04311746358871,26304,"Subscriber",1982,1
159,"2018-12-06 06:31:14.2600","2018-12-06 06:33:53.3800",3279,"Dixon Mills",40.721630142638354,-74.04996782541275,3186,"Grove St PATH",40.71958611647166,-74.04311746358871,26284,"Subscriber",1987,2
203,"2018-12-06 06:31:53.4120","2018-12-06 06:35:16.4630",3279,"Dixon Mills",40.721630142638354,-74.04996782541275,3186,"Grove St PATH",40.71958611647166,-74.04311746358871,29530,"Subscriber",1986,1
146,"2018-12-06 07:12:44.2770","2018-12-06 07:15:11.0310",3279,"Dixon Mills",40.721630142638354,-74.04996782541275,3186,"Grove St PATH",40.71958611647166,-74.04311746358871,29642,"Subscriber",1986,1
198,"2018-12-06 07:22:06.6310","2018-12-06 07:25:25.0810",3279,"Dixon Mills",40.721630142638354,-74.04996782541275,3186,"Grove St PATH",40.71958611647166,-74.04311746358871,29455,"Subscriber",1977,2
381,"2018-12-06 07:22:12.6690","2018-12-06 07:28:34.6650",3279,"Dixon Mills",40.721630142638354,-74.04996782541275,3183,"Exchange Place",40.7162469,-74.0334588,29296,"Subscriber",1987,1
134,"2018-12-06 08:11:41.1430","2018-12-06 08:13:55.9360",3279,"Dixon Mills",40.721630142638354,-74.04996782541275,3186,"Grove St PATH",40.71958611647166,-74.04311746358871,29296,"Subscriber",1982,1
116,"2018-12-06 12:43:20.2250","2018-12-06 12:45:17.0520",3279,"Dixon Mills",40.721630142638354,-74.04996782541275,3186,"Grove St PATH",40.71958611647166,-74.04311746358871,29573,"Subscriber",1987,1
257,"2018-12-06 13:26:23.1280","2018-12-06 13:30:40.2300",3279,"Dixon Mills",40.721630142638354,-74.04996782541275,3186,"Grove St PATH",40.71958611647166,-74.04311746358871,26257,"Subscriber",1982,2
300,"2018-12-06 14:18:37.3190","2018-12-06 14:23:37.6490",3279,"Dixon Mills",40.721630142638354,-74.04996782541275,3186,"Grove St PATH",40.71958611647166,-74.04311746358871,29531,"Subscriber",1986,1
165,"2018-12-06 14:50:46.9010","2018-12-06 14:53:32.5050",3279,"Dixon Mills",40.721630142638354,-74.04996782541275,3186,"Grove St PATH",40.71958611647166,-74.04311746358871,26203,"Subscriber",1996,2
106,"2018-12-06 15:52:40.0870","2018-12-06 15:54:26.2710",3279,"Dixon Mills",40.721630142638354,-74.04996782541275,3211,"Newark Ave",40.72152515,-74.046304543,29540,"Subscriber",1982,1
223,"2018-12-06 15:58:16.0130","2018-12-06 16:01:59.9640",3279,"Dixon Mills",40.721630142638354,-74.04996782541275,3186,"Grove St PATH",40.71958611647166,-74.04311746358871,26225,"Subscriber",1982,1
188,"2018-12-06 17:16:48.0610","2018-12-06 17:19:56.5920",3279,"Dixon Mills",40.721630142638354,-74.04996782541275,3186,"Grove St PATH",40.71958611647166,-74.04311746358871,33781,"Subscriber",1982,1
191,"2018-12-06 19:27:34.9320","2018-12-06 19:30:46.0700",3279,"Dixon Mills",40.721630142638354,-74.04996782541275,3211,"Newark Ave",40.72152515,-74.046304543,29235,"Subscriber",1962,2
136,"2018-12-07 04:45:19.2360","2018-12-07 04:47:35.7120",3279,"Dixon Mills",40.721630142638354,-74.04996782541275,3186,"Grove St PATH",40.71958611647166,-74.04311746358871,29608,"Subscriber",1982,1
114,"2018-12-07 06:07:14.3200","2018-12-07 06:09:08.9630",3279,"Dixon Mills",40.721630142638354,-74.04996782541275,3186,"Grove St PATH",40.71958611647166,-74.04311746358871,29578,"Subscriber",1981,2
138,"2018-12-07 06:26:37.6290","2018-12-07 06:28:56.0730",3279,"Dixon Mills",40.721630142638354,-74.04996782541275,3186,"Grove St PATH",40.71958611647166,-74.04311746358871,29204,"Subscriber",1982,1
192,"2018-12-07 07:15:38.0460","2018-12-07 07:18:50.2360",3279,"Dixon Mills",40.721630142638354,-74.04996782541275,3186,"Grove St PATH",40.71958611647166,-74.04311746358871,29269,"Subscriber",1977,2
605,"2018-12-07 07:37:31.0360","2018-12-07 07:47:36.6710",3279,"Dixon Mills",40.721630142638354,-74.04996782541275,3202,"Newport PATH",40.7272235,-74.0337589,26220,"Subscriber",1986,1
194,"2018-12-07 07:59:03.9550","2018-12-07 08:02:18.8160",3279,"Dixon Mills",40.721630142638354,-74.04996782541275,3186,"Grove St PATH",40.71958611647166,-74.04311746358871,29484,"Subscriber",1986,1
168,"2018-12-07 08:02:34.9150","2018-12-07 08:05:23.2310",3279,"Dixon Mills",40.721630142638354,-74.04996782541275,3186,"Grove St PATH",40.71958611647166,-74.04311746358871,26243,"Subscriber",1993,1
167,"2018-12-07 08:05:53.0830","2018-12-07 08:08:41.0500",3279,"Dixon Mills",40.721630142638354,-74.04996782541275,3186,"Grove St PATH",40.71958611647166,-74.04311746358871,29588,"Subscriber",1975,1
115,"2018-12-07 08:07:18.8470","2018-12-07 08:09:14.2720",3279,"Dixon Mills",40.721630142638354,-74.04996782541275,3186,"Grove St PATH",40.71958611647166,-74.04311746358871,29613,"Subscriber",1982,1
161,"2018-12-07 08:09:17.7460","2018-12-07 08:11:59.4750",3279,"Dixon Mills",40.721630142638354,-74.04996782541275,3186,"Grove St PATH",40.71958611647166,-74.04311746358871,26274,"Subscriber",1984,1
168,"2018-12-07 08:15:42.1750","2018-12-07 08:18:30.4960",3279,"Dixon Mills",40.721630142638354,-74.04996782541275,3186,"Grove St PATH",40.71958611647166,-74.04311746358871,29445,"Subscriber",1981,1
313,"2018-12-07 11:55:43.1980","2018-12-07 12:00:56.5180",3279,"Dixon Mills",40.721630142638354,-74.04996782541275,3275,"Columbus Drive",40.71835519823214,-74.03891444206238,29578,"Subscriber",1990,1
135,"2018-12-07 13:37:50.6400","2018-12-07 13:40:06.3230",3279,"Dixon Mills",40.721630142638354,-74.04996782541275,3186,"Grove St PATH",40.71958611647166,-74.04311746358871,26241,"Subscriber",1996,2
115,"2018-12-07 15:50:46.7640","2018-12-07 15:52:42.4780",3279,"Dixon Mills",40.721630142638354,-74.04996782541275,3211,"Newark Ave",40.72152515,-74.046304543,29487,"Subscriber",1982,1
227,"2018-12-07 16:39:49.9280","2018-12-07 16:43:37.4080",3279,"Dixon Mills",40.721630142638354,-74.04996782541275,3273,"Manila & 1st",40.721650724879986,-74.04288411140442,29220,"Subscriber",1977,2
335,"2018-12-07 18:56:25.3160","2018-12-07 19:02:00.7690",3279,"Dixon Mills",40.721630142638354,-74.04996782541275,3279,"Dixon Mills",40.721630142638354,-74.04996782541275,29124,"Subscriber",1982,1
164,"2018-12-07 19:12:33.5860","2018-12-07 19:15:17.9130",3279,"Dixon Mills",40.721630142638354,-74.04996782541275,3186,"Grove St PATH",40.71958611647166,-74.04311746358871,26281,"Subscriber",1993,1
181,"2018-12-07 19:59:19.8530","2018-12-07 20:02:20.8800",3279,"Dixon Mills",40.721630142638354,-74.04996782541275,3186,"Grove St PATH",40.71958611647166,-74.04311746358871,29124,"Subscriber",1991,1
191,"2018-12-07 20:31:00.4550","2018-12-07 20:34:11.8650",3279,"Dixon Mills",40.721630142638354,-74.04996782541275,3273,"Manila & 1st",40.721650724879986,-74.04288411140442,29124,"Subscriber",1982,1
182,"2018-12-08 09:20:55.5250","2018-12-08 09:23:58.3740",3279,"Dixon Mills",40.721630142638354,-74.04996782541275,3186,"Grove St PATH",40.71958611647166,-74.04311746358871,29681,"Subscriber",1977,2
145,"2018-12-08 09:55:31.6230","2018-12-08 09:57:57.0680",3279,"Dixon Mills",40.721630142638354,-74.04996782541275,3213,"Van Vorst Park",40.71848892,-74.047726625,29120,"Subscriber",1985,1
168,"2018-12-08 10:01:44.2240","2018-12-08 10:04:33.1110",3279,"Dixon Mills",40.721630142638354,-74.04996782541275,3186,"Grove St PATH",40.71958611647166,-74.04311746358871,29588,"Subscriber",1975,1
629,"2018-12-08 10:23:31.5590","2018-12-08 10:34:00.9300",3279,"Dixon Mills",40.721630142638354,-74.04996782541275,3186,"Grove St PATH",40.71958611647166,-74.04311746358871,26191,"Subscriber",1996,2
221,"2018-12-08 11:23:02.5010","2018-12-08 11:26:44.4010",3279,"Dixon Mills",40.721630142638354,-74.04996782541275,3186,"Grove St PATH",40.71958611647166,-74.04311746358871,26286,"Subscriber",1991,2
481,"2018-12-08 11:42:19.1110","2018-12-08 11:50:20.4960",3279,"Dixon Mills",40.721630142638354,-74.04996782541275,3638,"Washington St",40.7242941,-74.0354826,29487,"Subscriber",1988,2
410,"2018-12-08 12:38:01.5510","2018-12-08 12:44:52.1820",3279,"Dixon Mills",40.721630142638354,-74.04996782541275,3183,"Exchange Place",40.7162469,-74.0334588,29440,"Subscriber",1949,1
180,"2018-12-08 12:47:28.5400","2018-12-08 12:50:29.3990",3279,"Dixon Mills",40.721630142638354,-74.04996782541275,3186,"Grove St PATH",40.71958611647166,-74.04311746358871,26190,"Subscriber",1991,1
377,"2018-12-08 17:47:08.9170","2018-12-08 17:53:26.3910",3279,"Dixon Mills",40.721630142638354,-74.04996782541275,3276,"Marin Light Rail",40.71458403535893,-74.04281705617905,29581,"Subscriber",1981,2
724,"2018-12-08 19:21:04.1710","2018-12-08 19:33:08.1990",3279,"Dixon Mills",40.721630142638354,-74.04996782541275,3279,"Dixon Mills",40.721630142638354,-74.04996782541275,29276,"Subscriber",1982,1
140,"2018-12-09 08:26:17.9940","2018-12-09 08:28:38.2800",3279,"Dixon Mills",40.721630142638354,-74.04996782541275,3186,"Grove St PATH",40.71958611647166,-74.04311746358871,29276,"Subscriber",1975,1
911,"2018-12-09 08:28:26.1890","2018-12-09 08:43:38.1070",3279,"Dixon Mills",40.721630142638354,-74.04996782541275,3199,"Newport Pkwy",40.7287448,-74.0321082,26281,"Subscriber",1988,1
149,"2018-12-09 08:49:38.5720","2018-12-09 08:52:08.3780",3279,"Dixon Mills",40.721630142638354,-74.04996782541275,3186,"Grove St PATH",40.71958611647166,-74.04311746358871,29681,"Subscriber",1986,1
760,"2018-12-09 11:58:11.0880","2018-12-09 12:10:51.6020",3279,"Dixon Mills",40.721630142638354,-74.04996782541275,3279,"Dixon Mills",40.721630142638354,-74.04996782541275,26204,"Subscriber",1960,1
400,"2018-12-09 12:10:39.0890","2018-12-09 12:17:19.4400",3279,"Dixon Mills",40.721630142638354,-74.04996782541275,3183,"Exchange Place",40.7162469,-74.0334588,29124,"Subscriber",1949,1
161,"2018-12-09 13:46:58.6040","2018-12-09 13:49:40.1240",3279,"Dixon Mills",40.721630142638354,-74.04996782541275,3186,"Grove St PATH",40.71958611647166,-74.04311746358871,26242,"Subscriber",1970,1
173,"2018-12-09 16:18:19.9270","2018-12-09 16:21:13.2520",3279,"Dixon Mills",40.721630142638354,-74.04996782541275,3186,"Grove St PATH",40.71958611647166,-74.04311746358871,29276,"Subscriber",1975,1
99,"2018-12-09 17:27:33.5490","2018-12-09 17:29:13.3500",3279,"Dixon Mills",40.721630142638354,-74.04996782541275,3211,"Newark Ave",40.72152515,-74.046304543,29453,"Subscriber",1981,1
299,"2018-12-09 17:58:15.0000","2018-12-09 18:03:14.9400",3279,"Dixon Mills",40.721630142638354,-74.04996782541275,3483,"Montgomery St",40.71942,-74.05099,26204,"Subscriber",1991,1
1146,"2018-12-09 18:07:27.6430","2018-12-09 18:26:34.4970",3279,"Dixon Mills",40.721630142638354,-74.04996782541275,3210,"Pershing Field",40.742677141,-74.051788633,26251,"Subscriber",1995,1
125,"2018-12-10 05:48:52.2510","2018-12-10 05:50:57.7960",3279,"Dixon Mills",40.721630142638354,-74.04996782541275,3186,"Grove St PATH",40.71958611647166,-74.04311746358871,26164,"Subscriber",1982,1
167,"2018-12-10 06:16:28.3870","2018-12-10 06:19:16.0670",3279,"Dixon Mills",40.721630142638354,-74.04996782541275,3186,"Grove St PATH",40.71958611647166,-74.04311746358871,29467,"Subscriber",1982,1
177,"2018-12-10 07:06:48.7630","2018-12-10 07:09:45.7970",3279,"Dixon Mills",40.721630142638354,-74.04996782541275,3186,"Grove St PATH",40.71958611647166,-74.04311746358871,29593,"Subscriber",1977,2
186,"2018-12-10 07:17:39.7550","2018-12-10 07:20:46.0760",3279,"Dixon Mills",40.721630142638354,-74.04996782541275,3186,"Grove St PATH",40.71958611647166,-74.04311746358871,29444,"Subscriber",1986,1
173,"2018-12-10 07:26:10.0070","2018-12-10 07:29:03.2470",3279,"Dixon Mills",40.721630142638354,-74.04996782541275,3186,"Grove St PATH",40.71958611647166,-74.04311746358871,29244,"Subscriber",1986,1
138,"2018-12-10 07:50:34.8680","2018-12-10 07:52:53.6010",3279,"Dixon Mills",40.721630142638354,-74.04996782541275,3186,"Grove St PATH",40.71958611647166,-74.04311746358871,26204,"Subscriber",1970,1
152,"2018-12-10 08:39:40.2860","2018-12-10 08:42:12.6100",3279,"Dixon Mills",40.721630142638354,-74.04996782541275,3186,"Grove St PATH",40.71958611647166,-74.04311746358871,29271,"Subscriber",1982,2
189,"2018-12-10 08:57:48.9730","2018-12-10 09:00:58.8460",3279,"Dixon Mills",40.721630142638354,-74.04996782541275,3186,"Grove St PATH",40.71958611647166,-74.04311746358871,26205,"Subscriber",1991,1
231,"2018-12-10 09:06:28.9380","2018-12-10 09:10:20.6280",3279,"Dixon Mills",40.721630142638354,-74.04996782541275,3186,"Grove St PATH",40.71958611647166,-74.04311746358871,29676,"Subscriber",1975,1
185,"2018-12-10 09:15:52.8750","2018-12-10 09:18:58.4000",3279,"Dixon Mills",40.721630142638354,-74.04996782541275,3186,"Grove St PATH",40.71958611647166,-74.04311746358871,29681,"Subscriber",1989,1
131,"2018-12-10 09:25:39.0760","2018-12-10 09:27:50.9230",3279,"Dixon Mills",40.721630142638354,-74.04996782541275,3186,"Grove St PATH",40.71958611647166,-74.04311746358871,29484,"Subscriber",1977,1
415,"2018-12-10 09:26:05.7580","2018-12-10 09:33:01.6220",3279,"Dixon Mills",40.721630142638354,-74.04996782541275,3183,"Exchange Place",40.7162469,-74.0334588,29593,"Subscriber",1949,1
220,"2018-12-10 10:10:07.9440","2018-12-10 10:13:48.8710",3279,"Dixon Mills",40.721630142638354,-74.04996782541275,3186,"Grove St PATH",40.71958611647166,-74.04311746358871,29677,"Subscriber",1986,1
370,"2018-12-10 14:07:20.1810","2018-12-10 14:13:30.9160",3279,"Dixon Mills",40.721630142638354,-74.04996782541275,3185,"City Hall",40.7177325,-74.043845,29547,"Subscriber",1964,2
197,"2018-12-10 17:52:10.4000","2018-12-10 17:55:27.4200",3279,"Dixon Mills",40.721630142638354,-74.04996782541275,3186,"Grove St PATH",40.71958611647166,-74.04311746358871,29267,"Subscriber",1996,2
143,"2018-12-10 18:35:20.5220","2018-12-10 18:37:44.3750",3279,"Dixon Mills",40.721630142638354,-74.04996782541275,3273,"Manila & 1st",40.721650724879986,-74.04288411140442,29286,"Subscriber",1987,1
165,"2018-12-10 18:51:30.5660","2018-12-10 18:54:16.0420",3279,"Dixon Mills",40.721630142638354,-74.04996782541275,3211,"Newark Ave",40.72152515,-74.046304543,26283,"Subscriber",1962,2
119,"2018-12-10 19:49:20.4140","2018-12-10 19:51:20.2610",3279,"Dixon Mills",40.721630142638354,-74.04996782541275,3211,"Newark Ave",40.72152515,-74.046304543,29614,"Subscriber",1970,1
635,"2018-12-10 21:45:59.6070","2018-12-10 21:56:34.7980",3279,"Dixon Mills",40.721630142638354,-74.04996782541275,3207,"Oakland Ave",40.7376037,-74.0524783,29204,"Subscriber",1988,1
125,"2018-12-11 05:52:56.1510","2018-12-11 05:55:02.0450",3279,"Dixon Mills",40.721630142638354,-74.04996782541275,3186,"Grove St PATH",40.71958611647166,-74.04311746358871,26242,"Subscriber",1981,2
145,"2018-12-11 06:08:06.7890","2018-12-11 06:10:32.0290",3279,"Dixon Mills",40.721630142638354,-74.04996782541275,3186,"Grove St PATH",40.71958611647166,-74.04311746358871,26187,"Subscriber",1982,1
177,"2018-12-11 07:06:03.2810","2018-12-11 07:09:00.7780",3279,"Dixon Mills",40.721630142638354,-74.04996782541275,3186,"Grove St PATH",40.71958611647166,-74.04311746358871,26174,"Subscriber",1986,1
199,"2018-12-11 07:08:50.4980","2018-12-11 07:12:10.0500",3279,"Dixon Mills",40.721630142638354,-74.04996782541275,3186,"Grove St PATH",40.71958611647166,-74.04311746358871,26206,"Subscriber",1977,2
178,"2018-12-11 07:34:57.8990","2018-12-11 07:37:56.6050",3279,"Dixon Mills",40.721630142638354,-74.04996782541275,3186,"Grove St PATH",40.71958611647166,-74.04311746358871,29614,"Subscriber",1975,1
140,"2018-12-11 07:42:23.0510","2018-12-11 07:44:43.9770",3279,"Dixon Mills",40.721630142638354,-74.04996782541275,3186,"Grove St PATH",40.71958611647166,-74.04311746358871,29548,"Subscriber",1970,1
191,"2018-12-11 07:55:03.7540","2018-12-11 07:58:15.6770",3279,"Dixon Mills",40.721630142638354,-74.04996782541275,3186,"Grove St PATH",40.71958611647166,-74.04311746358871,29125,"Subscriber",1989,1
185,"2018-12-11 08:09:10.9810","2018-12-11 08:12:16.8070",3279,"Dixon Mills",40.721630142638354,-74.04996782541275,3186,"Grove St PATH",40.71958611647166,-74.04311746358871,29482,"Subscriber",1993,1
184,"2018-12-11 08:11:38.2340","2018-12-11 08:14:43.1840",3279,"Dixon Mills",40.721630142638354,-74.04996782541275,3186,"Grove St PATH",40.71958611647166,-74.04311746358871,29458,"Subscriber",1982,1
253,"2018-12-11 08:19:41.9240","2018-12-11 08:23:55.8460",3279,"Dixon Mills",40.721630142638354,-74.04996782541275,3186,"Grove St PATH",40.71958611647166,-74.04311746358871,26260,"Subscriber",1989,1
152,"2018-12-11 08:39:34.3710","2018-12-11 08:42:07.1230",3279,"Dixon Mills",40.721630142638354,-74.04996782541275,3186,"Grove St PATH",40.71958611647166,-74.04311746358871,29636,"Subscriber",1982,2
208,"2018-12-11 08:40:34.4580","2018-12-11 08:44:03.3050",3279,"Dixon Mills",40.721630142638354,-74.04996782541275,3186,"Grove St PATH",40.71958611647166,-74.04311746358871,26309,"Subscriber",1988,2
168,"2018-12-11 08:54:24.1390","2018-12-11 08:57:12.9120",3279,"Dixon Mills",40.721630142638354,-74.04996782541275,3186,"Grove St PATH",40.71958611647166,-74.04311746358871,26283,"Subscriber",1991,1
677,"2018-12-11 08:55:59.8850","2018-12-11 09:07:16.9340",3279,"Dixon Mills",40.721630142638354,-74.04996782541275,3183,"Exchange Place",40.7162469,-74.0334588,29612,"Subscriber",1965,1
184,"2018-12-11 10:52:16.2130","2018-12-11 10:55:20.5030",3279,"Dixon Mills",40.721630142638354,-74.04996782541275,3186,"Grove St PATH",40.71958611647166,-74.04311746358871,29605,"Subscriber",1986,1
278,"2018-12-11 11:14:09.0640","2018-12-11 11:18:48.0050",3279,"Dixon Mills",40.721630142638354,-74.04996782541275,3186,"Grove St PATH",40.71958611647166,-74.04311746358871,29604,"Subscriber",1981,2
239,"2018-12-11 12:01:59.3250","2018-12-11 12:05:58.6430",3279,"Dixon Mills",40.721630142638354,-74.04996782541275,3185,"City Hall",40.7177325,-74.043845,29236,"Subscriber",1988,1
145,"2018-12-11 16:27:57.3870","2018-12-11 16:30:22.8100",3279,"Dixon Mills",40.721630142638354,-74.04996782541275,3186,"Grove St PATH",40.71958611647166,-74.04311746358871,26203,"Subscriber",1996,2
182,"2018-12-11 18:37:49.5080","2018-12-11 18:40:51.8300",3279,"Dixon Mills",40.721630142638354,-74.04996782541275,3186,"Grove St PATH",40.71958611647166,-74.04311746358871,29207,"Subscriber",1991,1
279,"2018-12-11 22:34:01.3980","2018-12-11 22:38:41.1360",3279,"Dixon Mills",40.721630142638354,-74.04996782541275,3185,"City Hall",40.7177325,-74.043845,29581,"Subscriber",1986,1
125,"2018-12-12 04:45:26.8930","2018-12-12 04:47:32.4200",3279,"Dixon Mills",40.721630142638354,-74.04996782541275,3186,"Grove St PATH",40.71958611647166,-74.04311746358871,26257,"Subscriber",1982,1
97,"2018-12-12 05:55:48.4230","2018-12-12 05:57:26.1450",3279,"Dixon Mills",40.721630142638354,-74.04996782541275,3186,"Grove St PATH",40.71958611647166,-74.04311746358871,29588,"Subscriber",1981,2
147,"2018-12-12 07:20:18.9090","2018-12-12 07:22:46.1170",3279,"Dixon Mills",40.721630142638354,-74.04996782541275,3186,"Grove St PATH",40.71958611647166,-74.04311746358871,29444,"Subscriber",1977,2
162,"2018-12-12 07:45:02.5590","2018-12-12 07:47:45.5410",3279,"Dixon Mills",40.721630142638354,-74.04996782541275,3186,"Grove St PATH",40.71958611647166,-74.04311746358871,29291,"Subscriber",1970,1
159,"2018-12-12 08:04:16.5870","2018-12-12 08:06:56.4570",3279,"Dixon Mills",40.721630142638354,-74.04996782541275,3186,"Grove St PATH",40.71958611647166,-74.04311746358871,29268,"Subscriber",1975,1
169,"2018-12-12 08:08:27.6910","2018-12-12 08:11:16.9680",3279,"Dixon Mills",40.721630142638354,-74.04996782541275,3186,"Grove St PATH",40.71958611647166,-74.04311746358871,26208,"Subscriber",1976,1
144,"2018-12-12 08:10:25.1960","2018-12-12 08:12:49.6800",3279,"Dixon Mills",40.721630142638354,-74.04996782541275,3186,"Grove St PATH",40.71958611647166,-74.04311746358871,29596,"Subscriber",1982,1
183,"2018-12-12 08:10:35.3540","2018-12-12 08:13:39.2870",3279,"Dixon Mills",40.721630142638354,-74.04996782541275,3186,"Grove St PATH",40.71958611647166,-74.04311746358871,29554,"Subscriber",1993,1
153,"2018-12-12 08:41:46.8920","2018-12-12 08:44:19.9530",3279,"Dixon Mills",40.721630142638354,-74.04996782541275,3186,"Grove St PATH",40.71958611647166,-74.04311746358871,26292,"Subscriber",1982,2
172,"2018-12-12 08:50:51.7880","2018-12-12 08:53:43.8390",3279,"Dixon Mills",40.721630142638354,-74.04996782541275,3186,"Grove St PATH",40.71958611647166,-74.04311746358871,29212,"Subscriber",1991,1
158,"2018-12-12 09:24:08.1500","2018-12-12 09:26:46.9310",3279,"Dixon Mills",40.721630142638354,-74.04996782541275,3186,"Grove St PATH",40.71958611647166,-74.04311746358871,29257,"Subscriber",1977,1
491,"2018-12-12 09:34:19.5300","2018-12-12 09:42:31.2570",3279,"Dixon Mills",40.721630142638354,-74.04996782541275,3183,"Exchange Place",40.7162469,-74.0334588,29489,"Subscriber",1949,1
246,"2018-12-12 09:36:23.1050","2018-12-12 09:40:29.1230",3279,"Dixon Mills",40.721630142638354,-74.04996782541275,3186,"Grove St PATH",40.71958611647166,-74.04311746358871,29548,"Subscriber",1973,1
375,"2018-12-12 10:40:13.0400","2018-12-12 10:46:28.6250",3279,"Dixon Mills",40.721630142638354,-74.04996782541275,3187,"Warren St",40.7211236,-74.03805095,29666,"Subscriber",1989,2
158,"2018-12-12 13:55:11.4300","2018-12-12 13:57:49.4830",3279,"Dixon Mills",40.721630142638354,-74.04996782541275,3186,"Grove St PATH",40.71958611647166,-74.04311746358871,29490,"Subscriber",1981,1
216,"2018-12-12 14:17:01.8660","2018-12-12 14:20:38.6800",3279,"Dixon Mills",40.721630142638354,-74.04996782541275,3187,"Warren St",40.7211236,-74.03805095,26234,"Subscriber",1982,1
201,"2018-12-12 14:35:18.2900","2018-12-12 14:38:39.6580",3279,"Dixon Mills",40.721630142638354,-74.04996782541275,3186,"Grove St PATH",40.71958611647166,-74.04311746358871,29241,"Subscriber",1996,2
127,"2018-12-13 06:05:32.6800","2018-12-13 06:07:40.2930",3279,"Dixon Mills",40.721630142638354,-74.04996782541275,3186,"Grove St PATH",40.71958611647166,-74.04311746358871,29676,"Subscriber",1982,1
149,"2018-12-13 06:16:49.6220","2018-12-13 06:19:19.0580",3279,"Dixon Mills",40.721630142638354,-74.04996782541275,3186,"Grove St PATH",40.71958611647166,-74.04311746358871,26196,"Subscriber",1982,1
113,"2018-12-13 06:23:47.6240","2018-12-13 06:25:41.0620",3279,"Dixon Mills",40.721630142638354,-74.04996782541275,3186,"Grove St PATH",40.71958611647166,-74.04311746358871,29300,"Subscriber",1981,2
188,"2018-12-13 06:37:13.6670","2018-12-13 06:40:22.3940",3279,"Dixon Mills",40.721630142638354,-74.04996782541275,3186,"Grove St PATH",40.71958611647166,-74.04311746358871,33744,"Subscriber",1975,1
153,"2018-12-13 06:53:22.7570","2018-12-13 06:55:56.1480",3279,"Dixon Mills",40.721630142638354,-74.04996782541275,3186,"Grove St PATH",40.71958611647166,-74.04311746358871,29673,"Subscriber",1976,1
195,"2018-12-13 07:08:59.8040","2018-12-13 07:12:15.0570",3279,"Dixon Mills",40.721630142638354,-74.04996782541275,3186,"Grove St PATH",40.71958611647166,-74.04311746358871,29589,"Subscriber",1977,2
152,"2018-12-13 07:23:32.4560","2018-12-13 07:26:04.6930",3279,"Dixon Mills",40.721630142638354,-74.04996782541275,3186,"Grove St PATH",40.71958611647166,-74.04311746358871,29677,"Subscriber",1970,1
173,"2018-12-13 07:44:21.5990","2018-12-13 07:47:15.0060",3279,"Dixon Mills",40.721630142638354,-74.04996782541275,3186,"Grove St PATH",40.71958611647166,-74.04311746358871,29665,"Subscriber",1989,1
126,"2018-12-13 07:45:11.4810","2018-12-13 07:47:17.7000",3279,"Dixon Mills",40.721630142638354,-74.04996782541275,3186,"Grove St PATH",40.71958611647166,-74.04311746358871,29657,"Subscriber",1982,1
185,"2018-12-13 08:07:20.7670","2018-12-13 08:10:26.1190",3279,"Dixon Mills",40.721630142638354,-74.04996782541275,3186,"Grove St PATH",40.71958611647166,-74.04311746358871,29224,"Subscriber",1993,1
156,"2018-12-13 08:08:33.8680","2018-12-13 08:11:10.6490",3279,"Dixon Mills",40.721630142638354,-74.04996782541275,3186,"Grove St PATH",40.71958611647166,-74.04311746358871,26173,"Subscriber",1982,1
215,"2018-12-13 08:45:10.0600","2018-12-13 08:48:45.4160",3279,"Dixon Mills",40.721630142638354,-74.04996782541275,3186,"Grove St PATH",40.71958611647166,-74.04311746358871,29272,"Subscriber",1982,2
209,"2018-12-13 08:47:01.9460","2018-12-13 08:50:31.5500",3279,"Dixon Mills",40.721630142638354,-74.04996782541275,3186,"Grove St PATH",40.71958611647166,-74.04311746358871,29123,"Subscriber",1991,1
520,"2018-12-13 09:22:51.9770","2018-12-13 09:31:32.1290",3279,"Dixon Mills",40.721630142638354,-74.04996782541275,3183,"Exchange Place",40.7162469,-74.0334588,29680,"Subscriber",1949,1
303,"2018-12-13 14:52:46.6020","2018-12-13 14:57:50.3070",3279,"Dixon Mills",40.721630142638354,-74.04996782541275,3185,"City Hall",40.7177325,-74.043845,29544,"Subscriber",1988,1
300,"2018-12-13 15:32:53.3420","2018-12-13 15:37:53.6160",3279,"Dixon Mills",40.721630142638354,-74.04996782541275,3275,"Columbus Drive",40.71835519823214,-74.03891444206238,26260,"Subscriber",1989,2
981,"2018-12-14 02:40:47.0430","2018-12-14 02:57:08.3510",3279,"Dixon Mills",40.721630142638354,-74.04996782541275,3677,"Glenwood Ave",40.72755146730012,-74.07106071710587,29500,"Subscriber",1971,1
132,"2018-12-14 05:20:31.7600","2018-12-14 05:22:44.5510",3279,"Dixon Mills",40.721630142638354,-74.04996782541275,3186,"Grove St PATH",40.71958611647166,-74.04311746358871,26173,"Subscriber",1982,1
115,"2018-12-14 05:54:05.6720","2018-12-14 05:56:01.4110",3279,"Dixon Mills",40.721630142638354,-74.04996782541275,3186,"Grove St PATH",40.71958611647166,-74.04311746358871,29534,"Subscriber",1981,2
167,"2018-12-14 06:17:00.9530","2018-12-14 06:19:47.9720",3279,"Dixon Mills",40.721630142638354,-74.04996782541275,3186,"Grove St PATH",40.71958611647166,-74.04311746358871,26257,"Subscriber",1982,1
162,"2018-12-14 06:45:03.8680","2018-12-14 06:47:46.4060",3279,"Dixon Mills",40.721630142638354,-74.04996782541275,3186,"Grove St PATH",40.71958611647166,-74.04311746358871,29674,"Subscriber",1970,1
216,"2018-12-14 07:11:56.1840","2018-12-14 07:15:33.1210",3279,"Dixon Mills",40.721630142638354,-74.04996782541275,3186,"Grove St PATH",40.71958611647166,-74.04311746358871,29573,"Subscriber",1977,2
261,"2018-12-14 07:58:25.3850","2018-12-14 08:02:46.8660",3279,"Dixon Mills",40.721630142638354,-74.04996782541275,3186,"Grove St PATH",40.71958611647166,-74.04311746358871,26206,"Subscriber",1986,1
172,"2018-12-14 08:06:00.5280","2018-12-14 08:08:52.9460",3279,"Dixon Mills",40.721630142638354,-74.04996782541275,3186,"Grove St PATH",40.71958611647166,-74.04311746358871,26172,"Subscriber",1982,1
191,"2018-12-14 08:07:30.1110","2018-12-14 08:10:41.9440",3279,"Dixon Mills",40.721630142638354,-74.04996782541275,3186,"Grove St PATH",40.71958611647166,-74.04311746358871,29519,"Subscriber",1993,1
274,"2018-12-14 08:24:10.1560","2018-12-14 08:28:44.2870",3279,"Dixon Mills",40.721630142638354,-74.04996782541275,3275,"Columbus Drive",40.71835519823214,-74.03891444206238,29582,"Subscriber",1986,1
245,"2018-12-14 08:31:47.0300","2018-12-14 08:35:52.2380",3279,"Dixon Mills",40.721630142638354,-74.04996782541275,3186,"Grove St PATH",40.71958611647166,-74.04311746358871,26248,"Subscriber",1988,2
277,"2018-12-14 08:52:49.3930","2018-12-14 08:57:26.4180",3279,"Dixon Mills",40.721630142638354,-74.04996782541275,3186,"Grove St PATH",40.71958611647166,-74.04311746358871,29224,"Subscriber",1991,1
429,"2018-12-14 11:05:37.6820","2018-12-14 11:12:47.1600",3279,"Dixon Mills",40.721630142638354,-74.04996782541275,3183,"Exchange Place",40.7162469,-74.0334588,26219,"Subscriber",1949,1
231,"2018-12-14 11:50:13.5530","2018-12-14 11:54:05.5350",3279,"Dixon Mills",40.721630142638354,-74.04996782541275,3186,"Grove St PATH",40.71958611647166,-74.04311746358871,29278,"Subscriber",1969,0
652,"2018-12-14 12:33:26.7200","2018-12-14 12:44:19.6690",3279,"Dixon Mills",40.721630142638354,-74.04996782541275,3199,"Newport Pkwy",40.7287448,-74.0321082,26245,"Subscriber",1988,1
873,"2018-12-14 12:43:35.6340","2018-12-14 12:58:08.8660",3279,"Dixon Mills",40.721630142638354,-74.04996782541275,3279,"Dixon Mills",40.721630142638354,-74.04996782541275,29677,"Subscriber",1962,2
237,"2018-12-14 12:56:18.1320","2018-12-14 13:00:15.8830",3279,"Dixon Mills",40.721630142638354,-74.04996782541275,3211,"Newark Ave",40.72152515,-74.046304543,29245,"Subscriber",1960,1
330,"2018-12-14 13:09:39.2360","2018-12-14 13:15:09.7750",3279,"Dixon Mills",40.721630142638354,-74.04996782541275,3275,"Columbus Drive",40.71835519823214,-74.03891444206238,29677,"Subscriber",1966,1
187,"2018-12-14 15:05:59.0320","2018-12-14 15:09:06.1020",3279,"Dixon Mills",40.721630142638354,-74.04996782541275,3186,"Grove St PATH",40.71958611647166,-74.04311746358871,29626,"Subscriber",1962,2
91,"2018-12-14 15:42:56.9560","2018-12-14 15:44:28.9090",3279,"Dixon Mills",40.721630142638354,-74.04996782541275,3211,"Newark Ave",40.72152515,-74.046304543,26275,"Subscriber",1982,1
330,"2018-12-14 16:08:55.8310","2018-12-14 16:14:26.0420",3279,"Dixon Mills",40.721630142638354,-74.04996782541275,3481,"York St",40.71649,-74.04105,29626,"Subscriber",1988,1
233,"2018-12-14 20:56:38.0650","2018-12-14 21:00:31.4080",3279,"Dixon Mills",40.721630142638354,-74.04996782541275,3279,"Dixon Mills",40.721630142638354,-74.04996782541275,29497,"Subscriber",1982,1
168,"2018-12-15 08:26:58.3100","2018-12-15 08:29:47.0700",3279,"Dixon Mills",40.721630142638354,-74.04996782541275,3186,"Grove St PATH",40.71958611647166,-74.04311746358871,26269,"Subscriber",1990,2
180,"2018-12-15 12:54:15.6430","2018-12-15 12:57:16.0030",3279,"Dixon Mills",40.721630142638354,-74.04996782541275,3186,"Grove St PATH",40.71958611647166,-74.04311746358871,29497,"Subscriber",1986,1
604,"2018-12-15 12:58:21.8260","2018-12-15 13:08:25.9640",3279,"Dixon Mills",40.721630142638354,-74.04996782541275,3267,"Morris Canal",40.7124188237569,-74.03852552175522,29244,"Subscriber",1985,1
297,"2018-12-15 13:30:39.3290","2018-12-15 13:35:37.2510",3279,"Dixon Mills",40.721630142638354,-74.04996782541275,3186,"Grove St PATH",40.71958611647166,-74.04311746358871,29658,"Subscriber",1969,0
410,"2018-12-15 13:52:27.2460","2018-12-15 13:59:17.9860",3279,"Dixon Mills",40.721630142638354,-74.04996782541275,3638,"Washington St",40.7242941,-74.0354826,29212,"Subscriber",1988,2
166,"2018-12-15 13:55:20.8320","2018-12-15 13:58:07.1610",3279,"Dixon Mills",40.721630142638354,-74.04996782541275,3186,"Grove St PATH",40.71958611647166,-74.04311746358871,29681,"Subscriber",1982,1
162,"2018-12-15 14:09:31.7580","2018-12-15 14:12:14.2780",3279,"Dixon Mills",40.721630142638354,-74.04996782541275,3186,"Grove St PATH",40.71958611647166,-74.04311746358871,26164,"Subscriber",1988,1
436,"2018-12-15 14:28:47.7440","2018-12-15 14:36:04.5640",3279,"Dixon Mills",40.721630142638354,-74.04996782541275,3275,"Columbus Drive",40.71835519823214,-74.03891444206238,29523,"Subscriber",1982,1
182,"2018-12-15 19:43:58.8320","2018-12-15 19:47:01.2390",3279,"Dixon Mills",40.721630142638354,-74.04996782541275,3186,"Grove St PATH",40.71958611647166,-74.04311746358871,29212,"Subscriber",1973,1
163,"2018-12-15 19:44:14.7890","2018-12-15 19:46:58.3640",3279,"Dixon Mills",40.721630142638354,-74.04996782541275,3186,"Grove St PATH",40.71958611647166,-74.04311746358871,29126,"Subscriber",1980,1
167,"2018-12-15 22:16:03.0620","2018-12-15 22:18:50.7400",3279,"Dixon Mills",40.721630142638354,-74.04996782541275,3186,"Grove St PATH",40.71958611647166,-74.04311746358871,29612,"Subscriber",1996,2
184,"2018-12-16 08:51:32.4210","2018-12-16 08:54:36.7350",3279,"Dixon Mills",40.721630142638354,-74.04996782541275,3186,"Grove St PATH",40.71958611647166,-74.04311746358871,29678,"Subscriber",1969,0
129,"2018-12-16 11:38:37.3960","2018-12-16 11:40:47.0570",3279,"Dixon Mills",40.721630142638354,-74.04996782541275,3186,"Grove St PATH",40.71958611647166,-74.04311746358871,29204,"Subscriber",1996,2
181,"2018-12-16 11:50:45.0920","2018-12-16 11:53:46.7610",3279,"Dixon Mills",40.721630142638354,-74.04996782541275,3186,"Grove St PATH",40.71958611647166,-74.04311746358871,26164,"Subscriber",1993,1
113,"2018-12-17 05:37:05.4300","2018-12-17 05:38:58.4320",3279,"Dixon Mills",40.721630142638354,-74.04996782541275,3186,"Grove St PATH",40.71958611647166,-74.04311746358871,29542,"Subscriber",1982,1
111,"2018-12-17 05:58:52.3130","2018-12-17 06:00:44.0180",3279,"Dixon Mills",40.721630142638354,-74.04996782541275,3186,"Grove St PATH",40.71958611647166,-74.04311746358871,29506,"Subscriber",1981,2
152,"2018-12-17 06:31:03.6450","2018-12-17 06:33:35.7880",3279,"Dixon Mills",40.721630142638354,-74.04996782541275,3186,"Grove St PATH",40.71958611647166,-74.04311746358871,29601,"Subscriber",1987,2
220,"2018-12-17 07:11:55.3850","2018-12-17 07:15:35.7720",3279,"Dixon Mills",40.721630142638354,-74.04996782541275,3186,"Grove St PATH",40.71958611647166,-74.04311746358871,29458,"Subscriber",1977,2
659,"2018-12-17 07:41:09.1810","2018-12-17 07:52:09.0500",3279,"Dixon Mills",40.721630142638354,-74.04996782541275,3279,"Dixon Mills",40.721630142638354,-74.04996782541275,26268,"Subscriber",1949,1
232,"2018-12-17 07:46:35.2500","2018-12-17 07:50:27.7660",3279,"Dixon Mills",40.721630142638354,-74.04996782541275,3186,"Grove St PATH",40.71958611647166,-74.04311746358871,29450,"Subscriber",1986,1
242,"2018-12-17 07:53:23.7210","2018-12-17 07:57:26.4060",3279,"Dixon Mills",40.721630142638354,-74.04996782541275,3186,"Grove St PATH",40.71958611647166,-74.04311746358871,26268,"Subscriber",1986,1
234,"2018-12-17 08:04:57.2550","2018-12-17 08:08:51.8520",3279,"Dixon Mills",40.721630142638354,-74.04996782541275,3186,"Grove St PATH",40.71958611647166,-74.04311746358871,29573,"Subscriber",1993,1
319,"2018-12-17 08:07:44.6140","2018-12-17 08:13:04.5390",3279,"Dixon Mills",40.721630142638354,-74.04996782541275,3185,"City Hall",40.7177325,-74.043845,29523,"Subscriber",1988,1
202,"2018-12-17 08:32:13.6960","2018-12-17 08:35:36.5880",3279,"Dixon Mills",40.721630142638354,-74.04996782541275,3186,"Grove St PATH",40.71958611647166,-74.04311746358871,26298,"Subscriber",1990,2
464,"2018-12-17 09:58:17.4130","2018-12-17 10:06:01.8460",3279,"Dixon Mills",40.721630142638354,-74.04996782541275,3183,"Exchange Place",40.7162469,-74.0334588,29254,"Subscriber",1949,1
523,"2018-12-17 11:24:08.0760","2018-12-17 11:32:51.4010",3279,"Dixon Mills",40.721630142638354,-74.04996782541275,3183,"Exchange Place",40.7162469,-74.0334588,29612,"Subscriber",1986,1
148,"2018-12-17 14:17:50.3020","2018-12-17 14:20:19.1610",3279,"Dixon Mills",40.721630142638354,-74.04996782541275,3186,"Grove St PATH",40.71958611647166,-74.04311746358871,29439,"Subscriber",1970,1
182,"2018-12-17 14:58:41.4850","2018-12-17 15:01:43.9710",3279,"Dixon Mills",40.721630142638354,-74.04996782541275,3186,"Grove St PATH",40.71958611647166,-74.04311746358871,26271,"Subscriber",1996,2
125,"2018-12-17 15:33:49.7050","2018-12-17 15:35:54.7430",3279,"Dixon Mills",40.721630142638354,-74.04996782541275,3272,"Jersey & 3rd",40.72333158646436,-74.04595255851744,29441,"Subscriber",1982,1
571,"2018-12-17 21:35:59.7440","2018-12-17 21:45:31.6710",3279,"Dixon Mills",40.721630142638354,-74.04996782541275,3681,"Grand St",40.71517767732029,-74.03768330812454,26197,"Subscriber",1978,1
687,"2018-12-17 21:55:45.9350","2018-12-17 22:07:13.3940",3279,"Dixon Mills",40.721630142638354,-74.04996782541275,3207,"Oakland Ave",40.7376037,-74.0524783,26164,"Subscriber",1988,1
412,"2018-12-17 22:05:29.1010","2018-12-17 22:12:21.7280",3279,"Dixon Mills",40.721630142638354,-74.04996782541275,3225,"Baldwin at Montgomery",40.7236589,-74.0641943,29505,"Subscriber",1976,0
533,"2018-12-17 22:48:23.1130","2018-12-17 22:57:17.1090",3279,"Dixon Mills",40.721630142638354,-74.04996782541275,3225,"Baldwin at Montgomery",40.7236589,-74.0641943,29531,"Subscriber",1989,1
147,"2018-12-18 05:49:04.6960","2018-12-18 05:51:32.2200",3279,"Dixon Mills",40.721630142638354,-74.04996782541275,3186,"Grove St PATH",40.71958611647166,-74.04311746358871,29308,"Subscriber",1981,2
157,"2018-12-18 06:10:11.2070","2018-12-18 06:12:48.2960",3279,"Dixon Mills",40.721630142638354,-74.04996782541275,3186,"Grove St PATH",40.71958611647166,-74.04311746358871,29494,"Subscriber",1982,1
156,"2018-12-18 06:30:44.3840","2018-12-18 06:33:20.5070",3279,"Dixon Mills",40.721630142638354,-74.04996782541275,3186,"Grove St PATH",40.71958611647166,-74.04311746358871,29206,"Subscriber",1987,2
149,"2018-12-18 06:41:11.1420","2018-12-18 06:43:40.7670",3279,"Dixon Mills",40.721630142638354,-74.04996782541275,3186,"Grove St PATH",40.71958611647166,-74.04311746358871,26279,"Subscriber",1986,1
208,"2018-12-18 07:11:47.8640","2018-12-18 07:15:16.2740",3279,"Dixon Mills",40.721630142638354,-74.04996782541275,3186,"Grove St PATH",40.71958611647166,-74.04311746358871,29214,"Subscriber",1977,2
274,"2018-12-18 07:47:30.2610","2018-12-18 07:52:04.3460",3279,"Dixon Mills",40.721630142638354,-74.04996782541275,3186,"Grove St PATH",40.71958611647166,-74.04311746358871,29283,"Subscriber",1975,1
132,"2018-12-18 07:50:32.5130","2018-12-18 07:52:45.2150",3279,"Dixon Mills",40.721630142638354,-74.04996782541275,3186,"Grove St PATH",40.71958611647166,-74.04311746358871,29228,"Subscriber",1970,1
160,"2018-12-18 07:54:20.7490","2018-12-18 07:57:01.1100",3279,"Dixon Mills",40.721630142638354,-74.04996782541275,3186,"Grove St PATH",40.71958611647166,-74.04311746358871,29481,"Subscriber",1976,1
183,"2018-12-18 07:55:53.4310","2018-12-18 07:58:57.0600",3279,"Dixon Mills",40.721630142638354,-74.04996782541275,3186,"Grove St PATH",40.71958611647166,-74.04311746358871,29496,"Subscriber",1993,1
174,"2018-12-18 08:05:59.6470","2018-12-18 08:08:53.6650",3279,"Dixon Mills",40.721630142638354,-74.04996782541275,3186,"Grove St PATH",40.71958611647166,-74.04311746358871,29498,"Subscriber",1982,2
168,"2018-12-18 08:17:40.5550","2018-12-18 08:20:29.4570",3279,"Dixon Mills",40.721630142638354,-74.04996782541275,3186,"Grove St PATH",40.71958611647166,-74.04311746358871,29523,"Subscriber",1982,1
157,"2018-12-18 08:41:10.1120","2018-12-18 08:43:47.1640",3279,"Dixon Mills",40.721630142638354,-74.04996782541275,3186,"Grove St PATH",40.71958611647166,-74.04311746358871,29239,"Subscriber",1991,1
238,"2018-12-18 09:06:27.9720","2018-12-18 09:10:26.7410",3279,"Dixon Mills",40.721630142638354,-74.04996782541275,3186,"Grove St PATH",40.71958611647166,-74.04311746358871,29450,"Subscriber",1990,2
480,"2018-12-18 09:11:34.0070","2018-12-18 09:19:34.9830",3279,"Dixon Mills",40.721630142638354,-74.04996782541275,3183,"Exchange Place",40.7162469,-74.0334588,26268,"Subscriber",1949,1
734,"2018-12-18 15:28:54.1820","2018-12-18 15:41:08.8130",3279,"Dixon Mills",40.721630142638354,-74.04996782541275,3192,"Liberty Light Rail",40.7112423,-74.0557013,26245,"Customer",1996,1
94,"2018-12-18 17:50:45.0060","2018-12-18 17:52:19.8070",3279,"Dixon Mills",40.721630142638354,-74.04996782541275,3483,"Montgomery St",40.71942,-74.05099,29239,"Subscriber",1987,1
98,"2018-12-18 17:55:54.8740","2018-12-18 17:57:33.7810",3279,"Dixon Mills",40.721630142638354,-74.04996782541275,3211,"Newark Ave",40.72152515,-74.046304543,26213,"Subscriber",1987,1
266,"2018-12-18 18:23:21.6960","2018-12-18 18:27:48.6070",3279,"Dixon Mills",40.721630142638354,-74.04996782541275,3205,"JC Medical Center",40.71653978099194,-74.0496379137039,29554,"Subscriber",1987,1
545,"2018-12-18 21:05:52.7730","2018-12-18 21:14:58.3780",3279,"Dixon Mills",40.721630142638354,-74.04996782541275,3681,"Grand St",40.71517767732029,-74.03768330812454,26295,"Subscriber",1978,1
694,"2018-12-18 21:09:57.2780","2018-12-18 21:21:31.7680",3279,"Dixon Mills",40.721630142638354,-74.04996782541275,3207,"Oakland Ave",40.7376037,-74.0524783,29298,"Subscriber",1988,1
406,"2018-12-19 00:15:42.7210","2018-12-19 00:22:28.7270",3279,"Dixon Mills",40.721630142638354,-74.04996782541275,3225,"Baldwin at Montgomery",40.7236589,-74.0641943,29262,"Subscriber",1976,0
134,"2018-12-19 04:45:43.4060","2018-12-19 04:47:57.6900",3279,"Dixon Mills",40.721630142638354,-74.04996782541275,3186,"Grove St PATH",40.71958611647166,-74.04311746358871,29490,"Subscriber",1982,1
120,"2018-12-19 06:05:26.1310","2018-12-19 06:07:26.6430",3279,"Dixon Mills",40.721630142638354,-74.04996782541275,3186,"Grove St PATH",40.71958611647166,-74.04311746358871,29523,"Subscriber",1981,2
150,"2018-12-19 06:17:31.2870","2018-12-19 06:20:01.7820",3279,"Dixon Mills",40.721630142638354,-74.04996782541275,3186,"Grove St PATH",40.71958611647166,-74.04311746358871,29207,"Subscriber",1982,1
180,"2018-12-19 06:22:15.6760","2018-12-19 06:25:16.5710",3279,"Dixon Mills",40.721630142638354,-74.04996782541275,3186,"Grove St PATH",40.71958611647166,-74.04311746358871,29469,"Subscriber",1986,1
184,"2018-12-19 06:29:15.5730","2018-12-19 06:32:19.9480",3279,"Dixon Mills",40.721630142638354,-74.04996782541275,3186,"Grove St PATH",40.71958611647166,-74.04311746358871,29496,"Subscriber",1987,2
451,"2018-12-19 07:15:22.4750","2018-12-19 07:22:54.0730",3279,"Dixon Mills",40.721630142638354,-74.04996782541275,3638,"Washington St",40.7242941,-74.0354826,29307,"Subscriber",1988,2
195,"2018-12-19 07:55:19.1710","2018-12-19 07:58:34.7040",3279,"Dixon Mills",40.721630142638354,-74.04996782541275,3186,"Grove St PATH",40.71958611647166,-74.04311746358871,29495,"Subscriber",1975,1
180,"2018-12-19 07:57:29.3670","2018-12-19 08:00:29.7000",3279,"Dixon Mills",40.721630142638354,-74.04996782541275,3186,"Grove St PATH",40.71958611647166,-74.04311746358871,29485,"Subscriber",1993,1
194,"2018-12-19 08:47:13.9070","2018-12-19 08:50:28.8720",3279,"Dixon Mills",40.721630142638354,-74.04996782541275,3186,"Grove St PATH",40.71958611647166,-74.04311746358871,29457,"Subscriber",1989,1
494,"2018-12-19 09:47:27.5300","2018-12-19 09:55:42.3270",3279,"Dixon Mills",40.721630142638354,-74.04996782541275,3183,"Exchange Place",40.7162469,-74.0334588,26174,"Subscriber",1949,1
89,"2018-12-19 14:12:46.5900","2018-12-19 14:14:16.0940",3279,"Dixon Mills",40.721630142638354,-74.04996782541275,3211,"Newark Ave",40.72152515,-74.046304543,26278,"Subscriber",1976,1
196,"2018-12-19 15:16:59.9470","2018-12-19 15:20:16.7980",3279,"Dixon Mills",40.721630142638354,-74.04996782541275,3186,"Grove St PATH",40.71958611647166,-74.04311746358871,29542,"Subscriber",1996,2
125,"2018-12-19 15:46:12.3640","2018-12-19 15:48:17.5040",3279,"Dixon Mills",40.721630142638354,-74.04996782541275,3211,"Newark Ave",40.72152515,-74.046304543,26213,"Subscriber",1982,1
966,"2018-12-20 00:15:26.5350","2018-12-20 00:31:33.2390",3279,"Dixon Mills",40.721630142638354,-74.04996782541275,3639,"Harborside",40.7192517,-74.034234,29215,"Subscriber",1971,2
147,"2018-12-20 05:52:15.3580","2018-12-20 05:54:42.4170",3279,"Dixon Mills",40.721630142638354,-74.04996782541275,3186,"Grove St PATH",40.71958611647166,-74.04311746358871,29542,"Subscriber",1981,2
121,"2018-12-20 06:15:03.8420","2018-12-20 06:17:04.8430",3279,"Dixon Mills",40.721630142638354,-74.04996782541275,3186,"Grove St PATH",40.71958611647166,-74.04311746358871,26248,"Subscriber",1982,1
164,"2018-12-20 06:36:29.1250","2018-12-20 06:39:13.2640",3279,"Dixon Mills",40.721630142638354,-74.04996782541275,3186,"Grove St PATH",40.71958611647166,-74.04311746358871,29472,"Subscriber",1982,1
167,"2018-12-20 06:40:37.9570","2018-12-20 06:43:25.4670",3279,"Dixon Mills",40.721630142638354,-74.04996782541275,3186,"Grove St PATH",40.71958611647166,-74.04311746358871,29481,"Subscriber",1987,2
152,"2018-12-20 06:51:50.3050","2018-12-20 06:54:22.4300",3279,"Dixon Mills",40.721630142638354,-74.04996782541275,3186,"Grove St PATH",40.71958611647166,-74.04311746358871,29473,"Subscriber",1986,1
175,"2018-12-20 07:05:55.7490","2018-12-20 07:08:51.2050",3279,"Dixon Mills",40.721630142638354,-74.04996782541275,3186,"Grove St PATH",40.71958611647166,-74.04311746358871,29240,"Subscriber",1977,2
156,"2018-12-20 07:52:28.9290","2018-12-20 07:55:05.7180",3279,"Dixon Mills",40.721630142638354,-74.04996782541275,3186,"Grove St PATH",40.71958611647166,-74.04311746358871,26303,"Subscriber",1970,1
168,"2018-12-20 15:56:41.2720","2018-12-20 15:59:29.8710",3279,"Dixon Mills",40.721630142638354,-74.04996782541275,3186,"Grove St PATH",40.71958611647166,-74.04311746358871,29490,"Subscriber",1981,2
296,"2018-12-20 19:26:34.2100","2018-12-20 19:31:30.7970",3279,"Dixon Mills",40.721630142638354,-74.04996782541275,3185,"City Hall",40.7177325,-74.043845,29450,"Subscriber",1994,1
145,"2018-12-21 04:45:23.4790","2018-12-21 04:47:48.8350",3279,"Dixon Mills",40.721630142638354,-74.04996782541275,3186,"Grove St PATH",40.71958611647166,-74.04311746358871,26264,"Subscriber",1982,1
118,"2018-12-21 06:32:00.1100","2018-12-21 06:33:58.2950",3279,"Dixon Mills",40.721630142638354,-74.04996782541275,3186,"Grove St PATH",40.71958611647166,-74.04311746358871,29659,"Subscriber",1982,1
167,"2018-12-21 08:09:27.3660","2018-12-21 08:12:15.3010",3279,"Dixon Mills",40.721630142638354,-74.04996782541275,3186,"Grove St PATH",40.71958611647166,-74.04311746358871,29236,"Subscriber",1993,1
202,"2018-12-21 09:46:18.2740","2018-12-21 09:49:40.3760",3279,"Dixon Mills",40.721630142638354,-74.04996782541275,3186,"Grove St PATH",40.71958611647166,-74.04311746358871,26200,"Subscriber",1949,1
131,"2018-12-21 15:47:45.9490","2018-12-21 15:49:57.2080",3279,"Dixon Mills",40.721630142638354,-74.04996782541275,3211,"Newark Ave",40.72152515,-74.046304543,26291,"Subscriber",1982,1
541,"2018-12-21 16:34:51.8830","2018-12-21 16:43:53.7620",3279,"Dixon Mills",40.721630142638354,-74.04996782541275,3202,"Newport PATH",40.7272235,-74.0337589,29276,"Subscriber",1985,1
123,"2018-12-21 21:03:29.7810","2018-12-21 21:05:33.5260",3279,"Dixon Mills",40.721630142638354,-74.04996782541275,3186,"Grove St PATH",40.71958611647166,-74.04311746358871,26235,"Subscriber",1996,2
141,"2018-12-22 08:45:22.4160","2018-12-22 08:47:44.0940",3279,"Dixon Mills",40.721630142638354,-74.04996782541275,3186,"Grove St PATH",40.71958611647166,-74.04311746358871,29208,"Subscriber",1975,1
377,"2018-12-22 11:48:09.9010","2018-12-22 11:54:27.6660",3279,"Dixon Mills",40.721630142638354,-74.04996782541275,3278,"Monmouth and 6th",40.72568548362901,-74.04879033565521,29601,"Subscriber",1986,1
210,"2018-12-22 13:15:29.9860","2018-12-22 13:19:00.5430",3279,"Dixon Mills",40.721630142638354,-74.04996782541275,3186,"Grove St PATH",40.71958611647166,-74.04311746358871,29214,"Subscriber",1962,2
196,"2018-12-22 13:59:04.5170","2018-12-22 14:02:20.9930",3279,"Dixon Mills",40.721630142638354,-74.04996782541275,3186,"Grove St PATH",40.71958611647166,-74.04311746358871,29639,"Subscriber",1987,2
167,"2018-12-22 14:06:06.5740","2018-12-22 14:08:54.5120",3279,"Dixon Mills",40.721630142638354,-74.04996782541275,3186,"Grove St PATH",40.71958611647166,-74.04311746358871,29460,"Subscriber",1960,1
864,"2018-12-22 14:31:32.5980","2018-12-22 14:45:56.7850",3279,"Dixon Mills",40.721630142638354,-74.04996782541275,3279,"Dixon Mills",40.721630142638354,-74.04996782541275,29205,"Subscriber",1985,1
280,"2018-12-22 18:30:36.7480","2018-12-22 18:35:17.6310",3279,"Dixon Mills",40.721630142638354,-74.04996782541275,3279,"Dixon Mills",40.721630142638354,-74.04996782541275,26248,"Subscriber",1982,1
86,"2018-12-22 19:07:18.4790","2018-12-22 19:08:44.4950",3279,"Dixon Mills",40.721630142638354,-74.04996782541275,3483,"Montgomery St",40.71942,-74.05099,26248,"Subscriber",1987,1
111,"2018-12-22 19:12:45.0180","2018-12-22 19:14:36.0710",3279,"Dixon Mills",40.721630142638354,-74.04996782541275,3483,"Montgomery St",40.71942,-74.05099,29304,"Subscriber",1987,1
298,"2018-12-22 20:01:44.1400","2018-12-22 20:06:42.3950",3279,"Dixon Mills",40.721630142638354,-74.04996782541275,3185,"City Hall",40.7177325,-74.043845,29288,"Subscriber",1985,2
135,"2018-12-22 20:05:21.7200","2018-12-22 20:07:37.6470",3279,"Dixon Mills",40.721630142638354,-74.04996782541275,3186,"Grove St PATH",40.71958611647166,-74.04311746358871,29304,"Subscriber",1993,1
149,"2018-12-22 20:12:43.8020","2018-12-22 20:15:13.1410",3279,"Dixon Mills",40.721630142638354,-74.04996782541275,3186,"Grove St PATH",40.71958611647166,-74.04311746358871,29639,"Subscriber",1975,1
184,"2018-12-22 22:34:09.3160","2018-12-22 22:37:13.4490",3279,"Dixon Mills",40.721630142638354,-74.04996782541275,3186,"Grove St PATH",40.71958611647166,-74.04311746358871,26287,"Subscriber",1991,1
135,"2018-12-23 08:25:46.7940","2018-12-23 08:28:02.0510",3279,"Dixon Mills",40.721630142638354,-74.04996782541275,3186,"Grove St PATH",40.71958611647166,-74.04311746358871,26296,"Subscriber",1976,1
525,"2018-12-23 09:14:24.1490","2018-12-23 09:23:09.3040",3279,"Dixon Mills",40.721630142638354,-74.04996782541275,3638,"Washington St",40.7242941,-74.0354826,26203,"Subscriber",1988,2
194,"2018-12-23 10:47:01.9800","2018-12-23 10:50:16.3910",3279,"Dixon Mills",40.721630142638354,-74.04996782541275,3186,"Grove St PATH",40.71958611647166,-74.04311746358871,26296,"Subscriber",1982,2
142,"2018-12-23 18:28:36.5700","2018-12-23 18:30:59.3780",3279,"Dixon Mills",40.721630142638354,-74.04996782541275,3211,"Newark Ave",40.72152515,-74.046304543,29453,"Subscriber",1970,1
292,"2018-12-23 18:48:05.4710","2018-12-23 18:52:58.1280",3279,"Dixon Mills",40.721630142638354,-74.04996782541275,3185,"City Hall",40.7177325,-74.043845,26294,"Subscriber",1987,1
1265,"2018-12-24 08:53:00.4420","2018-12-24 09:14:05.9980",3279,"Dixon Mills",40.721630142638354,-74.04996782541275,3186,"Grove St PATH",40.71958611647166,-74.04311746358871,29122,"Subscriber",1981,2
336,"2018-12-24 09:55:50.3450","2018-12-24 10:01:26.4380",3279,"Dixon Mills",40.721630142638354,-74.04996782541275,3209,"Brunswick St",40.7241765,-74.0506564,29221,"Subscriber",1985,1
253,"2018-12-24 09:56:55.9210","2018-12-24 10:01:09.3870",3279,"Dixon Mills",40.721630142638354,-74.04996782541275,3209,"Brunswick St",40.7241765,-74.0506564,29589,"Subscriber",1979,2
223,"2018-12-24 10:20:15.6800","2018-12-24 10:23:58.9630",3279,"Dixon Mills",40.721630142638354,-74.04996782541275,3186,"Grove St PATH",40.71958611647166,-74.04311746358871,29476,"Subscriber",1982,2
212,"2018-12-24 10:20:19.1580","2018-12-24 10:23:51.6000",3279,"Dixon Mills",40.721630142638354,-74.04996782541275,3186,"Grove St PATH",40.71958611647166,-74.04311746358871,29453,"Subscriber",1970,1
170,"2018-12-24 13:29:58.9280","2018-12-24 13:32:48.9340",3279,"Dixon Mills",40.721630142638354,-74.04996782541275,3272,"Jersey & 3rd",40.72333158646436,-74.04595255851744,29201,"Subscriber",1960,1
460,"2018-12-24 14:57:06.7020","2018-12-24 15:04:47.2120",3279,"Dixon Mills",40.721630142638354,-74.04996782541275,3192,"Liberty Light Rail",40.7112423,-74.0557013,29595,"Subscriber",1983,1
160,"2018-12-24 19:33:27.3720","2018-12-24 19:36:08.1940",3279,"Dixon Mills",40.721630142638354,-74.04996782541275,3211,"Newark Ave",40.72152515,-74.046304543,26311,"Subscriber",1962,2
284,"2018-12-24 21:47:45.2810","2018-12-24 21:52:29.4530",3279,"Dixon Mills",40.721630142638354,-74.04996782541275,3187,"Warren St",40.7211236,-74.03805095,29250,"Subscriber",1969,0
174,"2018-12-25 10:38:12.3030","2018-12-25 10:41:07.0850",3279,"Dixon Mills",40.721630142638354,-74.04996782541275,3186,"Grove St PATH",40.71958611647166,-74.04311746358871,29201,"Subscriber",1969,0
182,"2018-12-25 11:09:10.6150","2018-12-25 11:12:13.4950",3279,"Dixon Mills",40.721630142638354,-74.04996782541275,3186,"Grove St PATH",40.71958611647166,-74.04311746358871,29125,"Subscriber",1976,1
205,"2018-12-25 13:52:04.9240","2018-12-25 13:55:30.7470",3279,"Dixon Mills",40.721630142638354,-74.04996782541275,3205,"JC Medical Center",40.71653978099194,-74.0496379137039,29485,"Subscriber",1982,1
148,"2018-12-25 15:23:23.0920","2018-12-25 15:25:51.5900",3279,"Dixon Mills",40.721630142638354,-74.04996782541275,3186,"Grove St PATH",40.71958611647166,-74.04311746358871,29450,"Subscriber",1960,1
142,"2018-12-25 18:59:26.4340","2018-12-25 19:01:49.1940",3279,"Dixon Mills",40.721630142638354,-74.04996782541275,3186,"Grove St PATH",40.71958611647166,-74.04311746358871,26279,"Subscriber",1996,2
112,"2018-12-25 19:35:55.9980","2018-12-25 19:37:48.3990",3279,"Dixon Mills",40.721630142638354,-74.04996782541275,3211,"Newark Ave",40.72152515,-74.046304543,29532,"Subscriber",1982,2
93,"2018-12-25 19:36:12.5010","2018-12-25 19:37:45.7130",3279,"Dixon Mills",40.721630142638354,-74.04996782541275,3211,"Newark Ave",40.72152515,-74.046304543,29512,"Subscriber",1970,1
231,"2018-12-26 08:00:42.1650","2018-12-26 08:04:33.3720",3279,"Dixon Mills",40.721630142638354,-74.04996782541275,3273,"Manila & 1st",40.721650724879986,-74.04288411140442,29512,"Subscriber",1993,1
273,"2018-12-26 10:07:06.2680","2018-12-26 10:11:39.5280",3279,"Dixon Mills",40.721630142638354,-74.04996782541275,3185,"City Hall",40.7177325,-74.043845,29609,"Subscriber",1984,2
203,"2018-12-26 10:25:00.6920","2018-12-26 10:28:24.5060",3279,"Dixon Mills",40.721630142638354,-74.04996782541275,3186,"Grove St PATH",40.71958611647166,-74.04311746358871,26279,"Subscriber",1986,1
204,"2018-12-26 12:27:05.9640","2018-12-26 12:30:30.7480",3279,"Dixon Mills",40.721630142638354,-74.04996782541275,3186,"Grove St PATH",40.71958611647166,-74.04311746358871,29503,"Subscriber",1965,1
1452,"2018-12-26 14:28:58.7160","2018-12-26 14:53:11.3690",3279,"Dixon Mills",40.721630142638354,-74.04996782541275,3185,"City Hall",40.7177325,-74.043845,26184,"Subscriber",1982,1
238,"2018-12-26 15:35:04.5940","2018-12-26 15:39:03.1770",3279,"Dixon Mills",40.721630142638354,-74.04996782541275,3275,"Columbus Drive",40.71835519823214,-74.03891444206238,29260,"Subscriber",1980,1
110,"2018-12-26 18:08:05.1840","2018-12-26 18:09:55.4530",3279,"Dixon Mills",40.721630142638354,-74.04996782541275,3211,"Newark Ave",40.72152515,-74.046304543,29652,"Subscriber",1970,1
252,"2018-12-26 18:50:29.5440","2018-12-26 18:54:41.9230",3279,"Dixon Mills",40.721630142638354,-74.04996782541275,3185,"City Hall",40.7177325,-74.043845,26174,"Subscriber",1994,1
129,"2018-12-27 05:52:31.8860","2018-12-27 05:54:41.7040",3279,"Dixon Mills",40.721630142638354,-74.04996782541275,3186,"Grove St PATH",40.71958611647166,-74.04311746358871,29257,"Subscriber",1981,2
140,"2018-12-27 06:38:42.2360","2018-12-27 06:41:03.1740",3279,"Dixon Mills",40.721630142638354,-74.04996782541275,3186,"Grove St PATH",40.71958611647166,-74.04311746358871,26184,"Subscriber",1982,1
167,"2018-12-27 08:42:00.9580","2018-12-27 08:44:48.5710",3279,"Dixon Mills",40.721630142638354,-74.04996782541275,3186,"Grove St PATH",40.71958611647166,-74.04311746358871,29245,"Subscriber",1976,1
181,"2018-12-27 09:07:36.5520","2018-12-27 09:10:37.6250",3279,"Dixon Mills",40.721630142638354,-74.04996782541275,3186,"Grove St PATH",40.71958611647166,-74.04311746358871,29307,"Subscriber",1990,2
168,"2018-12-27 09:17:29.4110","2018-12-27 09:20:17.5410",3279,"Dixon Mills",40.721630142638354,-74.04996782541275,3186,"Grove St PATH",40.71958611647166,-74.04311746358871,29652,"Subscriber",1988,2
189,"2018-12-27 09:47:05.0770","2018-12-27 09:50:14.7170",3279,"Dixon Mills",40.721630142638354,-74.04996782541275,3186,"Grove St PATH",40.71958611647166,-74.04311746358871,26216,"Subscriber",1986,1
240,"2018-12-27 15:28:00.6670","2018-12-27 15:32:00.8640",3279,"Dixon Mills",40.721630142638354,-74.04996782541275,3186,"Grove St PATH",40.71958611647166,-74.04311746358871,29295,"Subscriber",1996,2
135,"2018-12-27 19:23:04.3520","2018-12-27 19:25:19.4040",3279,"Dixon Mills",40.721630142638354,-74.04996782541275,3186,"Grove St PATH",40.71958611647166,-74.04311746358871,29289,"Subscriber",1973,1
111,"2018-12-27 19:44:17.0100","2018-12-27 19:46:08.0840",3279,"Dixon Mills",40.721630142638354,-74.04996782541275,3209,"Brunswick St",40.7241765,-74.0506564,29616,"Subscriber",1982,2
2071,"2018-12-27 20:17:45.4360","2018-12-27 20:52:16.9860",3279,"Dixon Mills",40.721630142638354,-74.04996782541275,3270,"Jersey & 6th St",40.72528910781132,-74.04557168483734,29204,"Subscriber",1986,1
2062,"2018-12-27 20:18:24.5010","2018-12-27 20:52:47.0740",3279,"Dixon Mills",40.721630142638354,-74.04996782541275,3270,"Jersey & 6th St",40.72528910781132,-74.04557168483734,29522,"Subscriber",1987,2
161,"2018-12-28 06:37:43.0760","2018-12-28 06:40:24.6900",3279,"Dixon Mills",40.721630142638354,-74.04996782541275,3186,"Grove St PATH",40.71958611647166,-74.04311746358871,29522,"Subscriber",1982,1
114,"2018-12-28 07:50:36.4860","2018-12-28 07:52:31.2470",3279,"Dixon Mills",40.721630142638354,-74.04996782541275,3186,"Grove St PATH",40.71958611647166,-74.04311746358871,29245,"Subscriber",1982,1
147,"2018-12-28 08:30:19.9200","2018-12-28 08:32:47.6670",3279,"Dixon Mills",40.721630142638354,-74.04996782541275,3186,"Grove St PATH",40.71958611647166,-74.04311746358871,26286,"Subscriber",1981,1
220,"2018-12-28 18:55:22.9240","2018-12-28 18:59:03.8650",3279,"Dixon Mills",40.721630142638354,-74.04996782541275,3186,"Grove St PATH",40.71958611647166,-74.04311746358871,29493,"Subscriber",1982,2
196,"2018-12-28 19:30:41.9420","2018-12-28 19:33:58.3510",3279,"Dixon Mills",40.721630142638354,-74.04996782541275,3186,"Grove St PATH",40.71958611647166,-74.04311746358871,29231,"Subscriber",1996,2
139,"2018-12-29 07:57:51.7440","2018-12-29 08:00:11.5350",3279,"Dixon Mills",40.721630142638354,-74.04996782541275,3186,"Grove St PATH",40.71958611647166,-74.04311746358871,26160,"Subscriber",1976,1
466,"2018-12-29 11:31:49.8980","2018-12-29 11:39:36.4800",3279,"Dixon Mills",40.721630142638354,-74.04996782541275,3638,"Washington St",40.7242941,-74.0354826,26251,"Subscriber",1989,2
425,"2018-12-29 11:41:34.2670","2018-12-29 11:48:39.8560",3279,"Dixon Mills",40.721630142638354,-74.04996782541275,3638,"Washington St",40.7242941,-74.0354826,29533,"Subscriber",1988,2
533,"2018-12-29 12:22:13.6980","2018-12-29 12:31:07.5960",3279,"Dixon Mills",40.721630142638354,-74.04996782541275,3183,"Exchange Place",40.7162469,-74.0334588,29522,"Subscriber",1978,1
194,"2018-12-29 14:11:36.0480","2018-12-29 14:14:50.3980",3279,"Dixon Mills",40.721630142638354,-74.04996782541275,3273,"Manila & 1st",40.721650724879986,-74.04288411140442,29521,"Subscriber",1988,2
155,"2018-12-29 15:20:36.3930","2018-12-29 15:23:12.1470",3279,"Dixon Mills",40.721630142638354,-74.04996782541275,3269,"Brunswick & 6th",40.72601172964625,-74.05038893222809,29517,"Subscriber",1970,1
156,"2018-12-29 16:26:51.3860","2018-12-29 16:29:28.1950",3279,"Dixon Mills",40.721630142638354,-74.04996782541275,3269,"Brunswick & 6th",40.72601172964625,-74.05038893222809,29297,"Subscriber",1982,2
192,"2018-12-29 17:03:52.7530","2018-12-29 17:07:05.0110",3279,"Dixon Mills",40.721630142638354,-74.04996782541275,3186,"Grove St PATH",40.71958611647166,-74.04311746358871,29241,"Subscriber",1989,1
145,"2018-12-29 18:57:32.7680","2018-12-29 18:59:58.3750",3279,"Dixon Mills",40.721630142638354,-74.04996782541275,3278,"Monmouth and 6th",40.72568548362901,-74.04879033565521,29245,"Subscriber",1987,1
201,"2018-12-29 20:02:21.0880","2018-12-29 20:05:42.7160",3279,"Dixon Mills",40.721630142638354,-74.04996782541275,3186,"Grove St PATH",40.71958611647166,-74.04311746358871,29640,"Subscriber",1987,2
149,"2018-12-30 09:22:37.6850","2018-12-30 09:25:07.2110",3279,"Dixon Mills",40.721630142638354,-74.04996782541275,3186,"Grove St PATH",40.71958611647166,-74.04311746358871,26221,"Subscriber",1975,1
228,"2018-12-30 10:18:30.1920","2018-12-30 10:22:18.2870",3279,"Dixon Mills",40.721630142638354,-74.04996782541275,3186,"Grove St PATH",40.71958611647166,-74.04311746358871,29498,"Subscriber",1988,2
374,"2018-12-30 10:20:58.4350","2018-12-30 10:27:12.9300",3279,"Dixon Mills",40.721630142638354,-74.04996782541275,3187,"Warren St",40.7211236,-74.03805095,29495,"Subscriber",1985,1
179,"2018-12-30 11:50:02.7540","2018-12-30 11:53:02.2250",3279,"Dixon Mills",40.721630142638354,-74.04996782541275,3186,"Grove St PATH",40.71958611647166,-74.04311746358871,29294,"Subscriber",1976,1
192,"2018-12-30 13:11:11.3210","2018-12-30 13:14:24.1960",3279,"Dixon Mills",40.721630142638354,-74.04996782541275,3186,"Grove St PATH",40.71958611647166,-74.04311746358871,26160,"Subscriber",1987,2
210,"2018-12-30 16:48:54.6000","2018-12-30 16:52:25.1170",3279,"Dixon Mills",40.721630142638354,-74.04996782541275,3186,"Grove St PATH",40.71958611647166,-74.04311746358871,29548,"Subscriber",1994,1
372,"2018-12-30 17:25:32.6700","2018-12-30 17:31:44.8010",3279,"Dixon Mills",40.721630142638354,-74.04996782541275,3275,"Columbus Drive",40.71835519823214,-74.03891444206238,29273,"Subscriber",1977,2
135,"2018-12-30 17:54:07.8390","2018-12-30 17:56:23.4180",3279,"Dixon Mills",40.721630142638354,-74.04996782541275,3186,"Grove St PATH",40.71958611647166,-74.04311746358871,26233,"Subscriber",1960,1
474,"2018-12-30 19:42:12.1000","2018-12-30 19:50:06.9560",3279,"Dixon Mills",40.721630142638354,-74.04996782541275,3267,"Morris Canal",40.7124188237569,-74.03852552175522,26272,"Subscriber",1978,1
208,"2018-12-30 19:45:13.9370","2018-12-30 19:48:42.6370",3279,"Dixon Mills",40.721630142638354,-74.04996782541275,3186,"Grove St PATH",40.71958611647166,-74.04311746358871,29259,"Subscriber",1988,2
123,"2018-12-31 05:52:35.5620","2018-12-31 05:54:38.6040",3279,"Dixon Mills",40.721630142638354,-74.04996782541275,3186,"Grove St PATH",40.71958611647166,-74.04311746358871,26233,"Subscriber",1981,2
200,"2018-12-31 07:40:13.1960","2018-12-31 07:43:33.7250",3279,"Dixon Mills",40.721630142638354,-74.04996782541275,3186,"Grove St PATH",40.71958611647166,-74.04311746358871,29443,"Subscriber",1976,1
146,"2018-12-31 08:18:35.7150","2018-12-31 08:21:02.5140",3279,"Dixon Mills",40.721630142638354,-74.04996782541275,3186,"Grove St PATH",40.71958611647166,-74.04311746358871,26291,"Subscriber",1982,1
202,"2018-12-31 09:59:36.2970","2018-12-31 10:02:58.4210",3279,"Dixon Mills",40.721630142638354,-74.04996782541275,3186,"Grove St PATH",40.71958611647166,-74.04311746358871,26233,"Subscriber",1979,2
540,"2018-12-31 15:49:54.3700","2018-12-31 15:58:55.2320",3279,"Dixon Mills",40.721630142638354,-74.04996782541275,3203,"Hamilton Park",40.727595966,-74.044247311,26297,"Subscriber",1985,1
494,"2018-12-31 15:50:28.8200","2018-12-31 15:58:43.6650",3279,"Dixon Mills",40.721630142638354,-74.04996782541275,3203,"Hamilton Park",40.727595966,-74.044247311,26225,"Subscriber",1979,2
466,"2018-12-01 09:30:52.9350","2018-12-01 09:38:39.3770",3280,"Astor Place",40.71928220070702,-74.07126188278198,3195,"Sip Ave",40.73074262530658,-74.06378388404846,29527,"Subscriber",1960,1
433,"2018-12-01 12:34:54.5570","2018-12-01 12:42:07.9340",3280,"Astor Place",40.71928220070702,-74.07126188278198,3192,"Liberty Light Rail",40.7112423,-74.0557013,29682,"Subscriber",1956,1
408,"2018-12-01 16:32:27.4540","2018-12-01 16:39:16.1590",3280,"Astor Place",40.71928220070702,-74.07126188278198,3195,"Sip Ave",40.73074262530658,-74.06378388404846,26267,"Subscriber",1987,1
369,"2018-12-01 17:28:05.1750","2018-12-01 17:34:15.0380",3280,"Astor Place",40.71928220070702,-74.07126188278198,3195,"Sip Ave",40.73074262530658,-74.06378388404846,26292,"Subscriber",1983,1
852,"2018-12-01 20:31:18.8870","2018-12-01 20:45:31.1260",3280,"Astor Place",40.71928220070702,-74.07126188278198,3213,"Van Vorst Park",40.71848892,-74.047726625,29474,"Subscriber",1953,2
370,"2018-12-02 07:22:29.1230","2018-12-02 07:28:39.7660",3280,"Astor Place",40.71928220070702,-74.07126188278198,3195,"Sip Ave",40.73074262530658,-74.06378388404846,29607,"Subscriber",1988,1
946,"2018-12-02 14:09:54.4930","2018-12-02 14:25:41.2280",3280,"Astor Place",40.71928220070702,-74.07126188278198,3273,"Manila & 1st",40.721650724879986,-74.04288411140442,26170,"Subscriber",1960,1
1276,"2018-12-02 15:18:56.0650","2018-12-02 15:40:12.2270",3280,"Astor Place",40.71928220070702,-74.07126188278198,3210,"Pershing Field",40.742677141,-74.051788633,29474,"Subscriber",1953,2
351,"2018-12-03 05:06:56.3690","2018-12-03 05:12:47.7090",3280,"Astor Place",40.71928220070702,-74.07126188278198,3195,"Sip Ave",40.73074262530658,-74.06378388404846,29474,"Subscriber",1983,1
437,"2018-12-03 06:00:49.6700","2018-12-03 06:08:07.0720",3280,"Astor Place",40.71928220070702,-74.07126188278198,3195,"Sip Ave",40.73074262530658,-74.06378388404846,29672,"Subscriber",1976,1
448,"2018-12-03 07:39:43.7420","2018-12-03 07:47:12.1770",3280,"Astor Place",40.71928220070702,-74.07126188278198,3195,"Sip Ave",40.73074262530658,-74.06378388404846,29674,"Subscriber",1984,1
447,"2018-12-03 08:08:30.3590","2018-12-03 08:15:57.4460",3280,"Astor Place",40.71928220070702,-74.07126188278198,3195,"Sip Ave",40.73074262530658,-74.06378388404846,26268,"Subscriber",1983,1
376,"2018-12-03 08:13:18.5930","2018-12-03 08:19:34.9540",3280,"Astor Place",40.71928220070702,-74.07126188278198,3195,"Sip Ave",40.73074262530658,-74.06378388404846,29483,"Customer",1986,1
403,"2018-12-03 08:41:08.0250","2018-12-03 08:47:51.8630",3280,"Astor Place",40.71928220070702,-74.07126188278198,3195,"Sip Ave",40.73074262530658,-74.06378388404846,29469,"Subscriber",1982,2
394,"2018-12-03 08:41:17.9110","2018-12-03 08:47:52.1270",3280,"Astor Place",40.71928220070702,-74.07126188278198,3195,"Sip Ave",40.73074262530658,-74.06378388404846,29508,"Subscriber",1986,1
84,"2018-12-03 08:58:01.4170","2018-12-03 08:59:26.2350",3280,"Astor Place",40.71928220070702,-74.07126188278198,3280,"Astor Place",40.71928220070702,-74.07126188278198,29219,"Subscriber",1982,2
375,"2018-12-03 10:20:46.4670","2018-12-03 10:27:02.4190",3280,"Astor Place",40.71928220070702,-74.07126188278198,3195,"Sip Ave",40.73074262530658,-74.06378388404846,29577,"Subscriber",1994,1
362,"2018-12-03 10:39:34.4180","2018-12-03 10:45:36.5650",3280,"Astor Place",40.71928220070702,-74.07126188278198,3277,"Communipaw & Berry Lane",40.71435836870427,-74.06661093235016,29451,"Subscriber",1985,1
328,"2018-12-03 12:21:23.5430","2018-12-03 12:26:51.8660",3280,"Astor Place",40.71928220070702,-74.07126188278198,3195,"Sip Ave",40.73074262530658,-74.06378388404846,30843,"Subscriber",1988,1
385,"2018-12-03 14:01:19.1210","2018-12-03 14:07:44.8040",3280,"Astor Place",40.71928220070702,-74.07126188278198,3195,"Sip Ave",40.73074262530658,-74.06378388404846,29489,"Subscriber",1987,1
1238,"2018-12-03 21:30:52.2020","2018-12-03 21:51:30.2850",3280,"Astor Place",40.71928220070702,-74.07126188278198,3280,"Astor Place",40.71928220070702,-74.07126188278198,29489,"Subscriber",1953,2
380,"2018-12-04 05:12:19.6450","2018-12-04 05:18:40.4190",3280,"Astor Place",40.71928220070702,-74.07126188278198,3195,"Sip Ave",40.73074262530658,-74.06378388404846,29577,"Subscriber",1983,1
343,"2018-12-04 07:03:19.8080","2018-12-04 07:09:02.8960",3280,"Astor Place",40.71928220070702,-74.07126188278198,3195,"Sip Ave",40.73074262530658,-74.06378388404846,26198,"Subscriber",1987,1
490,"2018-12-04 07:50:47.3420","2018-12-04 07:58:57.7740",3280,"Astor Place",40.71928220070702,-74.07126188278198,3195,"Sip Ave",40.73074262530658,-74.06378388404846,29489,"Subscriber",1982,2
459,"2018-12-04 08:12:16.8120","2018-12-04 08:19:56.0010",3280,"Astor Place",40.71928220070702,-74.07126188278198,3195,"Sip Ave",40.73074262530658,-74.06378388404846,26163,"Customer",1986,1
513,"2018-12-04 08:35:53.1260","2018-12-04 08:44:26.3650",3280,"Astor Place",40.71928220070702,-74.07126188278198,3195,"Sip Ave",40.73074262530658,-74.06378388404846,29246,"Subscriber",1970,1
703,"2018-12-04 09:00:41.6700","2018-12-04 09:12:25.5400",3280,"Astor Place",40.71928220070702,-74.07126188278198,3278,"Monmouth and 6th",40.72568548362901,-74.04879033565521,29576,"Subscriber",1957,1
472,"2018-12-04 09:45:43.5000","2018-12-04 09:53:36.0410",3280,"Astor Place",40.71928220070702,-74.07126188278198,3195,"Sip Ave",40.73074262530658,-74.06378388404846,26170,"Subscriber",1984,1
361,"2018-12-04 11:10:31.8870","2018-12-04 11:16:33.0190",3280,"Astor Place",40.71928220070702,-74.07126188278198,3195,"Sip Ave",40.73074262530658,-74.06378388404846,29495,"Subscriber",1988,1
323,"2018-12-04 16:50:45.5840","2018-12-04 16:56:08.6920",3280,"Astor Place",40.71928220070702,-74.07126188278198,3195,"Sip Ave",40.73074262530658,-74.06378388404846,29262,"Subscriber",1987,1
561,"2018-12-04 18:28:17.1790","2018-12-04 18:37:38.4780",3280,"Astor Place",40.71928220070702,-74.07126188278198,3195,"Sip Ave",40.73074262530658,-74.06378388404846,29489,"Subscriber",1953,2
397,"2018-12-05 06:51:07.6050","2018-12-05 06:57:44.8650",3280,"Astor Place",40.71928220070702,-74.07126188278198,3192,"Liberty Light Rail",40.7112423,-74.0557013,26204,"Subscriber",1956,1
415,"2018-12-05 06:55:24.9600","2018-12-05 07:02:20.6200",3280,"Astor Place",40.71928220070702,-74.07126188278198,3195,"Sip Ave",40.73074262530658,-74.06378388404846,29290,"Subscriber",1970,1
477,"2018-12-05 08:12:50.3960","2018-12-05 08:20:47.7490",3280,"Astor Place",40.71928220070702,-74.07126188278198,3195,"Sip Ave",40.73074262530658,-74.06378388404846,29233,"Customer",1986,1
508,"2018-12-05 08:21:20.2330","2018-12-05 08:29:49.1510",3280,"Astor Place",40.71928220070702,-74.07126188278198,3195,"Sip Ave",40.73074262530658,-74.06378388404846,29680,"Customer",1969,0
380,"2018-12-05 11:11:03.1800","2018-12-05 11:17:24.0840",3280,"Astor Place",40.71928220070702,-74.07126188278198,3195,"Sip Ave",40.73074262530658,-74.06378388404846,29578,"Subscriber",1988,1
338,"2018-12-05 12:52:01.1670","2018-12-05 12:57:39.7860",3280,"Astor Place",40.71928220070702,-74.07126188278198,3195,"Sip Ave",40.73074262530658,-74.06378388404846,29208,"Subscriber",1987,1
330,"2018-12-06 05:13:16.5640","2018-12-06 05:18:46.6540",3280,"Astor Place",40.71928220070702,-74.07126188278198,3195,"Sip Ave",40.73074262530658,-74.06378388404846,26278,"Subscriber",1983,1
317,"2018-12-06 06:23:34.9200","2018-12-06 06:28:52.0240",3280,"Astor Place",40.71928220070702,-74.07126188278198,3195,"Sip Ave",40.73074262530658,-74.06378388404846,29476,"Subscriber",1976,1
403,"2018-12-06 06:51:59.2120","2018-12-06 06:58:42.8140",3280,"Astor Place",40.71928220070702,-74.07126188278198,3192,"Liberty Light Rail",40.7112423,-74.0557013,29507,"Subscriber",1956,1
367,"2018-12-06 07:30:22.3110","2018-12-06 07:36:29.9210",3280,"Astor Place",40.71928220070702,-74.07126188278198,3195,"Sip Ave",40.73074262530658,-74.06378388404846,29572,"Subscriber",1987,1
491,"2018-12-06 08:11:25.3600","2018-12-06 08:19:37.0360",3280,"Astor Place",40.71928220070702,-74.07126188278198,3195,"Sip Ave",40.73074262530658,-74.06378388404846,29469,"Subscriber",1983,1
527,"2018-12-06 08:47:48.9110","2018-12-06 08:56:36.7820",3280,"Astor Place",40.71928220070702,-74.07126188278198,3205,"JC Medical Center",40.71653978099194,-74.0496379137039,29201,"Subscriber",1988,1
712,"2018-12-06 08:57:15.4350","2018-12-06 09:09:08.3970",3280,"Astor Place",40.71928220070702,-74.07126188278198,3640,"Journal Square",40.73367,-74.0625,29213,"Subscriber",1982,2
416,"2018-12-06 11:46:00.2460","2018-12-06 11:52:57.0780",3280,"Astor Place",40.71928220070702,-74.07126188278198,3195,"Sip Ave",40.73074262530658,-74.06378388404846,29481,"Subscriber",1970,1
542,"2018-12-06 16:12:41.5610","2018-12-06 16:21:44.1780",3280,"Astor Place",40.71928220070702,-74.07126188278198,3195,"Sip Ave",40.73074262530658,-74.06378388404846,29580,"Subscriber",1953,2
2157,"2018-12-06 22:56:54.4100","2018-12-06 23:32:52.0860",3280,"Astor Place",40.71928220070702,-74.07126188278198,3206,"Hilltop",40.7311689,-74.0575736,26254,"Subscriber",1990,1
388,"2018-12-07 05:10:00.2470","2018-12-07 05:16:28.2780",3280,"Astor Place",40.71928220070702,-74.07126188278198,3195,"Sip Ave",40.73074262530658,-74.06378388404846,26234,"Subscriber",1983,1
398,"2018-12-07 06:18:38.4350","2018-12-07 06:25:16.8480",3280,"Astor Place",40.71928220070702,-74.07126188278198,3195,"Sip Ave",40.73074262530658,-74.06378388404846,29676,"Subscriber",1976,1
397,"2018-12-07 06:50:25.0240","2018-12-07 06:57:02.0320",3280,"Astor Place",40.71928220070702,-74.07126188278198,3192,"Liberty Light Rail",40.7112423,-74.0557013,26233,"Subscriber",1956,1
438,"2018-12-07 08:33:14.0520","2018-12-07 08:40:32.2580",3280,"Astor Place",40.71928220070702,-74.07126188278198,3195,"Sip Ave",40.73074262530658,-74.06378388404846,29290,"Subscriber",1987,2
924,"2018-12-07 08:54:22.8900","2018-12-07 09:09:47.5430",3280,"Astor Place",40.71928220070702,-74.07126188278198,3273,"Manila & 1st",40.721650724879986,-74.04288411140442,29541,"Subscriber",1957,1
402,"2018-12-07 09:00:38.6900","2018-12-07 09:07:21.6450",3280,"Astor Place",40.71928220070702,-74.07126188278198,3195,"Sip Ave",40.73074262530658,-74.06378388404846,29441,"Subscriber",1978,1
457,"2018-12-07 09:03:55.2840","2018-12-07 09:11:32.5290",3280,"Astor Place",40.71928220070702,-74.07126188278198,3195,"Sip Ave",40.73074262530658,-74.06378388404846,29218,"Subscriber",1982,2
370,"2018-12-07 09:19:31.3330","2018-12-07 09:25:41.6440",3280,"Astor Place",40.71928220070702,-74.07126188278198,3195,"Sip Ave",40.73074262530658,-74.06378388404846,29469,"Subscriber",1987,1
454,"2018-12-07 10:44:15.0900","2018-12-07 10:51:49.6250",3280,"Astor Place",40.71928220070702,-74.07126188278198,3195,"Sip Ave",40.73074262530658,-74.06378388404846,26198,"Subscriber",1988,1
432,"2018-12-08 05:42:24.0970","2018-12-08 05:49:36.6950",3280,"Astor Place",40.71928220070702,-74.07126188278198,3195,"Sip Ave",40.73074262530658,-74.06378388404846,26183,"Subscriber",1983,1
691,"2018-12-08 08:10:48.3530","2018-12-08 08:22:19.3880",3280,"Astor Place",40.71928220070702,-74.07126188278198,3195,"Sip Ave",40.73074262530658,-74.06378388404846,26192,"Customer",1993,2
372,"2018-12-08 10:49:02.5780","2018-12-08 10:55:15.2910",3280,"Astor Place",40.71928220070702,-74.07126188278198,3195,"Sip Ave",40.73074262530658,-74.06378388404846,26269,"Subscriber",1988,1
414,"2018-12-08 15:03:51.1090","2018-12-08 15:10:46.0950",3280,"Astor Place",40.71928220070702,-74.07126188278198,3195,"Sip Ave",40.73074262530658,-74.06378388404846,29682,"Subscriber",1994,1
925,"2018-12-08 16:17:29.7930","2018-12-08 16:32:55.4610",3280,"Astor Place",40.71928220070702,-74.07126188278198,3210,"Pershing Field",40.742677141,-74.051788633,33744,"Subscriber",1953,2
197,"2018-12-09 16:47:12.9910","2018-12-09 16:50:30.2360",3280,"Astor Place",40.71928220070702,-74.07126188278198,3194,"McGinley Square",40.7253399253558,-74.06762212514877,29623,"Subscriber",1987,1
321,"2018-12-09 17:49:37.6930","2018-12-09 17:54:59.1020",3280,"Astor Place",40.71928220070702,-74.07126188278198,3194,"McGinley Square",40.7253399253558,-74.06762212514877,33744,"Subscriber",1958,1
637,"2018-12-09 23:04:50.5820","2018-12-09 23:15:28.1570",3280,"Astor Place",40.71928220070702,-74.07126188278198,3640,"Journal Square",40.73367,-74.0625,26298,"Subscriber",1984,1
368,"2018-12-10 05:12:27.3890","2018-12-10 05:18:36.1610",3280,"Astor Place",40.71928220070702,-74.07126188278198,3195,"Sip Ave",40.73074262530658,-74.06378388404846,29664,"Subscriber",1983,1
441,"2018-12-10 06:55:58.3790","2018-12-10 07:03:20.2830",3280,"Astor Place",40.71928220070702,-74.07126188278198,3192,"Liberty Light Rail",40.7112423,-74.0557013,29663,"Subscriber",1956,1
506,"2018-12-10 08:08:41.5250","2018-12-10 08:17:08.1920",3280,"Astor Place",40.71928220070702,-74.07126188278198,3195,"Sip Ave",40.73074262530658,-74.06378388404846,26151,"Subscriber",1983,1
449,"2018-12-10 08:10:51.6400","2018-12-10 08:18:21.3090",3280,"Astor Place",40.71928220070702,-74.07126188278198,3195,"Sip Ave",40.73074262530658,-74.06378388404846,29219,"Customer",1986,1
551,"2018-12-10 08:35:31.8970","2018-12-10 08:44:43.5570",3280,"Astor Place",40.71928220070702,-74.07126188278198,3195,"Sip Ave",40.73074262530658,-74.06378388404846,29524,"Subscriber",1987,2
839,"2018-12-10 09:06:37.7990","2018-12-10 09:20:36.9860",3280,"Astor Place",40.71928220070702,-74.07126188278198,3220,"5 Corners Library",40.734961020009514,-74.0595030784607,29213,"Subscriber",1982,2
433,"2018-12-10 10:28:16.7310","2018-12-10 10:35:30.3900",3280,"Astor Place",40.71928220070702,-74.07126188278198,3206,"Hilltop",40.7311689,-74.0575736,29208,"Subscriber",1988,1
349,"2018-12-10 15:06:01.6910","2018-12-10 15:11:51.6710",3280,"Astor Place",40.71928220070702,-74.07126188278198,3195,"Sip Ave",40.73074262530658,-74.06378388404846,29642,"Subscriber",1987,1
278,"2018-12-10 15:13:39.3220","2018-12-10 15:18:18.1470",3280,"Astor Place",40.71928220070702,-74.07126188278198,3194,"McGinley Square",40.7253399253558,-74.06762212514877,29216,"Subscriber",1960,1
581,"2018-12-10 21:23:41.2500","2018-12-10 21:33:23.0720",3280,"Astor Place",40.71928220070702,-74.07126188278198,3640,"Journal Square",40.73367,-74.0625,29681,"Subscriber",1984,1
447,"2018-12-11 05:07:12.5030","2018-12-11 05:14:40.1140",3280,"Astor Place",40.71928220070702,-74.07126188278198,3195,"Sip Ave",40.73074262530658,-74.06378388404846,26193,"Subscriber",1983,1
526,"2018-12-11 06:16:17.2700","2018-12-11 06:25:03.8820",3280,"Astor Place",40.71928220070702,-74.07126188278198,3195,"Sip Ave",40.73074262530658,-74.06378388404846,29681,"Subscriber",1960,1
468,"2018-12-11 06:50:28.8540","2018-12-11 06:58:17.2690",3280,"Astor Place",40.71928220070702,-74.07126188278198,3192,"Liberty Light Rail",40.7112423,-74.0557013,29251,"Subscriber",1956,1
365,"2018-12-11 07:21:45.5320","2018-12-11 07:27:50.8140",3280,"Astor Place",40.71928220070702,-74.07126188278198,3195,"Sip Ave",40.73074262530658,-74.06378388404846,29642,"Subscriber",1987,1
459,"2018-12-11 08:09:56.2390","2018-12-11 08:17:35.4250",3280,"Astor Place",40.71928220070702,-74.07126188278198,3195,"Sip Ave",40.73074262530658,-74.06378388404846,29513,"Customer",1986,1
487,"2018-12-11 08:16:38.4600","2018-12-11 08:24:45.7610",3280,"Astor Place",40.71928220070702,-74.07126188278198,3195,"Sip Ave",40.73074262530658,-74.06378388404846,26151,"Subscriber",1983,1
278,"2018-12-11 08:47:21.4370","2018-12-11 08:52:00.3670",3280,"Astor Place",40.71928220070702,-74.07126188278198,3194,"McGinley Square",40.7253399253558,-74.06762212514877,29481,"Subscriber",1982,2
354,"2018-12-11 10:10:45.3600","2018-12-11 10:16:39.7010",3280,"Astor Place",40.71928220070702,-74.07126188278198,3194,"McGinley Square",40.7253399253558,-74.06762212514877,26301,"Subscriber",1988,1
343,"2018-12-11 19:11:08.1830","2018-12-11 19:16:52.0890",3280,"Astor Place",40.71928220070702,-74.07126188278198,3195,"Sip Ave",40.73074262530658,-74.06378388404846,29442,"Subscriber",1987,1
389,"2018-12-12 05:11:16.4810","2018-12-12 05:17:45.7080",3280,"Astor Place",40.71928220070702,-74.07126188278198,3195,"Sip Ave",40.73074262530658,-74.06378388404846,29205,"Subscriber",1983,1
425,"2018-12-12 06:06:34.6410","2018-12-12 06:13:40.3050",3280,"Astor Place",40.71928220070702,-74.07126188278198,3195,"Sip Ave",40.73074262530658,-74.06378388404846,29553,"Subscriber",1976,1
418,"2018-12-12 06:51:22.6540","2018-12-12 06:58:20.8280",3280,"Astor Place",40.71928220070702,-74.07126188278198,3192,"Liberty Light Rail",40.7112423,-74.0557013,26300,"Subscriber",1956,1
494,"2018-12-12 08:12:41.2760","2018-12-12 08:20:55.9500",3280,"Astor Place",40.71928220070702,-74.07126188278198,3195,"Sip Ave",40.73074262530658,-74.06378388404846,29662,"Subscriber",1983,1
392,"2018-12-12 08:37:27.6360","2018-12-12 08:44:00.4480",3280,"Astor Place",40.71928220070702,-74.07126188278198,3195,"Sip Ave",40.73074262530658,-74.06378388404846,29485,"Subscriber",1987,2
461,"2018-12-12 08:53:40.8360","2018-12-12 09:01:22.1190",3280,"Astor Place",40.71928220070702,-74.07126188278198,3195,"Sip Ave",40.73074262530658,-74.06378388404846,29211,"Subscriber",1982,2
455,"2018-12-12 09:10:55.4440","2018-12-12 09:18:30.9970",3280,"Astor Place",40.71928220070702,-74.07126188278198,3195,"Sip Ave",40.73074262530658,-74.06378388404846,29505,"Subscriber",1984,1
351,"2018-12-12 09:50:11.7910","2018-12-12 09:56:03.3530",3280,"Astor Place",40.71928220070702,-74.07126188278198,3195,"Sip Ave",40.73074262530658,-74.06378388404846,29205,"Subscriber",1987,1
348,"2018-12-12 11:20:59.4260","2018-12-12 11:26:47.8150",3280,"Astor Place",40.71928220070702,-74.07126188278198,3195,"Sip Ave",40.73074262530658,-74.06378388404846,26188,"Subscriber",1988,1
357,"2018-12-12 16:06:49.0900","2018-12-12 16:12:46.6980",3280,"Astor Place",40.71928220070702,-74.07126188278198,3195,"Sip Ave",40.73074262530658,-74.06378388404846,29642,"Subscriber",1987,1
576,"2018-12-12 18:51:58.4410","2018-12-12 19:01:34.6680",3280,"Astor Place",40.71928220070702,-74.07126188278198,3195,"Sip Ave",40.73074262530658,-74.06378388404846,29642,"Subscriber",1953,2
417,"2018-12-13 05:07:23.1000","2018-12-13 05:14:20.7090",3280,"Astor Place",40.71928220070702,-74.07126188278198,3195,"Sip Ave",40.73074262530658,-74.06378388404846,29525,"Subscriber",1983,1
497,"2018-12-13 06:07:43.7240","2018-12-13 06:16:00.7610",3280,"Astor Place",40.71928220070702,-74.07126188278198,3195,"Sip Ave",40.73074262530658,-74.06378388404846,26161,"Subscriber",1976,1
434,"2018-12-13 06:11:53.3320","2018-12-13 06:19:08.1540",3280,"Astor Place",40.71928220070702,-74.07126188278198,3195,"Sip Ave",40.73074262530658,-74.06378388404846,29249,"Subscriber",1987,1
425,"2018-12-13 06:36:41.3150","2018-12-13 06:43:46.3300",3280,"Astor Place",40.71928220070702,-74.07126188278198,3192,"Liberty Light Rail",40.7112423,-74.0557013,29234,"Subscriber",1956,1
517,"2018-12-13 07:58:07.0020","2018-12-13 08:06:44.5620",3280,"Astor Place",40.71928220070702,-74.07126188278198,3195,"Sip Ave",40.73074262530658,-74.06378388404846,26171,"Subscriber",1983,1
471,"2018-12-13 08:19:31.2730","2018-12-13 08:27:23.2190",3280,"Astor Place",40.71928220070702,-74.07126188278198,3195,"Sip Ave",40.73074262530658,-74.06378388404846,26151,"Customer",1969,0
442,"2018-12-13 08:34:34.2980","2018-12-13 08:41:56.8160",3280,"Astor Place",40.71928220070702,-74.07126188278198,3195,"Sip Ave",40.73074262530658,-74.06378388404846,26309,"Subscriber",1987,2
523,"2018-12-13 09:06:58.7250","2018-12-13 09:15:41.9140",3280,"Astor Place",40.71928220070702,-74.07126188278198,3195,"Sip Ave",40.73074262530658,-74.06378388404846,26200,"Subscriber",1984,1
332,"2018-12-13 11:21:09.7210","2018-12-13 11:26:42.6320",3280,"Astor Place",40.71928220070702,-74.07126188278198,3195,"Sip Ave",40.73074262530658,-74.06378388404846,29298,"Subscriber",1988,1
401,"2018-12-13 14:16:08.3240","2018-12-13 14:22:49.3720",3280,"Astor Place",40.71928220070702,-74.07126188278198,3195,"Sip Ave",40.73074262530658,-74.06378388404846,26200,"Subscriber",1987,1
1246,"2018-12-13 14:27:20.3780","2018-12-13 14:48:07.0350",3280,"Astor Place",40.71928220070702,-74.07126188278198,3210,"Pershing Field",40.742677141,-74.051788633,29628,"Subscriber",1953,2
638,"2018-12-13 21:09:37.5670","2018-12-13 21:20:16.3850",3280,"Astor Place",40.71928220070702,-74.07126188278198,3640,"Journal Square",40.73367,-74.0625,26299,"Subscriber",1984,1
443,"2018-12-14 05:07:51.7930","2018-12-14 05:15:15.3030",3280,"Astor Place",40.71928220070702,-74.07126188278198,3195,"Sip Ave",40.73074262530658,-74.06378388404846,29276,"Subscriber",1983,1
494,"2018-12-14 06:40:13.7510","2018-12-14 06:48:28.2420",3280,"Astor Place",40.71928220070702,-74.07126188278198,3192,"Liberty Light Rail",40.7112423,-74.0557013,29513,"Subscriber",1956,1
1966,"2018-12-14 07:12:48.6070","2018-12-14 07:45:35.1850",3280,"Astor Place",40.71928220070702,-74.07126188278198,304,"Broadway & Battery Pl",40.70463334,-74.01361706,29251,"Subscriber",1984,1
550,"2018-12-14 08:01:38.7150","2018-12-14 08:10:49.5650",3280,"Astor Place",40.71928220070702,-74.07126188278198,3195,"Sip Ave",40.73074262530658,-74.06378388404846,29523,"Subscriber",1983,1
443,"2018-12-14 10:32:32.1230","2018-12-14 10:39:55.9310",3280,"Astor Place",40.71928220070702,-74.07126188278198,3195,"Sip Ave",40.73074262530658,-74.06378388404846,29249,"Subscriber",1960,1
446,"2018-12-14 10:39:16.7930","2018-12-14 10:46:43.0360",3280,"Astor Place",40.71928220070702,-74.07126188278198,3205,"JC Medical Center",40.71653978099194,-74.0496379137039,29258,"Subscriber",1988,1
413,"2018-12-14 12:05:34.2660","2018-12-14 12:12:28.2020",3280,"Astor Place",40.71928220070702,-74.07126188278198,3195,"Sip Ave",40.73074262530658,-74.06378388404846,29603,"Subscriber",1982,2
434,"2018-12-14 13:49:46.6770","2018-12-14 13:57:01.3850",3280,"Astor Place",40.71928220070702,-74.07126188278198,3195,"Sip Ave",40.73074262530658,-74.06378388404846,26183,"Subscriber",1993,1
295,"2018-12-14 14:00:13.3830","2018-12-14 14:05:08.4120",3280,"Astor Place",40.71928220070702,-74.07126188278198,3195,"Sip Ave",40.73074262530658,-74.06378388404846,26251,"Subscriber",1987,1
123,"2018-12-14 16:49:30.0540","2018-12-14 16:51:33.5060",3280,"Astor Place",40.71928220070702,-74.07126188278198,3679,"Bergen Ave",40.722103786686034,-74.07145500183105,29607,"Subscriber",1988,1
392,"2018-12-14 18:22:01.5500","2018-12-14 18:28:34.4800",3280,"Astor Place",40.71928220070702,-74.07126188278198,3195,"Sip Ave",40.73074262530658,-74.06378388404846,29607,"Subscriber",1988,1
362,"2018-12-14 20:32:55.1820","2018-12-14 20:38:57.5610",3280,"Astor Place",40.71928220070702,-74.07126188278198,3268,"Lafayette Park",40.71346382669195,-74.06285852193832,29482,"Subscriber",1994,1
346,"2018-12-15 09:20:14.2240","2018-12-15 09:26:01.1950",3280,"Astor Place",40.71928220070702,-74.07126188278198,3195,"Sip Ave",40.73074262530658,-74.06378388404846,26175,"Subscriber",1987,1
336,"2018-12-15 11:08:46.3680","2018-12-15 11:14:23.3130",3280,"Astor Place",40.71928220070702,-74.07126188278198,3195,"Sip Ave",40.73074262530658,-74.06378388404846,29551,"Subscriber",1988,1
476,"2018-12-15 12:28:47.1880","2018-12-15 12:36:43.8000",3280,"Astor Place",40.71928220070702,-74.07126188278198,3195,"Sip Ave",40.73074262530658,-74.06378388404846,29441,"Subscriber",1960,1
670,"2018-12-15 15:21:46.3080","2018-12-15 15:32:57.0950",3280,"Astor Place",40.71928220070702,-74.07126188278198,3185,"City Hall",40.7177325,-74.043845,29200,"Subscriber",1982,2
640,"2018-12-15 17:15:09.5940","2018-12-15 17:25:50.5670",3280,"Astor Place",40.71928220070702,-74.07126188278198,3195,"Sip Ave",40.73074262530658,-74.06378388404846,29662,"Subscriber",1953,2
367,"2018-12-15 20:22:30.6490","2018-12-15 20:28:38.6460",3280,"Astor Place",40.71928220070702,-74.07126188278198,3195,"Sip Ave",40.73074262530658,-74.06378388404846,29607,"Subscriber",1994,1
293,"2018-12-16 12:30:19.5510","2018-12-16 12:35:13.0430",3280,"Astor Place",40.71928220070702,-74.07126188278198,3195,"Sip Ave",40.73074262530658,-74.06378388404846,29642,"Subscriber",1987,1
405,"2018-12-17 05:09:44.0610","2018-12-17 05:16:29.1510",3280,"Astor Place",40.71928220070702,-74.07126188278198,3195,"Sip Ave",40.73074262530658,-74.06378388404846,29276,"Subscriber",1983,1
517,"2018-12-17 07:50:35.3970","2018-12-17 07:59:12.7640",3280,"Astor Place",40.71928220070702,-74.07126188278198,3195,"Sip Ave",40.73074262530658,-74.06378388404846,29241,"Subscriber",1960,1
527,"2018-12-17 08:00:03.0220","2018-12-17 08:08:50.0230",3280,"Astor Place",40.71928220070702,-74.07126188278198,3195,"Sip Ave",40.73074262530658,-74.06378388404846,29266,"Subscriber",1983,1
943,"2018-12-17 08:29:58.8470","2018-12-17 08:45:42.0600",3280,"Astor Place",40.71928220070702,-74.07126188278198,3186,"Grove St PATH",40.71958611647166,-74.04311746358871,29662,"Subscriber",1981,1
423,"2018-12-17 08:35:50.1500","2018-12-17 08:42:53.4820",3280,"Astor Place",40.71928220070702,-74.07126188278198,3195,"Sip Ave",40.73074262530658,-74.06378388404846,29677,"Subscriber",1987,2
488,"2018-12-17 09:03:47.6310","2018-12-17 09:11:55.9940",3280,"Astor Place",40.71928220070702,-74.07126188278198,3195,"Sip Ave",40.73074262530658,-74.06378388404846,29472,"Subscriber",1984,1
399,"2018-12-17 14:28:05.1290","2018-12-17 14:34:44.7610",3280,"Astor Place",40.71928220070702,-74.07126188278198,3195,"Sip Ave",40.73074262530658,-74.06378388404846,26174,"Subscriber",1987,1
619,"2018-12-17 19:46:26.4660","2018-12-17 19:56:45.6720",3280,"Astor Place",40.71928220070702,-74.07126188278198,3195,"Sip Ave",40.73074262530658,-74.06378388404846,29495,"Subscriber",1953,2
405,"2018-12-18 05:11:30.2440","2018-12-18 05:18:15.5000",3280,"Astor Place",40.71928220070702,-74.07126188278198,3195,"Sip Ave",40.73074262530658,-74.06378388404846,29614,"Subscriber",1983,1
383,"2018-12-18 06:16:28.5130","2018-12-18 06:22:51.6840",3280,"Astor Place",40.71928220070702,-74.07126188278198,3195,"Sip Ave",40.73074262530658,-74.06378388404846,29289,"Subscriber",1976,1
542,"2018-12-18 06:22:37.8200","2018-12-18 06:31:40.1260",3280,"Astor Place",40.71928220070702,-74.07126188278198,3195,"Sip Ave",40.73074262530658,-74.06378388404846,26306,"Subscriber",1960,1
501,"2018-12-18 06:43:53.2860","2018-12-18 06:52:14.3440",3280,"Astor Place",40.71928220070702,-74.07126188278198,3192,"Liberty Light Rail",40.7112423,-74.0557013,26223,"Subscriber",1956,1
505,"2018-12-18 07:53:36.0430","2018-12-18 08:02:01.8830",3280,"Astor Place",40.71928220070702,-74.07126188278198,3195,"Sip Ave",40.73074262530658,-74.06378388404846,29642,"Subscriber",1984,1
519,"2018-12-18 08:03:55.1110","2018-12-18 08:12:34.3030",3280,"Astor Place",40.71928220070702,-74.07126188278198,3195,"Sip Ave",40.73074262530658,-74.06378388404846,29272,"Subscriber",1983,1
307,"2018-12-18 08:38:39.2130","2018-12-18 08:43:47.1360",3280,"Astor Place",40.71928220070702,-74.07126188278198,3194,"McGinley Square",40.7253399253558,-74.06762212514877,29535,"Subscriber",1982,2
417,"2018-12-18 08:39:36.2470","2018-12-18 08:46:33.9540",3280,"Astor Place",40.71928220070702,-74.07126188278198,3195,"Sip Ave",40.73074262530658,-74.06378388404846,29455,"Subscriber",1987,2
391,"2018-12-18 12:29:15.1070","2018-12-18 12:35:46.2210",3280,"Astor Place",40.71928220070702,-74.07126188278198,3195,"Sip Ave",40.73074262530658,-74.06378388404846,29534,"Subscriber",1988,1
344,"2018-12-18 17:11:41.3610","2018-12-18 17:17:26.2460",3280,"Astor Place",40.71928220070702,-74.07126188278198,3195,"Sip Ave",40.73074262530658,-74.06378388404846,29218,"Subscriber",1987,1
401,"2018-12-19 05:10:02.1480","2018-12-19 05:16:43.7660",3280,"Astor Place",40.71928220070702,-74.07126188278198,3195,"Sip Ave",40.73074262530658,-74.06378388404846,26306,"Subscriber",1983,1
393,"2018-12-19 06:29:02.2550","2018-12-19 06:35:35.5780",3280,"Astor Place",40.71928220070702,-74.07126188278198,3195,"Sip Ave",40.73074262530658,-74.06378388404846,29259,"Subscriber",1976,1
21012,"2018-12-19 06:38:53.9670","2018-12-19 12:29:06.3520",3280,"Astor Place",40.71928220070702,-74.07126188278198,3192,"Liberty Light Rail",40.7112423,-74.0557013,29233,"Subscriber",1956,1
507,"2018-12-19 08:17:10.7540","2018-12-19 08:25:38.0470",3280,"Astor Place",40.71928220070702,-74.07126188278198,3195,"Sip Ave",40.73074262530658,-74.06378388404846,26281,"Customer",1969,0
529,"2018-12-19 08:40:06.6900","2018-12-19 08:48:56.4410",3280,"Astor Place",40.71928220070702,-74.07126188278198,3195,"Sip Ave",40.73074262530658,-74.06378388404846,29532,"Subscriber",1960,1
454,"2018-12-19 08:42:50.7600","2018-12-19 08:50:25.5830",3280,"Astor Place",40.71928220070702,-74.07126188278198,3195,"Sip Ave",40.73074262530658,-74.06378388404846,29266,"Subscriber",1987,2
347,"2018-12-20 05:12:23.2050","2018-12-20 05:18:10.8970",3280,"Astor Place",40.71928220070702,-74.07126188278198,3195,"Sip Ave",40.73074262530658,-74.06378388404846,29642,"Subscriber",1983,1
449,"2018-12-20 06:38:19.1410","2018-12-20 06:45:48.2910",3280,"Astor Place",40.71928220070702,-74.07126188278198,3192,"Liberty Light Rail",40.7112423,-74.0557013,26266,"Subscriber",1956,1
473,"2018-12-20 07:59:16.7910","2018-12-20 08:07:10.6660",3280,"Astor Place",40.71928220070702,-74.07126188278198,3195,"Sip Ave",40.73074262530658,-74.06378388404846,29211,"Subscriber",1983,1
507,"2018-12-20 08:10:10.2650","2018-12-20 08:18:38.2000",3280,"Astor Place",40.71928220070702,-74.07126188278198,3195,"Sip Ave",40.73074262530658,-74.06378388404846,29663,"Customer",1969,0
465,"2018-12-20 08:14:27.8840","2018-12-20 08:22:13.3800",3280,"Astor Place",40.71928220070702,-74.07126188278198,3195,"Sip Ave",40.73074262530658,-74.06378388404846,29230,"Customer",1986,1
468,"2018-12-20 08:57:24.6810","2018-12-20 09:05:13.3270",3280,"Astor Place",40.71928220070702,-74.07126188278198,3195,"Sip Ave",40.73074262530658,-74.06378388404846,29289,"Subscriber",1982,2
968,"2018-12-20 09:55:45.3140","2018-12-20 10:11:53.3550",3280,"Astor Place",40.71928220070702,-74.07126188278198,3278,"Monmouth and 6th",40.72568548362901,-74.04879033565521,26161,"Subscriber",1957,1
378,"2018-12-20 10:02:47.8110","2018-12-20 10:09:05.8400",3280,"Astor Place",40.71928220070702,-74.07126188278198,3678,"Fairmount Ave",40.72572613742557,-74.07195925712585,29222,"Subscriber",1953,2
383,"2018-12-21 08:15:46.8440","2018-12-21 08:22:10.3620",3280,"Astor Place",40.71928220070702,-74.07126188278198,3195,"Sip Ave",40.73074262530658,-74.06378388404846,29289,"Customer",1986,1
476,"2018-12-21 08:18:23.9520","2018-12-21 08:26:20.1130",3280,"Astor Place",40.71928220070702,-74.07126188278198,3195,"Sip Ave",40.73074262530658,-74.06378388404846,26167,"Subscriber",1983,1
444,"2018-12-21 14:36:34.8930","2018-12-21 14:43:59.3650",3280,"Astor Place",40.71928220070702,-74.07126188278198,3195,"Sip Ave",40.73074262530658,-74.06378388404846,29289,"Subscriber",1994,1
419,"2018-12-21 15:15:43.1940","2018-12-21 15:22:43.0100",3280,"Astor Place",40.71928220070702,-74.07126188278198,3195,"Sip Ave",40.73074262530658,-74.06378388404846,29547,"Subscriber",1987,1
470,"2018-12-21 16:07:50.1960","2018-12-21 16:15:41.1230",3280,"Astor Place",40.71928220070702,-74.07126188278198,3195,"Sip Ave",40.73074262530658,-74.06378388404846,29595,"Subscriber",1953,2
335,"2018-12-21 16:51:41.4980","2018-12-21 16:57:17.4440",3280,"Astor Place",40.71928220070702,-74.07126188278198,3195,"Sip Ave",40.73074262530658,-74.06378388404846,29444,"Subscriber",1988,1
334,"2018-12-22 09:12:22.9200","2018-12-22 09:17:57.7740",3280,"Astor Place",40.71928220070702,-74.07126188278198,3195,"Sip Ave",40.73074262530658,-74.06378388404846,29260,"Subscriber",1987,1
347,"2018-12-22 10:20:16.4840","2018-12-22 10:26:03.7900",3280,"Astor Place",40.71928220070702,-74.07126188278198,3195,"Sip Ave",40.73074262530658,-74.06378388404846,29487,"Subscriber",1988,1
437,"2018-12-22 11:07:42.4980","2018-12-22 11:14:59.9570",3280,"Astor Place",40.71928220070702,-74.07126188278198,3195,"Sip Ave",40.73074262530658,-74.06378388404846,29595,"Subscriber",1982,2
376,"2018-12-22 14:12:37.9740","2018-12-22 14:18:54.8370",3280,"Astor Place",40.71928220070702,-74.07126188278198,3195,"Sip Ave",40.73074262530658,-74.06378388404846,29260,"Subscriber",1978,1
975,"2018-12-22 17:06:17.1000","2018-12-22 17:22:32.9790",3280,"Astor Place",40.71928220070702,-74.07126188278198,3211,"Newark Ave",40.72152515,-74.046304543,26160,"Subscriber",1953,2
442,"2018-12-22 17:20:59.5620","2018-12-22 17:28:22.3330",3280,"Astor Place",40.71928220070702,-74.07126188278198,3195,"Sip Ave",40.73074262530658,-74.06378388404846,29281,"Subscriber",1960,1
1433,"2018-12-22 17:21:59.0220","2018-12-22 17:45:52.8930",3280,"Astor Place",40.71928220070702,-74.07126188278198,3209,"Brunswick St",40.7241765,-74.0506564,29455,"Customer",1996,1
214,"2018-12-23 09:37:21.9770","2018-12-23 09:40:56.1310",3280,"Astor Place",40.71928220070702,-74.07126188278198,3194,"McGinley Square",40.7253399253558,-74.06762212514877,29444,"Subscriber",1988,1
414,"2018-12-23 11:04:51.7090","2018-12-23 11:11:45.7220",3280,"Astor Place",40.71928220070702,-74.07126188278198,3195,"Sip Ave",40.73074262530658,-74.06378388404846,26284,"Subscriber",1982,2
966,"2018-12-23 14:02:01.6730","2018-12-23 14:18:07.7160",3280,"Astor Place",40.71928220070702,-74.07126188278198,3185,"City Hall",40.7177325,-74.043845,29438,"Subscriber",1960,1
421,"2018-12-23 17:31:13.2830","2018-12-23 17:38:14.5190",3280,"Astor Place",40.71928220070702,-74.07126188278198,3195,"Sip Ave",40.73074262530658,-74.06378388404846,29444,"Subscriber",1988,1
477,"2018-12-24 08:17:27.4400","2018-12-24 08:25:25.0970",3280,"Astor Place",40.71928220070702,-74.07126188278198,3195,"Sip Ave",40.73074262530658,-74.06378388404846,29208,"Customer",1969,0
584,"2018-12-24 08:33:09.6750","2018-12-24 08:42:54.0860",3280,"Astor Place",40.71928220070702,-74.07126188278198,3195,"Sip Ave",40.73074262530658,-74.06378388404846,29265,"Subscriber",1959,1
418,"2018-12-24 08:50:37.2180","2018-12-24 08:57:35.2210",3280,"Astor Place",40.71928220070702,-74.07126188278198,3195,"Sip Ave",40.73074262530658,-74.06378388404846,29306,"Subscriber",1982,2
390,"2018-12-25 10:21:54.4370","2018-12-25 10:28:24.5680",3280,"Astor Place",40.71928220070702,-74.07126188278198,3195,"Sip Ave",40.73074262530658,-74.06378388404846,29497,"Subscriber",1982,2
352,"2018-12-25 15:34:23.2050","2018-12-25 15:40:16.0620",3280,"Astor Place",40.71928220070702,-74.07126188278198,3694,"Jackson Square",40.71113,-74.0789,29540,"Subscriber",1983,2
336,"2018-12-25 16:36:14.7870","2018-12-25 16:41:51.3350",3280,"Astor Place",40.71928220070702,-74.07126188278198,3195,"Sip Ave",40.73074262530658,-74.06378388404846,26247,"Subscriber",1987,1
388,"2018-12-26 05:08:43.5330","2018-12-26 05:15:12.1480",3280,"Astor Place",40.71928220070702,-74.07126188278198,3195,"Sip Ave",40.73074262530658,-74.06378388404846,26241,"Subscriber",1983,1
512,"2018-12-26 06:39:02.8700","2018-12-26 06:47:35.0580",3280,"Astor Place",40.71928220070702,-74.07126188278198,3192,"Liberty Light Rail",40.7112423,-74.0557013,26245,"Subscriber",1956,1
529,"2018-12-26 08:10:23.8960","2018-12-26 08:19:13.6350",3280,"Astor Place",40.71928220070702,-74.07126188278198,3195,"Sip Ave",40.73074262530658,-74.06378388404846,29285,"Subscriber",1959,1
369,"2018-12-26 08:12:13.1790","2018-12-26 08:18:22.5270",3280,"Astor Place",40.71928220070702,-74.07126188278198,3195,"Sip Ave",40.73074262530658,-74.06378388404846,29260,"Subscriber",1985,2
459,"2018-12-26 08:23:30.1050","2018-12-26 08:31:09.4900",3280,"Astor Place",40.71928220070702,-74.07126188278198,3195,"Sip Ave",40.73074262530658,-74.06378388404846,29544,"Customer",1969,0
778,"2018-12-26 12:15:07.2810","2018-12-26 12:28:05.7240",3280,"Astor Place",40.71928220070702,-74.07126188278198,3195,"Sip Ave",40.73074262530658,-74.06378388404846,29246,"Subscriber",1960,1
372,"2018-12-26 15:10:39.3660","2018-12-26 15:16:52.3630",3280,"Astor Place",40.71928220070702,-74.07126188278198,3195,"Sip Ave",40.73074262530658,-74.06378388404846,29588,"Subscriber",1988,1
453,"2018-12-26 18:07:55.2580","2018-12-26 18:15:28.9000",3280,"Astor Place",40.71928220070702,-74.07126188278198,3195,"Sip Ave",40.73074262530658,-74.06378388404846,29679,"Subscriber",1982,2
1225,"2018-12-26 18:28:05.1880","2018-12-26 18:48:30.8010",3280,"Astor Place",40.71928220070702,-74.07126188278198,3210,"Pershing Field",40.742677141,-74.051788633,26257,"Subscriber",1953,2
186,"2018-12-26 19:06:05.2990","2018-12-26 19:09:11.7520",3280,"Astor Place",40.71928220070702,-74.07126188278198,3194,"McGinley Square",40.7253399253558,-74.06762212514877,26247,"Subscriber",1987,1
329,"2018-12-26 20:28:39.7380","2018-12-26 20:34:09.6110",3280,"Astor Place",40.71928220070702,-74.07126188278198,3268,"Lafayette Park",40.71346382669195,-74.06285852193832,29588,"Subscriber",1994,1
357,"2018-12-27 05:14:59.2140","2018-12-27 05:20:56.5430",3280,"Astor Place",40.71928220070702,-74.07126188278198,3195,"Sip Ave",40.73074262530658,-74.06378388404846,29497,"Subscriber",1983,1
593,"2018-12-27 06:32:13.2790","2018-12-27 06:42:06.7590",3280,"Astor Place",40.71928220070702,-74.07126188278198,3192,"Liberty Light Rail",40.7112423,-74.0557013,29234,"Subscriber",1956,1
470,"2018-12-27 07:05:58.7100","2018-12-27 07:13:49.1750",3280,"Astor Place",40.71928220070702,-74.07126188278198,3195,"Sip Ave",40.73074262530658,-74.06378388404846,29671,"Subscriber",1971,1
306,"2018-12-27 07:17:13.2320","2018-12-27 07:22:19.4070",3280,"Astor Place",40.71928220070702,-74.07126188278198,3195,"Sip Ave",40.73074262530658,-74.06378388404846,26247,"Subscriber",1987,1
592,"2018-12-27 07:47:03.0300","2018-12-27 07:56:56.0150",3280,"Astor Place",40.71928220070702,-74.07126188278198,3195,"Sip Ave",40.73074262530658,-74.06378388404846,26257,"Subscriber",1960,1
484,"2018-12-27 08:01:10.7290","2018-12-27 08:09:14.7600",3280,"Astor Place",40.71928220070702,-74.07126188278198,3195,"Sip Ave",40.73074262530658,-74.06378388404846,29211,"Subscriber",1983,1
514,"2018-12-27 08:13:43.0270","2018-12-27 08:22:17.0280",3280,"Astor Place",40.71928220070702,-74.07126188278198,3195,"Sip Ave",40.73074262530658,-74.06378388404846,26293,"Customer",1969,0
363,"2018-12-27 09:19:56.0150","2018-12-27 09:25:59.7700",3280,"Astor Place",40.71928220070702,-74.07126188278198,3195,"Sip Ave",40.73074262530658,-74.06378388404846,29246,"Subscriber",1986,1
389,"2018-12-27 09:39:20.6050","2018-12-27 09:45:49.6530",3280,"Astor Place",40.71928220070702,-74.07126188278198,3195,"Sip Ave",40.73074262530658,-74.06378388404846,26292,"Subscriber",1994,1
478,"2018-12-27 10:46:19.8490","2018-12-27 10:54:18.5190",3280,"Astor Place",40.71928220070702,-74.07126188278198,3195,"Sip Ave",40.73074262530658,-74.06378388404846,29513,"Customer",1986,1
325,"2018-12-27 11:21:11.7420","2018-12-27 11:26:37.7050",3280,"Astor Place",40.71928220070702,-74.07126188278198,3195,"Sip Ave",40.73074262530658,-74.06378388404846,29678,"Subscriber",1988,1
400,"2018-12-28 05:07:57.2500","2018-12-28 05:14:37.2590",3280,"Astor Place",40.71928220070702,-74.07126188278198,3195,"Sip Ave",40.73074262530658,-74.06378388404846,29453,"Subscriber",1983,1
414,"2018-12-28 16:00:41.6210","2018-12-28 16:07:35.6720",3280,"Astor Place",40.71928220070702,-74.07126188278198,3195,"Sip Ave",40.73074262530658,-74.06378388404846,29678,"Subscriber",1988,1
398,"2018-12-29 06:54:02.2110","2018-12-29 07:00:40.6490",3280,"Astor Place",40.71928220070702,-74.07126188278198,3195,"Sip Ave",40.73074262530658,-74.06378388404846,29527,"Subscriber",1970,1
528,"2018-12-29 08:23:37.7200","2018-12-29 08:32:25.9360",3280,"Astor Place",40.71928220070702,-74.07126188278198,3195,"Sip Ave",40.73074262530658,-74.06378388404846,29498,"Subscriber",1960,1
671,"2018-12-29 18:46:08.5070","2018-12-29 18:57:20.4240",3280,"Astor Place",40.71928220070702,-74.07126188278198,3213,"Van Vorst Park",40.71848892,-74.047726625,29461,"Subscriber",1982,2
198,"2018-12-29 19:08:44.3200","2018-12-29 19:12:03.2070",3280,"Astor Place",40.71928220070702,-74.07126188278198,3194,"McGinley Square",40.7253399253558,-74.06762212514877,26299,"Subscriber",1987,1
1369,"2018-12-29 21:29:20.8890","2018-12-29 21:52:09.9820",3280,"Astor Place",40.71928220070702,-74.07126188278198,3195,"Sip Ave",40.73074262530658,-74.06378388404846,29508,"Subscriber",1995,1
306,"2018-12-30 01:26:23.6690","2018-12-30 01:31:30.5210",3280,"Astor Place",40.71928220070702,-74.07126188278198,3191,"Union St",40.7182113,-74.0836394,29453,"Subscriber",1988,1
216,"2018-12-30 09:34:00.6180","2018-12-30 09:37:37.1210",3280,"Astor Place",40.71928220070702,-74.07126188278198,3194,"McGinley Square",40.7253399253558,-74.06762212514877,29453,"Subscriber",1988,1
433,"2018-12-30 09:52:21.9860","2018-12-30 09:59:35.8270",3280,"Astor Place",40.71928220070702,-74.07126188278198,3195,"Sip Ave",40.73074262530658,-74.06378388404846,26309,"Subscriber",1970,1
971,"2018-12-30 09:57:03.6980","2018-12-30 10:13:15.1810",3280,"Astor Place",40.71928220070702,-74.07126188278198,3195,"Sip Ave",40.73074262530658,-74.06378388404846,26242,"Subscriber",1959,1
843,"2018-12-30 14:26:38.6840","2018-12-30 14:40:41.7010",3280,"Astor Place",40.71928220070702,-74.07126188278198,3273,"Manila & 1st",40.721650724879986,-74.04288411140442,29497,"Subscriber",1960,1
1144,"2018-12-30 15:46:54.5640","2018-12-30 16:05:58.6090",3280,"Astor Place",40.71928220070702,-74.07126188278198,3210,"Pershing Field",40.742677141,-74.051788633,29593,"Subscriber",1953,2
183,"2018-12-30 16:25:54.6350","2018-12-30 16:28:58.1220",3280,"Astor Place",40.71928220070702,-74.07126188278198,3194,"McGinley Square",40.7253399253558,-74.06762212514877,29218,"Subscriber",1994,1
336,"2018-12-30 17:54:00.5590","2018-12-30 17:59:36.8280",3280,"Astor Place",40.71928220070702,-74.07126188278198,3195,"Sip Ave",40.73074262530658,-74.06378388404846,29218,"Subscriber",1994,1
224,"2018-12-30 22:29:06.6540","2018-12-30 22:32:51.5900",3280,"Astor Place",40.71928220070702,-74.07126188278198,3225,"Baldwin at Montgomery",40.7236589,-74.0641943,26299,"Subscriber",1988,1
641,"2018-12-31 07:33:10.9710","2018-12-31 07:43:52.8060",3280,"Astor Place",40.71928220070702,-74.07126188278198,3195,"Sip Ave",40.73074262530658,-74.06378388404846,26161,"Subscriber",1959,1
449,"2018-12-31 09:00:34.8100","2018-12-31 09:08:04.6410",3280,"Astor Place",40.71928220070702,-74.07126188278198,3195,"Sip Ave",40.73074262530658,-74.06378388404846,29527,"Subscriber",1982,2
399,"2018-12-31 09:03:59.4130","2018-12-31 09:10:38.5600",3280,"Astor Place",40.71928220070702,-74.07126188278198,3195,"Sip Ave",40.73074262530658,-74.06378388404846,29619,"Subscriber",1970,1
449,"2018-12-31 11:21:18.7610","2018-12-31 11:28:47.8450",3280,"Astor Place",40.71928220070702,-74.07126188278198,3195,"Sip Ave",40.73074262530658,-74.06378388404846,29493,"Subscriber",1960,1
302,"2018-12-31 12:04:17.3500","2018-12-31 12:09:19.5660",3280,"Astor Place",40.71928220070702,-74.07126188278198,3195,"Sip Ave",40.73074262530658,-74.06378388404846,29208,"Subscriber",1987,1
483,"2018-12-31 16:39:24.9010","2018-12-31 16:47:28.1210",3280,"Astor Place",40.71928220070702,-74.07126188278198,3195,"Sip Ave",40.73074262530658,-74.06378388404846,29635,"Subscriber",1988,1
828,"2018-12-01 09:40:00.7640","2018-12-01 09:53:49.7220",3281,"Leonard Gordon Park",40.74590996631558,-74.0572714805603,3483,"Montgomery St",40.71942,-74.05099,29459,"Subscriber",1995,1
480,"2018-12-01 10:52:05.5440","2018-12-01 11:00:05.7300",3281,"Leonard Gordon Park",40.74590996631558,-74.0572714805603,3195,"Sip Ave",40.73074262530658,-74.06378388404846,29681,"Subscriber",1983,1
389,"2018-12-01 13:29:31.5530","2018-12-01 13:36:00.7210",3281,"Leonard Gordon Park",40.74590996631558,-74.0572714805603,3640,"Journal Square",40.73367,-74.0625,29276,"Subscriber",1969,1
360,"2018-12-01 15:49:56.1760","2018-12-01 15:55:56.8480",3281,"Leonard Gordon Park",40.74590996631558,-74.0572714805603,3640,"Journal Square",40.73367,-74.0625,29592,"Subscriber",1989,2
225,"2018-12-01 18:41:27.7370","2018-12-01 18:45:12.7620",3281,"Leonard Gordon Park",40.74590996631558,-74.0572714805603,3210,"Pershing Field",40.742677141,-74.051788633,29267,"Subscriber",1984,1
461,"2018-12-02 13:10:08.5390","2018-12-02 13:17:50.0690",3281,"Leonard Gordon Park",40.74590996631558,-74.0572714805603,3640,"Journal Square",40.73367,-74.0625,29467,"Subscriber",1998,2
420,"2018-12-03 06:39:47.5020","2018-12-03 06:46:48.0750",3281,"Leonard Gordon Park",40.74590996631558,-74.0572714805603,3195,"Sip Ave",40.73074262530658,-74.06378388404846,26203,"Subscriber",1980,1
551,"2018-12-03 08:09:22.7660","2018-12-03 08:18:34.5030",3281,"Leonard Gordon Park",40.74590996631558,-74.0572714805603,3640,"Journal Square",40.73367,-74.0625,29590,"Subscriber",1984,1
397,"2018-12-03 08:16:00.9150","2018-12-03 08:22:38.7370",3281,"Leonard Gordon Park",40.74590996631558,-74.0572714805603,3640,"Journal Square",40.73367,-74.0625,29531,"Subscriber",1995,1
1449,"2018-12-03 08:18:15.3140","2018-12-03 08:42:24.3200",3281,"Leonard Gordon Park",40.74590996631558,-74.0572714805603,3184,"Paulus Hook",40.7141454,-74.0335519,29467,"Subscriber",1976,1
454,"2018-12-03 08:23:53.4210","2018-12-03 08:31:28.0430",3281,"Leonard Gordon Park",40.74590996631558,-74.0572714805603,3640,"Journal Square",40.73367,-74.0625,29267,"Subscriber",1990,1
473,"2018-12-03 08:29:43.1200","2018-12-03 08:37:36.1550",3281,"Leonard Gordon Park",40.74590996631558,-74.0572714805603,3640,"Journal Square",40.73367,-74.0625,26217,"Subscriber",1972,1
829,"2018-12-03 13:03:52.1270","2018-12-03 13:17:41.9130",3281,"Leonard Gordon Park",40.74590996631558,-74.0572714805603,3210,"Pershing Field",40.742677141,-74.051788633,26170,"Subscriber",1973,1
588,"2018-12-03 13:23:10.2630","2018-12-03 13:32:58.5760",3281,"Leonard Gordon Park",40.74590996631558,-74.0572714805603,3195,"Sip Ave",40.73074262530658,-74.06378388404846,29611,"Subscriber",1983,1
412,"2018-12-03 13:33:56.9600","2018-12-03 13:40:49.0080",3281,"Leonard Gordon Park",40.74590996631558,-74.0572714805603,3198,"Heights Elevator",40.748715945380226,-74.04044330120087,29300,"Subscriber",1989,2
2286,"2018-12-03 18:36:08.6890","2018-12-03 19:14:15.3470",3281,"Leonard Gordon Park",40.74590996631558,-74.0572714805603,3210,"Pershing Field",40.742677141,-74.051788633,29669,"Subscriber",1976,1
386,"2018-12-04 06:23:02.0870","2018-12-04 06:29:28.6780",3281,"Leonard Gordon Park",40.74590996631558,-74.0572714805603,3195,"Sip Ave",40.73074262530658,-74.06378388404846,29672,"Subscriber",1980,1
1484,"2018-12-04 08:21:28.2660","2018-12-04 08:46:12.9100",3281,"Leonard Gordon Park",40.74590996631558,-74.0572714805603,3184,"Paulus Hook",40.7141454,-74.0335519,29669,"Subscriber",1976,1
16050,"2018-12-04 08:24:57.0470","2018-12-04 12:52:27.4130",3281,"Leonard Gordon Park",40.74590996631558,-74.0572714805603,3640,"Journal Square",40.73367,-74.0625,29222,"Subscriber",1990,1
432,"2018-12-04 08:27:19.5440","2018-12-04 08:34:32.3870",3281,"Leonard Gordon Park",40.74590996631558,-74.0572714805603,3640,"Journal Square",40.73367,-74.0625,29682,"Subscriber",1972,1
453,"2018-12-04 08:27:38.5260","2018-12-04 08:35:11.5470",3281,"Leonard Gordon Park",40.74590996631558,-74.0572714805603,3640,"Journal Square",40.73367,-74.0625,26262,"Subscriber",1984,1
521,"2018-12-04 08:33:20.3880","2018-12-04 08:42:02.3640",3281,"Leonard Gordon Park",40.74590996631558,-74.0572714805603,3640,"Journal Square",40.73367,-74.0625,26204,"Subscriber",1995,1
1251,"2018-12-04 08:38:53.1350","2018-12-04 08:59:44.9890",3281,"Leonard Gordon Park",40.74590996631558,-74.0572714805603,3183,"Exchange Place",40.7162469,-74.0334588,29453,"Subscriber",1987,1
578,"2018-12-04 08:45:26.3370","2018-12-04 08:55:04.7140",3281,"Leonard Gordon Park",40.74590996631558,-74.0572714805603,3640,"Journal Square",40.73367,-74.0625,29477,"Subscriber",1990,1
322,"2018-12-04 08:48:55.6250","2018-12-04 08:54:18.0130",3281,"Leonard Gordon Park",40.74590996631558,-74.0572714805603,3640,"Journal Square",40.73367,-74.0625,29474,"Subscriber",1977,1
1152,"2018-12-04 09:15:36.5290","2018-12-04 09:34:49.0790",3281,"Leonard Gordon Park",40.74590996631558,-74.0572714805603,3183,"Exchange Place",40.7162469,-74.0334588,26283,"Subscriber",1979,1
467,"2018-12-04 13:31:33.3670","2018-12-04 13:39:21.2490",3281,"Leonard Gordon Park",40.74590996631558,-74.0572714805603,3195,"Sip Ave",40.73074262530658,-74.06378388404846,26234,"Subscriber",1983,1
307,"2018-12-04 16:39:03.9790","2018-12-04 16:44:11.5800",3281,"Leonard Gordon Park",40.74590996631558,-74.0572714805603,3640,"Journal Square",40.73367,-74.0625,29661,"Subscriber",1989,2
2387,"2018-12-04 18:43:14.0990","2018-12-04 19:23:01.8420",3281,"Leonard Gordon Park",40.74590996631558,-74.0572714805603,3210,"Pershing Field",40.742677141,-74.051788633,26300,"Subscriber",1976,1
397,"2018-12-05 06:23:00.2830","2018-12-05 06:29:37.9750",3281,"Leonard Gordon Park",40.74590996631558,-74.0572714805603,3195,"Sip Ave",40.73074262530658,-74.06378388404846,29672,"Subscriber",1980,1
374,"2018-12-05 08:18:57.4830","2018-12-05 08:25:12.2110",3281,"Leonard Gordon Park",40.74590996631558,-74.0572714805603,3640,"Journal Square",40.73367,-74.0625,29474,"Subscriber",1983,1
391,"2018-12-05 08:20:16.2290","2018-12-05 08:26:47.5360",3281,"Leonard Gordon Park",40.74590996631558,-74.0572714805603,3640,"Journal Square",40.73367,-74.0625,29526,"Subscriber",1972,1
1468,"2018-12-05 08:23:08.7160","2018-12-05 08:47:36.9680",3281,"Leonard Gordon Park",40.74590996631558,-74.0572714805603,3184,"Paulus Hook",40.7141454,-74.0335519,26234,"Subscriber",1976,1
578,"2018-12-05 08:39:18.4930","2018-12-05 08:48:56.7800",3281,"Leonard Gordon Park",40.74590996631558,-74.0572714805603,3640,"Journal Square",40.73367,-74.0625,29523,"Subscriber",1998,2
430,"2018-12-05 08:39:56.5660","2018-12-05 08:47:06.6110",3281,"Leonard Gordon Park",40.74590996631558,-74.0572714805603,3640,"Journal Square",40.73367,-74.0625,29276,"Subscriber",1990,1
498,"2018-12-05 08:50:20.8540","2018-12-05 08:58:39.3080",3281,"Leonard Gordon Park",40.74590996631558,-74.0572714805603,3640,"Journal Square",40.73367,-74.0625,29552,"Subscriber",1990,1
393,"2018-12-05 09:14:54.9010","2018-12-05 09:21:28.1340",3281,"Leonard Gordon Park",40.74590996631558,-74.0572714805603,3640,"Journal Square",40.73367,-74.0625,29250,"Subscriber",1979,2
2396,"2018-12-05 18:36:54.1860","2018-12-05 19:16:50.4320",3281,"Leonard Gordon Park",40.74590996631558,-74.0572714805603,3210,"Pershing Field",40.742677141,-74.051788633,29523,"Subscriber",1976,1
172,"2018-12-06 00:13:35.4030","2018-12-06 00:16:27.7220",3281,"Leonard Gordon Park",40.74590996631558,-74.0572714805603,3210,"Pershing Field",40.742677141,-74.051788633,26208,"Subscriber",1994,1
384,"2018-12-06 06:20:13.8870","2018-12-06 06:26:38.7550",3281,"Leonard Gordon Park",40.74590996631558,-74.0572714805603,3195,"Sip Ave",40.73074262530658,-74.06378388404846,29547,"Subscriber",1980,1
480,"2018-12-06 07:58:47.8440","2018-12-06 08:06:48.1050",3281,"Leonard Gordon Park",40.74590996631558,-74.0572714805603,3640,"Journal Square",40.73367,-74.0625,29526,"Subscriber",1984,1
337,"2018-12-06 08:08:22.1390","2018-12-06 08:13:59.8390",3281,"Leonard Gordon Park",40.74590996631558,-74.0572714805603,3640,"Journal Square",40.73367,-74.0625,29250,"Subscriber",1990,1
1700,"2018-12-06 08:24:01.6440","2018-12-06 08:52:22.2130",3281,"Leonard Gordon Park",40.74590996631558,-74.0572714805603,3184,"Paulus Hook",40.7141454,-74.0335519,29523,"Subscriber",1976,1
499,"2018-12-06 14:40:37.1480","2018-12-06 14:48:56.9220",3281,"Leonard Gordon Park",40.74590996631558,-74.0572714805603,3195,"Sip Ave",40.73074262530658,-74.06378388404846,29580,"Subscriber",1983,1
1766,"2018-12-06 19:19:25.2760","2018-12-06 19:48:51.9270",3281,"Leonard Gordon Park",40.74590996631558,-74.0572714805603,3281,"Leonard Gordon Park",40.74590996631558,-74.0572714805603,26266,"Subscriber",1976,1
400,"2018-12-07 06:35:54.8740","2018-12-07 06:42:35.3660",3281,"Leonard Gordon Park",40.74590996631558,-74.0572714805603,3195,"Sip Ave",40.73074262530658,-74.06378388404846,29489,"Subscriber",1980,1
1284,"2018-12-07 08:29:50.6050","2018-12-07 08:51:14.8440",3281,"Leonard Gordon Park",40.74590996631558,-74.0572714805603,3183,"Exchange Place",40.7162469,-74.0334588,26302,"Subscriber",1987,1
1453,"2018-12-07 08:36:04.0110","2018-12-07 09:00:17.9670",3281,"Leonard Gordon Park",40.74590996631558,-74.0572714805603,3184,"Paulus Hook",40.7141454,-74.0335519,29553,"Subscriber",1976,1
659,"2018-12-07 08:54:38.7890","2018-12-07 09:05:38.4320",3281,"Leonard Gordon Park",40.74590996631558,-74.0572714805603,3640,"Journal Square",40.73367,-74.0625,29502,"Subscriber",1990,1
457,"2018-12-07 12:45:27.7520","2018-12-07 12:53:04.8620",3281,"Leonard Gordon Park",40.74590996631558,-74.0572714805603,3198,"Heights Elevator",40.748715945380226,-74.04044330120087,29582,"Subscriber",1989,2
495,"2018-12-07 13:27:35.0260","2018-12-07 13:35:50.2630",3281,"Leonard Gordon Park",40.74590996631558,-74.0572714805603,3195,"Sip Ave",40.73074262530658,-74.06378388404846,29668,"Subscriber",1983,1
295,"2018-12-07 16:20:41.1570","2018-12-07 16:25:36.3400",3281,"Leonard Gordon Park",40.74590996631558,-74.0572714805603,3640,"Journal Square",40.73367,-74.0625,26266,"Subscriber",1989,2
1829,"2018-12-07 18:31:03.0480","2018-12-07 19:01:33.0380",3281,"Leonard Gordon Park",40.74590996631558,-74.0572714805603,3210,"Pershing Field",40.742677141,-74.051788633,26193,"Subscriber",1976,1
361,"2018-12-08 15:26:46.8220","2018-12-08 15:32:48.6410",3281,"Leonard Gordon Park",40.74590996631558,-74.0572714805603,3640,"Journal Square",40.73367,-74.0625,26193,"Subscriber",1989,2
305,"2018-12-08 16:12:37.5140","2018-12-08 16:17:42.6530",3281,"Leonard Gordon Park",40.74590996631558,-74.0572714805603,3640,"Journal Square",40.73367,-74.0625,29246,"Subscriber",1989,2
295,"2018-12-08 19:06:40.7190","2018-12-08 19:11:36.1470",3281,"Leonard Gordon Park",40.74590996631558,-74.0572714805603,3281,"Leonard Gordon Park",40.74590996631558,-74.0572714805603,29526,"Subscriber",1976,1
1972,"2018-12-08 19:13:40.3720","2018-12-08 19:46:33.0740",3281,"Leonard Gordon Park",40.74590996631558,-74.0572714805603,3281,"Leonard Gordon Park",40.74590996631558,-74.0572714805603,26304,"Subscriber",1976,1
914,"2018-12-09 03:24:04.3110","2018-12-09 03:39:19.0140",3281,"Leonard Gordon Park",40.74590996631558,-74.0572714805603,3679,"Bergen Ave",40.722103786686034,-74.07145500183105,26304,"Subscriber",1993,1
834,"2018-12-09 11:01:20.4380","2018-12-09 11:15:15.1830",3281,"Leonard Gordon Park",40.74590996631558,-74.0572714805603,3483,"Montgomery St",40.71942,-74.05099,26193,"Subscriber",1995,1
2141,"2018-12-09 12:23:17.0460","2018-12-09 12:58:58.8480",3281,"Leonard Gordon Park",40.74590996631558,-74.0572714805603,3281,"Leonard Gordon Park",40.74590996631558,-74.0572714805603,29570,"Subscriber",1980,1
429,"2018-12-09 13:08:38.4290","2018-12-09 13:15:48.1890",3281,"Leonard Gordon Park",40.74590996631558,-74.0572714805603,3640,"Journal Square",40.73367,-74.0625,29526,"Subscriber",1998,2
1872,"2018-12-09 19:19:53.5600","2018-12-09 19:51:06.0510",3281,"Leonard Gordon Park",40.74590996631558,-74.0572714805603,3281,"Leonard Gordon Park",40.74590996631558,-74.0572714805603,29570,"Subscriber",1976,1
387,"2018-12-10 07:53:17.6300","2018-12-10 07:59:45.0540",3281,"Leonard Gordon Park",40.74590996631558,-74.0572714805603,3640,"Journal Square",40.73367,-74.0625,29246,"Subscriber",1990,1
471,"2018-12-10 08:17:02.8770","2018-12-10 08:24:54.3700",3281,"Leonard Gordon Park",40.74590996631558,-74.0572714805603,3195,"Sip Ave",40.73074262530658,-74.06378388404846,29570,"Subscriber",1980,1
555,"2018-12-10 08:27:03.1570","2018-12-10 08:36:19.0550",3281,"Leonard Gordon Park",40.74590996631558,-74.0572714805603,3195,"Sip Ave",40.73074262530658,-74.06378388404846,29451,"Subscriber",1972,1
503,"2018-12-10 13:26:23.1690","2018-12-10 13:34:46.6610",3281,"Leonard Gordon Park",40.74590996631558,-74.0572714805603,3640,"Journal Square",40.73367,-74.0625,29299,"Subscriber",1983,1
786,"2018-12-10 15:56:15.1780","2018-12-10 16:09:22.1310",3281,"Leonard Gordon Park",40.74590996631558,-74.0572714805603,3195,"Sip Ave",40.73074262530658,-74.06378388404846,29271,"Subscriber",1970,1
687,"2018-12-10 15:59:59.2010","2018-12-10 16:11:26.9520",3281,"Leonard Gordon Park",40.74590996631558,-74.0572714805603,3194,"McGinley Square",40.7253399253558,-74.06762212514877,29283,"Subscriber",1970,1
555,"2018-12-10 16:44:08.4060","2018-12-10 16:53:23.9430",3281,"Leonard Gordon Park",40.74590996631558,-74.0572714805603,3198,"Heights Elevator",40.748715945380226,-74.04044330120087,26167,"Subscriber",1989,2
426,"2018-12-11 06:34:47.1130","2018-12-11 06:41:53.7120",3281,"Leonard Gordon Park",40.74590996631558,-74.0572714805603,3195,"Sip Ave",40.73074262530658,-74.06378388404846,29646,"Subscriber",1980,1
469,"2018-12-11 08:20:51.4530","2018-12-11 08:28:41.3940",3281,"Leonard Gordon Park",40.74590996631558,-74.0572714805603,3640,"Journal Square",40.73367,-74.0625,26267,"Subscriber",1991,1
1249,"2018-12-11 08:36:01.3730","2018-12-11 08:56:51.1400",3281,"Leonard Gordon Park",40.74590996631558,-74.0572714805603,3183,"Exchange Place",40.7162469,-74.0334588,29541,"Subscriber",1987,1
181,"2018-12-11 08:39:57.7110","2018-12-11 08:42:59.4420",3281,"Leonard Gordon Park",40.74590996631558,-74.0572714805603,3210,"Pershing Field",40.742677141,-74.051788633,29264,"Subscriber",1977,1
456,"2018-12-11 08:46:07.0860","2018-12-11 08:53:43.7500",3281,"Leonard Gordon Park",40.74590996631558,-74.0572714805603,3640,"Journal Square",40.73367,-74.0625,29667,"Subscriber",1984,1
806,"2018-12-11 08:50:11.1190","2018-12-11 09:03:37.7920",3281,"Leonard Gordon Park",40.74590996631558,-74.0572714805603,3640,"Journal Square",40.73367,-74.0625,29586,"Subscriber",1990,1
484,"2018-12-11 13:32:54.2810","2018-12-11 13:40:58.6070",3281,"Leonard Gordon Park",40.74590996631558,-74.0572714805603,3195,"Sip Ave",40.73074262530658,-74.06378388404846,29641,"Subscriber",1983,1
2502,"2018-12-11 19:14:43.2550","2018-12-11 19:56:25.7630",3281,"Leonard Gordon Park",40.74590996631558,-74.0572714805603,3281,"Leonard Gordon Park",40.74590996631558,-74.0572714805603,26282,"Subscriber",1976,1
401,"2018-12-11 20:04:03.2920","2018-12-11 20:10:45.1200",3281,"Leonard Gordon Park",40.74590996631558,-74.0572714805603,3640,"Journal Square",40.73367,-74.0625,26282,"Subscriber",1990,1
376,"2018-12-12 06:58:27.4170","2018-12-12 07:04:43.6030",3281,"Leonard Gordon Park",40.74590996631558,-74.0572714805603,3195,"Sip Ave",40.73074262530658,-74.06378388404846,29441,"Subscriber",1980,1
453,"2018-12-12 08:15:46.2810","2018-12-12 08:23:19.3310",3281,"Leonard Gordon Park",40.74590996631558,-74.0572714805603,3640,"Journal Square",40.73367,-74.0625,29251,"Subscriber",1991,1
472,"2018-12-12 08:17:33.5820","2018-12-12 08:25:26.0390",3281,"Leonard Gordon Park",40.74590996631558,-74.0572714805603,3640,"Journal Square",40.73367,-74.0625,29298,"Subscriber",1998,2
394,"2018-12-12 08:18:00.2980","2018-12-12 08:24:35.1850",3281,"Leonard Gordon Park",40.74590996631558,-74.0572714805603,3640,"Journal Square",40.73367,-74.0625,29219,"Subscriber",1972,1
1502,"2018-12-12 08:30:39.9080","2018-12-12 08:55:42.3870",3281,"Leonard Gordon Park",40.74590996631558,-74.0572714805603,3183,"Exchange Place",40.7162469,-74.0334588,26221,"Subscriber",1987,1
792,"2018-12-12 08:56:40.1410","2018-12-12 09:09:52.4440",3281,"Leonard Gordon Park",40.74590996631558,-74.0572714805603,3640,"Journal Square",40.73367,-74.0625,29523,"Subscriber",1990,1
572,"2018-12-13 01:08:13.2540","2018-12-13 01:17:45.9360",3281,"Leonard Gordon Park",40.74590996631558,-74.0572714805603,3198,"Heights Elevator",40.748715945380226,-74.04044330120087,26251,"Subscriber",1989,1
415,"2018-12-13 06:17:30.1510","2018-12-13 06:24:25.4610",3281,"Leonard Gordon Park",40.74590996631558,-74.0572714805603,3195,"Sip Ave",40.73074262530658,-74.06378388404846,29441,"Subscriber",1980,1
434,"2018-12-13 08:12:19.5550","2018-12-13 08:19:33.7180",3281,"Leonard Gordon Park",40.74590996631558,-74.0572714805603,3640,"Journal Square",40.73367,-74.0625,29675,"Subscriber",1991,1
1600,"2018-12-13 08:18:53.7880","2018-12-13 08:45:33.8140",3281,"Leonard Gordon Park",40.74590996631558,-74.0572714805603,3183,"Exchange Place",40.7162469,-74.0334588,26307,"Subscriber",1987,1
1371,"2018-12-13 18:46:19.0750","2018-12-13 19:09:11.0310",3281,"Leonard Gordon Park",40.74590996631558,-74.0572714805603,3210,"Pershing Field",40.742677141,-74.051788633,29245,"Subscriber",1976,1
404,"2018-12-14 08:24:24.4680","2018-12-14 08:31:08.8970",3281,"Leonard Gordon Park",40.74590996631558,-74.0572714805603,3640,"Journal Square",40.73367,-74.0625,26213,"Subscriber",1972,1
840,"2018-12-14 08:51:20.2880","2018-12-14 09:05:20.9750",3281,"Leonard Gordon Park",40.74590996631558,-74.0572714805603,3640,"Journal Square",40.73367,-74.0625,29675,"Subscriber",1990,1
1403,"2018-12-14 08:52:26.6130","2018-12-14 09:15:49.9870",3281,"Leonard Gordon Park",40.74590996631558,-74.0572714805603,3183,"Exchange Place",40.7162469,-74.0334588,29476,"Subscriber",1987,1
388,"2018-12-14 09:18:54.2080","2018-12-14 09:25:22.9630",3281,"Leonard Gordon Park",40.74590996631558,-74.0572714805603,3640,"Journal Square",40.73367,-74.0625,29208,"Subscriber",1979,2
897,"2018-12-14 09:48:59.0040","2018-12-14 10:03:56.2590",3281,"Leonard Gordon Park",40.74590996631558,-74.0572714805603,3483,"Montgomery St",40.71942,-74.05099,29444,"Subscriber",1995,1
462,"2018-12-14 10:02:50.2430","2018-12-14 10:10:32.5630",3281,"Leonard Gordon Park",40.74590996631558,-74.0572714805603,3640,"Journal Square",40.73367,-74.0625,29521,"Subscriber",1998,2
325,"2018-12-14 15:49:46.7750","2018-12-14 15:55:12.4890",3281,"Leonard Gordon Park",40.74590996631558,-74.0572714805603,3640,"Journal Square",40.73367,-74.0625,29628,"Subscriber",1980,1
731,"2018-12-15 09:03:04.1760","2018-12-15 09:15:15.8870",3281,"Leonard Gordon Park",40.74590996631558,-74.0572714805603,3269,"Brunswick & 6th",40.72601172964625,-74.05038893222809,29299,"Subscriber",1991,1
765,"2018-12-15 09:30:42.5530","2018-12-15 09:43:28.4400",3281,"Leonard Gordon Park",40.74590996631558,-74.0572714805603,3483,"Montgomery St",40.71942,-74.05099,26287,"Subscriber",1995,1
335,"2018-12-15 20:26:19.6730","2018-12-15 20:31:55.0010",3281,"Leonard Gordon Park",40.74590996631558,-74.0572714805603,3640,"Journal Square",40.73367,-74.0625,29441,"Subscriber",1993,1
508,"2018-12-17 08:21:37.8240","2018-12-17 08:30:06.7890",3281,"Leonard Gordon Park",40.74590996631558,-74.0572714805603,3640,"Journal Square",40.73367,-74.0625,29224,"Subscriber",1991,1
1416,"2018-12-17 08:27:18.6480","2018-12-17 08:50:55.1200",3281,"Leonard Gordon Park",40.74590996631558,-74.0572714805603,3183,"Exchange Place",40.7162469,-74.0334588,26283,"Subscriber",1976,1
446,"2018-12-17 12:17:45.1410","2018-12-17 12:25:11.1660",3281,"Leonard Gordon Park",40.74590996631558,-74.0572714805603,3640,"Journal Square",40.73367,-74.0625,29260,"Subscriber",1998,2
531,"2018-12-17 13:04:15.7000","2018-12-17 13:13:06.9480",3281,"Leonard Gordon Park",40.74590996631558,-74.0572714805603,3198,"Heights Elevator",40.748715945380226,-74.04044330120087,29285,"Subscriber",1989,2
437,"2018-12-17 16:10:43.6010","2018-12-17 16:18:01.1810",3281,"Leonard Gordon Park",40.74590996631558,-74.0572714805603,3640,"Journal Square",40.73367,-74.0625,26167,"Subscriber",1989,2
1981,"2018-12-17 18:29:35.7340","2018-12-17 19:02:37.4430",3281,"Leonard Gordon Park",40.74590996631558,-74.0572714805603,3210,"Pershing Field",40.742677141,-74.051788633,29213,"Subscriber",1976,1
413,"2018-12-18 08:24:11.3900","2018-12-18 08:31:04.5310",3281,"Leonard Gordon Park",40.74590996631558,-74.0572714805603,3640,"Journal Square",40.73367,-74.0625,29213,"Subscriber",1972,1
1442,"2018-12-18 08:30:06.6350","2018-12-18 08:54:09.4440",3281,"Leonard Gordon Park",40.74590996631558,-74.0572714805603,3184,"Paulus Hook",40.7141454,-74.0335519,26212,"Subscriber",1976,1
673,"2018-12-18 09:05:10.1490","2018-12-18 09:16:23.3120",3281,"Leonard Gordon Park",40.74590996631558,-74.0572714805603,3640,"Journal Square",40.73367,-74.0625,29224,"Subscriber",1990,1
450,"2018-12-18 11:09:01.7650","2018-12-18 11:16:32.6760",3281,"Leonard Gordon Park",40.74590996631558,-74.0572714805603,3640,"Journal Square",40.73367,-74.0625,29471,"Subscriber",1998,2
352,"2018-12-18 14:48:24.7370","2018-12-18 14:54:17.3540",3281,"Leonard Gordon Park",40.74590996631558,-74.0572714805603,3196,"Riverview Park",40.7443187,-74.0439909,26190,"Subscriber",1979,2
417,"2018-12-18 17:27:19.2120","2018-12-18 17:34:16.6760",3281,"Leonard Gordon Park",40.74590996631558,-74.0572714805603,3640,"Journal Square",40.73367,-74.0625,29252,"Subscriber",1993,1
1913,"2018-12-18 18:41:09.8510","2018-12-18 19:13:03.4980",3281,"Leonard Gordon Park",40.74590996631558,-74.0572714805603,3210,"Pershing Field",40.742677141,-74.051788633,29213,"Subscriber",1976,1
329,"2018-12-18 19:26:38.7380","2018-12-18 19:32:07.9730",3281,"Leonard Gordon Park",40.74590996631558,-74.0572714805603,3640,"Journal Square",40.73367,-74.0625,29198,"Subscriber",1989,2
534,"2018-12-19 08:09:35.4380","2018-12-19 08:18:30.2540",3281,"Leonard Gordon Park",40.74590996631558,-74.0572714805603,3640,"Journal Square",40.73367,-74.0625,29471,"Subscriber",1991,1
424,"2018-12-19 08:20:32.8900","2018-12-19 08:27:37.4550",3281,"Leonard Gordon Park",40.74590996631558,-74.0572714805603,3640,"Journal Square",40.73367,-74.0625,29247,"Subscriber",1972,1
1451,"2018-12-19 08:38:26.2820","2018-12-19 09:02:38.2280",3281,"Leonard Gordon Park",40.74590996631558,-74.0572714805603,3183,"Exchange Place",40.7162469,-74.0334588,29213,"Subscriber",1976,1
976,"2018-12-19 08:45:14.5180","2018-12-19 09:01:30.6920",3281,"Leonard Gordon Park",40.74590996631558,-74.0572714805603,3640,"Journal Square",40.73367,-74.0625,26286,"Subscriber",1990,1
511,"2018-12-19 09:12:49.0930","2018-12-19 09:21:20.8580",3281,"Leonard Gordon Park",40.74590996631558,-74.0572714805603,3640,"Journal Square",40.73367,-74.0625,29272,"Subscriber",1990,1
343,"2018-12-19 15:31:15.8510","2018-12-19 15:36:59.6630",3281,"Leonard Gordon Park",40.74590996631558,-74.0572714805603,3640,"Journal Square",40.73367,-74.0625,29670,"Subscriber",1989,2
341,"2018-12-20 04:52:26.5840","2018-12-20 04:58:08.1550",3281,"Leonard Gordon Park",40.74590996631558,-74.0572714805603,3640,"Journal Square",40.73367,-74.0625,29247,"Subscriber",1983,1
387,"2018-12-20 06:43:34.0070","2018-12-20 06:50:01.2770",3281,"Leonard Gordon Park",40.74590996631558,-74.0572714805603,3195,"Sip Ave",40.73074262530658,-74.06378388404846,29635,"Subscriber",1980,1
426,"2018-12-20 07:57:00.5650","2018-12-20 08:04:06.9560",3281,"Leonard Gordon Park",40.74590996631558,-74.0572714805603,3640,"Journal Square",40.73367,-74.0625,26179,"Subscriber",1990,1
537,"2018-12-20 08:18:00.8570","2018-12-20 08:26:58.1240",3281,"Leonard Gordon Park",40.74590996631558,-74.0572714805603,3640,"Journal Square",40.73367,-74.0625,26257,"Subscriber",1991,1
490,"2018-12-20 08:19:27.8740","2018-12-20 08:27:38.0850",3281,"Leonard Gordon Park",40.74590996631558,-74.0572714805603,3640,"Journal Square",40.73367,-74.0625,26172,"Subscriber",1990,1
587,"2018-12-21 09:17:11.6510","2018-12-21 09:26:58.9870",3281,"Leonard Gordon Park",40.74590996631558,-74.0572714805603,3640,"Journal Square",40.73367,-74.0625,26172,"Subscriber",1990,1
1747,"2018-12-21 18:21:18.7110","2018-12-21 18:50:26.6180",3281,"Leonard Gordon Park",40.74590996631558,-74.0572714805603,3210,"Pershing Field",40.742677141,-74.051788633,29569,"Subscriber",1976,1
727,"2018-12-22 09:41:48.2240","2018-12-22 09:53:55.4830",3281,"Leonard Gordon Park",40.74590996631558,-74.0572714805603,3269,"Brunswick & 6th",40.72601172964625,-74.05038893222809,29569,"Subscriber",1991,1
2242,"2018-12-22 19:10:44.3950","2018-12-22 19:48:06.5500",3281,"Leonard Gordon Park",40.74590996631558,-74.0572714805603,3281,"Leonard Gordon Park",40.74590996631558,-74.0572714805603,26259,"Subscriber",1976,1
1112,"2018-12-23 13:22:13.1010","2018-12-23 13:40:45.8460",3281,"Leonard Gordon Park",40.74590996631558,-74.0572714805603,3638,"Washington St",40.7242941,-74.0354826,29635,"Subscriber",1964,2
294,"2018-12-23 15:40:00.8710","2018-12-23 15:44:55.0200",3281,"Leonard Gordon Park",40.74590996631558,-74.0572714805603,3640,"Journal Square",40.73367,-74.0625,29521,"Subscriber",1989,2
331,"2018-12-24 04:45:54.3060","2018-12-24 04:51:25.6290",3281,"Leonard Gordon Park",40.74590996631558,-74.0572714805603,3640,"Journal Square",40.73367,-74.0625,29602,"Subscriber",1983,1
758,"2018-12-24 09:38:01.8320","2018-12-24 09:50:40.1260",3281,"Leonard Gordon Park",40.74590996631558,-74.0572714805603,3483,"Montgomery St",40.71942,-74.05099,26205,"Subscriber",1995,1
1668,"2018-12-24 11:48:02.3070","2018-12-24 12:15:50.5830",3281,"Leonard Gordon Park",40.74590996631558,-74.0572714805603,3210,"Pershing Field",40.742677141,-74.051788633,26259,"Subscriber",1976,1
781,"2018-12-24 11:50:46.3270","2018-12-24 12:03:47.8310",3281,"Leonard Gordon Park",40.74590996631558,-74.0572714805603,3198,"Heights Elevator",40.748715945380226,-74.04044330120087,26283,"Subscriber",1985,2
396,"2018-12-24 21:21:19.4460","2018-12-24 21:27:56.4060",3281,"Leonard Gordon Park",40.74590996631558,-74.0572714805603,3640,"Journal Square",40.73367,-74.0625,26257,"Subscriber",1993,1
481,"2018-12-25 09:23:09.7500","2018-12-25 09:31:11.5600",3281,"Leonard Gordon Park",40.74590996631558,-74.0572714805603,3640,"Journal Square",40.73367,-74.0625,29211,"Customer",1998,1
1378,"2018-12-26 08:19:55.7440","2018-12-26 08:42:53.9630",3281,"Leonard Gordon Park",40.74590996631558,-74.0572714805603,3184,"Paulus Hook",40.7141454,-74.0335519,26259,"Subscriber",1976,1
1080,"2018-12-26 10:02:23.3000","2018-12-26 10:20:24.0230",3281,"Leonard Gordon Park",40.74590996631558,-74.0572714805603,3483,"Montgomery St",40.71942,-74.05099,29124,"Subscriber",1995,1
423,"2018-12-26 18:12:02.2540","2018-12-26 18:19:05.3080",3281,"Leonard Gordon Park",40.74590996631558,-74.0572714805603,3210,"Pershing Field",40.742677141,-74.051788633,26230,"Subscriber",1976,1
505,"2018-12-27 08:59:54.8460","2018-12-27 09:08:20.7900",3281,"Leonard Gordon Park",40.74590996631558,-74.0572714805603,3640,"Journal Square",40.73367,-74.0625,26251,"Subscriber",1990,1
414,"2018-12-27 09:27:22.6560","2018-12-27 09:34:17.5200",3281,"Leonard Gordon Park",40.74590996631558,-74.0572714805603,3640,"Journal Square",40.73367,-74.0625,29261,"Subscriber",1984,1
1277,"2018-12-27 09:27:43.2980","2018-12-27 09:49:00.8620",3281,"Leonard Gordon Park",40.74590996631558,-74.0572714805603,3184,"Paulus Hook",40.7141454,-74.0335519,29213,"Subscriber",1976,1
361,"2018-12-27 10:48:05.2490","2018-12-27 10:54:06.5880",3281,"Leonard Gordon Park",40.74590996631558,-74.0572714805603,3640,"Journal Square",40.73367,-74.0625,29269,"Subscriber",1972,1
2284,"2018-12-27 18:21:05.3910","2018-12-27 18:59:09.8460",3281,"Leonard Gordon Park",40.74590996631558,-74.0572714805603,3210,"Pershing Field",40.742677141,-74.051788633,29507,"Subscriber",1976,1
687,"2018-12-28 12:06:07.2200","2018-12-28 12:17:34.9930",3281,"Leonard Gordon Park",40.74590996631558,-74.0572714805603,3281,"Leonard Gordon Park",40.74590996631558,-74.0572714805603,29507,"Subscriber",1990,1
728,"2018-12-28 14:56:06.7200","2018-12-28 15:08:15.4780",3281,"Leonard Gordon Park",40.74590996631558,-74.0572714805603,3195,"Sip Ave",40.73074262530658,-74.06378388404846,29507,"Subscriber",1959,1
2772,"2018-12-28 18:34:49.7730","2018-12-28 19:21:01.8080",3281,"Leonard Gordon Park",40.74590996631558,-74.0572714805603,3210,"Pershing Field",40.742677141,-74.051788633,26245,"Subscriber",1976,1
681,"2018-12-29 09:49:09.6820","2018-12-29 10:00:30.9420",3281,"Leonard Gordon Park",40.74590996631558,-74.0572714805603,3483,"Montgomery St",40.71942,-74.05099,29593,"Subscriber",1995,1
371,"2018-12-29 11:38:09.5830","2018-12-29 11:44:21.0980",3281,"Leonard Gordon Park",40.74590996631558,-74.0572714805603,3640,"Journal Square",40.73367,-74.0625,29535,"Subscriber",1989,2
802,"2018-12-30 13:56:49.1700","2018-12-30 14:10:11.9560",3281,"Leonard Gordon Park",40.74590996631558,-74.0572714805603,3198,"Heights Elevator",40.748715945380226,-74.04044330120087,29212,"Subscriber",1996,2
403,"2018-12-30 19:02:45.5290","2018-12-30 19:09:28.8420",3281,"Leonard Gordon Park",40.74590996631558,-74.0572714805603,3195,"Sip Ave",40.73074262530658,-74.06378388404846,26284,"Subscriber",1993,1
2550,"2018-12-30 19:23:55.6980","2018-12-30 20:06:26.3550",3281,"Leonard Gordon Park",40.74590996631558,-74.0572714805603,3210,"Pershing Field",40.742677141,-74.051788633,29212,"Subscriber",1976,1
362,"2018-12-31 09:12:38.9040","2018-12-31 09:18:41.0460",3281,"Leonard Gordon Park",40.74590996631558,-74.0572714805603,3640,"Journal Square",40.73367,-74.0625,29212,"Subscriber",1993,1
331,"2018-12-31 09:25:03.4570","2018-12-31 09:30:34.8010",3281,"Leonard Gordon Park",40.74590996631558,-74.0572714805603,3640,"Journal Square",40.73367,-74.0625,26280,"Subscriber",1983,1
504,"2018-12-31 10:14:59.6780","2018-12-31 10:23:24.2700",3281,"Leonard Gordon Park",40.74590996631558,-74.0572714805603,3195,"Sip Ave",40.73074262530658,-74.06378388404846,29535,"Subscriber",1977,1
2513,"2018-12-31 11:31:37.3320","2018-12-31 12:13:31.0340",3281,"Leonard Gordon Park",40.74590996631558,-74.0572714805603,3210,"Pershing Field",40.742677141,-74.051788633,29553,"Subscriber",1976,1
698,"2018-12-31 12:30:53.3220","2018-12-31 12:42:31.6080",3281,"Leonard Gordon Park",40.74590996631558,-74.0572714805603,3281,"Leonard Gordon Park",40.74590996631558,-74.0572714805603,29553,"Subscriber",1976,1
1485,"2018-12-31 15:24:32.1350","2018-12-31 15:49:17.9940",3281,"Leonard Gordon Park",40.74590996631558,-74.0572714805603,3195,"Sip Ave",40.73074262530658,-74.06378388404846,29553,"Subscriber",1989,2
72,"2018-12-21 09:58:41.7720","2018-12-21 09:59:54.6170",3426,"JCBS Depot",40.70965083364061,-74.06860113143921,3426,"JCBS Depot",40.70965083364061,-74.06860113143921,26177,"Subscriber",1989,1
644,"2018-12-21 10:06:42.1280","2018-12-21 10:17:26.1350",3426,"JCBS Depot",40.70965083364061,-74.06860113143921,3426,"JCBS Depot",40.70965083364061,-74.06860113143921,26196,"Subscriber",1989,1
96,"2018-12-26 11:56:30.3530","2018-12-26 11:58:06.4850",3426,"JCBS Depot",40.70965083364061,-74.06860113143921,3426,"JCBS Depot",40.70965083364061,-74.06860113143921,26172,"Subscriber",1989,1
71,"2018-12-27 11:00:20.8500","2018-12-27 11:01:32.5050",3426,"JCBS Depot",40.70965083364061,-74.06860113143921,3426,"JCBS Depot",40.70965083364061,-74.06860113143921,26170,"Subscriber",1989,1
130,"2018-12-01 09:19:14.5030","2018-12-01 09:21:25.0470",3481,"York St",40.71649,-74.04105,3185,"City Hall",40.7177325,-74.043845,29465,"Subscriber",1962,1
221,"2018-12-01 09:20:47.2140","2018-12-01 09:24:29.1850",3481,"York St",40.71649,-74.04105,3186,"Grove St PATH",40.71958611647166,-74.04311746358871,29448,"Subscriber",1962,1
418,"2018-12-01 11:54:20.8470","2018-12-01 12:01:19.4750",3481,"York St",40.71649,-74.04105,3211,"Newark Ave",40.72152515,-74.046304543,26175,"Subscriber",1974,1
141,"2018-12-01 14:17:09.9430","2018-12-01 14:19:31.3060",3481,"York St",40.71649,-74.04105,3681,"Grand St",40.71517767732029,-74.03768330812454,29666,"Subscriber",1953,2
293,"2018-12-01 20:02:19.3870","2018-12-01 20:07:12.7960",3481,"York St",40.71649,-74.04105,3186,"Grove St PATH",40.71958611647166,-74.04311746358871,26208,"Subscriber",1962,1
787,"2018-12-01 23:29:59.5790","2018-12-01 23:43:06.6850",3481,"York St",40.71649,-74.04105,3213,"Van Vorst Park",40.71848892,-74.047726625,29676,"Subscriber",1982,1
258,"2018-12-02 12:16:44.2830","2018-12-02 12:21:02.7660",3481,"York St",40.71649,-74.04105,3183,"Exchange Place",40.7162469,-74.0334588,29457,"Subscriber",1962,1
154,"2018-12-02 15:24:41.8950","2018-12-02 15:27:16.5010",3481,"York St",40.71649,-74.04105,3186,"Grove St PATH",40.71958611647166,-74.04311746358871,26273,"Subscriber",1954,2
214,"2018-12-02 16:47:14.2290","2018-12-02 16:50:48.5230",3481,"York St",40.71649,-74.04105,3275,"Columbus Drive",40.71835519823214,-74.03891444206238,29597,"Subscriber",1985,2
219,"2018-12-03 07:00:09.3070","2018-12-03 07:03:48.9150",3481,"York St",40.71649,-74.04105,3183,"Exchange Place",40.7162469,-74.0334588,29216,"Subscriber",1975,1
204,"2018-12-03 07:21:46.8740","2018-12-03 07:25:10.9510",3481,"York St",40.71649,-74.04105,3184,"Paulus Hook",40.7141454,-74.0335519,29635,"Subscriber",1985,2
222,"2018-12-03 07:45:44.3090","2018-12-03 07:49:26.7830",3481,"York St",40.71649,-74.04105,3183,"Exchange Place",40.7162469,-74.0334588,26200,"Subscriber",1986,1
229,"2018-12-03 08:24:57.1800","2018-12-03 08:28:47.1040",3481,"York St",40.71649,-74.04105,3183,"Exchange Place",40.7162469,-74.0334588,29644,"Subscriber",1968,2
153,"2018-12-03 08:39:17.6610","2018-12-03 08:41:51.3320",3481,"York St",40.71649,-74.04105,3183,"Exchange Place",40.7162469,-74.0334588,29491,"Subscriber",1986,1
238,"2018-12-03 14:03:16.7330","2018-12-03 14:07:15.0920",3481,"York St",40.71649,-74.04105,3639,"Harborside",40.7192517,-74.034234,26227,"Subscriber",1984,2
263,"2018-12-03 15:16:07.8110","2018-12-03 15:20:30.9190",3481,"York St",40.71649,-74.04105,3186,"Grove St PATH",40.71958611647166,-74.04311746358871,29276,"Subscriber",1962,1
162,"2018-12-04 07:02:57.2960","2018-12-04 07:05:39.4370",3481,"York St",40.71649,-74.04105,3186,"Grove St PATH",40.71958611647166,-74.04311746358871,29508,"Subscriber",1975,1
127,"2018-12-04 07:51:53.4230","2018-12-04 07:54:01.2770",3481,"York St",40.71649,-74.04105,3183,"Exchange Place",40.7162469,-74.0334588,29547,"Subscriber",1984,2
192,"2018-12-04 07:53:04.9500","2018-12-04 07:56:17.9290",3481,"York St",40.71649,-74.04105,3183,"Exchange Place",40.7162469,-74.0334588,26273,"Subscriber",1986,1
198,"2018-12-04 08:02:29.4070","2018-12-04 08:05:47.6930",3481,"York St",40.71649,-74.04105,3184,"Paulus Hook",40.7141454,-74.0335519,29667,"Subscriber",1985,2
115,"2018-12-04 08:15:57.8100","2018-12-04 08:17:52.9810",3481,"York St",40.71649,-74.04105,3185,"City Hall",40.7177325,-74.043845,29635,"Subscriber",1988,1
208,"2018-12-04 08:32:55.1030","2018-12-04 08:36:23.8060",3481,"York St",40.71649,-74.04105,3183,"Exchange Place",40.7162469,-74.0334588,29516,"Subscriber",1968,2
249,"2018-12-04 08:56:27.5020","2018-12-04 09:00:37.1940",3481,"York St",40.71649,-74.04105,3639,"Harborside",40.7192517,-74.034234,29575,"Subscriber",1984,2
586,"2018-12-04 12:57:04.6510","2018-12-04 13:06:51.4840",3481,"York St",40.71649,-74.04105,3186,"Grove St PATH",40.71958611647166,-74.04311746358871,26173,"Subscriber",1962,1
206,"2018-12-04 14:01:40.1420","2018-12-04 14:05:06.8870",3481,"York St",40.71649,-74.04105,3183,"Exchange Place",40.7162469,-74.0334588,26260,"Subscriber",1984,2
84,"2018-12-04 15:21:09.3530","2018-12-04 15:22:34.3510",3481,"York St",40.71649,-74.04105,3185,"City Hall",40.7177325,-74.043845,29239,"Subscriber",1985,1
986,"2018-12-04 20:32:56.4170","2018-12-04 20:49:23.1330",3481,"York St",40.71649,-74.04105,3267,"Morris Canal",40.7124188237569,-74.03852552175522,20783,"Subscriber",1983,1
239,"2018-12-05 07:56:01.2010","2018-12-05 08:00:00.6680",3481,"York St",40.71649,-74.04105,3183,"Exchange Place",40.7162469,-74.0334588,29288,"Subscriber",1968,2
299,"2018-12-05 08:29:06.9990","2018-12-05 08:34:06.3300",3481,"York St",40.71649,-74.04105,3183,"Exchange Place",40.7162469,-74.0334588,29304,"Subscriber",1992,2
289,"2018-12-05 08:29:52.6940","2018-12-05 08:34:42.0030",3481,"York St",40.71649,-74.04105,3639,"Harborside",40.7192517,-74.034234,29210,"Subscriber",1984,2
100,"2018-12-05 08:43:45.7380","2018-12-05 08:45:26.6370",3481,"York St",40.71649,-74.04105,3185,"City Hall",40.7177325,-74.043845,29123,"Subscriber",1988,1
190,"2018-12-05 09:17:55.1450","2018-12-05 09:21:06.1050",3481,"York St",40.71649,-74.04105,3183,"Exchange Place",40.7162469,-74.0334588,29485,"Subscriber",1984,2
289,"2018-12-05 14:40:32.7300","2018-12-05 14:45:21.7510",3481,"York St",40.71649,-74.04105,3186,"Grove St PATH",40.71958611647166,-74.04311746358871,29127,"Subscriber",1962,1
268,"2018-12-05 20:01:39.9920","2018-12-05 20:06:08.0010",3481,"York St",40.71649,-74.04105,3213,"Van Vorst Park",40.71848892,-74.047726625,29516,"Subscriber",1980,1
195,"2018-12-05 20:16:59.7680","2018-12-05 20:20:14.8100",3481,"York St",40.71649,-74.04105,3186,"Grove St PATH",40.71958611647166,-74.04311746358871,26264,"Subscriber",1987,2
176,"2018-12-05 20:17:17.1090","2018-12-05 20:20:13.2600",3481,"York St",40.71649,-74.04105,3186,"Grove St PATH",40.71958611647166,-74.04311746358871,26179,"Subscriber",1988,1
152,"2018-12-06 19:18:07.9910","2018-12-06 19:20:40.4190",3481,"York St",40.71649,-74.04105,3186,"Grove St PATH",40.71958611647166,-74.04311746358871,29439,"Subscriber",1988,1
146,"2018-12-07 06:19:31.1170","2018-12-07 06:21:57.8120",3481,"York St",40.71649,-74.04105,3183,"Exchange Place",40.7162469,-74.0334588,29507,"Subscriber",1984,2
209,"2018-12-07 07:48:12.6820","2018-12-07 07:51:41.7330",3481,"York St",40.71649,-74.04105,3183,"Exchange Place",40.7162469,-74.0334588,29471,"Subscriber",1986,1
238,"2018-12-07 08:30:00.9370","2018-12-07 08:33:59.5170",3481,"York St",40.71649,-74.04105,3183,"Exchange Place",40.7162469,-74.0334588,29635,"Subscriber",1968,2
361,"2018-12-07 08:46:41.6340","2018-12-07 08:52:42.9340",3481,"York St",40.71649,-74.04105,3639,"Harborside",40.7192517,-74.034234,29575,"Subscriber",1984,2
539,"2018-12-07 09:30:33.5600","2018-12-07 09:39:33.2330",3481,"York St",40.71649,-74.04105,3275,"Columbus Drive",40.71835519823214,-74.03891444206238,26186,"Subscriber",1962,1
98,"2018-12-07 11:44:21.0570","2018-12-07 11:45:59.3330",3481,"York St",40.71649,-74.04105,3185,"City Hall",40.7177325,-74.043845,29483,"Subscriber",1988,1
499,"2018-12-07 12:57:42.2170","2018-12-07 13:06:02.1800",3481,"York St",40.71649,-74.04105,3211,"Newark Ave",40.72152515,-74.046304543,29532,"Subscriber",1954,2
207,"2018-12-07 13:17:05.7910","2018-12-07 13:20:32.8370",3481,"York St",40.71649,-74.04105,3186,"Grove St PATH",40.71958611647166,-74.04311746358871,29234,"Subscriber",1961,1
247,"2018-12-07 13:49:33.6940","2018-12-07 13:53:41.0420",3481,"York St",40.71649,-74.04105,3183,"Exchange Place",40.7162469,-74.0334588,29201,"Subscriber",1984,2
207,"2018-12-07 17:48:46.4560","2018-12-07 17:52:13.8570",3481,"York St",40.71649,-74.04105,3186,"Grove St PATH",40.71958611647166,-74.04311746358871,26204,"Subscriber",1961,1
899,"2018-12-07 18:09:43.3260","2018-12-07 18:24:42.6430",3481,"York St",40.71649,-74.04105,3225,"Baldwin at Montgomery",40.7236589,-74.0641943,29587,"Customer",1991,1
205,"2018-12-07 19:12:04.2060","2018-12-07 19:15:29.6860",3481,"York St",40.71649,-74.04105,3183,"Exchange Place",40.7162469,-74.0334588,29519,"Subscriber",1957,1
214,"2018-12-08 08:23:36.3030","2018-12-08 08:27:10.8620",3481,"York St",40.71649,-74.04105,3186,"Grove St PATH",40.71958611647166,-74.04311746358871,29252,"Subscriber",1992,1
218,"2018-12-08 09:24:17.7720","2018-12-08 09:27:55.8000",3481,"York St",40.71649,-74.04105,3183,"Exchange Place",40.7162469,-74.0334588,29654,"Subscriber",1994,1
179,"2018-12-08 13:22:26.5000","2018-12-08 13:25:25.8340",3481,"York St",40.71649,-74.04105,3187,"Warren St",40.7211236,-74.03805095,29220,"Subscriber",1985,2
508,"2018-12-08 15:03:59.2110","2018-12-08 15:12:27.6190",3481,"York St",40.71649,-74.04105,3199,"Newport Pkwy",40.7287448,-74.0321082,29612,"Subscriber",1975,1
578,"2018-12-08 15:41:32.2900","2018-12-08 15:51:10.9060",3481,"York St",40.71649,-74.04105,3209,"Brunswick St",40.7241765,-74.0506564,29523,"Subscriber",1986,1
195,"2018-12-08 15:44:23.1560","2018-12-08 15:47:38.3780",3481,"York St",40.71649,-74.04105,3183,"Exchange Place",40.7162469,-74.0334588,29532,"Subscriber",1968,2
459,"2018-12-08 16:15:27.0920","2018-12-08 16:23:06.8940",3481,"York St",40.71649,-74.04105,3187,"Warren St",40.7211236,-74.03805095,29635,"Subscriber",1992,1
262,"2018-12-08 17:11:11.7230","2018-12-08 17:15:34.1920",3481,"York St",40.71649,-74.04105,3214,"Essex Light Rail",40.7127742,-74.0364857,29658,"Subscriber",1985,2
529,"2018-12-08 19:29:59.8740","2018-12-08 19:38:48.9520",3481,"York St",40.71649,-74.04105,3211,"Newark Ave",40.72152515,-74.046304543,26295,"Subscriber",1992,1
515,"2018-12-09 06:05:10.4420","2018-12-09 06:13:46.2470",3481,"York St",40.71649,-74.04105,3186,"Grove St PATH",40.71958611647166,-74.04311746358871,29285,"Subscriber",1962,1
150,"2018-12-09 14:13:45.4230","2018-12-09 14:16:15.7170",3481,"York St",40.71649,-74.04105,3183,"Exchange Place",40.7162469,-74.0334588,26267,"Subscriber",1994,1
200,"2018-12-10 07:08:26.5160","2018-12-10 07:11:46.8100",3481,"York St",40.71649,-74.04105,3639,"Harborside",40.7192517,-74.034234,29497,"Subscriber",1975,1
131,"2018-12-10 07:16:29.9620","2018-12-10 07:18:41.8140",3481,"York St",40.71649,-74.04105,3183,"Exchange Place",40.7162469,-74.0334588,29249,"Subscriber",1984,2
200,"2018-12-10 07:46:06.9390","2018-12-10 07:49:27.6600",3481,"York St",40.71649,-74.04105,3183,"Exchange Place",40.7162469,-74.0334588,29458,"Subscriber",1986,1
280,"2018-12-10 08:16:49.9980","2018-12-10 08:21:30.4280",3481,"York St",40.71649,-74.04105,3183,"Exchange Place",40.7162469,-74.0334588,29306,"Subscriber",1968,2
209,"2018-12-10 08:19:08.8000","2018-12-10 08:22:38.4240",3481,"York St",40.71649,-74.04105,3184,"Paulus Hook",40.7141454,-74.0335519,29587,"Subscriber",1995,1
265,"2018-12-10 08:43:56.8540","2018-12-10 08:48:22.7080",3481,"York St",40.71649,-74.04105,3639,"Harborside",40.7192517,-74.034234,29289,"Subscriber",1984,2
116,"2018-12-10 10:21:23.4160","2018-12-10 10:23:20.3370",3481,"York St",40.71649,-74.04105,3186,"Grove St PATH",40.71958611647166,-74.04311746358871,26309,"Subscriber",1980,1
945,"2018-12-10 18:04:24.9890","2018-12-10 18:20:10.8150",3481,"York St",40.71649,-74.04105,3187,"Warren St",40.7211236,-74.03805095,29614,"Subscriber",1988,1
222,"2018-12-10 18:38:17.4490","2018-12-10 18:42:00.0080",3481,"York St",40.71649,-74.04105,3186,"Grove St PATH",40.71958611647166,-74.04311746358871,26173,"Subscriber",1961,1
111,"2018-12-10 19:29:40.0650","2018-12-10 19:31:31.9900",3481,"York St",40.71649,-74.04105,3185,"City Hall",40.7177325,-74.043845,29656,"Subscriber",1970,1
524,"2018-12-10 21:44:47.9910","2018-12-10 21:53:32.7850",3481,"York St",40.71649,-74.04105,3192,"Liberty Light Rail",40.7112423,-74.0557013,29124,"Subscriber",1988,1
270,"2018-12-11 06:08:28.8070","2018-12-11 06:12:59.4330",3481,"York St",40.71649,-74.04105,3638,"Washington St",40.7242941,-74.0354826,29542,"Subscriber",1979,1
209,"2018-12-11 07:37:04.2000","2018-12-11 07:40:33.5550",3481,"York St",40.71649,-74.04105,3184,"Paulus Hook",40.7141454,-74.0335519,29221,"Subscriber",1985,2
288,"2018-12-11 08:15:07.2990","2018-12-11 08:19:56.0730",3481,"York St",40.71649,-74.04105,3639,"Harborside",40.7192517,-74.034234,26286,"Subscriber",1984,2
225,"2018-12-11 08:26:22.3310","2018-12-11 08:30:07.9110",3481,"York St",40.71649,-74.04105,3183,"Exchange Place",40.7162469,-74.0334588,29439,"Subscriber",1968,2
98,"2018-12-11 08:52:19.2900","2018-12-11 08:53:57.8190",3481,"York St",40.71649,-74.04105,3185,"City Hall",40.7177325,-74.043845,26247,"Subscriber",1988,1
300,"2018-12-11 09:06:41.8010","2018-12-11 09:11:42.3090",3481,"York St",40.71649,-74.04105,3681,"Grand St",40.71517767732029,-74.03768330812454,26159,"Subscriber",1982,1
207,"2018-12-11 09:15:23.5890","2018-12-11 09:18:50.6270",3481,"York St",40.71649,-74.04105,3186,"Grove St PATH",40.71958611647166,-74.04311746358871,29268,"Subscriber",1989,1
300,"2018-12-11 09:28:55.8400","2018-12-11 09:33:56.1150",3481,"York St",40.71649,-74.04105,3639,"Harborside",40.7192517,-74.034234,26201,"Subscriber",1957,1
856,"2018-12-11 13:16:56.9980","2018-12-11 13:31:13.6730",3481,"York St",40.71649,-74.04105,3679,"Bergen Ave",40.722103786686034,-74.07145500183105,26296,"Subscriber",1954,2
221,"2018-12-12 07:45:07.6970","2018-12-12 07:48:48.9330",3481,"York St",40.71649,-74.04105,3183,"Exchange Place",40.7162469,-74.0334588,29594,"Subscriber",1986,1
275,"2018-12-12 08:13:43.8990","2018-12-12 08:18:19.2430",3481,"York St",40.71649,-74.04105,3639,"Harborside",40.7192517,-74.034234,29492,"Subscriber",1984,2
269,"2018-12-12 08:30:16.9120","2018-12-12 08:34:46.5730",3481,"York St",40.71649,-74.04105,3183,"Exchange Place",40.7162469,-74.0334588,29440,"Subscriber",1968,2
105,"2018-12-12 08:41:51.5220","2018-12-12 08:43:36.6190",3481,"York St",40.71649,-74.04105,3185,"City Hall",40.7177325,-74.043845,26191,"Subscriber",1988,1
160,"2018-12-12 13:58:14.8740","2018-12-12 14:00:55.0000",3481,"York St",40.71649,-74.04105,3186,"Grove St PATH",40.71958611647166,-74.04311746358871,29284,"Subscriber",1987,2
243,"2018-12-12 14:17:09.9870","2018-12-12 14:21:13.7430",3481,"York St",40.71649,-74.04105,3639,"Harborside",40.7192517,-74.034234,26282,"Subscriber",1984,2
234,"2018-12-12 18:16:27.6610","2018-12-12 18:20:21.7620",3481,"York St",40.71649,-74.04105,3186,"Grove St PATH",40.71958611647166,-74.04311746358871,26234,"Subscriber",1962,1
185,"2018-12-12 18:23:39.8210","2018-12-12 18:26:45.1050",3481,"York St",40.71649,-74.04105,3187,"Warren St",40.7211236,-74.03805095,29495,"Subscriber",1988,1
766,"2018-12-12 19:31:13.0590","2018-12-12 19:43:59.8370",3481,"York St",40.71649,-74.04105,3225,"Baldwin at Montgomery",40.7236589,-74.0641943,26189,"Subscriber",1991,1
218,"2018-12-12 20:33:10.9880","2018-12-12 20:36:49.8370",3481,"York St",40.71649,-74.04105,3187,"Warren St",40.7211236,-74.03805095,29434,"Subscriber",1986,1
117,"2018-12-12 21:44:08.6050","2018-12-12 21:46:06.1530",3481,"York St",40.71649,-74.04105,3185,"City Hall",40.7177325,-74.043845,29507,"Subscriber",1988,1
185,"2018-12-13 07:37:26.2310","2018-12-13 07:40:32.1580",3481,"York St",40.71649,-74.04105,3184,"Paulus Hook",40.7141454,-74.0335519,29269,"Subscriber",1985,2
798,"2018-12-13 18:42:12.1370","2018-12-13 18:55:30.9900",3481,"York St",40.71649,-74.04105,3225,"Baldwin at Montgomery",40.7236589,-74.0641943,29205,"Subscriber",1991,1
265,"2018-12-13 18:51:03.2780","2018-12-13 18:55:29.1350",3481,"York St",40.71649,-74.04105,3186,"Grove St PATH",40.71958611647166,-74.04311746358871,26270,"Subscriber",1991,1
106,"2018-12-13 19:53:40.2990","2018-12-13 19:55:26.6930",3481,"York St",40.71649,-74.04105,3185,"City Hall",40.7177325,-74.043845,29283,"Subscriber",1988,1
112,"2018-12-13 21:15:26.3190","2018-12-13 21:17:18.4580",3481,"York St",40.71649,-74.04105,3185,"City Hall",40.7177325,-74.043845,29646,"Subscriber",1988,1
181,"2018-12-14 07:23:55.7950","2018-12-14 07:26:57.3630",3481,"York St",40.71649,-74.04105,3187,"Warren St",40.7211236,-74.03805095,26282,"Subscriber",1987,2
219,"2018-12-14 08:19:50.7530","2018-12-14 08:23:30.6640",3481,"York St",40.71649,-74.04105,3183,"Exchange Place",40.7162469,-74.0334588,29289,"Subscriber",1968,2
410,"2018-12-14 08:26:19.4220","2018-12-14 08:33:10.3470",3481,"York St",40.71649,-74.04105,3185,"City Hall",40.7177325,-74.043845,26192,"Subscriber",1968,2
201,"2018-12-14 09:50:16.6740","2018-12-14 09:53:38.1940",3481,"York St",40.71649,-74.04105,3183,"Exchange Place",40.7162469,-74.0334588,26251,"Subscriber",1986,1
164,"2018-12-14 09:55:59.8710","2018-12-14 09:58:44.5650",3481,"York St",40.71649,-74.04105,3183,"Exchange Place",40.7162469,-74.0334588,26245,"Subscriber",1984,2
172,"2018-12-14 11:30:06.8150","2018-12-14 11:32:59.2010",3481,"York St",40.71649,-74.04105,3275,"Columbus Drive",40.71835519823214,-74.03891444206238,26282,"Subscriber",1983,1
129,"2018-12-14 13:59:41.5930","2018-12-14 14:01:51.0850",3481,"York St",40.71649,-74.04105,3275,"Columbus Drive",40.71835519823214,-74.03891444206238,26282,"Subscriber",1969,0
200,"2018-12-14 18:33:50.0940","2018-12-14 18:37:10.7140",3481,"York St",40.71649,-74.04105,3186,"Grove St PATH",40.71958611647166,-74.04311746358871,29476,"Subscriber",1954,2
232,"2018-12-14 18:40:30.7010","2018-12-14 18:44:23.6080",3481,"York St",40.71649,-74.04105,3186,"Grove St PATH",40.71958611647166,-74.04311746358871,29225,"Subscriber",1962,1
837,"2018-12-14 18:44:25.3540","2018-12-14 18:58:23.0350",3481,"York St",40.71649,-74.04105,3225,"Baldwin at Montgomery",40.7236589,-74.0641943,29498,"Subscriber",1991,1
359,"2018-12-15 05:59:09.5900","2018-12-15 06:05:08.6760",3481,"York St",40.71649,-74.04105,3186,"Grove St PATH",40.71958611647166,-74.04311746358871,29206,"Subscriber",1962,1
251,"2018-12-15 09:44:33.7150","2018-12-15 09:48:45.1030",3481,"York St",40.71649,-74.04105,3183,"Exchange Place",40.7162469,-74.0334588,29297,"Subscriber",1989,1
307,"2018-12-15 12:40:46.0840","2018-12-15 12:45:54.0020",3481,"York St",40.71649,-74.04105,3639,"Harborside",40.7192517,-74.034234,26200,"Subscriber",1985,2
182,"2018-12-15 13:27:49.5200","2018-12-15 13:30:52.0980",3481,"York St",40.71649,-74.04105,3183,"Exchange Place",40.7162469,-74.0334588,29553,"Subscriber",1994,1
415,"2018-12-15 14:57:11.1710","2018-12-15 15:04:07.0650",3481,"York St",40.71649,-74.04105,3203,"Hamilton Park",40.727595966,-74.044247311,26279,"Subscriber",1985,2
200,"2018-12-15 15:15:14.3760","2018-12-15 15:18:34.4700",3481,"York St",40.71649,-74.04105,3183,"Exchange Place",40.7162469,-74.0334588,26234,"Subscriber",1968,2
342,"2018-12-15 16:36:54.0800","2018-12-15 16:42:36.6580",3481,"York St",40.71649,-74.04105,3211,"Newark Ave",40.72152515,-74.046304543,29524,"Subscriber",1987,2
344,"2018-12-15 16:36:54.2540","2018-12-15 16:42:39.2360",3481,"York St",40.71649,-74.04105,3211,"Newark Ave",40.72152515,-74.046304543,26161,"Subscriber",1988,1
261,"2018-12-15 16:56:12.8530","2018-12-15 17:00:34.2510",3481,"York St",40.71649,-74.04105,3187,"Warren St",40.7211236,-74.03805095,29529,"Subscriber",1985,2
377,"2018-12-15 17:40:52.2330","2018-12-15 17:47:09.5360",3481,"York St",40.71649,-74.04105,3272,"Jersey & 3rd",40.72333158646436,-74.04595255851744,29484,"Subscriber",1982,1
169,"2018-12-16 05:24:56.3390","2018-12-16 05:27:45.6380",3481,"York St",40.71649,-74.04105,3186,"Grove St PATH",40.71958611647166,-74.04311746358871,29442,"Subscriber",1962,1
260,"2018-12-16 08:56:30.5810","2018-12-16 09:00:51.1540",3481,"York St",40.71649,-74.04105,3639,"Harborside",40.7192517,-74.034234,29491,"Subscriber",1957,1
431,"2018-12-16 12:20:25.7200","2018-12-16 12:27:37.5590",3481,"York St",40.71649,-74.04105,3638,"Washington St",40.7242941,-74.0354826,26189,"Subscriber",1985,2
182,"2018-12-17 07:22:12.4260","2018-12-17 07:25:14.6730",3481,"York St",40.71649,-74.04105,3184,"Paulus Hook",40.7141454,-74.0335519,29652,"Subscriber",1985,2
248,"2018-12-17 07:57:13.1290","2018-12-17 08:01:22.0720",3481,"York St",40.71649,-74.04105,3183,"Exchange Place",40.7162469,-74.0334588,29487,"Subscriber",1986,1
143,"2018-12-17 08:21:14.7020","2018-12-17 08:23:38.4150",3481,"York St",40.71649,-74.04105,3185,"City Hall",40.7177325,-74.043845,29544,"Subscriber",1968,2
275,"2018-12-17 08:49:33.1240","2018-12-17 08:54:09.0560",3481,"York St",40.71649,-74.04105,3639,"Harborside",40.7192517,-74.034234,29120,"Subscriber",1984,2
239,"2018-12-17 09:14:35.1380","2018-12-17 09:18:34.9500",3481,"York St",40.71649,-74.04105,3213,"Van Vorst Park",40.71848892,-74.047726625,26287,"Subscriber",1988,1
302,"2018-12-17 10:12:21.7670","2018-12-17 10:17:24.2720",3481,"York St",40.71649,-74.04105,3639,"Harborside",40.7192517,-74.034234,29569,"Subscriber",1957,1
430,"2018-12-17 14:43:59.8470","2018-12-17 14:51:10.4590",3481,"York St",40.71649,-74.04105,3483,"Montgomery St",40.71942,-74.05099,29593,"Subscriber",1971,2
1343,"2018-12-17 15:10:09.0340","2018-12-17 15:32:32.1350",3481,"York St",40.71649,-74.04105,3186,"Grove St PATH",40.71958611647166,-74.04311746358871,29296,"Subscriber",1962,1
403,"2018-12-17 18:47:17.3110","2018-12-17 18:54:01.0810",3481,"York St",40.71649,-74.04105,3279,"Dixon Mills",40.721630142638354,-74.04996782541275,26164,"Subscriber",1978,1
121,"2018-12-17 21:02:28.5600","2018-12-17 21:04:29.8790",3481,"York St",40.71649,-74.04105,3681,"Grand St",40.71517767732029,-74.03768330812454,29444,"Subscriber",1970,1
90,"2018-12-17 21:40:02.3490","2018-12-17 21:41:32.8710",3481,"York St",40.71649,-74.04105,3185,"City Hall",40.7177325,-74.043845,29250,"Subscriber",1988,1
229,"2018-12-18 07:51:14.4960","2018-12-18 07:55:04.4800",3481,"York St",40.71649,-74.04105,3183,"Exchange Place",40.7162469,-74.0334588,29583,"Subscriber",1986,1
302,"2018-12-18 08:16:24.9320","2018-12-18 08:21:27.6390",3481,"York St",40.71649,-74.04105,3183,"Exchange Place",40.7162469,-74.0334588,29212,"Subscriber",1968,2
670,"2018-12-18 08:19:48.5780","2018-12-18 08:30:59.4610",3481,"York St",40.71649,-74.04105,3184,"Paulus Hook",40.7141454,-74.0335519,26201,"Subscriber",1977,1
217,"2018-12-18 13:17:01.0700","2018-12-18 13:20:38.6740",3481,"York St",40.71649,-74.04105,3213,"Van Vorst Park",40.71848892,-74.047726625,29214,"Subscriber",1967,1
129,"2018-12-18 21:49:04.1450","2018-12-18 21:51:13.3620",3481,"York St",40.71649,-74.04105,3681,"Grand St",40.71517767732029,-74.03768330812454,29487,"Subscriber",1974,1
200,"2018-12-19 07:40:41.7570","2018-12-19 07:44:02.7290",3481,"York St",40.71649,-74.04105,3184,"Paulus Hook",40.7141454,-74.0335519,26187,"Subscriber",1985,2
179,"2018-12-19 07:45:46.6450","2018-12-19 07:48:46.6380",3481,"York St",40.71649,-74.04105,3183,"Exchange Place",40.7162469,-74.0334588,29586,"Subscriber",1986,1
241,"2018-12-19 08:17:03.1270","2018-12-19 08:21:04.2910",3481,"York St",40.71649,-74.04105,3183,"Exchange Place",40.7162469,-74.0334588,26271,"Subscriber",1968,2
117,"2018-12-19 09:14:29.4680","2018-12-19 09:16:26.6660",3481,"York St",40.71649,-74.04105,3185,"City Hall",40.7177325,-74.043845,29296,"Subscriber",1954,2
234,"2018-12-19 15:33:59.3950","2018-12-19 15:37:53.9680",3481,"York St",40.71649,-74.04105,3186,"Grove St PATH",40.71958611647166,-74.04311746358871,29264,"Subscriber",1972,1
605,"2018-12-20 05:50:36.7740","2018-12-20 06:00:42.7600",3481,"York St",40.71649,-74.04105,3481,"York St",40.71649,-74.04105,29284,"Subscriber",1962,1
168,"2018-12-20 07:51:51.1770","2018-12-20 07:54:39.6160",3481,"York St",40.71649,-74.04105,3183,"Exchange Place",40.7162469,-74.0334588,26202,"Subscriber",1986,1
284,"2018-12-20 08:12:06.1200","2018-12-20 08:16:50.7550",3481,"York St",40.71649,-74.04105,3183,"Exchange Place",40.7162469,-74.0334588,26294,"Subscriber",1968,2
251,"2018-12-20 09:06:05.4870","2018-12-20 09:10:16.6840",3481,"York St",40.71649,-74.04105,3639,"Harborside",40.7192517,-74.034234,29516,"Subscriber",1984,2
396,"2018-12-20 09:21:10.8870","2018-12-20 09:27:46.9690",3481,"York St",40.71649,-74.04105,3639,"Harborside",40.7192517,-74.034234,26211,"Subscriber",1957,1
637,"2018-12-20 09:32:18.8190","2018-12-20 09:42:56.5400",3481,"York St",40.71649,-74.04105,3638,"Washington St",40.7242941,-74.0354826,29597,"Subscriber",1969,0
90,"2018-12-20 09:44:47.5290","2018-12-20 09:46:18.3830",3481,"York St",40.71649,-74.04105,3185,"City Hall",40.7177325,-74.043845,29639,"Subscriber",1988,1
251,"2018-12-20 13:23:17.6950","2018-12-20 13:27:29.2920",3481,"York St",40.71649,-74.04105,3639,"Harborside",40.7192517,-74.034234,29500,"Subscriber",1979,1
179,"2018-12-20 13:42:49.7530","2018-12-20 13:45:48.7720",3481,"York St",40.71649,-74.04105,3186,"Grove St PATH",40.71958611647166,-74.04311746358871,29675,"Subscriber",1954,2
249,"2018-12-20 14:24:55.9630","2018-12-20 14:29:05.0860",3481,"York St",40.71649,-74.04105,3184,"Paulus Hook",40.7141454,-74.0335519,29284,"Subscriber",1989,1
230,"2018-12-21 07:46:35.2050","2018-12-21 07:50:25.8650",3481,"York St",40.71649,-74.04105,3183,"Exchange Place",40.7162469,-74.0334588,29675,"Subscriber",1986,1
164,"2018-12-21 13:46:12.6460","2018-12-21 13:48:56.7150",3481,"York St",40.71649,-74.04105,3186,"Grove St PATH",40.71958611647166,-74.04311746358871,29534,"Subscriber",1954,2
188,"2018-12-21 14:23:58.9260","2018-12-21 14:27:07.1270",3481,"York St",40.71649,-74.04105,3186,"Grove St PATH",40.71958611647166,-74.04311746358871,26268,"Subscriber",1989,1
213,"2018-12-21 17:24:31.2790","2018-12-21 17:28:05.2410",3481,"York St",40.71649,-74.04105,3187,"Warren St",40.7211236,-74.03805095,29677,"Subscriber",1987,2
199,"2018-12-22 09:55:48.4650","2018-12-22 09:59:08.2270",3481,"York St",40.71649,-74.04105,3187,"Warren St",40.7211236,-74.03805095,29273,"Subscriber",1988,1
168,"2018-12-22 09:56:26.6990","2018-12-22 09:59:14.8430",3481,"York St",40.71649,-74.04105,3187,"Warren St",40.7211236,-74.03805095,26236,"Subscriber",1987,2
192,"2018-12-22 10:00:09.6450","2018-12-22 10:03:21.6560",3481,"York St",40.71649,-74.04105,3183,"Exchange Place",40.7162469,-74.0334588,29204,"Subscriber",1968,2
467,"2018-12-22 16:21:45.0510","2018-12-22 16:29:32.2650",3481,"York St",40.71649,-74.04105,3483,"Montgomery St",40.71942,-74.05099,26235,"Subscriber",1990,1
291,"2018-12-22 18:29:51.2640","2018-12-22 18:34:43.2250",3481,"York St",40.71649,-74.04105,3639,"Harborside",40.7192517,-74.034234,29677,"Customer",1985,1
199,"2018-12-22 18:46:43.1260","2018-12-22 18:50:02.4480",3481,"York St",40.71649,-74.04105,3183,"Exchange Place",40.7162469,-74.0334588,26236,"Subscriber",1968,2
316,"2018-12-23 13:42:49.7480","2018-12-23 13:48:06.4930",3481,"York St",40.71649,-74.04105,3186,"Grove St PATH",40.71958611647166,-74.04311746358871,29124,"Subscriber",1951,1
170,"2018-12-24 07:44:34.9480","2018-12-24 07:47:25.5230",3481,"York St",40.71649,-74.04105,3183,"Exchange Place",40.7162469,-74.0334588,29222,"Subscriber",1986,1
262,"2018-12-24 08:11:26.0470","2018-12-24 08:15:48.3790",3481,"York St",40.71649,-74.04105,3183,"Exchange Place",40.7162469,-74.0334588,26236,"Subscriber",1968,2
120,"2018-12-24 14:25:59.8060","2018-12-24 14:28:00.0900",3481,"York St",40.71649,-74.04105,3681,"Grand St",40.71517767732029,-74.03768330812454,29605,"Subscriber",1985,1
320,"2018-12-24 15:28:41.1060","2018-12-24 15:34:01.9550",3481,"York St",40.71649,-74.04105,3639,"Harborside",40.7192517,-74.034234,29658,"Subscriber",1985,2
206,"2018-12-26 07:49:16.4150","2018-12-26 07:52:42.9420",3481,"York St",40.71649,-74.04105,3183,"Exchange Place",40.7162469,-74.0334588,29225,"Subscriber",1986,1
219,"2018-12-26 08:09:31.6650","2018-12-26 08:13:11.2750",3481,"York St",40.71649,-74.04105,3183,"Exchange Place",40.7162469,-74.0334588,26235,"Subscriber",1984,2
298,"2018-12-26 09:24:06.6240","2018-12-26 09:29:04.7800",3481,"York St",40.71649,-74.04105,3276,"Marin Light Rail",40.71458403535893,-74.04281705617905,29616,"Subscriber",1981,1
141,"2018-12-26 09:29:44.3100","2018-12-26 09:32:06.0390",3481,"York St",40.71649,-74.04105,3183,"Exchange Place",40.7162469,-74.0334588,29541,"Subscriber",1984,2
185,"2018-12-26 12:14:31.5520","2018-12-26 12:17:36.7730",3481,"York St",40.71649,-74.04105,3186,"Grove St PATH",40.71958611647166,-74.04311746358871,29520,"Subscriber",1954,2
304,"2018-12-26 16:34:34.7890","2018-12-26 16:39:38.9800",3481,"York St",40.71649,-74.04105,3187,"Warren St",40.7211236,-74.03805095,29499,"Subscriber",1971,1
329,"2018-12-26 19:17:02.1780","2018-12-26 19:22:32.0580",3481,"York St",40.71649,-74.04105,3211,"Newark Ave",40.72152515,-74.046304543,26244,"Subscriber",1987,2
200,"2018-12-27 07:50:59.9700","2018-12-27 07:54:20.6050",3481,"York St",40.71649,-74.04105,3183,"Exchange Place",40.7162469,-74.0334588,29250,"Subscriber",1986,1
228,"2018-12-27 08:26:43.9390","2018-12-27 08:30:32.0670",3481,"York St",40.71649,-74.04105,3639,"Harborside",40.7192517,-74.034234,26244,"Subscriber",1984,2
284,"2018-12-27 10:50:22.5050","2018-12-27 10:55:06.7640",3481,"York St",40.71649,-74.04105,3638,"Washington St",40.7242941,-74.0354826,29286,"Subscriber",1963,1
271,"2018-12-27 10:50:37.2210","2018-12-27 10:55:09.1780",3481,"York St",40.71649,-74.04105,3638,"Washington St",40.7242941,-74.0354826,29545,"Subscriber",1964,2
149,"2018-12-27 16:29:44.8990","2018-12-27 16:32:14.0260",3481,"York St",40.71649,-74.04105,3183,"Exchange Place",40.7162469,-74.0334588,29592,"Subscriber",1984,2
105,"2018-12-27 19:43:00.4140","2018-12-27 19:44:45.4480",3481,"York St",40.71649,-74.04105,3185,"City Hall",40.7177325,-74.043845,29231,"Subscriber",1978,1
204,"2018-12-28 07:50:00.0930","2018-12-28 07:53:24.4560",3481,"York St",40.71649,-74.04105,3183,"Exchange Place",40.7162469,-74.0334588,26200,"Subscriber",1986,1
242,"2018-12-28 16:25:15.7410","2018-12-28 16:29:18.7100",3481,"York St",40.71649,-74.04105,3187,"Warren St",40.7211236,-74.03805095,29610,"Subscriber",1957,1
308,"2018-12-29 07:03:58.6540","2018-12-29 07:09:07.2770",3481,"York St",40.71649,-74.04105,3186,"Grove St PATH",40.71958611647166,-74.04311746358871,26174,"Subscriber",1962,1
190,"2018-12-29 09:58:37.1120","2018-12-29 10:01:47.3210",3481,"York St",40.71649,-74.04105,3183,"Exchange Place",40.7162469,-74.0334588,29530,"Subscriber",1968,2
427,"2018-12-29 13:33:34.8970","2018-12-29 13:40:42.5440",3481,"York St",40.71649,-74.04105,3187,"Warren St",40.7211236,-74.03805095,26200,"Subscriber",1983,1
1193,"2018-12-29 14:55:49.1050","2018-12-29 15:15:42.4000",3481,"York St",40.71649,-74.04105,3220,"5 Corners Library",40.734961020009514,-74.0595030784607,29435,"Subscriber",1982,1
1171,"2018-12-29 14:56:18.7940","2018-12-29 15:15:50.4110",3481,"York St",40.71649,-74.04105,3220,"5 Corners Library",40.734961020009514,-74.0595030784607,26225,"Subscriber",1985,2
165,"2018-12-29 16:49:31.9550","2018-12-29 16:52:17.6660",3481,"York St",40.71649,-74.04105,3186,"Grove St PATH",40.71958611647166,-74.04311746358871,29575,"Subscriber",1987,1
812,"2018-12-30 05:50:02.5160","2018-12-30 06:03:35.2100",3481,"York St",40.71649,-74.04105,3186,"Grove St PATH",40.71958611647166,-74.04311746358871,29546,"Subscriber",1962,1
192,"2018-12-30 12:03:53.8630","2018-12-30 12:07:06.8490",3481,"York St",40.71649,-74.04105,3186,"Grove St PATH",40.71958611647166,-74.04311746358871,29593,"Subscriber",1954,2
2255,"2018-12-30 12:43:39.2760","2018-12-30 13:21:14.8950",3481,"York St",40.71649,-74.04105,3276,"Marin Light Rail",40.71458403535893,-74.04281705617905,29521,"Customer",1988,1
917,"2018-12-30 13:52:24.8950","2018-12-30 14:07:42.0380",3481,"York St",40.71649,-74.04105,3280,"Astor Place",40.71928220070702,-74.07126188278198,29593,"Subscriber",1982,1
907,"2018-12-30 13:52:34.5370","2018-12-30 14:07:42.4410",3481,"York St",40.71649,-74.04105,3280,"Astor Place",40.71928220070702,-74.07126188278198,26193,"Subscriber",1985,2
243,"2018-12-30 15:10:52.3330","2018-12-30 15:14:55.7290",3481,"York St",40.71649,-74.04105,3183,"Exchange Place",40.7162469,-74.0334588,29249,"Subscriber",1968,2
919,"2018-12-30 16:36:23.7560","2018-12-30 16:51:42.8440",3481,"York St",40.71649,-74.04105,3481,"York St",40.71649,-74.04105,29252,"Subscriber",1962,1
418,"2018-12-30 17:36:31.0010","2018-12-30 17:43:29.7800",3481,"York St",40.71649,-74.04105,3186,"Grove St PATH",40.71958611647166,-74.04311746358871,29252,"Subscriber",1962,1
267,"2018-12-30 23:29:11.6170","2018-12-30 23:33:39.3350",3481,"York St",40.71649,-74.04105,3214,"Essex Light Rail",40.7127742,-74.0364857,29307,"Subscriber",1958,1
203,"2018-12-31 07:41:53.1590","2018-12-31 07:45:16.7530",3481,"York St",40.71649,-74.04105,3183,"Exchange Place",40.7162469,-74.0334588,29217,"Subscriber",1986,1
203,"2018-12-31 08:16:16.1800","2018-12-31 08:19:40.1290",3481,"York St",40.71649,-74.04105,3183,"Exchange Place",40.7162469,-74.0334588,29292,"Subscriber",1968,2
369,"2018-12-31 09:29:12.2670","2018-12-31 09:35:21.5810",3481,"York St",40.71649,-74.04105,3186,"Grove St PATH",40.71958611647166,-74.04311746358871,29664,"Subscriber",1962,1
227,"2018-12-31 11:09:00.7750","2018-12-31 11:12:48.0400",3481,"York St",40.71649,-74.04105,3275,"Columbus Drive",40.71835519823214,-74.03891444206238,29222,"Subscriber",1989,1
187,"2018-12-31 12:40:50.0340","2018-12-31 12:43:57.0660",3481,"York St",40.71649,-74.04105,3186,"Grove St PATH",40.71958611647166,-74.04311746358871,29220,"Subscriber",1985,2
186,"2018-12-31 12:48:07.6830","2018-12-31 12:51:13.8450",3481,"York St",40.71649,-74.04105,3213,"Van Vorst Park",40.71848892,-74.047726625,29461,"Subscriber",1992,1
1418,"2018-12-31 16:07:48.9970","2018-12-31 16:31:27.0370",3481,"York St",40.71649,-74.04105,3481,"York St",40.71649,-74.04105,29262,"Customer",1988,1
194,"2018-12-01 08:38:00.5830","2018-12-01 08:41:14.9380",3483,"Montgomery St",40.71942,-74.05099,3186,"Grove St PATH",40.71958611647166,-74.04311746358871,26206,"Subscriber",1963,2
199,"2018-12-01 10:13:34.9630","2018-12-01 10:16:54.9090",3483,"Montgomery St",40.71942,-74.05099,3186,"Grove St PATH",40.71958611647166,-74.04311746358871,29485,"Subscriber",1958,1
273,"2018-12-01 10:30:30.6730","2018-12-01 10:35:04.4090",3483,"Montgomery St",40.71942,-74.05099,3211,"Newark Ave",40.72152515,-74.046304543,29512,"Subscriber",1961,1
435,"2018-12-01 11:01:12.6720","2018-12-01 11:08:28.2270",3483,"Montgomery St",40.71942,-74.05099,3184,"Paulus Hook",40.7141454,-74.0335519,29542,"Subscriber",1969,1
714,"2018-12-01 13:24:16.7410","2018-12-01 13:36:11.1410",3483,"Montgomery St",40.71942,-74.05099,3192,"Liberty Light Rail",40.7112423,-74.0557013,26203,"Subscriber",1988,1
698,"2018-12-01 13:24:45.1570","2018-12-01 13:36:24.0220",3483,"Montgomery St",40.71942,-74.05099,3192,"Liberty Light Rail",40.7112423,-74.0557013,29217,"Subscriber",1976,2
1086,"2018-12-01 14:12:47.9160","2018-12-01 14:30:54.0100",3483,"Montgomery St",40.71942,-74.05099,3638,"Washington St",40.7242941,-74.0354826,26302,"Subscriber",1988,1
884,"2018-12-01 16:04:44.5830","2018-12-01 16:19:28.5840",3483,"Montgomery St",40.71942,-74.05099,3199,"Newport Pkwy",40.7287448,-74.0321082,29281,"Subscriber",1991,1
229,"2018-12-01 16:18:11.9110","2018-12-01 16:22:01.0230",3483,"Montgomery St",40.71942,-74.05099,3185,"City Hall",40.7177325,-74.043845,29653,"Subscriber",1988,1
188,"2018-12-02 06:38:06.2950","2018-12-02 06:41:14.3020",3483,"Montgomery St",40.71942,-74.05099,3186,"Grove St PATH",40.71958611647166,-74.04311746358871,29459,"Subscriber",1958,1
960,"2018-12-02 13:39:41.7790","2018-12-02 13:55:42.2070",3483,"Montgomery St",40.71942,-74.05099,3277,"Communipaw & Berry Lane",40.71435836870427,-74.06661093235016,29448,"Subscriber",1991,1
603,"2018-12-02 15:23:34.1250","2018-12-02 15:33:37.2640",3483,"Montgomery St",40.71942,-74.05099,3187,"Warren St",40.7211236,-74.03805095,26258,"Subscriber",1990,1
256,"2018-12-02 17:43:11.6260","2018-12-02 17:47:28.0240",3483,"Montgomery St",40.71942,-74.05099,3186,"Grove St PATH",40.71958611647166,-74.04311746358871,26224,"Subscriber",1995,1
453,"2018-12-03 06:27:29.8110","2018-12-03 06:35:03.4580",3483,"Montgomery St",40.71942,-74.05099,3184,"Paulus Hook",40.7141454,-74.0335519,29675,"Subscriber",1991,1
311,"2018-12-03 07:30:08.6310","2018-12-03 07:35:20.1040",3483,"Montgomery St",40.71942,-74.05099,3186,"Grove St PATH",40.71958611647166,-74.04311746358871,29259,"Subscriber",1988,1
339,"2018-12-03 07:31:24.8090","2018-12-03 07:37:04.5870",3483,"Montgomery St",40.71942,-74.05099,3186,"Grove St PATH",40.71958611647166,-74.04311746358871,29640,"Subscriber",1972,2
368,"2018-12-03 08:23:52.6160","2018-12-03 08:30:00.6680",3483,"Montgomery St",40.71942,-74.05099,3185,"City Hall",40.7177325,-74.043845,26236,"Subscriber",1985,1
136,"2018-12-03 09:28:38.9900","2018-12-03 09:30:55.1580",3483,"Montgomery St",40.71942,-74.05099,3213,"Van Vorst Park",40.71848892,-74.047726625,29450,"Subscriber",1986,2
368,"2018-12-03 09:30:04.5410","2018-12-03 09:36:13.4550",3483,"Montgomery St",40.71942,-74.05099,3183,"Exchange Place",40.7162469,-74.0334588,29504,"Subscriber",1949,1
334,"2018-12-03 11:53:07.0860","2018-12-03 11:58:41.0950",3483,"Montgomery St",40.71942,-74.05099,3192,"Liberty Light Rail",40.7112423,-74.0557013,29297,"Subscriber",1989,1
552,"2018-12-03 14:55:33.7460","2018-12-03 15:04:45.7580",3483,"Montgomery St",40.71942,-74.05099,3187,"Warren St",40.7211236,-74.03805095,29540,"Subscriber",1989,2
500,"2018-12-03 17:05:33.1740","2018-12-03 17:13:53.2910",3483,"Montgomery St",40.71942,-74.05099,3187,"Warren St",40.7211236,-74.03805095,29275,"Subscriber",1995,1
239,"2018-12-03 17:13:05.6500","2018-12-03 17:17:04.8550",3483,"Montgomery St",40.71942,-74.05099,3186,"Grove St PATH",40.71958611647166,-74.04311746358871,29596,"Subscriber",1958,1
204,"2018-12-03 20:33:57.5780","2018-12-03 20:37:22.4640",3483,"Montgomery St",40.71942,-74.05099,3186,"Grove St PATH",40.71958611647166,-74.04311746358871,29252,"Subscriber",1985,1
1053,"2018-12-03 20:47:09.1880","2018-12-03 21:04:42.4270",3483,"Montgomery St",40.71942,-74.05099,3202,"Newport PATH",40.7272235,-74.0337589,29540,"Subscriber",1995,2
486,"2018-12-04 05:55:39.8690","2018-12-04 06:03:46.6070",3483,"Montgomery St",40.71942,-74.05099,3184,"Paulus Hook",40.7141454,-74.0335519,29623,"Subscriber",1991,1
201,"2018-12-04 07:02:59.8950","2018-12-04 07:06:21.3480",3483,"Montgomery St",40.71942,-74.05099,3186,"Grove St PATH",40.71958611647166,-74.04311746358871,29120,"Subscriber",1986,1
232,"2018-12-04 07:31:39.1600","2018-12-04 07:35:31.6500",3483,"Montgomery St",40.71942,-74.05099,3186,"Grove St PATH",40.71958611647166,-74.04311746358871,29550,"Subscriber",1988,1
202,"2018-12-04 09:09:18.1300","2018-12-04 09:12:40.1340",3483,"Montgomery St",40.71942,-74.05099,3185,"City Hall",40.7177325,-74.043845,26271,"Subscriber",1963,2
139,"2018-12-04 13:55:56.5770","2018-12-04 13:58:16.4300",3483,"Montgomery St",40.71942,-74.05099,3213,"Van Vorst Park",40.71848892,-74.047726625,29502,"Subscriber",1958,1
504,"2018-12-04 13:58:24.7810","2018-12-04 14:06:49.6890",3483,"Montgomery St",40.71942,-74.05099,3225,"Baldwin at Montgomery",40.7236589,-74.0641943,29442,"Subscriber",1994,1
628,"2018-12-04 14:41:01.2610","2018-12-04 14:51:30.1640",3483,"Montgomery St",40.71942,-74.05099,3194,"McGinley Square",40.7253399253558,-74.06762212514877,29544,"Subscriber",2000,1
201,"2018-12-04 17:24:17.8190","2018-12-04 17:27:38.9200",3483,"Montgomery St",40.71942,-74.05099,3186,"Grove St PATH",40.71958611647166,-74.04311746358871,29271,"Subscriber",1958,1
250,"2018-12-04 19:14:50.8350","2018-12-04 19:19:00.8790",3483,"Montgomery St",40.71942,-74.05099,3186,"Grove St PATH",40.71958611647166,-74.04311746358871,29673,"Subscriber",1987,1
231,"2018-12-05 06:55:04.2970","2018-12-05 06:58:56.1510",3483,"Montgomery St",40.71942,-74.05099,3186,"Grove St PATH",40.71958611647166,-74.04311746358871,29505,"Subscriber",1963,2
327,"2018-12-05 10:38:05.9260","2018-12-05 10:43:33.6880",3483,"Montgomery St",40.71942,-74.05099,3211,"Newark Ave",40.72152515,-74.046304543,26260,"Subscriber",1961,1
330,"2018-12-05 11:21:26.4960","2018-12-05 11:26:56.8670",3483,"Montgomery St",40.71942,-74.05099,3211,"Newark Ave",40.72152515,-74.046304543,29498,"Subscriber",1961,1
214,"2018-12-05 18:08:20.3350","2018-12-05 18:11:54.4170",3483,"Montgomery St",40.71942,-74.05099,3186,"Grove St PATH",40.71958611647166,-74.04311746358871,29257,"Subscriber",1958,1
295,"2018-12-05 18:24:02.6860","2018-12-05 18:28:58.1580",3483,"Montgomery St",40.71942,-74.05099,3211,"Newark Ave",40.72152515,-74.046304543,29452,"Subscriber",1983,1
181,"2018-12-05 18:24:07.8970","2018-12-05 18:27:09.5120",3483,"Montgomery St",40.71942,-74.05099,3186,"Grove St PATH",40.71958611647166,-74.04311746358871,29472,"Subscriber",1985,1
340,"2018-12-05 19:38:05.0040","2018-12-05 19:43:45.0380",3483,"Montgomery St",40.71942,-74.05099,3203,"Hamilton Park",40.727595966,-74.044247311,29681,"Subscriber",1995,1
554,"2018-12-05 20:01:41.6430","2018-12-05 20:10:55.9840",3483,"Montgomery St",40.71942,-74.05099,3275,"Columbus Drive",40.71835519823214,-74.03891444206238,29459,"Subscriber",1991,1
518,"2018-12-05 20:02:09.6820","2018-12-05 20:10:48.2810",3483,"Montgomery St",40.71942,-74.05099,3275,"Columbus Drive",40.71835519823214,-74.03891444206238,26273,"Subscriber",1993,2
254,"2018-12-05 20:51:10.7540","2018-12-05 20:55:24.8810",3483,"Montgomery St",40.71942,-74.05099,3186,"Grove St PATH",40.71958611647166,-74.04311746358871,29198,"Subscriber",1986,1
469,"2018-12-06 05:26:27.4300","2018-12-06 05:34:16.9120",3483,"Montgomery St",40.71942,-74.05099,3184,"Paulus Hook",40.7141454,-74.0335519,26155,"Subscriber",1991,1
335,"2018-12-06 07:22:59.2880","2018-12-06 07:28:35.2020",3483,"Montgomery St",40.71942,-74.05099,3186,"Grove St PATH",40.71958611647166,-74.04311746358871,29635,"Subscriber",1972,2
227,"2018-12-06 08:29:03.5720","2018-12-06 08:32:51.1780",3483,"Montgomery St",40.71942,-74.05099,3186,"Grove St PATH",40.71958611647166,-74.04311746358871,29516,"Subscriber",1985,1
171,"2018-12-06 08:53:11.9550","2018-12-06 08:56:02.9610",3483,"Montgomery St",40.71942,-74.05099,3186,"Grove St PATH",40.71958611647166,-74.04311746358871,29570,"Subscriber",1963,2
421,"2018-12-06 09:32:58.1530","2018-12-06 09:39:59.4640",3483,"Montgomery St",40.71942,-74.05099,3183,"Exchange Place",40.7162469,-74.0334588,26254,"Subscriber",1949,1
1555,"2018-12-06 13:13:23.5870","2018-12-06 13:39:19.0140",3483,"Montgomery St",40.71942,-74.05099,3183,"Exchange Place",40.7162469,-74.0334588,29487,"Subscriber",1958,1
188,"2018-12-06 17:54:05.1100","2018-12-06 17:57:13.5200",3483,"Montgomery St",40.71942,-74.05099,3186,"Grove St PATH",40.71958611647166,-74.04311746358871,29237,"Subscriber",1958,1
611,"2018-12-06 17:56:21.8120","2018-12-06 18:06:33.5110",3483,"Montgomery St",40.71942,-74.05099,3639,"Harborside",40.7192517,-74.034234,29215,"Subscriber",1973,2
668,"2018-12-06 18:37:50.8960","2018-12-06 18:48:58.9380",3483,"Montgomery St",40.71942,-74.05099,3639,"Harborside",40.7192517,-74.034234,29593,"Subscriber",1992,1
161,"2018-12-07 07:04:19.6620","2018-12-07 07:07:01.6110",3483,"Montgomery St",40.71942,-74.05099,3186,"Grove St PATH",40.71958611647166,-74.04311746358871,29262,"Subscriber",1963,2
470,"2018-12-07 07:48:39.5280","2018-12-07 07:56:30.1500",3483,"Montgomery St",40.71942,-74.05099,3184,"Paulus Hook",40.7141454,-74.0335519,29653,"Subscriber",1991,1
366,"2018-12-07 08:34:28.0910","2018-12-07 08:40:34.5920",3483,"Montgomery St",40.71942,-74.05099,3186,"Grove St PATH",40.71958611647166,-74.04311746358871,29258,"Subscriber",1985,1
416,"2018-12-07 09:03:24.0670","2018-12-07 09:10:20.2940",3483,"Montgomery St",40.71942,-74.05099,3211,"Newark Ave",40.72152515,-74.046304543,26199,"Subscriber",1985,2
507,"2018-12-07 18:46:12.9340","2018-12-07 18:54:40.6270",3483,"Montgomery St",40.71942,-74.05099,3194,"McGinley Square",40.7253399253558,-74.06762212514877,29482,"Subscriber",1985,1
290,"2018-12-07 19:35:30.5450","2018-12-07 19:40:21.3700",3483,"Montgomery St",40.71942,-74.05099,3186,"Grove St PATH",40.71958611647166,-74.04311746358871,26296,"Subscriber",1990,1
154,"2018-12-08 08:12:45.5410","2018-12-08 08:15:19.8690",3483,"Montgomery St",40.71942,-74.05099,3186,"Grove St PATH",40.71958611647166,-74.04311746358871,29596,"Subscriber",1963,2
1527,"2018-12-08 10:57:04.8530","2018-12-08 11:22:32.8520",3483,"Montgomery St",40.71942,-74.05099,3205,"JC Medical Center",40.71653978099194,-74.0496379137039,29612,"Subscriber",1994,1
428,"2018-12-08 11:03:02.3680","2018-12-08 11:10:10.4780",3483,"Montgomery St",40.71942,-74.05099,3184,"Paulus Hook",40.7141454,-74.0335519,29215,"Subscriber",1969,1
242,"2018-12-08 15:16:06.8930","2018-12-08 15:20:09.1130",3483,"Montgomery St",40.71942,-74.05099,3272,"Jersey & 3rd",40.72333158646436,-74.04595255851744,29656,"Subscriber",1989,1
1160,"2018-12-08 19:18:04.5520","2018-12-08 19:37:25.0840",3483,"Montgomery St",40.71942,-74.05099,3210,"Pershing Field",40.742677141,-74.051788633,29520,"Subscriber",1995,1
607,"2018-12-08 19:37:56.8950","2018-12-08 19:48:04.5940",3483,"Montgomery St",40.71942,-74.05099,3267,"Morris Canal",40.7124188237569,-74.03852552175522,26203,"Subscriber",1980,2
577,"2018-12-08 19:38:19.7760","2018-12-08 19:47:57.5610",3483,"Montgomery St",40.71942,-74.05099,3267,"Morris Canal",40.7124188237569,-74.03852552175522,26190,"Subscriber",1979,1
1465,"2018-12-08 21:45:39.8560","2018-12-08 22:10:05.6560",3483,"Montgomery St",40.71942,-74.05099,3186,"Grove St PATH",40.71958611647166,-74.04311746358871,29675,"Subscriber",1965,1
203,"2018-12-09 07:04:23.7180","2018-12-09 07:07:47.4030",3483,"Montgomery St",40.71942,-74.05099,3186,"Grove St PATH",40.71958611647166,-74.04311746358871,26210,"Subscriber",1958,1
207,"2018-12-09 12:07:48.2860","2018-12-09 12:11:15.6360",3483,"Montgomery St",40.71942,-74.05099,3213,"Van Vorst Park",40.71848892,-74.047726625,29677,"Subscriber",1994,2
1592,"2018-12-09 12:31:45.8870","2018-12-09 12:58:17.8870",3483,"Montgomery St",40.71942,-74.05099,3638,"Washington St",40.7242941,-74.0354826,29608,"Subscriber",1991,1
588,"2018-12-09 12:48:09.0170","2018-12-09 12:57:58.0130",3483,"Montgomery St",40.71942,-74.05099,3639,"Harborside",40.7192517,-74.034234,29249,"Subscriber",1992,1
571,"2018-12-09 12:48:23.9120","2018-12-09 12:57:55.3670",3483,"Montgomery St",40.71942,-74.05099,3639,"Harborside",40.7192517,-74.034234,29434,"Subscriber",1988,2
526,"2018-12-09 12:51:24.8040","2018-12-09 13:00:11.0030",3483,"Montgomery St",40.71942,-74.05099,3214,"Essex Light Rail",40.7127742,-74.0364857,29239,"Subscriber",1991,1
236,"2018-12-09 15:58:08.8660","2018-12-09 16:02:05.5500",3483,"Montgomery St",40.71942,-74.05099,3278,"Monmouth and 6th",40.72568548362901,-74.04879033565521,29613,"Subscriber",1981,2
793,"2018-12-09 16:14:56.9430","2018-12-09 16:28:10.6890",3483,"Montgomery St",40.71942,-74.05099,3277,"Communipaw & Berry Lane",40.71435836870427,-74.06661093235016,26193,"Subscriber",1991,1
347,"2018-12-09 17:18:37.0060","2018-12-09 17:24:24.3580",3483,"Montgomery St",40.71942,-74.05099,3213,"Van Vorst Park",40.71848892,-74.047726625,26260,"Subscriber",1992,2
165,"2018-12-09 18:38:05.2640","2018-12-09 18:40:50.7710",3483,"Montgomery St",40.71942,-74.05099,3279,"Dixon Mills",40.721630142638354,-74.04996782541275,26204,"Subscriber",1991,1
317,"2018-12-09 20:53:35.1080","2018-12-09 20:58:52.8870",3483,"Montgomery St",40.71942,-74.05099,3276,"Marin Light Rail",40.71458403535893,-74.04281705617905,26275,"Subscriber",1986,1
812,"2018-12-10 08:11:06.6560","2018-12-10 08:24:38.8840",3483,"Montgomery St",40.71942,-74.05099,3195,"Sip Ave",40.73074262530658,-74.06378388404846,29446,"Subscriber",1986,1
259,"2018-12-10 09:39:53.5640","2018-12-10 09:44:12.8840",3483,"Montgomery St",40.71942,-74.05099,3186,"Grove St PATH",40.71958611647166,-74.04311746358871,29606,"Subscriber",1988,0
1990,"2018-12-10 16:42:30.0360","2018-12-10 17:15:40.9550",3483,"Montgomery St",40.71942,-74.05099,3483,"Montgomery St",40.71942,-74.05099,26221,"Subscriber",1965,1
315,"2018-12-10 18:13:04.0310","2018-12-10 18:18:19.8080",3483,"Montgomery St",40.71942,-74.05099,3186,"Grove St PATH",40.71958611647166,-74.04311746358871,26187,"Subscriber",1966,1
141,"2018-12-10 18:16:46.4120","2018-12-10 18:19:08.4070",3483,"Montgomery St",40.71942,-74.05099,3213,"Van Vorst Park",40.71848892,-74.047726625,29301,"Subscriber",1958,1
361,"2018-12-10 19:34:05.1940","2018-12-10 19:40:07.1460",3483,"Montgomery St",40.71942,-74.05099,3268,"Lafayette Park",40.71346382669195,-74.06285852193832,29663,"Subscriber",1989,1
530,"2018-12-10 19:51:35.1720","2018-12-10 20:00:25.7340",3483,"Montgomery St",40.71942,-74.05099,3187,"Warren St",40.7211236,-74.03805095,29460,"Subscriber",1973,1
236,"2018-12-11 05:58:11.9500","2018-12-11 06:02:08.0440",3483,"Montgomery St",40.71942,-74.05099,3186,"Grove St PATH",40.71958611647166,-74.04311746358871,26221,"Subscriber",1987,1
181,"2018-12-11 07:07:46.0820","2018-12-11 07:10:47.6300",3483,"Montgomery St",40.71942,-74.05099,3186,"Grove St PATH",40.71958611647166,-74.04311746358871,29661,"Subscriber",1963,2
196,"2018-12-11 07:38:30.5740","2018-12-11 07:41:46.6190",3483,"Montgomery St",40.71942,-74.05099,3185,"City Hall",40.7177325,-74.043845,26197,"Subscriber",1988,1
208,"2018-12-11 13:09:42.8010","2018-12-11 13:13:10.8710",3483,"Montgomery St",40.71942,-74.05099,3186,"Grove St PATH",40.71958611647166,-74.04311746358871,26248,"Subscriber",1958,1
384,"2018-12-11 15:48:09.9140","2018-12-11 15:54:34.6530",3483,"Montgomery St",40.71942,-74.05099,3194,"McGinley Square",40.7253399253558,-74.06762212514877,29583,"Subscriber",2000,1
642,"2018-12-11 18:23:39.7880","2018-12-11 18:34:21.7970",3483,"Montgomery St",40.71942,-74.05099,3639,"Harborside",40.7192517,-74.034234,29645,"Subscriber",1992,1
411,"2018-12-11 18:52:11.1700","2018-12-11 18:59:02.3630",3483,"Montgomery St",40.71942,-74.05099,3275,"Columbus Drive",40.71835519823214,-74.03891444206238,29656,"Subscriber",1983,1
83,"2018-12-11 21:53:40.1600","2018-12-11 21:55:03.7220",3483,"Montgomery St",40.71942,-74.05099,3279,"Dixon Mills",40.721630142638354,-74.04996782541275,29212,"Subscriber",1985,1
174,"2018-12-12 06:12:17.0710","2018-12-12 06:15:11.1440",3483,"Montgomery St",40.71942,-74.05099,3186,"Grove St PATH",40.71958611647166,-74.04311746358871,26216,"Subscriber",1986,1
156,"2018-12-12 07:08:14.1770","2018-12-12 07:10:50.5700",3483,"Montgomery St",40.71942,-74.05099,3186,"Grove St PATH",40.71958611647166,-74.04311746358871,29487,"Subscriber",1963,2
206,"2018-12-12 07:19:34.9870","2018-12-12 07:23:01.1030",3483,"Montgomery St",40.71942,-74.05099,3186,"Grove St PATH",40.71958611647166,-74.04311746358871,29569,"Subscriber",1986,1
420,"2018-12-12 10:35:11.5920","2018-12-12 10:42:11.7980",3483,"Montgomery St",40.71942,-74.05099,3183,"Exchange Place",40.7162469,-74.0334588,29260,"Subscriber",1989,1
165,"2018-12-12 14:00:32.2030","2018-12-12 14:03:17.5360",3483,"Montgomery St",40.71942,-74.05099,3213,"Van Vorst Park",40.71848892,-74.047726625,26191,"Subscriber",1958,1
116,"2018-12-12 17:59:54.7710","2018-12-12 18:01:50.9720",3483,"Montgomery St",40.71942,-74.05099,3213,"Van Vorst Park",40.71848892,-74.047726625,29492,"Subscriber",1987,1
204,"2018-12-12 18:04:59.2320","2018-12-12 18:08:23.2340",3483,"Montgomery St",40.71942,-74.05099,3186,"Grove St PATH",40.71958611647166,-74.04311746358871,26316,"Subscriber",1958,1
725,"2018-12-13 06:37:45.2470","2018-12-13 06:49:50.3260",3483,"Montgomery St",40.71942,-74.05099,3184,"Paulus Hook",40.7141454,-74.0335519,29295,"Subscriber",1971,2
145,"2018-12-13 07:03:38.7080","2018-12-13 07:06:04.5960",3483,"Montgomery St",40.71942,-74.05099,3186,"Grove St PATH",40.71958611647166,-74.04311746358871,26284,"Subscriber",1963,2
506,"2018-12-13 07:18:31.5460","2018-12-13 07:26:57.7460",3483,"Montgomery St",40.71942,-74.05099,3184,"Paulus Hook",40.7141454,-74.0335519,29212,"Subscriber",1991,1
246,"2018-12-13 07:31:28.5890","2018-12-13 07:35:34.7760",3483,"Montgomery St",40.71942,-74.05099,3186,"Grove St PATH",40.71958611647166,-74.04311746358871,29301,"Subscriber",1972,2
259,"2018-12-13 08:32:46.8970","2018-12-13 08:37:06.6130",3483,"Montgomery St",40.71942,-74.05099,3186,"Grove St PATH",40.71958611647166,-74.04311746358871,29262,"Subscriber",1985,1
209,"2018-12-13 12:56:03.4710","2018-12-13 12:59:32.6540",3483,"Montgomery St",40.71942,-74.05099,3211,"Newark Ave",40.72152515,-74.046304543,29612,"Subscriber",1961,1
83,"2018-12-13 13:08:50.3040","2018-12-13 13:10:13.6120",3483,"Montgomery St",40.71942,-74.05099,3213,"Van Vorst Park",40.71848892,-74.047726625,26192,"Subscriber",1987,1
83,"2018-12-13 13:13:24.2040","2018-12-13 13:14:47.2810",3483,"Montgomery St",40.71942,-74.05099,3213,"Van Vorst Park",40.71848892,-74.047726625,29652,"Subscriber",1987,1
493,"2018-12-13 13:54:41.9740","2018-12-13 14:02:55.2480",3483,"Montgomery St",40.71942,-74.05099,3194,"McGinley Square",40.7253399253558,-74.06762212514877,26223,"Subscriber",2000,1
186,"2018-12-13 16:17:25.4310","2018-12-13 16:20:32.4230",3483,"Montgomery St",40.71942,-74.05099,3186,"Grove St PATH",40.71958611647166,-74.04311746358871,29468,"Subscriber",1989,1
189,"2018-12-13 16:42:46.5530","2018-12-13 16:45:56.5240",3483,"Montgomery St",40.71942,-74.05099,3186,"Grove St PATH",40.71958611647166,-74.04311746358871,29220,"Subscriber",1958,1
122,"2018-12-13 17:44:01.4060","2018-12-13 17:46:03.8240",3483,"Montgomery St",40.71942,-74.05099,3213,"Van Vorst Park",40.71848892,-74.047726625,26260,"Subscriber",1987,1
155,"2018-12-13 20:54:07.6230","2018-12-13 20:56:43.3540",3483,"Montgomery St",40.71942,-74.05099,3279,"Dixon Mills",40.721630142638354,-74.04996782541275,26257,"Subscriber",1991,1
505,"2018-12-13 20:57:34.5250","2018-12-13 21:05:59.9530",3483,"Montgomery St",40.71942,-74.05099,3275,"Columbus Drive",40.71835519823214,-74.03891444206238,29589,"Subscriber",1991,1
497,"2018-12-13 20:57:40.1540","2018-12-13 21:05:57.7750",3483,"Montgomery St",40.71942,-74.05099,3275,"Columbus Drive",40.71835519823214,-74.03891444206238,29275,"Subscriber",1993,2
286,"2018-12-14 07:24:12.2000","2018-12-14 07:28:58.3510",3483,"Montgomery St",40.71942,-74.05099,3186,"Grove St PATH",40.71958611647166,-74.04311746358871,29243,"Subscriber",1972,2
240,"2018-12-14 07:48:05.2130","2018-12-14 07:52:06.1420",3483,"Montgomery St",40.71942,-74.05099,3185,"City Hall",40.7177325,-74.043845,29261,"Subscriber",1988,1
165,"2018-12-14 07:52:29.2030","2018-12-14 07:55:14.4460",3483,"Montgomery St",40.71942,-74.05099,3186,"Grove St PATH",40.71958611647166,-74.04311746358871,29672,"Subscriber",1963,2
165,"2018-12-14 08:14:35.8800","2018-12-14 08:17:20.9420",3483,"Montgomery St",40.71942,-74.05099,3186,"Grove St PATH",40.71958611647166,-74.04311746358871,29439,"Subscriber",1985,1
250,"2018-12-14 08:33:23.9300","2018-12-14 08:37:34.2700",3483,"Montgomery St",40.71942,-74.05099,3211,"Newark Ave",40.72152515,-74.046304543,26215,"Subscriber",1985,1
375,"2018-12-14 09:54:11.1290","2018-12-14 10:00:26.9440",3483,"Montgomery St",40.71942,-74.05099,3183,"Exchange Place",40.7162469,-74.0334588,26219,"Subscriber",1949,1
242,"2018-12-14 17:02:29.2840","2018-12-14 17:06:31.4120",3483,"Montgomery St",40.71942,-74.05099,3186,"Grove St PATH",40.71958611647166,-74.04311746358871,29497,"Subscriber",1958,1
253,"2018-12-14 18:13:32.8340","2018-12-14 18:17:45.8650",3483,"Montgomery St",40.71942,-74.05099,3186,"Grove St PATH",40.71958611647166,-74.04311746358871,26164,"Subscriber",1987,1
809,"2018-12-15 11:15:44.2760","2018-12-15 11:29:13.6620",3483,"Montgomery St",40.71942,-74.05099,3202,"Newport PATH",40.7272235,-74.0337589,29437,"Subscriber",1995,2
392,"2018-12-15 11:24:15.4470","2018-12-15 11:30:48.3070",3483,"Montgomery St",40.71942,-74.05099,3184,"Paulus Hook",40.7141454,-74.0335519,26233,"Subscriber",1969,1
506,"2018-12-15 12:43:41.5410","2018-12-15 12:52:07.8780",3483,"Montgomery St",40.71942,-74.05099,3214,"Essex Light Rail",40.7127742,-74.0364857,29444,"Subscriber",1991,1
165,"2018-12-15 13:15:01.7440","2018-12-15 13:17:47.3060",3483,"Montgomery St",40.71942,-74.05099,3205,"JC Medical Center",40.71653978099194,-74.0496379137039,26170,"Subscriber",1987,1
928,"2018-12-15 13:49:37.5770","2018-12-15 14:05:05.7970",3483,"Montgomery St",40.71942,-74.05099,3202,"Newport PATH",40.7272235,-74.0337589,29489,"Subscriber",1990,1
1793,"2018-12-15 14:23:43.7280","2018-12-15 14:53:36.8080",3483,"Montgomery St",40.71942,-74.05099,3483,"Montgomery St",40.71942,-74.05099,26287,"Subscriber",1958,1
553,"2018-12-15 14:48:28.2250","2018-12-15 14:57:42.0160",3483,"Montgomery St",40.71942,-74.05099,3275,"Columbus Drive",40.71835519823214,-74.03891444206238,29663,"Subscriber",1991,1
533,"2018-12-15 14:48:35.3290","2018-12-15 14:57:28.5030",3483,"Montgomery St",40.71942,-74.05099,3275,"Columbus Drive",40.71835519823214,-74.03891444206238,29602,"Subscriber",1993,2
247,"2018-12-15 16:01:54.1090","2018-12-15 16:06:01.5450",3483,"Montgomery St",40.71942,-74.05099,3185,"City Hall",40.7177325,-74.043845,29457,"Subscriber",1983,1
640,"2018-12-15 16:59:04.3560","2018-12-15 17:09:44.6890",3483,"Montgomery St",40.71942,-74.05099,3639,"Harborside",40.7192517,-74.034234,29272,"Subscriber",1992,1
117,"2018-12-15 17:06:57.1240","2018-12-15 17:08:54.9290",3483,"Montgomery St",40.71942,-74.05099,3213,"Van Vorst Park",40.71848892,-74.047726625,26292,"Subscriber",1992,1
119,"2018-12-15 17:07:01.0400","2018-12-15 17:09:00.8020",3483,"Montgomery St",40.71942,-74.05099,3213,"Van Vorst Park",40.71848892,-74.047726625,29494,"Subscriber",1991,2
325,"2018-12-15 17:27:31.1940","2018-12-15 17:32:56.8930",3483,"Montgomery St",40.71942,-74.05099,3272,"Jersey & 3rd",40.72333158646436,-74.04595255851744,29679,"Subscriber",1980,2
2550,"2018-12-15 18:12:00.1790","2018-12-15 18:54:31.0480",3483,"Montgomery St",40.71942,-74.05099,3192,"Liberty Light Rail",40.7112423,-74.0557013,26287,"Subscriber",1987,1
606,"2018-12-15 19:07:39.8090","2018-12-15 19:17:46.3690",3483,"Montgomery St",40.71942,-74.05099,3213,"Van Vorst Park",40.71848892,-74.047726625,29452,"Subscriber",1982,1
244,"2018-12-15 19:40:56.7630","2018-12-15 19:45:01.4780",3483,"Montgomery St",40.71942,-74.05099,3186,"Grove St PATH",40.71958611647166,-74.04311746358871,29672,"Subscriber",1988,0
499,"2018-12-15 20:55:55.2040","2018-12-15 21:04:14.2500",3483,"Montgomery St",40.71942,-74.05099,3194,"McGinley Square",40.7253399253558,-74.06762212514877,29262,"Subscriber",2000,1
211,"2018-12-16 07:01:38.7330","2018-12-16 07:05:09.9800",3483,"Montgomery St",40.71942,-74.05099,3186,"Grove St PATH",40.71958611647166,-74.04311746358871,29545,"Subscriber",1958,1
360,"2018-12-16 15:59:19.1010","2018-12-16 16:05:19.9550",3483,"Montgomery St",40.71942,-74.05099,3268,"Lafayette Park",40.71346382669195,-74.06285852193832,29459,"Subscriber",1991,1
344,"2018-12-16 18:07:11.7250","2018-12-16 18:12:56.4930",3483,"Montgomery St",40.71942,-74.05099,3203,"Hamilton Park",40.727595966,-74.044247311,26208,"Subscriber",1987,1
888,"2018-12-16 18:50:03.9390","2018-12-16 19:04:52.1950",3483,"Montgomery St",40.71942,-74.05099,3194,"McGinley Square",40.7253399253558,-74.06762212514877,29486,"Subscriber",2000,1
241,"2018-12-17 05:59:48.9510","2018-12-17 06:03:50.1660",3483,"Montgomery St",40.71942,-74.05099,3186,"Grove St PATH",40.71958611647166,-74.04311746358871,29285,"Subscriber",1987,1
172,"2018-12-17 06:41:56.9700","2018-12-17 06:44:49.6820",3483,"Montgomery St",40.71942,-74.05099,3186,"Grove St PATH",40.71958611647166,-74.04311746358871,26163,"Subscriber",1963,2
360,"2018-12-17 07:32:47.7910","2018-12-17 07:38:47.9660",3483,"Montgomery St",40.71942,-74.05099,3186,"Grove St PATH",40.71958611647166,-74.04311746358871,29531,"Subscriber",1972,2
178,"2018-12-17 07:47:33.6260","2018-12-17 07:50:32.5460",3483,"Montgomery St",40.71942,-74.05099,3185,"City Hall",40.7177325,-74.043845,29219,"Subscriber",1988,1
229,"2018-12-17 07:54:25.8090","2018-12-17 07:58:15.5170",3483,"Montgomery St",40.71942,-74.05099,3481,"York St",40.71649,-74.04105,29120,"Subscriber",1991,1
873,"2018-12-17 13:59:21.9850","2018-12-17 14:13:55.2390",3483,"Montgomery St",40.71942,-74.05099,3202,"Newport PATH",40.7272235,-74.0337589,26221,"Customer",1984,1
170,"2018-12-17 19:56:29.7760","2018-12-17 19:59:20.3360",3483,"Montgomery St",40.71942,-74.05099,3186,"Grove St PATH",40.71958611647166,-74.04311746358871,26278,"Subscriber",1987,1
397,"2018-12-17 20:04:00.1540","2018-12-17 20:10:37.4630",3483,"Montgomery St",40.71942,-74.05099,3225,"Baldwin at Montgomery",40.7236589,-74.0641943,29512,"Subscriber",1994,1
443,"2018-12-18 05:45:10.5900","2018-12-18 05:52:34.1030",3483,"Montgomery St",40.71942,-74.05099,3184,"Paulus Hook",40.7141454,-74.0335519,29542,"Subscriber",1991,1
277,"2018-12-18 07:30:51.9750","2018-12-18 07:35:29.7920",3483,"Montgomery St",40.71942,-74.05099,3186,"Grove St PATH",40.71958611647166,-74.04311746358871,29490,"Subscriber",1972,2
193,"2018-12-18 07:42:34.2540","2018-12-18 07:45:47.7380",3483,"Montgomery St",40.71942,-74.05099,3185,"City Hall",40.7177325,-74.043845,29296,"Subscriber",1988,1
206,"2018-12-18 08:02:53.1660","2018-12-18 08:06:19.2050",3483,"Montgomery St",40.71942,-74.05099,3186,"Grove St PATH",40.71958611647166,-74.04311746358871,29307,"Subscriber",1986,1
214,"2018-12-18 08:30:56.5460","2018-12-18 08:34:31.1860",3483,"Montgomery St",40.71942,-74.05099,3186,"Grove St PATH",40.71958611647166,-74.04311746358871,29593,"Subscriber",1985,1
352,"2018-12-18 09:17:15.8280","2018-12-18 09:23:08.0120",3483,"Montgomery St",40.71942,-74.05099,3183,"Exchange Place",40.7162469,-74.0334588,26293,"Subscriber",1994,1
260,"2018-12-18 12:39:57.9650","2018-12-18 12:44:18.6030",3483,"Montgomery St",40.71942,-74.05099,3186,"Grove St PATH",40.71958611647166,-74.04311746358871,29508,"Subscriber",1971,2
148,"2018-12-18 15:57:23.8040","2018-12-18 15:59:52.1100",3483,"Montgomery St",40.71942,-74.05099,3209,"Brunswick St",40.7241765,-74.0506564,26287,"Subscriber",1967,1
295,"2018-12-18 18:02:25.1080","2018-12-18 18:07:20.8430",3483,"Montgomery St",40.71942,-74.05099,3211,"Newark Ave",40.72152515,-74.046304543,29517,"Subscriber",1983,1
89,"2018-12-18 18:24:33.3860","2018-12-18 18:26:02.9400",3483,"Montgomery St",40.71942,-74.05099,3213,"Van Vorst Park",40.71848892,-74.047726625,29239,"Subscriber",1958,1
394,"2018-12-18 20:07:18.0750","2018-12-18 20:13:52.2880",3483,"Montgomery St",40.71942,-74.05099,3203,"Hamilton Park",40.727595966,-74.044247311,29239,"Subscriber",1954,1
162,"2018-12-19 07:09:22.3370","2018-12-19 07:12:04.3540",3483,"Montgomery St",40.71942,-74.05099,3186,"Grove St PATH",40.71958611647166,-74.04311746358871,29231,"Subscriber",1963,2
233,"2018-12-19 07:48:23.1630","2018-12-19 07:52:17.1420",3483,"Montgomery St",40.71942,-74.05099,3185,"City Hall",40.7177325,-74.043845,29124,"Subscriber",1988,1
323,"2018-12-19 07:49:32.4040","2018-12-19 07:54:56.0500",3483,"Montgomery St",40.71942,-74.05099,3186,"Grove St PATH",40.71958611647166,-74.04311746358871,29240,"Subscriber",1972,2
211,"2018-12-19 08:27:42.8040","2018-12-19 08:31:13.9650",3483,"Montgomery St",40.71942,-74.05099,3186,"Grove St PATH",40.71958611647166,-74.04311746358871,26284,"Subscriber",1985,1
421,"2018-12-19 15:17:27.0820","2018-12-19 15:24:28.2650",3483,"Montgomery St",40.71942,-74.05099,3639,"Harborside",40.7192517,-74.034234,29662,"Subscriber",1980,1
546,"2018-12-19 15:56:39.9930","2018-12-19 16:05:46.7950",3483,"Montgomery St",40.71942,-74.05099,3183,"Exchange Place",40.7162469,-74.0334588,26157,"Subscriber",1992,2
2570,"2018-12-19 16:50:35.9930","2018-12-19 17:33:26.7020",3483,"Montgomery St",40.71942,-74.05099,3211,"Newark Ave",40.72152515,-74.046304543,29199,"Subscriber",1965,1
205,"2018-12-19 17:41:48.4920","2018-12-19 17:45:14.0790",3483,"Montgomery St",40.71942,-74.05099,3186,"Grove St PATH",40.71958611647166,-74.04311746358871,29199,"Subscriber",1958,1
185,"2018-12-19 17:50:58.1560","2018-12-19 17:54:04.0830",3483,"Montgomery St",40.71942,-74.05099,3186,"Grove St PATH",40.71958611647166,-74.04311746358871,29304,"Subscriber",1987,1
498,"2018-12-19 20:28:07.1920","2018-12-19 20:36:25.9600",3483,"Montgomery St",40.71942,-74.05099,3187,"Warren St",40.7211236,-74.03805095,29214,"Subscriber",1993,2
158,"2018-12-20 06:43:53.8090","2018-12-20 06:46:31.9170",3483,"Montgomery St",40.71942,-74.05099,3186,"Grove St PATH",40.71958611647166,-74.04311746358871,29495,"Subscriber",1963,2
295,"2018-12-20 07:32:35.8670","2018-12-20 07:37:31.4980",3483,"Montgomery St",40.71942,-74.05099,3186,"Grove St PATH",40.71958611647166,-74.04311746358871,29520,"Subscriber",1972,2
255,"2018-12-20 08:32:21.0140","2018-12-20 08:36:37.0040",3483,"Montgomery St",40.71942,-74.05099,3186,"Grove St PATH",40.71958611647166,-74.04311746358871,29469,"Subscriber",1985,1
589,"2018-12-20 09:37:48.9000","2018-12-20 09:47:38.6160",3483,"Montgomery St",40.71942,-74.05099,3639,"Harborside",40.7192517,-74.034234,29220,"Subscriber",1949,1
209,"2018-12-20 09:42:14.9700","2018-12-20 09:45:44.6900",3483,"Montgomery St",40.71942,-74.05099,3185,"City Hall",40.7177325,-74.043845,29551,"Subscriber",1985,2
173,"2018-12-21 07:07:39.4900","2018-12-21 07:10:32.5400",3483,"Montgomery St",40.71942,-74.05099,3186,"Grove St PATH",40.71958611647166,-74.04311746358871,29458,"Subscriber",1963,2
248,"2018-12-21 07:19:55.1070","2018-12-21 07:24:03.8650",3483,"Montgomery St",40.71942,-74.05099,3186,"Grove St PATH",40.71958611647166,-74.04311746358871,29461,"Subscriber",1972,2
419,"2018-12-21 18:33:22.5000","2018-12-21 18:40:21.6550",3483,"Montgomery St",40.71942,-74.05099,3192,"Liberty Light Rail",40.7112423,-74.0557013,29215,"Subscriber",1987,1
376,"2018-12-21 21:11:46.4710","2018-12-21 21:18:03.0110",3483,"Montgomery St",40.71942,-74.05099,3192,"Liberty Light Rail",40.7112423,-74.0557013,33744,"Subscriber",1992,2
1819,"2018-12-21 21:54:48.3540","2018-12-21 22:25:07.6270",3483,"Montgomery St",40.71942,-74.05099,3276,"Marin Light Rail",40.71458403535893,-74.04281705617905,29598,"Subscriber",1958,1
173,"2018-12-22 09:52:31.3190","2018-12-22 09:55:24.7820",3483,"Montgomery St",40.71942,-74.05099,3209,"Brunswick St",40.7241765,-74.0506564,29640,"Subscriber",1986,1
173,"2018-12-22 10:50:42.3940","2018-12-22 10:53:35.9410",3483,"Montgomery St",40.71942,-74.05099,3213,"Van Vorst Park",40.71848892,-74.047726625,29598,"Subscriber",1958,1
492,"2018-12-22 12:54:00.2030","2018-12-22 13:02:12.6070",3483,"Montgomery St",40.71942,-74.05099,3639,"Harborside",40.7192517,-74.034234,29443,"Subscriber",1992,1
2125,"2018-12-22 14:13:08.0850","2018-12-22 14:48:33.5390",3483,"Montgomery St",40.71942,-74.05099,3192,"Liberty Light Rail",40.7112423,-74.0557013,26243,"Subscriber",1982,2
2125,"2018-12-22 14:13:08.2190","2018-12-22 14:48:33.2280",3483,"Montgomery St",40.71942,-74.05099,3192,"Liberty Light Rail",40.7112423,-74.0557013,29297,"Subscriber",1970,1
427,"2018-12-22 17:01:34.3210","2018-12-22 17:08:42.0830",3483,"Montgomery St",40.71942,-74.05099,3481,"York St",40.71649,-74.04105,26235,"Subscriber",1990,1
509,"2018-12-22 18:51:58.7720","2018-12-22 19:00:28.1570",3483,"Montgomery St",40.71942,-74.05099,3275,"Columbus Drive",40.71835519823214,-74.03891444206238,29437,"Subscriber",1991,1
492,"2018-12-22 18:52:01.0100","2018-12-22 19:00:13.7790",3483,"Montgomery St",40.71942,-74.05099,3275,"Columbus Drive",40.71835519823214,-74.03891444206238,29296,"Subscriber",1993,2
92,"2018-12-22 19:16:27.7050","2018-12-22 19:17:59.9920",3483,"Montgomery St",40.71942,-74.05099,3279,"Dixon Mills",40.721630142638354,-74.04996782541275,29304,"Subscriber",1987,1
405,"2018-12-22 20:36:20.3330","2018-12-22 20:43:05.6210",3483,"Montgomery St",40.71942,-74.05099,3273,"Manila & 1st",40.721650724879986,-74.04288411140442,29665,"Subscriber",1983,1
164,"2018-12-23 07:07:22.0460","2018-12-23 07:10:06.9060",3483,"Montgomery St",40.71942,-74.05099,3186,"Grove St PATH",40.71958611647166,-74.04311746358871,29492,"Subscriber",1958,1
740,"2018-12-23 09:04:38.4200","2018-12-23 09:16:58.8200",3483,"Montgomery St",40.71942,-74.05099,3213,"Van Vorst Park",40.71848892,-74.047726625,26225,"Subscriber",1990,1
635,"2018-12-23 11:41:42.6660","2018-12-23 11:52:18.2860",3483,"Montgomery St",40.71942,-74.05099,3202,"Newport PATH",40.7272235,-74.0337589,26276,"Subscriber",1992,1
541,"2018-12-23 12:09:55.3560","2018-12-23 12:18:57.2280",3483,"Montgomery St",40.71942,-74.05099,3681,"Grand St",40.71517767732029,-74.03768330812454,26248,"Subscriber",1980,2
426,"2018-12-23 15:38:24.9600","2018-12-23 15:45:31.0420",3483,"Montgomery St",40.71942,-74.05099,3225,"Baldwin at Montgomery",40.7236589,-74.0641943,29505,"Subscriber",1994,1
446,"2018-12-23 16:58:59.7050","2018-12-23 17:06:26.4560",3483,"Montgomery St",40.71942,-74.05099,3225,"Baldwin at Montgomery",40.7236589,-74.0641943,26288,"Subscriber",1989,1
1087,"2018-12-23 18:46:50.4550","2018-12-23 19:04:57.7610",3483,"Montgomery St",40.71942,-74.05099,3187,"Warren St",40.7211236,-74.03805095,29264,"Subscriber",1958,1
314,"2018-12-24 04:13:55.4880","2018-12-24 04:19:09.6840",3483,"Montgomery St",40.71942,-74.05099,3276,"Marin Light Rail",40.71458403535893,-74.04281705617905,29264,"Subscriber",1988,1
1383,"2018-12-24 11:56:31.4270","2018-12-24 12:19:34.7090",3483,"Montgomery St",40.71942,-74.05099,3183,"Exchange Place",40.7162469,-74.0334588,26205,"Subscriber",1958,1
238,"2018-12-24 12:54:28.7830","2018-12-24 12:58:27.5060",3483,"Montgomery St",40.71942,-74.05099,3186,"Grove St PATH",40.71958611647166,-74.04311746358871,26175,"Subscriber",1995,1
207,"2018-12-24 15:19:37.5760","2018-12-24 15:23:05.3680",3483,"Montgomery St",40.71942,-74.05099,3185,"City Hall",40.7177325,-74.043845,29645,"Subscriber",1971,2
1020,"2018-12-24 16:04:33.7600","2018-12-24 16:21:34.7250",3483,"Montgomery St",40.71942,-74.05099,3212,"Christ Hospital",40.734785818,-74.050443636,26206,"Customer",1973,2
998,"2018-12-24 16:04:49.8760","2018-12-24 16:21:28.7730",3483,"Montgomery St",40.71942,-74.05099,3212,"Christ Hospital",40.734785818,-74.050443636,29250,"Customer",1981,1
209,"2018-12-24 16:47:44.5890","2018-12-24 16:51:14.5570",3483,"Montgomery St",40.71942,-74.05099,3186,"Grove St PATH",40.71958611647166,-74.04311746358871,29212,"Subscriber",1958,1
181,"2018-12-24 18:25:47.5970","2018-12-24 18:28:48.7300",3483,"Montgomery St",40.71942,-74.05099,3186,"Grove St PATH",40.71958611647166,-74.04311746358871,29487,"Subscriber",1987,1
233,"2018-12-24 19:38:03.1850","2018-12-24 19:41:56.2060",3483,"Montgomery St",40.71942,-74.05099,3186,"Grove St PATH",40.71958611647166,-74.04311746358871,29254,"Subscriber",1990,1
507,"2018-12-25 13:58:45.2670","2018-12-25 14:07:13.0670",3483,"Montgomery St",40.71942,-74.05099,3183,"Exchange Place",40.7162469,-74.0334588,29534,"Subscriber",1958,1
231,"2018-12-25 15:31:16.3870","2018-12-25 15:35:07.8470",3483,"Montgomery St",40.71942,-74.05099,3278,"Monmouth and 6th",40.72568548362901,-74.04879033565521,29198,"Subscriber",1981,2
725,"2018-12-25 16:30:53.6130","2018-12-25 16:42:59.4370",3483,"Montgomery St",40.71942,-74.05099,3203,"Hamilton Park",40.727595966,-74.044247311,26246,"Subscriber",1988,1
354,"2018-12-25 16:32:58.9710","2018-12-25 16:38:53.8500",3483,"Montgomery St",40.71942,-74.05099,3187,"Warren St",40.7211236,-74.03805095,29250,"Subscriber",1987,1
440,"2018-12-25 18:08:56.9410","2018-12-25 18:16:17.0150",3483,"Montgomery St",40.71942,-74.05099,3187,"Warren St",40.7211236,-74.03805095,29300,"Subscriber",1991,1
468,"2018-12-25 18:45:55.7630","2018-12-25 18:53:43.7940",3483,"Montgomery St",40.71942,-74.05099,3186,"Grove St PATH",40.71958611647166,-74.04311746358871,29283,"Subscriber",1987,1
443,"2018-12-26 08:21:01.9840","2018-12-26 08:28:25.0330",3483,"Montgomery St",40.71942,-74.05099,3273,"Manila & 1st",40.721650724879986,-74.04288411140442,26244,"Subscriber",1985,1
241,"2018-12-26 11:35:50.9930","2018-12-26 11:39:52.9210",3483,"Montgomery St",40.71942,-74.05099,3186,"Grove St PATH",40.71958611647166,-74.04311746358871,29276,"Subscriber",1995,1
83,"2018-12-26 13:04:50.3390","2018-12-26 13:06:14.2950",3483,"Montgomery St",40.71942,-74.05099,3213,"Van Vorst Park",40.71848892,-74.047726625,29124,"Subscriber",1987,1
64,"2018-12-26 13:09:45.2590","2018-12-26 13:10:50.1730",3483,"Montgomery St",40.71942,-74.05099,3279,"Dixon Mills",40.721630142638354,-74.04996782541275,29257,"Subscriber",1987,1
65,"2018-12-26 13:14:52.4170","2018-12-26 13:15:58.0020",3483,"Montgomery St",40.71942,-74.05099,3279,"Dixon Mills",40.721630142638354,-74.04996782541275,26184,"Subscriber",1987,1
98,"2018-12-26 13:19:17.3940","2018-12-26 13:20:55.8090",3483,"Montgomery St",40.71942,-74.05099,3213,"Van Vorst Park",40.71848892,-74.047726625,29493,"Subscriber",1987,1
180,"2018-12-26 18:03:05.3490","2018-12-26 18:06:05.5150",3483,"Montgomery St",40.71942,-74.05099,3185,"City Hall",40.7177325,-74.043845,29569,"Subscriber",1987,1
510,"2018-12-27 10:17:50.7530","2018-12-27 10:26:21.4010",3483,"Montgomery St",40.71942,-74.05099,3639,"Harborside",40.7192517,-74.034234,29297,"Subscriber",1972,2
560,"2018-12-27 12:24:29.6620","2018-12-27 12:33:49.8480",3483,"Montgomery St",40.71942,-74.05099,3183,"Exchange Place",40.7162469,-74.0334588,29124,"Subscriber",1965,1
96,"2018-12-27 13:59:58.3580","2018-12-27 14:01:34.8400",3483,"Montgomery St",40.71942,-74.05099,3213,"Van Vorst Park",40.71848892,-74.047726625,26255,"Subscriber",1970,1
92,"2018-12-27 14:00:06.0300","2018-12-27 14:01:38.3660",3483,"Montgomery St",40.71942,-74.05099,3213,"Van Vorst Park",40.71848892,-74.047726625,29241,"Subscriber",1982,2
378,"2018-12-27 14:56:11.5990","2018-12-27 15:02:29.8510",3483,"Montgomery St",40.71942,-74.05099,3225,"Baldwin at Montgomery",40.7236589,-74.0641943,26166,"Subscriber",1994,1
630,"2018-12-28 12:59:53.9610","2018-12-28 13:10:24.8510",3483,"Montgomery St",40.71942,-74.05099,3203,"Hamilton Park",40.727595966,-74.044247311,26206,"Subscriber",1988,1
184,"2018-12-28 13:36:59.3830","2018-12-28 13:40:03.7570",3483,"Montgomery St",40.71942,-74.05099,3186,"Grove St PATH",40.71958611647166,-74.04311746358871,26271,"Subscriber",1987,1
309,"2018-12-28 17:45:41.0910","2018-12-28 17:50:50.7170",3483,"Montgomery St",40.71942,-74.05099,3481,"York St",40.71649,-74.04105,26174,"Subscriber",1982,1
195,"2018-12-28 17:50:43.0320","2018-12-28 17:53:58.4290",3483,"Montgomery St",40.71942,-74.05099,3186,"Grove St PATH",40.71958611647166,-74.04311746358871,29597,"Subscriber",1987,1
266,"2018-12-28 18:56:26.1490","2018-12-28 19:00:52.9920",3483,"Montgomery St",40.71942,-74.05099,3186,"Grove St PATH",40.71958611647166,-74.04311746358871,26251,"Subscriber",1990,1
911,"2018-12-28 19:13:11.4070","2018-12-28 19:28:23.3360",3483,"Montgomery St",40.71942,-74.05099,3210,"Pershing Field",40.742677141,-74.051788633,29619,"Subscriber",1995,1
492,"2018-12-28 21:00:59.3850","2018-12-28 21:09:12.2140",3483,"Montgomery St",40.71942,-74.05099,3275,"Columbus Drive",40.71835519823214,-74.03891444206238,29503,"Subscriber",1993,2
485,"2018-12-28 21:01:06.9560","2018-12-28 21:09:12.8180",3483,"Montgomery St",40.71942,-74.05099,3275,"Columbus Drive",40.71835519823214,-74.03891444206238,29207,"Subscriber",1991,1
706,"2018-12-28 22:09:45.0730","2018-12-28 22:21:31.1320",3483,"Montgomery St",40.71942,-74.05099,3183,"Exchange Place",40.7162469,-74.0334588,29438,"Subscriber",1958,1
1510,"2018-12-29 11:19:43.4460","2018-12-29 11:44:53.7140",3483,"Montgomery St",40.71942,-74.05099,3187,"Warren St",40.7211236,-74.03805095,29222,"Subscriber",1991,1
68,"2018-12-29 13:12:07.5910","2018-12-29 13:13:15.6360",3483,"Montgomery St",40.71942,-74.05099,3213,"Van Vorst Park",40.71848892,-74.047726625,29593,"Subscriber",1987,1
82,"2018-12-29 13:21:33.1620","2018-12-29 13:22:55.6800",3483,"Montgomery St",40.71942,-74.05099,3213,"Van Vorst Park",40.71848892,-74.047726625,29461,"Subscriber",1987,1
74,"2018-12-29 13:26:32.7590","2018-12-29 13:27:47.0970",3483,"Montgomery St",40.71942,-74.05099,3213,"Van Vorst Park",40.71848892,-74.047726625,26288,"Subscriber",1987,1
821,"2018-12-29 14:01:16.0530","2018-12-29 14:14:57.1030",3483,"Montgomery St",40.71942,-74.05099,3187,"Warren St",40.7211236,-74.03805095,29534,"Subscriber",1993,2
689,"2018-12-29 14:03:18.0230","2018-12-29 14:14:47.8250",3483,"Montgomery St",40.71942,-74.05099,3187,"Warren St",40.7211236,-74.03805095,26167,"Customer",1969,0
709,"2018-12-29 17:17:33.0880","2018-12-29 17:29:22.1100",3483,"Montgomery St",40.71942,-74.05099,3639,"Harborside",40.7192517,-74.034234,29670,"Subscriber",1992,1
1628,"2018-12-29 18:25:05.5260","2018-12-29 18:52:14.3520",3483,"Montgomery St",40.71942,-74.05099,3270,"Jersey & 6th St",40.72528910781132,-74.04557168483734,29533,"Subscriber",1977,1
165,"2018-12-29 18:41:05.5400","2018-12-29 18:43:51.2520",3483,"Montgomery St",40.71942,-74.05099,3278,"Monmouth and 6th",40.72568548362901,-74.04879033565521,29277,"Subscriber",1987,1
496,"2018-12-29 21:04:13.1450","2018-12-29 21:12:29.5270",3483,"Montgomery St",40.71942,-74.05099,3275,"Columbus Drive",40.71835519823214,-74.03891444206238,29282,"Subscriber",1989,1
192,"2018-12-30 07:10:22.4290","2018-12-30 07:13:34.6740",3483,"Montgomery St",40.71942,-74.05099,3186,"Grove St PATH",40.71958611647166,-74.04311746358871,29542,"Subscriber",1958,1
535,"2018-12-30 12:24:38.9510","2018-12-30 12:33:34.9390",3483,"Montgomery St",40.71942,-74.05099,3187,"Warren St",40.7211236,-74.03805095,29125,"Subscriber",1993,2
164,"2018-12-30 13:09:46.1470","2018-12-30 13:12:30.4500",3483,"Montgomery St",40.71942,-74.05099,3278,"Monmouth and 6th",40.72568548362901,-74.04879033565521,26275,"Subscriber",1987,1
335,"2018-12-30 14:59:45.9220","2018-12-30 15:05:21.6700",3483,"Montgomery St",40.71942,-74.05099,3268,"Lafayette Park",40.71346382669195,-74.06285852193832,29645,"Subscriber",1992,2
206,"2018-12-30 16:59:28.1130","2018-12-30 17:02:54.5380",3483,"Montgomery St",40.71942,-74.05099,3269,"Brunswick & 6th",40.72601172964625,-74.05038893222809,26275,"Subscriber",1969,0
356,"2018-12-30 18:12:59.7750","2018-12-30 18:18:55.9990",3483,"Montgomery St",40.71942,-74.05099,3186,"Grove St PATH",40.71958611647166,-74.04311746358871,26212,"Subscriber",1982,2
78,"2018-12-30 18:21:01.8030","2018-12-30 18:22:20.6420",3483,"Montgomery St",40.71942,-74.05099,3279,"Dixon Mills",40.721630142638354,-74.04996782541275,29443,"Subscriber",1987,1
78,"2018-12-30 18:31:22.3310","2018-12-30 18:32:40.5780",3483,"Montgomery St",40.71942,-74.05099,3279,"Dixon Mills",40.721630142638354,-74.04996782541275,26272,"Subscriber",1987,1
232,"2018-12-30 20:09:47.9800","2018-12-30 20:13:40.3800",3483,"Montgomery St",40.71942,-74.05099,3278,"Monmouth and 6th",40.72568548362901,-74.04879033565521,29598,"Subscriber",1981,2
300,"2018-12-30 20:51:15.6330","2018-12-30 20:56:15.7420",3483,"Montgomery St",40.71942,-74.05099,3278,"Monmouth and 6th",40.72568548362901,-74.04879033565521,29209,"Subscriber",1989,1
212,"2018-12-31 06:05:15.2080","2018-12-31 06:08:47.6940",3483,"Montgomery St",40.71942,-74.05099,3186,"Grove St PATH",40.71958611647166,-74.04311746358871,29542,"Subscriber",1987,1
485,"2018-12-31 07:12:48.8560","2018-12-31 07:20:54.2430",3483,"Montgomery St",40.71942,-74.05099,3184,"Paulus Hook",40.7141454,-74.0335519,26235,"Subscriber",1991,1
1789,"2018-12-31 11:31:23.7520","2018-12-31 12:01:13.0640",3483,"Montgomery St",40.71942,-74.05099,3213,"Van Vorst Park",40.71848892,-74.047726625,26153,"Subscriber",1993,1
989,"2018-12-31 12:58:44.5150","2018-12-31 13:15:14.2160",3483,"Montgomery St",40.71942,-74.05099,3202,"Newport PATH",40.7272235,-74.0337589,29234,"Subscriber",1995,2
233,"2018-12-31 13:28:31.6150","2018-12-31 13:32:25.3650",3483,"Montgomery St",40.71942,-74.05099,3481,"York St",40.71649,-74.04105,29262,"Subscriber",1992,1
348,"2018-12-31 14:39:48.3060","2018-12-31 14:45:37.1980",3483,"Montgomery St",40.71942,-74.05099,3275,"Columbus Drive",40.71835519823214,-74.03891444206238,29513,"Subscriber",1987,1
206,"2018-12-31 19:00:03.6230","2018-12-31 19:03:29.8400",3483,"Montgomery St",40.71942,-74.05099,3211,"Newark Ave",40.72152515,-74.046304543,26251,"Subscriber",1987,1
783,"2018-12-01 08:01:10.1000","2018-12-01 08:14:13.8240",3638,"Washington St",40.7242941,-74.0354826,3186,"Grove St PATH",40.71958611647166,-74.04311746358871,29635,"Subscriber",1986,1
344,"2018-12-01 08:14:06.4170","2018-12-01 08:19:50.5810",3638,"Washington St",40.7242941,-74.0354826,3183,"Exchange Place",40.7162469,-74.0334588,26306,"Subscriber",1993,1
311,"2018-12-01 12:07:22.2820","2018-12-01 12:12:33.9640",3638,"Washington St",40.7242941,-74.0354826,3639,"Harborside",40.7192517,-74.034234,29538,"Subscriber",1980,1
212,"2018-12-01 12:42:41.4160","2018-12-01 12:46:13.8910",3638,"Washington St",40.7242941,-74.0354826,3199,"Newport Pkwy",40.7287448,-74.0321082,26199,"Subscriber",1986,2
585,"2018-12-01 12:48:49.7910","2018-12-01 12:58:35.2120",3638,"Washington St",40.7242941,-74.0354826,3183,"Exchange Place",40.7162469,-74.0334588,26203,"Subscriber",1992,1
695,"2018-12-01 15:31:34.7430","2018-12-01 15:43:10.6160",3638,"Washington St",40.7242941,-74.0354826,3483,"Montgomery St",40.71942,-74.05099,29502,"Subscriber",1988,1
226,"2018-12-01 15:45:06.5080","2018-12-01 15:48:52.6530",3638,"Washington St",40.7242941,-74.0354826,3639,"Harborside",40.7192517,-74.034234,26302,"Subscriber",1990,2
290,"2018-12-01 17:01:03.0400","2018-12-01 17:05:53.7730",3638,"Washington St",40.7242941,-74.0354826,3481,"York St",40.71649,-74.04105,29491,"Subscriber",1982,1
1363,"2018-12-02 10:52:54.2730","2018-12-02 11:15:37.8230",3638,"Washington St",40.7242941,-74.0354826,3192,"Liberty Light Rail",40.7112423,-74.0557013,26234,"Customer",1969,0
321,"2018-12-02 11:47:30.2300","2018-12-02 11:52:51.7990",3638,"Washington St",40.7242941,-74.0354826,3211,"Newark Ave",40.72152515,-74.046304543,29297,"Subscriber",1964,1
5654,"2018-12-02 12:31:48.7240","2018-12-02 14:06:03.1520",3638,"Washington St",40.7242941,-74.0354826,3213,"Van Vorst Park",40.71848892,-74.047726625,26275,"Customer",1969,0
87,"2018-12-02 14:37:07.1270","2018-12-02 14:38:34.9210",3638,"Washington St",40.7242941,-74.0354826,3202,"Newport PATH",40.7272235,-74.0337589,29301,"Subscriber",1993,1
557,"2018-12-02 19:23:25.4320","2018-12-02 19:32:42.6390",3638,"Washington St",40.7242941,-74.0354826,3267,"Morris Canal",40.7124188237569,-74.03852552175522,29224,"Subscriber",1977,2
157,"2018-12-02 22:50:32.6370","2018-12-02 22:53:10.1990",3638,"Washington St",40.7242941,-74.0354826,3202,"Newport PATH",40.7272235,-74.0337589,31443,"Subscriber",1995,2
346,"2018-12-02 22:57:06.1400","2018-12-02 23:02:52.9920",3638,"Washington St",40.7242941,-74.0354826,3209,"Brunswick St",40.7241765,-74.0506564,33744,"Subscriber",1988,1
769,"2018-12-02 23:31:35.0450","2018-12-02 23:44:24.2310",3638,"Washington St",40.7242941,-74.0354826,3203,"Hamilton Park",40.727595966,-74.044247311,29203,"Subscriber",1988,1
372,"2018-12-03 07:09:31.2750","2018-12-03 07:15:44.0040",3638,"Washington St",40.7242941,-74.0354826,3183,"Exchange Place",40.7162469,-74.0334588,29258,"Subscriber",1993,1
951,"2018-12-03 08:29:20.1710","2018-12-03 08:45:11.9960",3638,"Washington St",40.7242941,-74.0354826,3638,"Washington St",40.7242941,-74.0354826,29243,"Subscriber",1974,1
199,"2018-12-03 09:13:41.7310","2018-12-03 09:17:00.9000",3638,"Washington St",40.7242941,-74.0354826,3199,"Newport Pkwy",40.7287448,-74.0321082,29595,"Subscriber",1993,0
173,"2018-12-03 09:14:36.1610","2018-12-03 09:17:29.3410",3638,"Washington St",40.7242941,-74.0354826,3199,"Newport Pkwy",40.7287448,-74.0321082,29286,"Subscriber",1992,1
253,"2018-12-03 09:28:47.1560","2018-12-03 09:33:00.1660",3638,"Washington St",40.7242941,-74.0354826,3183,"Exchange Place",40.7162469,-74.0334588,26254,"Subscriber",1977,1
106,"2018-12-03 09:35:20.3130","2018-12-03 09:37:07.1300",3638,"Washington St",40.7242941,-74.0354826,3202,"Newport PATH",40.7272235,-74.0337589,26255,"Subscriber",1982,1
238,"2018-12-03 10:32:47.7480","2018-12-03 10:36:46.5380",3638,"Washington St",40.7242941,-74.0354826,3270,"Jersey & 6th St",40.72528910781132,-74.04557168483734,29288,"Subscriber",1978,1
252,"2018-12-03 12:00:03.3840","2018-12-03 12:04:15.4800",3638,"Washington St",40.7242941,-74.0354826,3183,"Exchange Place",40.7162469,-74.0334588,33781,"Subscriber",1984,1
553,"2018-12-03 12:53:01.0040","2018-12-03 13:02:14.5590",3638,"Washington St",40.7242941,-74.0354826,3184,"Paulus Hook",40.7141454,-74.0335519,29487,"Subscriber",1992,1
412,"2018-12-03 13:50:57.2590","2018-12-03 13:57:49.9540",3638,"Washington St",40.7242941,-74.0354826,3185,"City Hall",40.7177325,-74.043845,33781,"Subscriber",1975,2
298,"2018-12-03 14:41:01.4830","2018-12-03 14:45:59.9010",3638,"Washington St",40.7242941,-74.0354826,3639,"Harborside",40.7192517,-74.034234,33781,"Subscriber",1990,2
81,"2018-12-03 16:19:29.4110","2018-12-03 16:20:51.3040",3638,"Washington St",40.7242941,-74.0354826,3202,"Newport PATH",40.7272235,-74.0337589,33781,"Subscriber",1989,1
328,"2018-12-03 16:32:03.1400","2018-12-03 16:37:31.4260",3638,"Washington St",40.7242941,-74.0354826,3211,"Newark Ave",40.72152515,-74.046304543,29243,"Subscriber",1990,1
256,"2018-12-03 17:08:27.0720","2018-12-03 17:12:43.9110",3638,"Washington St",40.7242941,-74.0354826,3199,"Newport Pkwy",40.7287448,-74.0321082,33744,"Subscriber",1967,1
254,"2018-12-03 17:21:07.9620","2018-12-03 17:25:22.5740",3638,"Washington St",40.7242941,-74.0354826,3273,"Manila & 1st",40.721650724879986,-74.04288411140442,26167,"Subscriber",1974,1
400,"2018-12-03 18:56:32.8560","2018-12-03 19:03:13.3700",3638,"Washington St",40.7242941,-74.0354826,3203,"Hamilton Park",40.727595966,-74.044247311,26202,"Subscriber",1956,1
278,"2018-12-03 19:36:50.5020","2018-12-03 19:41:28.9920",3638,"Washington St",40.7242941,-74.0354826,3203,"Hamilton Park",40.727595966,-74.044247311,29244,"Subscriber",1979,2
1224,"2018-12-03 19:37:53.3680","2018-12-03 19:58:17.4840",3638,"Washington St",40.7242941,-74.0354826,3273,"Manila & 1st",40.721650724879986,-74.04288411140442,29524,"Subscriber",1994,1
242,"2018-12-04 07:36:04.5170","2018-12-04 07:40:07.4530",3638,"Washington St",40.7242941,-74.0354826,3199,"Newport Pkwy",40.7287448,-74.0321082,26221,"Subscriber",1983,2
320,"2018-12-04 08:40:50.9150","2018-12-04 08:46:11.1340",3638,"Washington St",40.7242941,-74.0354826,3184,"Paulus Hook",40.7141454,-74.0335519,29214,"Subscriber",1989,1
173,"2018-12-04 09:20:53.1980","2018-12-04 09:23:46.4060",3638,"Washington St",40.7242941,-74.0354826,3199,"Newport Pkwy",40.7287448,-74.0321082,29662,"Subscriber",1992,1
117,"2018-12-04 09:30:02.3410","2018-12-04 09:32:00.0300",3638,"Washington St",40.7242941,-74.0354826,3202,"Newport PATH",40.7272235,-74.0337589,29509,"Subscriber",1973,1
282,"2018-12-04 10:01:01.4560","2018-12-04 10:05:44.3830",3638,"Washington St",40.7242941,-74.0354826,3183,"Exchange Place",40.7162469,-74.0334588,29643,"Subscriber",1977,1
327,"2018-12-04 16:33:22.1150","2018-12-04 16:38:49.8740",3638,"Washington St",40.7242941,-74.0354826,3211,"Newark Ave",40.72152515,-74.046304543,29459,"Subscriber",1990,1
102,"2018-12-04 17:12:18.2400","2018-12-04 17:14:00.7890",3638,"Washington St",40.7242941,-74.0354826,3202,"Newport PATH",40.7272235,-74.0337589,26160,"Subscriber",1972,1
196,"2018-12-04 17:38:52.5290","2018-12-04 17:42:08.7110",3638,"Washington St",40.7242941,-74.0354826,3202,"Newport PATH",40.7272235,-74.0337589,29273,"Subscriber",1996,1
203,"2018-12-04 18:15:59.5640","2018-12-04 18:19:22.6500",3638,"Washington St",40.7242941,-74.0354826,3273,"Manila & 1st",40.721650724879986,-74.04288411140442,29441,"Subscriber",1974,1
531,"2018-12-04 19:57:16.8440","2018-12-04 20:06:08.7320",3638,"Washington St",40.7242941,-74.0354826,3481,"York St",40.71649,-74.04105,20783,"Subscriber",1988,1
294,"2018-12-04 22:58:57.1110","2018-12-04 23:03:51.7870",3638,"Washington St",40.7242941,-74.0354826,3186,"Grove St PATH",40.71958611647166,-74.04311746358871,29510,"Subscriber",1982,1
250,"2018-12-05 01:22:58.6390","2018-12-05 01:27:09.2660",3638,"Washington St",40.7242941,-74.0354826,3203,"Hamilton Park",40.727595966,-74.044247311,29516,"Subscriber",1991,2
735,"2018-12-05 01:28:12.2950","2018-12-05 01:40:27.7970",3638,"Washington St",40.7242941,-74.0354826,3214,"Essex Light Rail",40.7127742,-74.0364857,26264,"Subscriber",1974,1
285,"2018-12-05 07:47:28.5270","2018-12-05 07:52:13.5440",3638,"Washington St",40.7242941,-74.0354826,3199,"Newport Pkwy",40.7287448,-74.0321082,26286,"Subscriber",1983,2
217,"2018-12-05 08:16:45.1430","2018-12-05 08:20:23.0080",3638,"Washington St",40.7242941,-74.0354826,3199,"Newport Pkwy",40.7287448,-74.0321082,29636,"Subscriber",1990,1
165,"2018-12-05 08:36:34.4950","2018-12-05 08:39:20.0620",3638,"Washington St",40.7242941,-74.0354826,3202,"Newport PATH",40.7272235,-74.0337589,29120,"Subscriber",1989,2
281,"2018-12-05 09:23:08.5950","2018-12-05 09:27:50.3320",3638,"Washington St",40.7242941,-74.0354826,3183,"Exchange Place",40.7162469,-74.0334588,26204,"Subscriber",1977,1
185,"2018-12-05 09:30:45.0050","2018-12-05 09:33:50.2400",3638,"Washington St",40.7242941,-74.0354826,3199,"Newport Pkwy",40.7287448,-74.0321082,26191,"Subscriber",1992,1
133,"2018-12-05 09:32:18.9880","2018-12-05 09:34:32.3960",3638,"Washington St",40.7242941,-74.0354826,3202,"Newport PATH",40.7272235,-74.0337589,29608,"Subscriber",1982,1
434,"2018-12-05 13:31:12.3510","2018-12-05 13:38:26.6100",3638,"Washington St",40.7242941,-74.0354826,3184,"Paulus Hook",40.7141454,-74.0335519,26206,"Subscriber",1976,1
396,"2018-12-05 15:01:19.5620","2018-12-05 15:07:55.9580",3638,"Washington St",40.7242941,-74.0354826,3276,"Marin Light Rail",40.71458403535893,-74.04281705617905,26160,"Subscriber",1990,1
286,"2018-12-05 16:24:22.5530","2018-12-05 16:29:09.1780",3638,"Washington St",40.7242941,-74.0354826,3199,"Newport Pkwy",40.7287448,-74.0321082,26216,"Subscriber",1995,1
282,"2018-12-05 17:01:19.9990","2018-12-05 17:06:02.2950",3638,"Washington St",40.7242941,-74.0354826,3186,"Grove St PATH",40.71958611647166,-74.04311746358871,29498,"Subscriber",1976,1
212,"2018-12-05 17:59:06.9780","2018-12-05 18:02:39.5810",3638,"Washington St",40.7242941,-74.0354826,3273,"Manila & 1st",40.721650724879986,-74.04288411140442,29214,"Subscriber",1974,1
281,"2018-12-05 18:24:48.6220","2018-12-05 18:29:30.5140",3638,"Washington St",40.7242941,-74.0354826,3269,"Brunswick & 6th",40.72601172964625,-74.05038893222809,29491,"Subscriber",1985,1
482,"2018-12-05 18:43:18.9620","2018-12-05 18:51:21.2120",3638,"Washington St",40.7242941,-74.0354826,3184,"Paulus Hook",40.7141454,-74.0335519,29546,"Subscriber",1990,2
338,"2018-12-05 18:46:51.9810","2018-12-05 18:52:30.2360",3638,"Washington St",40.7242941,-74.0354826,3211,"Newark Ave",40.72152515,-74.046304543,26216,"Subscriber",1964,1
351,"2018-12-05 19:29:55.2930","2018-12-05 19:35:46.8870",3638,"Washington St",40.7242941,-74.0354826,3186,"Grove St PATH",40.71958611647166,-74.04311746358871,29589,"Subscriber",1969,0
367,"2018-12-05 20:05:13.6890","2018-12-05 20:11:21.6430",3638,"Washington St",40.7242941,-74.0354826,3185,"City Hall",40.7177325,-74.043845,29613,"Subscriber",1988,1
105,"2018-12-05 20:31:11.4460","2018-12-05 20:32:57.1860",3638,"Washington St",40.7242941,-74.0354826,3202,"Newport PATH",40.7272235,-74.0337589,26280,"Subscriber",1996,1
271,"2018-12-06 08:00:55.7030","2018-12-06 08:05:27.3580",3638,"Washington St",40.7242941,-74.0354826,3184,"Paulus Hook",40.7141454,-74.0335519,29482,"Subscriber",1989,1
190,"2018-12-06 08:24:35.6780","2018-12-06 08:27:45.9800",3638,"Washington St",40.7242941,-74.0354826,3202,"Newport PATH",40.7272235,-74.0337589,29443,"Subscriber",1995,1
509,"2018-12-06 08:53:30.0580","2018-12-06 09:01:59.2570",3638,"Washington St",40.7242941,-74.0354826,3638,"Washington St",40.7242941,-74.0354826,29506,"Subscriber",1992,2
283,"2018-12-06 09:52:32.7430","2018-12-06 09:57:15.8670",3638,"Washington St",40.7242941,-74.0354826,3183,"Exchange Place",40.7162469,-74.0334588,29640,"Subscriber",1977,1
219,"2018-12-06 11:55:45.6320","2018-12-06 11:59:25.1700",3638,"Washington St",40.7242941,-74.0354826,3639,"Harborside",40.7192517,-74.034234,26153,"Subscriber",1969,0
210,"2018-12-06 12:40:07.7460","2018-12-06 12:43:38.3440",3638,"Washington St",40.7242941,-74.0354826,3639,"Harborside",40.7192517,-74.034234,29459,"Subscriber",1976,1
405,"2018-12-06 12:46:10.6190","2018-12-06 12:52:56.1650",3638,"Washington St",40.7242941,-74.0354826,3183,"Exchange Place",40.7162469,-74.0334588,29249,"Subscriber",1980,2
473,"2018-12-06 14:18:51.8650","2018-12-06 14:26:45.6970",3638,"Washington St",40.7242941,-74.0354826,3184,"Paulus Hook",40.7141454,-74.0335519,26160,"Subscriber",1980,1
283,"2018-12-06 15:27:21.7670","2018-12-06 15:32:04.9470",3638,"Washington St",40.7242941,-74.0354826,3270,"Jersey & 6th St",40.72528910781132,-74.04557168483734,26303,"Subscriber",1963,1
505,"2018-12-06 15:38:04.0060","2018-12-06 15:46:29.2560",3638,"Washington St",40.7242941,-74.0354826,3638,"Washington St",40.7242941,-74.0354826,29491,"Subscriber",1974,1
480,"2018-12-06 16:22:29.7260","2018-12-06 16:30:30.4250",3638,"Washington St",40.7242941,-74.0354826,3209,"Brunswick St",40.7241765,-74.0506564,26253,"Subscriber",1992,2
355,"2018-12-06 16:26:39.3150","2018-12-06 16:32:35.3100",3638,"Washington St",40.7242941,-74.0354826,3211,"Newark Ave",40.72152515,-74.046304543,29681,"Subscriber",1990,1
277,"2018-12-06 17:08:35.2630","2018-12-06 17:13:12.4750",3638,"Washington St",40.7242941,-74.0354826,3273,"Manila & 1st",40.721650724879986,-74.04288411140442,29491,"Subscriber",1974,1
405,"2018-12-06 17:32:25.5000","2018-12-06 17:39:10.8310",3638,"Washington St",40.7242941,-74.0354826,3681,"Grand St",40.71517767732029,-74.03768330812454,26217,"Subscriber",1990,2
471,"2018-12-06 17:35:32.4090","2018-12-06 17:43:24.2250",3638,"Washington St",40.7242941,-74.0354826,3211,"Newark Ave",40.72152515,-74.046304543,26182,"Subscriber",1969,0
224,"2018-12-06 18:31:09.9180","2018-12-06 18:34:54.8540",3638,"Washington St",40.7242941,-74.0354826,3199,"Newport Pkwy",40.7287448,-74.0321082,29506,"Subscriber",1976,1
155,"2018-12-06 19:02:11.9880","2018-12-06 19:04:47.2910",3638,"Washington St",40.7242941,-74.0354826,3639,"Harborside",40.7192517,-74.034234,29492,"Subscriber",1990,1
641,"2018-12-06 19:04:37.5050","2018-12-06 19:15:19.2150",3638,"Washington St",40.7242941,-74.0354826,3267,"Morris Canal",40.7124188237569,-74.03852552175522,26215,"Subscriber",1980,2
380,"2018-12-06 20:26:52.3210","2018-12-06 20:33:13.0680",3638,"Washington St",40.7242941,-74.0354826,3186,"Grove St PATH",40.71958611647166,-74.04311746358871,26293,"Subscriber",1990,1
350,"2018-12-06 20:48:20.5440","2018-12-06 20:54:11.4970",3638,"Washington St",40.7242941,-74.0354826,3211,"Newark Ave",40.72152515,-74.046304543,29304,"Subscriber",1964,1
158,"2018-12-06 23:05:11.4970","2018-12-06 23:07:50.1680",3638,"Washington St",40.7242941,-74.0354826,3639,"Harborside",40.7192517,-74.034234,26267,"Subscriber",1985,1
394,"2018-12-07 07:14:51.1080","2018-12-07 07:21:25.8430",3638,"Washington St",40.7242941,-74.0354826,3269,"Brunswick & 6th",40.72601172964625,-74.05038893222809,29512,"Subscriber",1986,1
460,"2018-12-07 08:37:02.9970","2018-12-07 08:44:43.2260",3638,"Washington St",40.7242941,-74.0354826,3278,"Monmouth and 6th",40.72568548362901,-74.04879033565521,29475,"Subscriber",1981,1
119,"2018-12-07 09:18:14.8630","2018-12-07 09:20:14.2610",3638,"Washington St",40.7242941,-74.0354826,3202,"Newport PATH",40.7272235,-74.0337589,29523,"Subscriber",1973,1
184,"2018-12-07 09:22:27.5080","2018-12-07 09:25:31.9250",3638,"Washington St",40.7242941,-74.0354826,3199,"Newport Pkwy",40.7287448,-74.0321082,29592,"Subscriber",1992,1
282,"2018-12-07 09:25:16.8570","2018-12-07 09:29:59.5550",3638,"Washington St",40.7242941,-74.0354826,3183,"Exchange Place",40.7162469,-74.0334588,29221,"Subscriber",1977,1
1089,"2018-12-07 11:18:33.6670","2018-12-07 11:36:42.6920",3638,"Washington St",40.7242941,-74.0354826,3211,"Newark Ave",40.72152515,-74.046304543,29629,"Subscriber",1964,1
273,"2018-12-07 13:45:22.0500","2018-12-07 13:49:56.0370",3638,"Washington St",40.7242941,-74.0354826,3639,"Harborside",40.7192517,-74.034234,29593,"Subscriber",1973,1
348,"2018-12-07 17:06:11.8090","2018-12-07 17:12:00.1240",3638,"Washington St",40.7242941,-74.0354826,3272,"Jersey & 3rd",40.72333158646436,-74.04595255851744,29252,"Subscriber",1967,2
405,"2018-12-07 17:07:37.3340","2018-12-07 17:14:22.7950",3638,"Washington St",40.7242941,-74.0354826,3275,"Columbus Drive",40.71835519823214,-74.03891444206238,26275,"Subscriber",1969,0
211,"2018-12-07 17:20:32.2480","2018-12-07 17:24:04.0660",3638,"Washington St",40.7242941,-74.0354826,3273,"Manila & 1st",40.721650724879986,-74.04288411140442,26186,"Subscriber",1974,1
203,"2018-12-07 21:18:22.5730","2018-12-07 21:21:45.7000",3638,"Washington St",40.7242941,-74.0354826,3639,"Harborside",40.7192517,-74.034234,29536,"Subscriber",1988,1
978,"2018-12-08 07:54:31.3680","2018-12-08 08:10:49.3850",3638,"Washington St",40.7242941,-74.0354826,3194,"McGinley Square",40.7253399253558,-74.06762212514877,29198,"Subscriber",1984,1
358,"2018-12-08 08:09:12.4710","2018-12-08 08:15:11.1190",3638,"Washington St",40.7242941,-74.0354826,3278,"Monmouth and 6th",40.72568548362901,-74.04879033565521,29225,"Subscriber",1981,1
162,"2018-12-08 08:49:53.5780","2018-12-08 08:52:36.1460",3638,"Washington St",40.7242941,-74.0354826,3639,"Harborside",40.7192517,-74.034234,29459,"Subscriber",1990,1
293,"2018-12-08 08:59:13.6300","2018-12-08 09:04:07.6100",3638,"Washington St",40.7242941,-74.0354826,3185,"City Hall",40.7177325,-74.043845,29553,"Subscriber",1981,1
330,"2018-12-08 11:51:49.9990","2018-12-08 11:57:20.0600",3638,"Washington St",40.7242941,-74.0354826,3681,"Grand St",40.71517767732029,-74.03768330812454,26220,"Subscriber",1990,2
691,"2018-12-08 13:11:21.3820","2018-12-08 13:22:53.1780",3638,"Washington St",40.7242941,-74.0354826,3279,"Dixon Mills",40.721630142638354,-74.04996782541275,26242,"Subscriber",1988,2
123,"2018-12-08 14:08:31.9030","2018-12-08 14:10:35.0180",3638,"Washington St",40.7242941,-74.0354826,3202,"Newport PATH",40.7272235,-74.0337589,29283,"Subscriber",1996,1
143,"2018-12-08 14:15:14.4320","2018-12-08 14:17:38.0650",3638,"Washington St",40.7242941,-74.0354826,3202,"Newport PATH",40.7272235,-74.0337589,29487,"Subscriber",1996,1
351,"2018-12-08 16:51:31.9110","2018-12-08 16:57:23.6010",3638,"Washington St",40.7242941,-74.0354826,3183,"Exchange Place",40.7162469,-74.0334588,29578,"Customer",1969,0
627,"2018-12-08 17:38:28.4420","2018-12-08 17:48:55.8550",3638,"Washington St",40.7242941,-74.0354826,3211,"Newark Ave",40.72152515,-74.046304543,29479,"Subscriber",1964,1
100,"2018-12-08 17:45:21.6410","2018-12-08 17:47:02.1960",3638,"Washington St",40.7242941,-74.0354826,3202,"Newport PATH",40.7272235,-74.0337589,29594,"Subscriber",1994,2
134,"2018-12-08 20:08:42.9200","2018-12-08 20:10:57.5030",3638,"Washington St",40.7242941,-74.0354826,3202,"Newport PATH",40.7272235,-74.0337589,29275,"Subscriber",1996,1
184,"2018-12-08 21:40:20.1710","2018-12-08 21:43:24.4380",3638,"Washington St",40.7242941,-74.0354826,3639,"Harborside",40.7192517,-74.034234,29472,"Subscriber",1990,1
759,"2018-12-08 23:28:10.0280","2018-12-08 23:40:49.9310",3638,"Washington St",40.7242941,-74.0354826,3199,"Newport Pkwy",40.7287448,-74.0321082,29594,"Subscriber",1995,1
412,"2018-12-09 08:03:28.3290","2018-12-09 08:10:20.4490",3638,"Washington St",40.7242941,-74.0354826,3269,"Brunswick & 6th",40.72601172964625,-74.05038893222809,29260,"Subscriber",1986,1
127,"2018-12-09 09:23:13.0740","2018-12-09 09:25:20.3930",3638,"Washington St",40.7242941,-74.0354826,3202,"Newport PATH",40.7272235,-74.0337589,29272,"Subscriber",1990,1
353,"2018-12-09 09:27:44.1440","2018-12-09 09:33:38.1080",3638,"Washington St",40.7242941,-74.0354826,3278,"Monmouth and 6th",40.72568548362901,-74.04879033565521,29506,"Subscriber",1981,1
536,"2018-12-09 11:56:39.9120","2018-12-09 12:05:36.6760",3638,"Washington St",40.7242941,-74.0354826,3214,"Essex Light Rail",40.7127742,-74.0364857,26243,"Subscriber",1969,2
147,"2018-12-09 12:49:09.0080","2018-12-09 12:51:36.4460",3638,"Washington St",40.7242941,-74.0354826,3639,"Harborside",40.7192517,-74.034234,26215,"Subscriber",1986,2
373,"2018-12-09 13:01:00.0540","2018-12-09 13:07:13.8090",3638,"Washington St",40.7242941,-74.0354826,3681,"Grand St",40.71517767732029,-74.03768330812454,29679,"Subscriber",1990,2
2484,"2018-12-09 13:24:57.2310","2018-12-09 14:06:21.7660",3638,"Washington St",40.7242941,-74.0354826,3638,"Washington St",40.7242941,-74.0354826,29608,"Subscriber",1996,1
79,"2018-12-09 15:04:39.3170","2018-12-09 15:05:59.2280",3638,"Washington St",40.7242941,-74.0354826,3202,"Newport PATH",40.7272235,-74.0337589,29476,"Subscriber",1989,1
284,"2018-12-09 15:15:30.0910","2018-12-09 15:20:14.5100",3638,"Washington St",40.7242941,-74.0354826,3183,"Exchange Place",40.7162469,-74.0334588,29608,"Subscriber",1992,1
129,"2018-12-09 15:50:34.7420","2018-12-09 15:52:44.0020",3638,"Washington St",40.7242941,-74.0354826,3202,"Newport PATH",40.7272235,-74.0337589,29288,"Subscriber",1988,2
170,"2018-12-09 17:09:44.7900","2018-12-09 17:12:35.3640",3638,"Washington St",40.7242941,-74.0354826,3639,"Harborside",40.7192517,-74.034234,29465,"Subscriber",1990,1
581,"2018-12-09 18:18:28.7400","2018-12-09 18:28:09.9030",3638,"Washington St",40.7242941,-74.0354826,3276,"Marin Light Rail",40.71458403535893,-74.04281705617905,29201,"Subscriber",1987,2
311,"2018-12-09 19:42:51.3400","2018-12-09 19:48:02.7210",3638,"Washington St",40.7242941,-74.0354826,3199,"Newport Pkwy",40.7287448,-74.0321082,29595,"Subscriber",1986,2
96,"2018-12-09 19:44:07.1010","2018-12-09 19:45:43.4600",3638,"Washington St",40.7242941,-74.0354826,3202,"Newport PATH",40.7272235,-74.0337589,29120,"Subscriber",1973,1
551,"2018-12-09 22:14:37.2180","2018-12-09 22:23:48.6220",3638,"Washington St",40.7242941,-74.0354826,3267,"Morris Canal",40.7124188237569,-74.03852552175522,29595,"Subscriber",1977,1
167,"2018-12-10 08:04:39.8750","2018-12-10 08:07:27.7150",3638,"Washington St",40.7242941,-74.0354826,3202,"Newport PATH",40.7272235,-74.0337589,29599,"Subscriber",1989,2
119,"2018-12-10 08:28:19.5010","2018-12-10 08:30:18.7510",3638,"Washington St",40.7242941,-74.0354826,3202,"Newport PATH",40.7272235,-74.0337589,29120,"Subscriber",1995,1
299,"2018-12-10 08:46:11.2360","2018-12-10 08:51:10.9870",3638,"Washington St",40.7242941,-74.0354826,3184,"Paulus Hook",40.7141454,-74.0335519,29276,"Subscriber",1989,1
167,"2018-12-10 09:30:13.1820","2018-12-10 09:33:00.2810",3638,"Washington St",40.7242941,-74.0354826,3199,"Newport Pkwy",40.7287448,-74.0321082,29573,"Subscriber",1992,1
241,"2018-12-10 09:39:48.5840","2018-12-10 09:43:49.8340",3638,"Washington St",40.7242941,-74.0354826,3183,"Exchange Place",40.7162469,-74.0334588,29583,"Subscriber",1977,1
164,"2018-12-10 10:36:26.1390","2018-12-10 10:39:10.5460",3638,"Washington St",40.7242941,-74.0354826,3199,"Newport Pkwy",40.7287448,-74.0321082,26294,"Subscriber",1976,1
271,"2018-12-10 12:17:56.7730","2018-12-10 12:22:28.0240",3638,"Washington St",40.7242941,-74.0354826,3211,"Newark Ave",40.72152515,-74.046304543,29476,"Subscriber",1974,1
274,"2018-12-10 12:34:32.5150","2018-12-10 12:39:06.9250",3638,"Washington St",40.7242941,-74.0354826,3272,"Jersey & 3rd",40.72333158646436,-74.04595255851744,29497,"Subscriber",1967,2
330,"2018-12-10 14:01:05.1110","2018-12-10 14:06:35.3260",3638,"Washington St",40.7242941,-74.0354826,3184,"Paulus Hook",40.7141454,-74.0335519,29503,"Subscriber",1971,1
367,"2018-12-10 14:31:32.9810","2018-12-10 14:37:40.5370",3638,"Washington St",40.7242941,-74.0354826,3276,"Marin Light Rail",40.71458403535893,-74.04281705617905,29658,"Subscriber",1990,1
224,"2018-12-10 17:04:25.3030","2018-12-10 17:08:10.2320",3638,"Washington St",40.7242941,-74.0354826,3639,"Harborside",40.7192517,-74.034234,29485,"Subscriber",1990,2
277,"2018-12-10 17:41:47.3230","2018-12-10 17:46:25.2130",3638,"Washington St",40.7242941,-74.0354826,3186,"Grove St PATH",40.71958611647166,-74.04311746358871,29573,"Subscriber",1976,1
2149,"2018-12-10 17:53:09.1990","2018-12-10 18:28:58.4270",3638,"Washington St",40.7242941,-74.0354826,3202,"Newport PATH",40.7272235,-74.0337589,29674,"Customer",1969,0
416,"2018-12-10 18:04:49.9470","2018-12-10 18:11:46.1290",3638,"Washington St",40.7242941,-74.0354826,3203,"Hamilton Park",40.727595966,-74.044247311,29215,"Subscriber",1976,1
224,"2018-12-10 18:55:44.4960","2018-12-10 18:59:29.4940",3638,"Washington St",40.7242941,-74.0354826,3639,"Harborside",40.7192517,-74.034234,29578,"Subscriber",1990,1
346,"2018-12-10 19:13:16.1250","2018-12-10 19:19:02.7530",3638,"Washington St",40.7242941,-74.0354826,3278,"Monmouth and 6th",40.72568548362901,-74.04879033565521,29525,"Subscriber",1983,2
122,"2018-12-10 19:18:57.9060","2018-12-10 19:21:00.6390",3638,"Washington St",40.7242941,-74.0354826,3202,"Newport PATH",40.7272235,-74.0337589,26153,"Subscriber",1996,1
264,"2018-12-10 19:45:21.0380","2018-12-10 19:49:45.6660",3638,"Washington St",40.7242941,-74.0354826,3270,"Jersey & 6th St",40.72528910781132,-74.04557168483734,29300,"Subscriber",1992,1
337,"2018-12-10 19:47:18.2740","2018-12-10 19:52:56.2200",3638,"Washington St",40.7242941,-74.0354826,3186,"Grove St PATH",40.71958611647166,-74.04311746358871,29636,"Subscriber",1986,1
351,"2018-12-10 20:06:48.1470","2018-12-10 20:12:39.2380",3638,"Washington St",40.7242941,-74.0354826,3185,"City Hall",40.7177325,-74.043845,29675,"Subscriber",1988,1
300,"2018-12-10 21:04:02.6280","2018-12-10 21:09:03.1190",3638,"Washington St",40.7242941,-74.0354826,3278,"Monmouth and 6th",40.72568548362901,-74.04879033565521,26155,"Subscriber",1981,2
727,"2018-12-10 21:12:00.5240","2018-12-10 21:24:07.6630",3638,"Washington St",40.7242941,-74.0354826,3272,"Jersey & 3rd",40.72333158646436,-74.04595255851744,29127,"Subscriber",1992,1
266,"2018-12-11 07:42:05.6630","2018-12-11 07:46:32.0350",3638,"Washington St",40.7242941,-74.0354826,3199,"Newport Pkwy",40.7287448,-74.0321082,29542,"Subscriber",1983,2
163,"2018-12-11 09:35:55.6530","2018-12-11 09:38:39.1990",3638,"Washington St",40.7242941,-74.0354826,3199,"Newport Pkwy",40.7287448,-74.0321082,26225,"Subscriber",1992,1
245,"2018-12-11 09:37:53.9020","2018-12-11 09:41:59.5920",3638,"Washington St",40.7242941,-74.0354826,3199,"Newport Pkwy",40.7287448,-74.0321082,29445,"Subscriber",1995,2
642,"2018-12-11 11:27:52.0930","2018-12-11 11:38:34.8390",3638,"Washington St",40.7242941,-74.0354826,3267,"Morris Canal",40.7124188237569,-74.03852552175522,29594,"Subscriber",1980,2
417,"2018-12-11 14:07:42.8570","2018-12-11 14:14:40.2280",3638,"Washington St",40.7242941,-74.0354826,3186,"Grove St PATH",40.71958611647166,-74.04311746358871,29241,"Customer",1994,2
246,"2018-12-11 14:14:27.4490","2018-12-11 14:18:34.3640",3638,"Washington St",40.7242941,-74.0354826,3639,"Harborside",40.7192517,-74.034234,29208,"Subscriber",1973,1
412,"2018-12-11 16:37:17.7280","2018-12-11 16:44:10.3770",3638,"Washington St",40.7242941,-74.0354826,3211,"Newark Ave",40.72152515,-74.046304543,29657,"Subscriber",1990,1
346,"2018-12-11 17:00:16.6840","2018-12-11 17:06:03.3050",3638,"Washington St",40.7242941,-74.0354826,3272,"Jersey & 3rd",40.72333158646436,-74.04595255851744,29213,"Subscriber",1967,2
231,"2018-12-11 17:04:54.4440","2018-12-11 17:08:46.3560",3638,"Washington St",40.7242941,-74.0354826,3273,"Manila & 1st",40.721650724879986,-74.04288411140442,29658,"Subscriber",1974,1
334,"2018-12-11 17:18:02.6250","2018-12-11 17:23:37.3270",3638,"Washington St",40.7242941,-74.0354826,3270,"Jersey & 6th St",40.72528910781132,-74.04557168483734,29278,"Subscriber",1993,2
177,"2018-12-11 17:51:52.1710","2018-12-11 17:54:49.9440",3638,"Washington St",40.7242941,-74.0354826,3199,"Newport Pkwy",40.7287448,-74.0321082,29495,"Subscriber",1976,1
603,"2018-12-11 18:13:27.4830","2018-12-11 18:23:30.6600",3638,"Washington St",40.7242941,-74.0354826,3185,"City Hall",40.7177325,-74.043845,29255,"Subscriber",1969,0
223,"2018-12-11 20:00:19.7830","2018-12-11 20:04:02.8970",3638,"Washington St",40.7242941,-74.0354826,3639,"Harborside",40.7192517,-74.034234,26286,"Subscriber",1992,1
341,"2018-12-11 23:37:08.1000","2018-12-11 23:42:49.4760",3638,"Washington St",40.7242941,-74.0354826,3269,"Brunswick & 6th",40.72601172964625,-74.05038893222809,29655,"Subscriber",1988,1
275,"2018-12-12 06:31:01.9980","2018-12-12 06:35:37.4710",3638,"Washington St",40.7242941,-74.0354826,3184,"Paulus Hook",40.7141454,-74.0335519,29243,"Subscriber",1969,1
275,"2018-12-12 07:52:26.5690","2018-12-12 07:57:01.7960",3638,"Washington St",40.7242941,-74.0354826,3199,"Newport Pkwy",40.7287448,-74.0321082,29306,"Subscriber",1983,2
91,"2018-12-12 08:08:00.3250","2018-12-12 08:09:31.9570",3638,"Washington St",40.7242941,-74.0354826,3202,"Newport PATH",40.7272235,-74.0337589,26284,"Subscriber",1993,1
139,"2018-12-12 08:25:37.6790","2018-12-12 08:27:57.3350",3638,"Washington St",40.7242941,-74.0354826,3202,"Newport PATH",40.7272235,-74.0337589,29535,"Subscriber",1995,1
212,"2018-12-12 09:17:11.5080","2018-12-12 09:20:44.2420",3638,"Washington St",40.7242941,-74.0354826,3199,"Newport Pkwy",40.7287448,-74.0321082,26254,"Subscriber",1983,1
179,"2018-12-12 09:18:36.9600","2018-12-12 09:21:36.6500",3638,"Washington St",40.7242941,-74.0354826,3199,"Newport Pkwy",40.7287448,-74.0321082,29275,"Subscriber",1992,1
787,"2018-12-12 10:15:07.2070","2018-12-12 10:28:14.2460",3638,"Washington St",40.7242941,-74.0354826,3276,"Marin Light Rail",40.71458403535893,-74.04281705617905,29492,"Subscriber",1981,2
246,"2018-12-12 11:47:41.3830","2018-12-12 11:51:48.1270",3638,"Washington St",40.7242941,-74.0354826,3203,"Hamilton Park",40.727595966,-74.044247311,29304,"Subscriber",1977,1
259,"2018-12-12 11:49:11.9650","2018-12-12 11:53:31.8950",3638,"Washington St",40.7242941,-74.0354826,3273,"Manila & 1st",40.721650724879986,-74.04288411140442,29497,"Subscriber",1974,1
399,"2018-12-12 12:15:50.5600","2018-12-12 12:22:29.5980",3638,"Washington St",40.7242941,-74.0354826,3184,"Paulus Hook",40.7141454,-74.0335519,29674,"Subscriber",1969,0
212,"2018-12-12 15:18:17.5960","2018-12-12 15:21:49.7350",3638,"Washington St",40.7242941,-74.0354826,3202,"Newport PATH",40.7272235,-74.0337589,29602,"Customer",1969,0
141,"2018-12-12 15:19:32.2100","2018-12-12 15:21:54.0850",3638,"Washington St",40.7242941,-74.0354826,3202,"Newport PATH",40.7272235,-74.0337589,29458,"Customer",1969,0
146,"2018-12-12 16:24:52.1810","2018-12-12 16:27:18.8170",3638,"Washington St",40.7242941,-74.0354826,3202,"Newport PATH",40.7272235,-74.0337589,29245,"Subscriber",1994,2
353,"2018-12-12 16:32:01.1780","2018-12-12 16:37:54.2190",3638,"Washington St",40.7242941,-74.0354826,3211,"Newark Ave",40.72152515,-74.046304543,29460,"Customer",1990,1
163,"2018-12-12 17:07:39.4090","2018-12-12 17:10:22.4310",3638,"Washington St",40.7242941,-74.0354826,3187,"Warren St",40.7211236,-74.03805095,29244,"Subscriber",1974,1
184,"2018-12-12 17:53:04.7780","2018-12-12 17:56:09.5600",3638,"Washington St",40.7242941,-74.0354826,3199,"Newport Pkwy",40.7287448,-74.0321082,29573,"Subscriber",1976,1
223,"2018-12-12 18:08:48.0810","2018-12-12 18:12:31.9300",3638,"Washington St",40.7242941,-74.0354826,3270,"Jersey & 6th St",40.72528910781132,-74.04557168483734,29604,"Subscriber",1992,1
177,"2018-12-12 18:14:34.7750","2018-12-12 18:17:32.0520",3638,"Washington St",40.7242941,-74.0354826,3639,"Harborside",40.7192517,-74.034234,29308,"Subscriber",1990,1
452,"2018-12-12 18:57:50.0520","2018-12-12 19:05:22.9110",3638,"Washington St",40.7242941,-74.0354826,3272,"Jersey & 3rd",40.72333158646436,-74.04595255851744,29257,"Subscriber",1988,2
238,"2018-12-12 19:02:48.5780","2018-12-12 19:06:47.5350",3638,"Washington St",40.7242941,-74.0354826,3275,"Columbus Drive",40.71835519823214,-74.03891444206238,29489,"Subscriber",1969,0
403,"2018-12-12 19:18:10.4400","2018-12-12 19:24:54.3850",3638,"Washington St",40.7242941,-74.0354826,3269,"Brunswick & 6th",40.72601172964625,-74.05038893222809,29607,"Subscriber",1966,1
374,"2018-12-12 19:26:34.6080","2018-12-12 19:32:49.4080",3638,"Washington St",40.7242941,-74.0354826,3184,"Paulus Hook",40.7141454,-74.0335519,29221,"Subscriber",1963,1
398,"2018-12-12 20:00:22.6100","2018-12-12 20:07:01.3170",3638,"Washington St",40.7242941,-74.0354826,3214,"Essex Light Rail",40.7127742,-74.0364857,29663,"Subscriber",1963,1
379,"2018-12-12 20:03:02.1460","2018-12-12 20:09:21.4930",3638,"Washington St",40.7242941,-74.0354826,3185,"City Hall",40.7177325,-74.043845,29445,"Subscriber",1988,1
410,"2018-12-12 21:05:27.5660","2018-12-12 21:12:18.1830",3638,"Washington St",40.7242941,-74.0354826,3211,"Newark Ave",40.72152515,-74.046304543,29215,"Subscriber",1964,1
183,"2018-12-12 21:36:57.9320","2018-12-12 21:40:01.1110",3638,"Washington St",40.7242941,-74.0354826,3639,"Harborside",40.7192517,-74.034234,29658,"Subscriber",1985,1
165,"2018-12-12 22:07:05.5160","2018-12-12 22:09:50.8800",3638,"Washington St",40.7242941,-74.0354826,3639,"Harborside",40.7192517,-74.034234,26298,"Subscriber",1990,1
1045,"2018-12-12 22:32:26.3590","2018-12-12 22:49:51.9910",3638,"Washington St",40.7242941,-74.0354826,3203,"Hamilton Park",40.727595966,-74.044247311,29307,"Customer",1969,0
1027,"2018-12-12 22:32:42.1990","2018-12-12 22:49:49.4250",3638,"Washington St",40.7242941,-74.0354826,3203,"Hamilton Park",40.727595966,-74.044247311,26278,"Customer",1969,0
943,"2018-12-12 22:34:08.9050","2018-12-12 22:49:52.1960",3638,"Washington St",40.7242941,-74.0354826,3203,"Hamilton Park",40.727595966,-74.044247311,29304,"Customer",1969,0
325,"2018-12-12 22:39:35.2020","2018-12-12 22:45:00.4250",3638,"Washington St",40.7242941,-74.0354826,3214,"Essex Light Rail",40.7127742,-74.0364857,29538,"Subscriber",1975,1
339,"2018-12-13 00:09:14.9890","2018-12-13 00:14:54.1820",3638,"Washington St",40.7242941,-74.0354826,3186,"Grove St PATH",40.71958611647166,-74.04311746358871,29452,"Subscriber",1966,1
194,"2018-12-13 08:26:22.6740","2018-12-13 08:29:37.3100",3638,"Washington St",40.7242941,-74.0354826,3202,"Newport PATH",40.7272235,-74.0337589,29304,"Subscriber",1995,1
102,"2018-12-13 08:31:09.2920","2018-12-13 08:32:52.1400",3638,"Washington St",40.7242941,-74.0354826,3202,"Newport PATH",40.7272235,-74.0337589,26276,"Subscriber",1984,2
178,"2018-12-13 09:30:22.0920","2018-12-13 09:33:20.1240",3638,"Washington St",40.7242941,-74.0354826,3199,"Newport Pkwy",40.7287448,-74.0321082,29593,"Subscriber",1992,1
287,"2018-12-13 09:42:32.0940","2018-12-13 09:47:19.6620",3638,"Washington St",40.7242941,-74.0354826,3183,"Exchange Place",40.7162469,-74.0334588,29607,"Subscriber",1977,1
398,"2018-12-13 14:32:20.9230","2018-12-13 14:38:59.5470",3638,"Washington St",40.7242941,-74.0354826,3276,"Marin Light Rail",40.71458403535893,-74.04281705617905,29573,"Subscriber",1990,1
170,"2018-12-13 16:21:25.4690","2018-12-13 16:24:15.7620",3638,"Washington St",40.7242941,-74.0354826,3199,"Newport Pkwy",40.7287448,-74.0321082,29588,"Subscriber",1975,1
243,"2018-12-13 17:10:42.2050","2018-12-13 17:14:46.1690",3638,"Washington St",40.7242941,-74.0354826,3203,"Hamilton Park",40.727595966,-74.044247311,29614,"Subscriber",1993,2
255,"2018-12-13 17:14:59.9630","2018-12-13 17:19:15.1450",3638,"Washington St",40.7242941,-74.0354826,3273,"Manila & 1st",40.721650724879986,-74.04288411140442,29465,"Subscriber",1974,1
458,"2018-12-13 17:47:21.4730","2018-12-13 17:55:00.4210",3638,"Washington St",40.7242941,-74.0354826,3185,"City Hall",40.7177325,-74.043845,29512,"Subscriber",1969,0
175,"2018-12-13 18:00:29.1760","2018-12-13 18:03:24.9750",3638,"Washington St",40.7242941,-74.0354826,3187,"Warren St",40.7211236,-74.03805095,29531,"Subscriber",1972,1
386,"2018-12-13 22:05:36.5370","2018-12-13 22:12:03.1850",3638,"Washington St",40.7242941,-74.0354826,3211,"Newark Ave",40.72152515,-74.046304543,29493,"Subscriber",1964,1
144,"2018-12-13 22:27:38.9930","2018-12-13 22:30:03.6780",3638,"Washington St",40.7242941,-74.0354826,3187,"Warren St",40.7211236,-74.03805095,29552,"Subscriber",1987,1
1430,"2018-12-14 00:18:21.9270","2018-12-14 00:42:11.9400",3638,"Washington St",40.7242941,-74.0354826,3638,"Washington St",40.7242941,-74.0354826,26157,"Customer",1969,0
1424,"2018-12-14 00:18:28.8650","2018-12-14 00:42:13.8430",3638,"Washington St",40.7242941,-74.0354826,3638,"Washington St",40.7242941,-74.0354826,26270,"Customer",1969,0
1304,"2018-12-14 00:20:28.0930","2018-12-14 00:42:12.6460",3638,"Washington St",40.7242941,-74.0354826,3638,"Washington St",40.7242941,-74.0354826,29678,"Customer",1969,0
1278,"2018-12-14 00:20:59.3010","2018-12-14 00:42:17.4470",3638,"Washington St",40.7242941,-74.0354826,3638,"Washington St",40.7242941,-74.0354826,26152,"Customer",1969,0
875,"2018-12-14 01:10:02.9850","2018-12-14 01:24:38.7610",3638,"Washington St",40.7242941,-74.0354826,3203,"Hamilton Park",40.727595966,-74.044247311,26152,"Customer",1969,0
848,"2018-12-14 01:10:22.3710","2018-12-14 01:24:30.8700",3638,"Washington St",40.7242941,-74.0354826,3203,"Hamilton Park",40.727595966,-74.044247311,26270,"Customer",1969,0
829,"2018-12-14 01:10:43.4880","2018-12-14 01:24:33.4470",3638,"Washington St",40.7242941,-74.0354826,3203,"Hamilton Park",40.727595966,-74.044247311,29678,"Customer",1969,0
785,"2018-12-14 01:11:46.7580","2018-12-14 01:24:52.0060",3638,"Washington St",40.7242941,-74.0354826,3203,"Hamilton Park",40.727595966,-74.044247311,26157,"Customer",1969,0
403,"2018-12-14 07:47:34.4530","2018-12-14 07:54:17.7820",3638,"Washington St",40.7242941,-74.0354826,3202,"Newport PATH",40.7272235,-74.0337589,29612,"Subscriber",1983,2
326,"2018-12-14 08:41:43.5970","2018-12-14 08:47:10.2070",3638,"Washington St",40.7242941,-74.0354826,3278,"Monmouth and 6th",40.72568548362901,-74.04879033565521,26316,"Subscriber",1981,1
730,"2018-12-14 09:16:59.4550","2018-12-14 09:29:09.7380",3638,"Washington St",40.7242941,-74.0354826,3638,"Washington St",40.7242941,-74.0354826,29604,"Subscriber",1974,1
181,"2018-12-14 09:30:59.7740","2018-12-14 09:34:00.9650",3638,"Washington St",40.7242941,-74.0354826,3199,"Newport Pkwy",40.7287448,-74.0321082,29616,"Subscriber",1992,1
324,"2018-12-14 10:19:21.8690","2018-12-14 10:24:46.3330",3638,"Washington St",40.7242941,-74.0354826,3183,"Exchange Place",40.7162469,-74.0334588,29674,"Subscriber",1977,1
140,"2018-12-14 10:43:06.8020","2018-12-14 10:45:26.8040",3638,"Washington St",40.7242941,-74.0354826,3202,"Newport PATH",40.7272235,-74.0337589,29301,"Subscriber",1989,2
376,"2018-12-14 11:34:05.2380","2018-12-14 11:40:22.2330",3638,"Washington St",40.7242941,-74.0354826,3681,"Grand St",40.71517767732029,-74.03768330812454,29494,"Subscriber",1990,2
347,"2018-12-14 13:11:22.9670","2018-12-14 13:17:10.1420",3638,"Washington St",40.7242941,-74.0354826,3183,"Exchange Place",40.7162469,-74.0334588,29604,"Subscriber",1976,1
126,"2018-12-14 14:02:25.2500","2018-12-14 14:04:31.6540",3638,"Washington St",40.7242941,-74.0354826,3202,"Newport PATH",40.7272235,-74.0337589,26215,"Subscriber",1995,1
273,"2018-12-14 14:28:55.5260","2018-12-14 14:33:28.5500",3638,"Washington St",40.7242941,-74.0354826,3639,"Harborside",40.7192517,-74.034234,29264,"Subscriber",1973,1
13836,"2018-12-14 14:44:35.7210","2018-12-14 18:35:12.1440",3638,"Washington St",40.7242941,-74.0354826,3202,"Newport PATH",40.7272235,-74.0337589,29247,"Customer",1969,0
423,"2018-12-14 14:45:21.5220","2018-12-14 14:52:25.1980",3638,"Washington St",40.7242941,-74.0354826,3638,"Washington St",40.7242941,-74.0354826,29611,"Customer",1969,0
433,"2018-12-14 16:31:21.1130","2018-12-14 16:38:34.6090",3638,"Washington St",40.7242941,-74.0354826,3638,"Washington St",40.7242941,-74.0354826,29679,"Customer",1969,0
405,"2018-12-14 16:31:48.6340","2018-12-14 16:38:34.5160",3638,"Washington St",40.7242941,-74.0354826,3638,"Washington St",40.7242941,-74.0354826,29611,"Customer",1969,0
364,"2018-12-14 17:12:05.3680","2018-12-14 17:18:09.5310",3638,"Washington St",40.7242941,-74.0354826,3183,"Exchange Place",40.7162469,-74.0334588,29234,"Subscriber",1969,0
205,"2018-12-14 19:10:21.0190","2018-12-14 19:13:46.1950",3638,"Washington St",40.7242941,-74.0354826,3199,"Newport Pkwy",40.7287448,-74.0321082,29661,"Subscriber",1980,1
537,"2018-12-14 20:07:08.5030","2018-12-14 20:16:05.7080",3638,"Washington St",40.7242941,-74.0354826,3278,"Monmouth and 6th",40.72568548362901,-74.04879033565521,29301,"Subscriber",1983,2
297,"2018-12-15 08:02:16.1730","2018-12-15 08:07:13.4890",3638,"Washington St",40.7242941,-74.0354826,3186,"Grove St PATH",40.71958611647166,-74.04311746358871,26269,"Subscriber",1985,1
556,"2018-12-15 09:17:25.5430","2018-12-15 09:26:41.8650",3638,"Washington St",40.7242941,-74.0354826,3269,"Brunswick & 6th",40.72601172964625,-74.05038893222809,29258,"Subscriber",1986,1
1111,"2018-12-15 10:42:19.5770","2018-12-15 11:00:51.3340",3638,"Washington St",40.7242941,-74.0354826,3203,"Hamilton Park",40.727595966,-74.044247311,29679,"Customer",1969,0
1068,"2018-12-15 10:43:08.1560","2018-12-15 11:00:56.9790",3638,"Washington St",40.7242941,-74.0354826,3203,"Hamilton Park",40.727595966,-74.044247311,26167,"Customer",1969,0
402,"2018-12-15 13:00:53.4850","2018-12-15 13:07:35.6380",3638,"Washington St",40.7242941,-74.0354826,3184,"Paulus Hook",40.7141454,-74.0335519,29439,"Subscriber",1990,2
584,"2018-12-15 15:09:57.8770","2018-12-15 15:19:42.7330",3638,"Washington St",40.7242941,-74.0354826,3214,"Essex Light Rail",40.7127742,-74.0364857,29536,"Subscriber",1985,2
425,"2018-12-15 15:36:09.9410","2018-12-15 15:43:15.7600",3638,"Washington St",40.7242941,-74.0354826,3279,"Dixon Mills",40.721630142638354,-74.04996782541275,29212,"Subscriber",1988,2
171,"2018-12-15 15:55:25.8610","2018-12-15 15:58:17.4110",3638,"Washington St",40.7242941,-74.0354826,3639,"Harborside",40.7192517,-74.034234,29272,"Subscriber",1990,1
287,"2018-12-15 16:18:17.3810","2018-12-15 16:23:04.5730",3638,"Washington St",40.7242941,-74.0354826,3183,"Exchange Place",40.7162469,-74.0334588,26221,"Subscriber",1956,1
124,"2018-12-15 17:28:49.7460","2018-12-15 17:30:54.0540",3638,"Washington St",40.7242941,-74.0354826,3202,"Newport PATH",40.7272235,-74.0337589,29263,"Subscriber",1973,1
231,"2018-12-15 17:36:52.0150","2018-12-15 17:40:43.3750",3638,"Washington St",40.7242941,-74.0354826,3639,"Harborside",40.7192517,-74.034234,29288,"Subscriber",1988,1
228,"2018-12-15 18:42:58.9630","2018-12-15 18:46:47.7310",3638,"Washington St",40.7242941,-74.0354826,3199,"Newport Pkwy",40.7287448,-74.0321082,29234,"Subscriber",1995,2
385,"2018-12-15 21:47:44.1800","2018-12-15 21:54:09.3070",3638,"Washington St",40.7242941,-74.0354826,3185,"City Hall",40.7177325,-74.043845,26318,"Subscriber",1985,2
450,"2018-12-15 22:04:31.2900","2018-12-15 22:12:01.5620",3638,"Washington St",40.7242941,-74.0354826,3279,"Dixon Mills",40.721630142638354,-74.04996782541275,29542,"Subscriber",1964,1
398,"2018-12-16 08:40:01.9700","2018-12-16 08:46:40.8480",3638,"Washington St",40.7242941,-74.0354826,3481,"York St",40.71649,-74.04105,29544,"Subscriber",1985,2
317,"2018-12-16 09:23:38.5020","2018-12-16 09:28:56.1110",3638,"Washington St",40.7242941,-74.0354826,3183,"Exchange Place",40.7162469,-74.0334588,29489,"Subscriber",1990,1
101,"2018-12-17 09:22:33.3110","2018-12-17 09:24:14.7680",3638,"Washington St",40.7242941,-74.0354826,3202,"Newport PATH",40.7272235,-74.0337589,29288,"Subscriber",1982,1
171,"2018-12-17 09:35:59.6480","2018-12-17 09:38:51.6150",3638,"Washington St",40.7242941,-74.0354826,3199,"Newport Pkwy",40.7287448,-74.0321082,26153,"Subscriber",1992,1
168,"2018-12-17 09:45:20.2360","2018-12-17 09:48:08.6090",3638,"Washington St",40.7242941,-74.0354826,3199,"Newport Pkwy",40.7287448,-74.0321082,29663,"Subscriber",1983,2
263,"2018-12-17 10:13:17.3080","2018-12-17 10:17:40.4920",3638,"Washington St",40.7242941,-74.0354826,3183,"Exchange Place",40.7162469,-74.0334588,29671,"Subscriber",1977,1
195,"2018-12-17 11:06:23.1810","2018-12-17 11:09:38.6140",3638,"Washington St",40.7242941,-74.0354826,3199,"Newport Pkwy",40.7287448,-74.0321082,26225,"Subscriber",1980,1
1411,"2018-12-17 13:28:38.9300","2018-12-17 13:52:10.1660",3638,"Washington St",40.7242941,-74.0354826,3638,"Washington St",40.7242941,-74.0354826,29453,"Subscriber",1980,2
1402,"2018-12-17 13:28:50.9940","2018-12-17 13:52:13.2390",3638,"Washington St",40.7242941,-74.0354826,3638,"Washington St",40.7242941,-74.0354826,29304,"Customer",1969,0
352,"2018-12-17 16:35:01.7290","2018-12-17 16:40:53.9280",3638,"Washington St",40.7242941,-74.0354826,3211,"Newark Ave",40.72152515,-74.046304543,26300,"Subscriber",1990,1
273,"2018-12-17 19:12:27.5000","2018-12-17 19:17:01.0850",3638,"Washington St",40.7242941,-74.0354826,3214,"Essex Light Rail",40.7127742,-74.0364857,29598,"Subscriber",1970,1
206,"2018-12-17 19:58:18.0800","2018-12-17 20:01:44.0870",3638,"Washington St",40.7242941,-74.0354826,3187,"Warren St",40.7211236,-74.03805095,29498,"Subscriber",1987,1
226,"2018-12-17 20:33:40.0910","2018-12-17 20:37:26.9280",3638,"Washington St",40.7242941,-74.0354826,3270,"Jersey & 6th St",40.72528910781132,-74.04557168483734,29516,"Subscriber",1985,1
277,"2018-12-17 21:49:05.8100","2018-12-17 21:53:43.6410",3638,"Washington St",40.7242941,-74.0354826,3203,"Hamilton Park",40.727595966,-74.044247311,26283,"Subscriber",1990,2
177,"2018-12-18 09:31:26.9050","2018-12-18 09:34:24.3570",3638,"Washington St",40.7242941,-74.0354826,3199,"Newport Pkwy",40.7287448,-74.0321082,26202,"Subscriber",1992,1
292,"2018-12-18 09:32:08.3460","2018-12-18 09:37:00.3910",3638,"Washington St",40.7242941,-74.0354826,3183,"Exchange Place",40.7162469,-74.0334588,26198,"Subscriber",1977,1
327,"2018-12-18 09:52:14.0550","2018-12-18 09:57:41.0570",3638,"Washington St",40.7242941,-74.0354826,3183,"Exchange Place",40.7162469,-74.0334588,26189,"Subscriber",1989,2
126,"2018-12-18 12:16:26.2690","2018-12-18 12:18:32.5510",3638,"Washington St",40.7242941,-74.0354826,3187,"Warren St",40.7211236,-74.03805095,29206,"Subscriber",1986,1
257,"2018-12-18 13:57:26.4270","2018-12-18 14:01:43.4990",3638,"Washington St",40.7242941,-74.0354826,3639,"Harborside",40.7192517,-74.034234,29677,"Subscriber",1973,1
314,"2018-12-18 14:46:01.1870","2018-12-18 14:51:15.3660",3638,"Washington St",40.7242941,-74.0354826,3183,"Exchange Place",40.7162469,-74.0334588,29126,"Subscriber",1975,1
253,"2018-12-18 17:54:27.7560","2018-12-18 17:58:41.4570",3638,"Washington St",40.7242941,-74.0354826,3273,"Manila & 1st",40.721650724879986,-74.04288411140442,29305,"Subscriber",1974,1
300,"2018-12-18 18:27:18.0180","2018-12-18 18:32:18.1060",3638,"Washington St",40.7242941,-74.0354826,3272,"Jersey & 3rd",40.72333158646436,-74.04595255851744,26179,"Subscriber",1977,1
382,"2018-12-18 18:30:02.1450","2018-12-18 18:36:24.5890",3638,"Washington St",40.7242941,-74.0354826,3214,"Essex Light Rail",40.7127742,-74.0364857,29587,"Subscriber",1958,1
177,"2018-12-18 18:34:22.0700","2018-12-18 18:37:20.0140",3638,"Washington St",40.7242941,-74.0354826,3639,"Harborside",40.7192517,-74.034234,26153,"Subscriber",1989,1
238,"2018-12-18 18:42:08.9170","2018-12-18 18:46:07.0840",3638,"Washington St",40.7242941,-74.0354826,3199,"Newport Pkwy",40.7287448,-74.0321082,26224,"Subscriber",1991,1
249,"2018-12-18 18:56:01.1790","2018-12-18 19:00:10.9460",3638,"Washington St",40.7242941,-74.0354826,3273,"Manila & 1st",40.721650724879986,-74.04288411140442,29526,"Subscriber",1994,1
293,"2018-12-18 19:03:05.1000","2018-12-18 19:07:58.5670",3638,"Washington St",40.7242941,-74.0354826,3186,"Grove St PATH",40.71958611647166,-74.04311746358871,26282,"Subscriber",1976,1
249,"2018-12-18 20:02:47.8080","2018-12-18 20:06:57.2480",3638,"Washington St",40.7242941,-74.0354826,3275,"Columbus Drive",40.71835519823214,-74.03891444206238,29597,"Subscriber",1987,1
306,"2018-12-18 20:59:28.1890","2018-12-18 21:04:35.1130",3638,"Washington St",40.7242941,-74.0354826,3278,"Monmouth and 6th",40.72568548362901,-74.04879033565521,29209,"Subscriber",1981,2
326,"2018-12-18 21:39:19.4040","2018-12-18 21:44:45.4160",3638,"Washington St",40.7242941,-74.0354826,3203,"Hamilton Park",40.727595966,-74.044247311,29500,"Subscriber",1989,1
290,"2018-12-18 21:39:49.0270","2018-12-18 21:44:39.3990",3638,"Washington St",40.7242941,-74.0354826,3203,"Hamilton Park",40.727595966,-74.044247311,29527,"Subscriber",1991,2
117,"2018-12-19 07:03:23.1360","2018-12-19 07:05:20.9310",3638,"Washington St",40.7242941,-74.0354826,3202,"Newport PATH",40.7272235,-74.0337589,26175,"Subscriber",1982,1
210,"2018-12-19 08:20:55.8150","2018-12-19 08:24:26.4720",3638,"Washington St",40.7242941,-74.0354826,3199,"Newport Pkwy",40.7287448,-74.0321082,29576,"Subscriber",1990,1
418,"2018-12-19 08:35:03.8340","2018-12-19 08:42:02.6750",3638,"Washington St",40.7242941,-74.0354826,3279,"Dixon Mills",40.721630142638354,-74.04996782541275,29457,"Subscriber",1988,2
152,"2018-12-19 08:59:49.4260","2018-12-19 09:02:22.1150",3638,"Washington St",40.7242941,-74.0354826,3202,"Newport PATH",40.7272235,-74.0337589,29307,"Subscriber",1992,2
170,"2018-12-19 09:22:57.1100","2018-12-19 09:25:47.4800",3638,"Washington St",40.7242941,-74.0354826,3199,"Newport Pkwy",40.7287448,-74.0321082,29244,"Subscriber",1992,1
122,"2018-12-19 09:45:16.2270","2018-12-19 09:47:18.4040",3638,"Washington St",40.7242941,-74.0354826,3202,"Newport PATH",40.7272235,-74.0337589,29545,"Subscriber",1989,2
256,"2018-12-19 10:14:45.9300","2018-12-19 10:19:02.1880",3638,"Washington St",40.7242941,-74.0354826,3183,"Exchange Place",40.7162469,-74.0334588,26284,"Subscriber",1977,1
111,"2018-12-19 11:10:07.1400","2018-12-19 11:11:58.8650",3638,"Washington St",40.7242941,-74.0354826,3202,"Newport PATH",40.7272235,-74.0337589,29552,"Subscriber",1990,1
213,"2018-12-19 11:11:09.0920","2018-12-19 11:14:42.1450",3638,"Washington St",40.7242941,-74.0354826,3639,"Harborside",40.7192517,-74.034234,29304,"Subscriber",1966,1
355,"2018-12-19 16:46:28.1920","2018-12-19 16:52:23.2350",3638,"Washington St",40.7242941,-74.0354826,3211,"Newark Ave",40.72152515,-74.046304543,26206,"Subscriber",1990,1
238,"2018-12-19 18:40:32.3730","2018-12-19 18:44:30.5440",3638,"Washington St",40.7242941,-74.0354826,3199,"Newport Pkwy",40.7287448,-74.0321082,26272,"Subscriber",1986,1
470,"2018-12-19 18:52:27.6160","2018-12-19 19:00:17.7200",3638,"Washington St",40.7242941,-74.0354826,3213,"Van Vorst Park",40.71848892,-74.047726625,29572,"Subscriber",1988,1
994,"2018-12-19 19:01:12.4480","2018-12-19 19:17:47.0150",3638,"Washington St",40.7242941,-74.0354826,3220,"5 Corners Library",40.734961020009514,-74.0595030784607,29645,"Subscriber",1981,1
329,"2018-12-19 19:09:53.3240","2018-12-19 19:15:22.5320",3638,"Washington St",40.7242941,-74.0354826,3269,"Brunswick & 6th",40.72601172964625,-74.05038893222809,29516,"Subscriber",1966,1
704,"2018-12-19 20:02:01.4420","2018-12-19 20:13:46.4050",3638,"Washington St",40.7242941,-74.0354826,3269,"Brunswick & 6th",40.72601172964625,-74.05038893222809,29308,"Subscriber",1986,1
475,"2018-12-19 23:31:42.9640","2018-12-19 23:39:38.5720",3638,"Washington St",40.7242941,-74.0354826,3186,"Grove St PATH",40.71958611647166,-74.04311746358871,29441,"Subscriber",1966,1
166,"2018-12-20 09:31:26.5090","2018-12-20 09:34:12.6400",3638,"Washington St",40.7242941,-74.0354826,3199,"Newport Pkwy",40.7287448,-74.0321082,29593,"Subscriber",1992,1
435,"2018-12-20 09:43:14.3540","2018-12-20 09:50:30.2620",3638,"Washington St",40.7242941,-74.0354826,3639,"Harborside",40.7192517,-74.034234,29217,"Subscriber",1977,1
772,"2018-12-20 11:23:28.3810","2018-12-20 11:36:20.9190",3638,"Washington St",40.7242941,-74.0354826,3638,"Washington St",40.7242941,-74.0354826,29283,"Subscriber",1991,1
451,"2018-12-20 13:49:58.9630","2018-12-20 13:57:30.5730",3638,"Washington St",40.7242941,-74.0354826,3184,"Paulus Hook",40.7141454,-74.0335519,29534,"Subscriber",1976,1
376,"2018-12-20 15:24:34.8390","2018-12-20 15:30:51.3520",3638,"Washington St",40.7242941,-74.0354826,3276,"Marin Light Rail",40.71458403535893,-74.04281705617905,29283,"Subscriber",1990,1
168,"2018-12-20 17:12:51.7650","2018-12-20 17:15:40.7440",3638,"Washington St",40.7242941,-74.0354826,3199,"Newport Pkwy",40.7287448,-74.0321082,26157,"Subscriber",1976,1
299,"2018-12-20 18:49:17.9520","2018-12-20 18:54:17.7670",3638,"Washington St",40.7242941,-74.0354826,3269,"Brunswick & 6th",40.72601172964625,-74.05038893222809,29122,"Subscriber",1986,1
133,"2018-12-21 09:50:06.4300","2018-12-21 09:52:19.6500",3638,"Washington St",40.7242941,-74.0354826,3639,"Harborside",40.7192517,-74.034234,29527,"Subscriber",1989,1
315,"2018-12-21 14:44:46.2460","2018-12-21 14:50:01.2950",3638,"Washington St",40.7242941,-74.0354826,3183,"Exchange Place",40.7162469,-74.0334588,29597,"Subscriber",1988,1
204,"2018-12-21 17:43:31.6890","2018-12-21 17:46:56.5320",3638,"Washington St",40.7242941,-74.0354826,3199,"Newport Pkwy",40.7287448,-74.0321082,29619,"Subscriber",1994,2
1418,"2018-12-21 18:22:59.3800","2018-12-21 18:46:38.0300",3638,"Washington St",40.7242941,-74.0354826,3214,"Essex Light Rail",40.7127742,-74.0364857,29593,"Subscriber",1958,1
192,"2018-12-22 09:17:16.9310","2018-12-22 09:20:29.0190",3638,"Washington St",40.7242941,-74.0354826,3202,"Newport PATH",40.7272235,-74.0337589,26254,"Subscriber",1979,1
539,"2018-12-22 11:34:43.0170","2018-12-22 11:43:42.6150",3638,"Washington St",40.7242941,-74.0354826,3209,"Brunswick St",40.7241765,-74.0506564,29658,"Subscriber",1991,2
198,"2018-12-22 11:36:19.2470","2018-12-22 11:39:37.3220",3638,"Washington St",40.7242941,-74.0354826,3199,"Newport Pkwy",40.7287448,-74.0321082,29453,"Subscriber",1994,2
371,"2018-12-22 11:48:30.4940","2018-12-22 11:54:41.6070",3638,"Washington St",40.7242941,-74.0354826,3184,"Paulus Hook",40.7141454,-74.0335519,29126,"Subscriber",1979,1
1097,"2018-12-22 12:59:45.6760","2018-12-22 13:18:02.9780",3638,"Washington St",40.7242941,-74.0354826,3220,"5 Corners Library",40.734961020009514,-74.0595030784607,29495,"Subscriber",1981,1
171,"2018-12-22 16:57:13.5580","2018-12-22 17:00:05.3160",3638,"Washington St",40.7242941,-74.0354826,3639,"Harborside",40.7192517,-74.034234,29468,"Subscriber",1990,1
307,"2018-12-23 08:49:57.4380","2018-12-23 08:55:04.6960",3638,"Washington St",40.7242941,-74.0354826,3185,"City Hall",40.7177325,-74.043845,26183,"Subscriber",1981,1
294,"2018-12-23 09:25:13.6080","2018-12-23 09:30:08.3820",3638,"Washington St",40.7242941,-74.0354826,3183,"Exchange Place",40.7162469,-74.0334588,29293,"Subscriber",1990,1
420,"2018-12-23 09:44:01.6340","2018-12-23 09:51:01.6950",3638,"Washington St",40.7242941,-74.0354826,3276,"Marin Light Rail",40.71458403535893,-74.04281705617905,26200,"Subscriber",1980,1
448,"2018-12-23 10:12:53.8280","2018-12-23 10:20:21.9350",3638,"Washington St",40.7242941,-74.0354826,3211,"Newark Ave",40.72152515,-74.046304543,29608,"Subscriber",1988,1
359,"2018-12-23 10:37:42.0940","2018-12-23 10:43:41.2800",3638,"Washington St",40.7242941,-74.0354826,3186,"Grove St PATH",40.71958611647166,-74.04311746358871,26272,"Subscriber",1988,2
238,"2018-12-23 11:11:38.0440","2018-12-23 11:15:36.5480",3638,"Washington St",40.7242941,-74.0354826,3202,"Newport PATH",40.7272235,-74.0337589,26203,"Subscriber",1983,1
187,"2018-12-23 12:36:04.3620","2018-12-23 12:39:11.7320",3638,"Washington St",40.7242941,-74.0354826,3639,"Harborside",40.7192517,-74.034234,29681,"Subscriber",1990,1
374,"2018-12-23 13:02:19.7940","2018-12-23 13:08:34.1830",3638,"Washington St",40.7242941,-74.0354826,3183,"Exchange Place",40.7162469,-74.0334588,29661,"Subscriber",1991,1
204,"2018-12-23 13:36:38.1160","2018-12-23 13:40:02.3330",3638,"Washington St",40.7242941,-74.0354826,3199,"Newport Pkwy",40.7287448,-74.0321082,29259,"Subscriber",1994,2
917,"2018-12-23 20:25:24.2510","2018-12-23 20:40:41.4940",3638,"Washington St",40.7242941,-74.0354826,3279,"Dixon Mills",40.721630142638354,-74.04996782541275,29589,"Subscriber",1985,1
852,"2018-12-23 20:26:15.1050","2018-12-23 20:40:27.7100",3638,"Washington St",40.7242941,-74.0354826,3279,"Dixon Mills",40.721630142638354,-74.04996782541275,29221,"Subscriber",1979,2
260,"2018-12-24 11:17:09.5310","2018-12-24 11:21:29.6620",3638,"Washington St",40.7242941,-74.0354826,3183,"Exchange Place",40.7162469,-74.0334588,29635,"Subscriber",1990,1
1454,"2018-12-24 13:30:55.9890","2018-12-24 13:55:10.7510",3638,"Washington St",40.7242941,-74.0354826,3187,"Warren St",40.7211236,-74.03805095,29480,"Customer",1969,0
154,"2018-12-24 14:15:03.9010","2018-12-24 14:17:38.1740",3638,"Washington St",40.7242941,-74.0354826,3199,"Newport Pkwy",40.7287448,-74.0321082,29284,"Subscriber",1980,1
153,"2018-12-24 14:27:33.9740","2018-12-24 14:30:07.7570",3638,"Washington St",40.7242941,-74.0354826,3199,"Newport Pkwy",40.7287448,-74.0321082,29120,"Subscriber",1976,1
866,"2018-12-24 14:57:52.7850","2018-12-24 15:12:19.0210",3638,"Washington St",40.7242941,-74.0354826,3184,"Paulus Hook",40.7141454,-74.0335519,29304,"Customer",1989,1
559,"2018-12-24 16:29:38.0060","2018-12-24 16:38:57.9150",3638,"Washington St",40.7242941,-74.0354826,3214,"Essex Light Rail",40.7127742,-74.0364857,29505,"Subscriber",1958,1
1211,"2018-12-25 06:08:42.3750","2018-12-25 06:28:53.6430",3638,"Washington St",40.7242941,-74.0354826,3183,"Exchange Place",40.7162469,-74.0334588,29307,"Customer",1998,1
140,"2018-12-25 11:22:45.4390","2018-12-25 11:25:06.1220",3638,"Washington St",40.7242941,-74.0354826,3199,"Newport Pkwy",40.7287448,-74.0321082,29231,"Subscriber",1990,1
227,"2018-12-25 13:02:32.7560","2018-12-25 13:06:20.5520",3638,"Washington St",40.7242941,-74.0354826,3199,"Newport Pkwy",40.7287448,-74.0321082,29491,"Subscriber",1989,1
976,"2018-12-25 14:33:42.9040","2018-12-25 14:49:59.2640",3638,"Washington St",40.7242941,-74.0354826,3638,"Washington St",40.7242941,-74.0354826,29491,"Subscriber",1996,1
274,"2018-12-25 14:57:04.3960","2018-12-25 15:01:38.6560",3638,"Washington St",40.7242941,-74.0354826,3199,"Newport Pkwy",40.7287448,-74.0321082,29619,"Subscriber",1980,1
262,"2018-12-25 14:57:16.7670","2018-12-25 15:01:39.6400",3638,"Washington St",40.7242941,-74.0354826,3199,"Newport Pkwy",40.7287448,-74.0321082,26160,"Subscriber",1980,0
88,"2018-12-25 18:48:47.2600","2018-12-25 18:50:15.4300",3638,"Washington St",40.7242941,-74.0354826,3202,"Newport PATH",40.7272235,-74.0337589,26163,"Subscriber",1992,1
214,"2018-12-25 22:01:54.4110","2018-12-25 22:05:28.5860",3638,"Washington St",40.7242941,-74.0354826,3199,"Newport Pkwy",40.7287448,-74.0321082,29641,"Subscriber",1972,1
141,"2018-12-25 23:53:50.4740","2018-12-25 23:56:11.9900",3638,"Washington St",40.7242941,-74.0354826,3202,"Newport PATH",40.7272235,-74.0337589,29481,"Subscriber",1995,2
158,"2018-12-26 09:29:24.4760","2018-12-26 09:32:03.1450",3638,"Washington St",40.7242941,-74.0354826,3199,"Newport Pkwy",40.7287448,-74.0321082,29598,"Subscriber",1992,1
398,"2018-12-26 10:13:21.6580","2018-12-26 10:20:00.2230",3638,"Washington St",40.7242941,-74.0354826,3184,"Paulus Hook",40.7141454,-74.0335519,29307,"Subscriber",1985,1
182749,"2018-12-26 10:46:38.9470","2018-12-28 13:32:28.5530",3638,"Washington St",40.7242941,-74.0354826,3202,"Newport PATH",40.7272235,-74.0337589,26243,"Subscriber",1990,1
1392,"2018-12-26 13:04:23.1840","2018-12-26 13:27:35.2310",3638,"Washington St",40.7242941,-74.0354826,3273,"Manila & 1st",40.721650724879986,-74.04288411140442,29517,"Subscriber",1983,1
96,"2018-12-26 13:17:29.3520","2018-12-26 13:19:05.7170",3638,"Washington St",40.7242941,-74.0354826,3202,"Newport PATH",40.7272235,-74.0337589,29277,"Subscriber",1996,1
408,"2018-12-26 15:39:53.0540","2018-12-26 15:46:41.6250",3638,"Washington St",40.7242941,-74.0354826,3184,"Paulus Hook",40.7141454,-74.0335519,29517,"Subscriber",1958,1
506,"2018-12-26 17:45:09.7860","2018-12-26 17:53:36.3380",3638,"Washington St",40.7242941,-74.0354826,3199,"Newport Pkwy",40.7287448,-74.0321082,29629,"Subscriber",1984,2
398,"2018-12-26 18:51:25.9120","2018-12-26 18:58:04.8820",3638,"Washington St",40.7242941,-74.0354826,3184,"Paulus Hook",40.7141454,-74.0335519,26220,"Subscriber",1958,1
1427,"2018-12-26 19:23:31.9410","2018-12-26 19:47:19.2520",3638,"Washington St",40.7242941,-74.0354826,3276,"Marin Light Rail",40.71458403535893,-74.04281705617905,29259,"Customer",1998,1
408,"2018-12-26 20:03:09.7220","2018-12-26 20:09:58.5150",3638,"Washington St",40.7242941,-74.0354826,3185,"City Hall",40.7177325,-74.043845,29476,"Subscriber",1988,1
398,"2018-12-26 20:03:44.6510","2018-12-26 20:10:22.6610",3638,"Washington St",40.7242941,-74.0354826,3211,"Newark Ave",40.72152515,-74.046304543,29629,"Subscriber",1986,2
319,"2018-12-26 23:03:49.4570","2018-12-26 23:09:08.7730",3638,"Washington St",40.7242941,-74.0354826,3199,"Newport Pkwy",40.7287448,-74.0321082,26267,"Subscriber",1972,1
97,"2018-12-27 08:24:04.3850","2018-12-27 08:25:42.0560",3638,"Washington St",40.7242941,-74.0354826,3202,"Newport PATH",40.7272235,-74.0337589,29517,"Subscriber",1963,1
169,"2018-12-27 08:58:01.3350","2018-12-27 09:00:50.4730",3638,"Washington St",40.7242941,-74.0354826,3202,"Newport PATH",40.7272235,-74.0337589,26188,"Subscriber",1992,2
165,"2018-12-27 09:44:47.5690","2018-12-27 09:47:33.2520",3638,"Washington St",40.7242941,-74.0354826,3199,"Newport Pkwy",40.7287448,-74.0321082,29672,"Subscriber",1992,1
185,"2018-12-27 11:02:40.5490","2018-12-27 11:05:45.7800",3638,"Washington St",40.7242941,-74.0354826,3202,"Newport PATH",40.7272235,-74.0337589,26153,"Subscriber",1996,2
730,"2018-12-27 12:47:20.9780","2018-12-27 12:59:31.0330",3638,"Washington St",40.7242941,-74.0354826,3276,"Marin Light Rail",40.71458403535893,-74.04281705617905,29286,"Subscriber",1963,1
727,"2018-12-27 12:47:24.7590","2018-12-27 12:59:32.6390",3638,"Washington St",40.7242941,-74.0354826,3276,"Marin Light Rail",40.71458403535893,-74.04281705617905,29500,"Subscriber",1964,2
182,"2018-12-27 13:02:30.7860","2018-12-27 13:05:33.0450",3638,"Washington St",40.7242941,-74.0354826,3639,"Harborside",40.7192517,-74.034234,29545,"Subscriber",1993,1
491,"2018-12-27 18:15:36.0390","2018-12-27 18:23:47.1290",3638,"Washington St",40.7242941,-74.0354826,3184,"Paulus Hook",40.7141454,-74.0335519,29215,"Subscriber",1958,1
172,"2018-12-27 18:19:34.1490","2018-12-27 18:22:26.7940",3638,"Washington St",40.7242941,-74.0354826,3275,"Columbus Drive",40.71835519823214,-74.03891444206238,29450,"Subscriber",1969,0
223,"2018-12-27 18:47:40.9800","2018-12-27 18:51:24.5060",3638,"Washington St",40.7242941,-74.0354826,3273,"Manila & 1st",40.721650724879986,-74.04288411140442,26211,"Subscriber",1985,1
201,"2018-12-27 20:01:56.2560","2018-12-27 20:05:17.3930",3638,"Washington St",40.7242941,-74.0354826,3199,"Newport Pkwy",40.7287448,-74.0321082,29198,"Subscriber",1989,2
130,"2018-12-27 20:06:17.2870","2018-12-27 20:08:27.5810",3638,"Washington St",40.7242941,-74.0354826,3202,"Newport PATH",40.7272235,-74.0337589,26213,"Subscriber",1978,1
517,"2018-12-27 22:17:12.0410","2018-12-27 22:25:49.1840",3638,"Washington St",40.7242941,-74.0354826,3267,"Morris Canal",40.7124188237569,-74.03852552175522,29207,"Subscriber",1990,2
313,"2018-12-28 07:58:53.9660","2018-12-28 08:04:07.8630",3638,"Washington St",40.7242941,-74.0354826,3185,"City Hall",40.7177325,-74.043845,26244,"Subscriber",1981,1
190,"2018-12-28 13:50:44.8090","2018-12-28 13:53:55.3520",3638,"Washington St",40.7242941,-74.0354826,3275,"Columbus Drive",40.71835519823214,-74.03891444206238,29247,"Subscriber",1980,1
558,"2018-12-28 18:22:47.7350","2018-12-28 18:32:06.5280",3638,"Washington St",40.7242941,-74.0354826,3184,"Paulus Hook",40.7141454,-74.0335519,29505,"Subscriber",1958,1
337,"2018-12-28 21:26:30.2600","2018-12-28 21:32:08.1900",3638,"Washington St",40.7242941,-74.0354826,3278,"Monmouth and 6th",40.72568548362901,-74.04879033565521,26275,"Subscriber",1983,2
390,"2018-12-28 22:08:56.7100","2018-12-28 22:15:26.7920",3638,"Washington St",40.7242941,-74.0354826,3199,"Newport Pkwy",40.7287448,-74.0321082,29277,"Customer",1969,0
325,"2018-12-28 22:09:57.9020","2018-12-28 22:15:23.5660",3638,"Washington St",40.7242941,-74.0354826,3199,"Newport Pkwy",40.7287448,-74.0321082,29520,"Subscriber",1982,2
136,"2018-12-28 22:49:00.2720","2018-12-28 22:51:16.9140",3638,"Washington St",40.7242941,-74.0354826,3202,"Newport PATH",40.7272235,-74.0337589,29262,"Subscriber",1995,2
1478,"2018-12-29 11:07:09.5490","2018-12-29 11:31:48.4460",3638,"Washington St",40.7242941,-74.0354826,3276,"Marin Light Rail",40.71458403535893,-74.04281705617905,29447,"Customer",1969,0
202,"2018-12-29 12:23:57.4130","2018-12-29 12:27:19.6600",3638,"Washington St",40.7242941,-74.0354826,3199,"Newport Pkwy",40.7287448,-74.0321082,26251,"Subscriber",1980,1
1811,"2018-12-29 12:28:14.1330","2018-12-29 12:58:25.6480",3638,"Washington St",40.7242941,-74.0354826,3483,"Montgomery St",40.71942,-74.05099,29670,"Subscriber",1991,2
1633,"2018-12-29 12:31:14.3950","2018-12-29 12:58:28.1290",3638,"Washington St",40.7242941,-74.0354826,3483,"Montgomery St",40.71942,-74.05099,29533,"Customer",1969,0
223,"2018-12-29 13:00:46.0160","2018-12-29 13:04:30.0040",3638,"Washington St",40.7242941,-74.0354826,3199,"Newport Pkwy",40.7287448,-74.0321082,29661,"Subscriber",1989,2
378,"2018-12-29 13:04:20.4350","2018-12-29 13:10:39.2120",3638,"Washington St",40.7242941,-74.0354826,3211,"Newark Ave",40.72152515,-74.046304543,26233,"Subscriber",1986,2
582,"2018-12-29 13:05:54.7820","2018-12-29 13:15:37.4870",3638,"Washington St",40.7242941,-74.0354826,3279,"Dixon Mills",40.721630142638354,-74.04996782541275,29273,"Subscriber",1988,2
366,"2018-12-29 19:02:50.1350","2018-12-29 19:08:56.6770",3638,"Washington St",40.7242941,-74.0354826,3272,"Jersey & 3rd",40.72333158646436,-74.04595255851744,29652,"Subscriber",1967,2
272,"2018-12-30 09:24:49.8000","2018-12-30 09:29:22.3410",3638,"Washington St",40.7242941,-74.0354826,3183,"Exchange Place",40.7162469,-74.0334588,29675,"Subscriber",1990,1
1138,"2018-12-30 12:31:29.2860","2018-12-30 12:50:27.5890",3638,"Washington St",40.7242941,-74.0354826,3199,"Newport Pkwy",40.7287448,-74.0321082,26186,"Subscriber",1990,1
312,"2018-12-30 13:49:19.0330","2018-12-30 13:54:31.6510",3638,"Washington St",40.7242941,-74.0354826,3183,"Exchange Place",40.7162469,-74.0334588,29197,"Subscriber",1992,1
142,"2018-12-30 15:16:29.1030","2018-12-30 15:18:51.6490",3638,"Washington St",40.7242941,-74.0354826,3202,"Newport PATH",40.7272235,-74.0337589,26251,"Subscriber",1989,2
2711,"2018-12-30 23:16:15.2290","2018-12-31 00:01:26.8420",3638,"Washington St",40.7242941,-74.0354826,3225,"Baldwin at Montgomery",40.7236589,-74.0641943,29250,"Customer",1969,0
2626,"2018-12-30 23:17:26.4620","2018-12-31 00:01:12.9540",3638,"Washington St",40.7242941,-74.0354826,3225,"Baldwin at Montgomery",40.7236589,-74.0641943,29657,"Subscriber",1993,1
181,"2018-12-31 09:26:12.9720","2018-12-31 09:29:14.8470",3638,"Washington St",40.7242941,-74.0354826,3199,"Newport Pkwy",40.7287448,-74.0321082,29197,"Subscriber",1992,1
122,"2018-12-31 11:54:54.8980","2018-12-31 11:56:57.0570",3638,"Washington St",40.7242941,-74.0354826,3202,"Newport PATH",40.7272235,-74.0337589,29491,"Subscriber",1990,1
482,"2018-12-31 16:09:11.8940","2018-12-31 16:17:14.7160",3638,"Washington St",40.7242941,-74.0354826,3214,"Essex Light Rail",40.7127742,-74.0364857,29298,"Subscriber",1958,1
374,"2018-12-01 03:15:50.3360","2018-12-01 03:22:04.8420",3639,"Harborside",40.7192517,-74.034234,3199,"Newport Pkwy",40.7287448,-74.0321082,29290,"Subscriber",1987,1
296,"2018-12-01 09:05:27.0280","2018-12-01 09:10:23.6850",3639,"Harborside",40.7192517,-74.034234,3214,"Essex Light Rail",40.7127742,-74.0364857,29612,"Customer",1989,1
383,"2018-12-01 10:22:22.3520","2018-12-01 10:28:45.5830",3639,"Harborside",40.7192517,-74.034234,3199,"Newport Pkwy",40.7287448,-74.0321082,29472,"Subscriber",1993,2
216,"2018-12-01 10:58:53.5410","2018-12-01 11:02:30.2810",3639,"Harborside",40.7192517,-74.034234,3681,"Grand St",40.71517767732029,-74.03768330812454,26221,"Subscriber",1990,1
214,"2018-12-01 10:58:56.0170","2018-12-01 11:02:30.2420",3639,"Harborside",40.7192517,-74.034234,3681,"Grand St",40.71517767732029,-74.03768330812454,26201,"Subscriber",1992,2
116,"2018-12-01 11:02:06.6570","2018-12-01 11:04:03.4100",3639,"Harborside",40.7192517,-74.034234,3187,"Warren St",40.7211236,-74.03805095,29260,"Subscriber",1980,1
84,"2018-12-01 11:41:14.7860","2018-12-01 11:42:39.7250",3639,"Harborside",40.7192517,-74.034234,3183,"Exchange Place",40.7162469,-74.0334588,29245,"Subscriber",1997,1
362,"2018-12-01 12:56:09.5920","2018-12-01 13:02:12.1450",3639,"Harborside",40.7192517,-74.034234,3185,"City Hall",40.7177325,-74.043845,29538,"Subscriber",1988,1
451,"2018-12-01 13:05:39.9510","2018-12-01 13:13:11.7020",3639,"Harborside",40.7192517,-74.034234,3199,"Newport Pkwy",40.7287448,-74.0321082,26204,"Subscriber",1993,0
303,"2018-12-01 15:38:26.5630","2018-12-01 15:43:29.6700",3639,"Harborside",40.7192517,-74.034234,3186,"Grove St PATH",40.71958611647166,-74.04311746358871,29678,"Subscriber",1992,1
310,"2018-12-01 17:44:33.4790","2018-12-01 17:49:43.9180",3639,"Harborside",40.7192517,-74.034234,3638,"Washington St",40.7242941,-74.0354826,29224,"Subscriber",1988,2
306,"2018-12-01 17:44:39.1870","2018-12-01 17:49:45.9460",3639,"Harborside",40.7192517,-74.034234,3638,"Washington St",40.7242941,-74.0354826,29516,"Subscriber",1988,1
357,"2018-12-01 19:05:37.8940","2018-12-01 19:11:35.1320",3639,"Harborside",40.7192517,-74.034234,3186,"Grove St PATH",40.71958611647166,-74.04311746358871,26302,"Subscriber",1990,1
355,"2018-12-01 19:05:38.5390","2018-12-01 19:11:34.4160",3639,"Harborside",40.7192517,-74.034234,3186,"Grove St PATH",40.71958611647166,-74.04311746358871,29506,"Subscriber",1989,2
338,"2018-12-01 19:05:42.5720","2018-12-01 19:11:21.3840",3639,"Harborside",40.7192517,-74.034234,3199,"Newport Pkwy",40.7287448,-74.0321082,26255,"Subscriber",1985,2
2249,"2018-12-02 08:57:58.2070","2018-12-02 09:35:27.8150",3639,"Harborside",40.7192517,-74.034234,3184,"Paulus Hook",40.7141454,-74.0335519,26182,"Subscriber",1983,1
113,"2018-12-02 12:40:07.9600","2018-12-02 12:42:01.3180",3639,"Harborside",40.7192517,-74.034234,3187,"Warren St",40.7211236,-74.03805095,29201,"Subscriber",1980,1
791,"2018-12-02 13:44:00.2410","2018-12-02 13:57:11.9050",3639,"Harborside",40.7192517,-74.034234,3203,"Hamilton Park",40.727595966,-74.044247311,29231,"Subscriber",1988,2
766,"2018-12-02 13:44:15.5150","2018-12-02 13:57:02.4770",3639,"Harborside",40.7192517,-74.034234,3203,"Hamilton Park",40.727595966,-74.044247311,29643,"Subscriber",1988,1
168,"2018-12-02 13:53:28.6960","2018-12-02 13:56:17.1960",3639,"Harborside",40.7192517,-74.034234,3183,"Exchange Place",40.7162469,-74.0334588,29281,"Subscriber",1991,1
380,"2018-12-02 16:01:51.2910","2018-12-02 16:08:11.9150",3639,"Harborside",40.7192517,-74.034234,3278,"Monmouth and 6th",40.72568548362901,-74.04879033565521,29521,"Subscriber",1994,1
393,"2018-12-03 01:50:14.8520","2018-12-03 01:56:48.6540",3639,"Harborside",40.7192517,-74.034234,3199,"Newport Pkwy",40.7287448,-74.0321082,29498,"Subscriber",1987,1
103,"2018-12-03 04:08:56.1240","2018-12-03 04:10:39.5240",3639,"Harborside",40.7192517,-74.034234,3183,"Exchange Place",40.7162469,-74.0334588,26263,"Subscriber",1971,2
210,"2018-12-03 06:26:54.4800","2018-12-03 06:30:25.1610",3639,"Harborside",40.7192517,-74.034234,3202,"Newport PATH",40.7272235,-74.0337589,29218,"Subscriber",1984,2
243,"2018-12-03 06:45:03.4240","2018-12-03 06:49:07.0450",3639,"Harborside",40.7192517,-74.034234,3202,"Newport PATH",40.7272235,-74.0337589,29252,"Subscriber",1989,1
188,"2018-12-03 07:26:37.4830","2018-12-03 07:29:46.1560",3639,"Harborside",40.7192517,-74.034234,3202,"Newport PATH",40.7272235,-74.0337589,29237,"Subscriber",1990,1
338,"2018-12-03 07:26:44.6500","2018-12-03 07:32:23.2670",3639,"Harborside",40.7192517,-74.034234,3202,"Newport PATH",40.7272235,-74.0337589,29278,"Customer",1987,1
214,"2018-12-03 08:05:42.0720","2018-12-03 08:09:16.1370",3639,"Harborside",40.7192517,-74.034234,3202,"Newport PATH",40.7272235,-74.0337589,29595,"Subscriber",1990,1
165,"2018-12-03 08:22:57.6390","2018-12-03 08:25:43.1370",3639,"Harborside",40.7192517,-74.034234,3184,"Paulus Hook",40.7141454,-74.0335519,29210,"Subscriber",1989,1
88,"2018-12-03 08:32:20.2480","2018-12-03 08:33:48.9810",3639,"Harborside",40.7192517,-74.034234,3183,"Exchange Place",40.7162469,-74.0334588,26274,"Subscriber",1989,1
193,"2018-12-03 08:52:01.7910","2018-12-03 08:55:15.2600",3639,"Harborside",40.7192517,-74.034234,3638,"Washington St",40.7242941,-74.0354826,26255,"Subscriber",1988,1
337,"2018-12-03 09:17:07.1950","2018-12-03 09:22:44.9230",3639,"Harborside",40.7192517,-74.034234,3202,"Newport PATH",40.7272235,-74.0337589,26282,"Subscriber",1991,1
339,"2018-12-03 09:28:20.6030","2018-12-03 09:33:59.8220",3639,"Harborside",40.7192517,-74.034234,3186,"Grove St PATH",40.71958611647166,-74.04311746358871,29548,"Subscriber",1966,1
316,"2018-12-03 11:34:28.5770","2018-12-03 11:39:45.3380",3639,"Harborside",40.7192517,-74.034234,3186,"Grove St PATH",40.71958611647166,-74.04311746358871,29619,"Subscriber",1988,1
120,"2018-12-03 12:04:20.6790","2018-12-03 12:06:21.3700",3639,"Harborside",40.7192517,-74.034234,3183,"Exchange Place",40.7162469,-74.0334588,29576,"Subscriber",1988,1
304,"2018-12-03 12:34:03.7130","2018-12-03 12:39:07.9750",3639,"Harborside",40.7192517,-74.034234,3276,"Marin Light Rail",40.71458403535893,-74.04281705617905,29482,"Subscriber",1984,2
2069,"2018-12-03 12:59:34.9350","2018-12-03 13:34:04.6940",3639,"Harborside",40.7192517,-74.034234,3639,"Harborside",40.7192517,-74.034234,29210,"Subscriber",1953,1
159,"2018-12-03 13:12:21.4540","2018-12-03 13:15:01.2400",3639,"Harborside",40.7192517,-74.034234,3275,"Columbus Drive",40.71835519823214,-74.03891444206238,26290,"Subscriber",1973,1
420,"2018-12-03 13:13:11.9130","2018-12-03 13:20:12.2680",3639,"Harborside",40.7192517,-74.034234,3211,"Newark Ave",40.72152515,-74.046304543,29681,"Customer",1992,1
299,"2018-12-03 13:51:42.1990","2018-12-03 13:56:42.1580",3639,"Harborside",40.7192517,-74.034234,3202,"Newport PATH",40.7272235,-74.0337589,26236,"Subscriber",1988,1
341,"2018-12-03 13:59:19.2060","2018-12-03 14:05:00.6180",3639,"Harborside",40.7192517,-74.034234,3213,"Van Vorst Park",40.71848892,-74.047726625,29301,"Subscriber",1986,1
957,"2018-12-03 14:44:05.3530","2018-12-03 15:00:02.5930",3639,"Harborside",40.7192517,-74.034234,3187,"Warren St",40.7211236,-74.03805095,26155,"Subscriber",1969,1
1454,"2018-12-03 15:14:05.4290","2018-12-03 15:38:19.7420",3639,"Harborside",40.7192517,-74.034234,3639,"Harborside",40.7192517,-74.034234,29658,"Subscriber",1993,1
372,"2018-12-03 15:24:43.7880","2018-12-03 15:30:55.8370",3639,"Harborside",40.7192517,-74.034234,3185,"City Hall",40.7177325,-74.043845,29681,"Subscriber",1973,2
1114,"2018-12-03 15:25:40.5530","2018-12-03 15:44:14.9320",3639,"Harborside",40.7192517,-74.034234,3195,"Sip Ave",40.73074262530658,-74.06378388404846,29217,"Subscriber",1986,2
212,"2018-12-03 15:36:01.6910","2018-12-03 15:39:34.0340",3639,"Harborside",40.7192517,-74.034234,3202,"Newport PATH",40.7272235,-74.0337589,33781,"Subscriber",1980,1
256,"2018-12-03 15:56:10.8570","2018-12-03 16:00:26.8780",3639,"Harborside",40.7192517,-74.034234,3202,"Newport PATH",40.7272235,-74.0337589,29292,"Subscriber",1958,1
152,"2018-12-03 16:18:59.2900","2018-12-03 16:21:31.9530",3639,"Harborside",40.7192517,-74.034234,3184,"Paulus Hook",40.7141454,-74.0335519,26155,"Subscriber",1983,1
626,"2018-12-03 16:26:34.1670","2018-12-03 16:37:00.8390",3639,"Harborside",40.7192517,-74.034234,3269,"Brunswick & 6th",40.72601172964625,-74.05038893222809,29513,"Subscriber",1972,2
1042,"2018-12-03 16:29:04.4420","2018-12-03 16:46:26.5730",3639,"Harborside",40.7192517,-74.034234,3194,"McGinley Square",40.7253399253558,-74.06762212514877,29646,"Subscriber",1977,1
625,"2018-12-03 16:40:14.2120","2018-12-03 16:50:39.8120",3639,"Harborside",40.7192517,-74.034234,3192,"Liberty Light Rail",40.7112423,-74.0557013,26184,"Subscriber",1984,1
395,"2018-12-03 16:59:43.4460","2018-12-03 17:06:19.2610",3639,"Harborside",40.7192517,-74.034234,3272,"Jersey & 3rd",40.72333158646436,-74.04595255851744,29589,"Subscriber",1988,1
354,"2018-12-03 17:04:00.6000","2018-12-03 17:09:55.5570",3639,"Harborside",40.7192517,-74.034234,3267,"Morris Canal",40.7124188237569,-74.03852552175522,29271,"Subscriber",1987,1
129,"2018-12-03 17:12:45.5130","2018-12-03 17:14:55.4110",3639,"Harborside",40.7192517,-74.034234,3275,"Columbus Drive",40.71835519823214,-74.03891444206238,29573,"Subscriber",1993,1
122,"2018-12-03 17:13:47.3710","2018-12-03 17:15:49.6690",3639,"Harborside",40.7192517,-74.034234,3275,"Columbus Drive",40.71835519823214,-74.03891444206238,29509,"Subscriber",1987,1
458,"2018-12-03 17:33:38.1140","2018-12-03 17:41:16.6340",3639,"Harborside",40.7192517,-74.034234,3199,"Newport Pkwy",40.7287448,-74.0321082,26201,"Subscriber",1987,1
279,"2018-12-03 17:41:08.0040","2018-12-03 17:45:47.0730",3639,"Harborside",40.7192517,-74.034234,3202,"Newport PATH",40.7272235,-74.0337589,29531,"Subscriber",1993,1
283,"2018-12-03 17:48:02.6850","2018-12-03 17:52:45.8010",3639,"Harborside",40.7192517,-74.034234,3276,"Marin Light Rail",40.71458403535893,-74.04281705617905,29494,"Subscriber",1988,1
243,"2018-12-03 17:48:51.6560","2018-12-03 17:52:54.9830",3639,"Harborside",40.7192517,-74.034234,3202,"Newport PATH",40.7272235,-74.0337589,29658,"Subscriber",1989,1
161,"2018-12-03 17:49:39.1230","2018-12-03 17:52:20.3360",3639,"Harborside",40.7192517,-74.034234,3275,"Columbus Drive",40.71835519823214,-74.03891444206238,29296,"Subscriber",1992,1
292,"2018-12-03 18:13:57.4760","2018-12-03 18:18:50.1040",3639,"Harborside",40.7192517,-74.034234,3202,"Newport PATH",40.7272235,-74.0337589,29304,"Subscriber",1991,2
1219,"2018-12-03 18:28:34.2250","2018-12-03 18:48:53.5240",3639,"Harborside",40.7192517,-74.034234,3278,"Monmouth and 6th",40.72568548362901,-74.04879033565521,29526,"Subscriber",1975,1
379,"2018-12-03 18:36:11.4360","2018-12-03 18:42:31.0450",3639,"Harborside",40.7192517,-74.034234,3272,"Jersey & 3rd",40.72333158646436,-74.04595255851744,29659,"Subscriber",1986,1
418,"2018-12-03 18:47:38.5610","2018-12-03 18:54:37.2680",3639,"Harborside",40.7192517,-74.034234,3203,"Hamilton Park",40.727595966,-74.044247311,29210,"Subscriber",1966,1
245,"2018-12-03 19:05:39.9520","2018-12-03 19:09:45.6890",3639,"Harborside",40.7192517,-74.034234,3202,"Newport PATH",40.7272235,-74.0337589,15947,"Subscriber",1970,1
188,"2018-12-03 19:17:31.2650","2018-12-03 19:20:39.4980",3639,"Harborside",40.7192517,-74.034234,3187,"Warren St",40.7211236,-74.03805095,29278,"Subscriber",1969,0
460,"2018-12-03 19:24:52.1970","2018-12-03 19:32:32.6520",3639,"Harborside",40.7192517,-74.034234,3209,"Brunswick St",40.7241765,-74.0506564,29444,"Subscriber",1992,2
378,"2018-12-03 19:38:53.1690","2018-12-03 19:45:11.8090",3639,"Harborside",40.7192517,-74.034234,3203,"Hamilton Park",40.727595966,-74.044247311,29533,"Subscriber",1987,1
399,"2018-12-03 20:23:59.8930","2018-12-03 20:30:39.4390",3639,"Harborside",40.7192517,-74.034234,3199,"Newport Pkwy",40.7287448,-74.0321082,29293,"Subscriber",1994,2
755,"2018-12-03 21:00:09.7030","2018-12-03 21:12:44.9000",3639,"Harborside",40.7192517,-74.034234,3640,"Journal Square",40.73367,-74.0625,29491,"Subscriber",1985,2
94,"2018-12-04 04:44:41.8880","2018-12-04 04:46:16.2640",3639,"Harborside",40.7192517,-74.034234,3183,"Exchange Place",40.7162469,-74.0334588,29259,"Subscriber",1971,2
87,"2018-12-04 06:08:12.3970","2018-12-04 06:09:39.6930",3639,"Harborside",40.7192517,-74.034234,3183,"Exchange Place",40.7162469,-74.0334588,29593,"Subscriber",1988,1
342,"2018-12-04 06:21:04.9980","2018-12-04 06:26:47.1760",3639,"Harborside",40.7192517,-74.034234,3186,"Grove St PATH",40.71958611647166,-74.04311746358871,29445,"Subscriber",1985,2
237,"2018-12-04 06:52:19.0390","2018-12-04 06:56:16.9140",3639,"Harborside",40.7192517,-74.034234,3202,"Newport PATH",40.7272235,-74.0337589,29260,"Subscriber",1984,2
211,"2018-12-04 07:35:55.0470","2018-12-04 07:39:26.1950",3639,"Harborside",40.7192517,-74.034234,3202,"Newport PATH",40.7272235,-74.0337589,29304,"Subscriber",1990,1
81,"2018-12-04 07:38:45.0370","2018-12-04 07:40:06.7430",3639,"Harborside",40.7192517,-74.034234,3183,"Exchange Place",40.7162469,-74.0334588,31443,"Subscriber",1989,1
99,"2018-12-04 07:53:44.7770","2018-12-04 07:55:24.3840",3639,"Harborside",40.7192517,-74.034234,3183,"Exchange Place",40.7162469,-74.0334588,29485,"Subscriber",1969,0
322,"2018-12-04 07:57:07.2380","2018-12-04 08:02:29.3500",3639,"Harborside",40.7192517,-74.034234,3214,"Essex Light Rail",40.7127742,-74.0364857,29304,"Subscriber",1973,1
304,"2018-12-04 07:57:38.0580","2018-12-04 08:02:42.2530",3639,"Harborside",40.7192517,-74.034234,3202,"Newport PATH",40.7272235,-74.0337589,26264,"Subscriber",1988,1
151,"2018-12-04 08:35:15.2250","2018-12-04 08:37:46.3420",3639,"Harborside",40.7192517,-74.034234,3638,"Washington St",40.7242941,-74.0354826,20783,"Subscriber",1989,1
204,"2018-12-04 09:22:48.0430","2018-12-04 09:26:12.8350",3639,"Harborside",40.7192517,-74.034234,3638,"Washington St",40.7242941,-74.0354826,26153,"Subscriber",1991,1
382,"2018-12-04 12:06:23.8760","2018-12-04 12:12:46.6390",3639,"Harborside",40.7192517,-74.034234,3276,"Marin Light Rail",40.71458403535893,-74.04281705617905,29508,"Subscriber",1984,2
147,"2018-12-04 12:13:09.8970","2018-12-04 12:15:37.3450",3639,"Harborside",40.7192517,-74.034234,3187,"Warren St",40.7211236,-74.03805095,26316,"Subscriber",1952,2
283,"2018-12-04 12:36:50.6190","2018-12-04 12:41:34.3690",3639,"Harborside",40.7192517,-74.034234,3186,"Grove St PATH",40.71958611647166,-74.04311746358871,26227,"Subscriber",1971,1
174,"2018-12-04 12:46:31.0560","2018-12-04 12:49:25.8000",3639,"Harborside",40.7192517,-74.034234,3184,"Paulus Hook",40.7141454,-74.0335519,29623,"Subscriber",1991,1
351,"2018-12-04 12:50:45.4770","2018-12-04 12:56:36.7150",3639,"Harborside",40.7192517,-74.034234,3202,"Newport PATH",40.7272235,-74.0337589,26245,"Subscriber",1990,1
590,"2018-12-04 12:51:11.1700","2018-12-04 13:01:01.4480",3639,"Harborside",40.7192517,-74.034234,3639,"Harborside",40.7192517,-74.034234,26158,"Subscriber",1987,1
331,"2018-12-04 14:29:49.7810","2018-12-04 14:35:21.6280",3639,"Harborside",40.7192517,-74.034234,3272,"Jersey & 3rd",40.72333158646436,-74.04595255851744,26155,"Subscriber",1994,1
280,"2018-12-04 14:44:53.9910","2018-12-04 14:49:34.5400",3639,"Harborside",40.7192517,-74.034234,3276,"Marin Light Rail",40.71458403535893,-74.04281705617905,26158,"Subscriber",1963,1
270,"2018-12-04 14:55:35.4040","2018-12-04 15:00:05.4370",3639,"Harborside",40.7192517,-74.034234,3267,"Morris Canal",40.7124188237569,-74.03852552175522,29573,"Subscriber",1982,1
157,"2018-12-04 16:20:00.1080","2018-12-04 16:22:37.6550",3639,"Harborside",40.7192517,-74.034234,3184,"Paulus Hook",40.7141454,-74.0335519,29235,"Subscriber",1983,1
647,"2018-12-04 16:47:05.9210","2018-12-04 16:57:53.5930",3639,"Harborside",40.7192517,-74.034234,3269,"Brunswick & 6th",40.72601172964625,-74.05038893222809,29595,"Subscriber",1972,2
546,"2018-12-04 16:48:28.7240","2018-12-04 16:57:35.4510",3639,"Harborside",40.7192517,-74.034234,3192,"Liberty Light Rail",40.7112423,-74.0557013,26316,"Subscriber",1984,1
296,"2018-12-04 16:57:55.6100","2018-12-04 17:02:51.6690",3639,"Harborside",40.7192517,-74.034234,3185,"City Hall",40.7177325,-74.043845,29228,"Subscriber",1981,1
143,"2018-12-04 16:58:44.7860","2018-12-04 17:01:07.9850",3639,"Harborside",40.7192517,-74.034234,3187,"Warren St",40.7211236,-74.03805095,26304,"Subscriber",1965,1
1475,"2018-12-04 17:07:15.6910","2018-12-04 17:31:51.5930",3639,"Harborside",40.7192517,-74.034234,3638,"Washington St",40.7242941,-74.0354826,29492,"Subscriber",1993,1
152,"2018-12-04 17:14:09.3910","2018-12-04 17:16:41.8090",3639,"Harborside",40.7192517,-74.034234,3275,"Columbus Drive",40.71835519823214,-74.03891444206238,29475,"Subscriber",1987,1
235,"2018-12-04 17:17:44.1180","2018-12-04 17:21:39.5460",3639,"Harborside",40.7192517,-74.034234,3275,"Columbus Drive",40.71835519823214,-74.03891444206238,29252,"Subscriber",1986,1
568,"2018-12-04 17:21:14.6740","2018-12-04 17:30:43.3040",3639,"Harborside",40.7192517,-74.034234,3269,"Brunswick & 6th",40.72601172964625,-74.05038893222809,29241,"Subscriber",1975,1
322,"2018-12-04 17:25:57.3540","2018-12-04 17:31:19.6170",3639,"Harborside",40.7192517,-74.034234,3202,"Newport PATH",40.7272235,-74.0337589,26192,"Subscriber",1989,1
152,"2018-12-04 17:33:03.7760","2018-12-04 17:35:35.8700",3639,"Harborside",40.7192517,-74.034234,3275,"Columbus Drive",40.71835519823214,-74.03891444206238,26155,"Subscriber",1993,1
371,"2018-12-04 18:13:51.3530","2018-12-04 18:20:02.8320",3639,"Harborside",40.7192517,-74.034234,3199,"Newport Pkwy",40.7287448,-74.0321082,29647,"Subscriber",1991,1
295,"2018-12-04 18:19:20.0790","2018-12-04 18:24:15.9780",3639,"Harborside",40.7192517,-74.034234,3272,"Jersey & 3rd",40.72333158646436,-74.04595255851744,29235,"Subscriber",1995,1
404,"2018-12-04 18:20:49.0450","2018-12-04 18:27:33.5250",3639,"Harborside",40.7192517,-74.034234,3199,"Newport Pkwy",40.7287448,-74.0321082,29635,"Subscriber",1994,2
127,"2018-12-04 18:26:57.5240","2018-12-04 18:29:05.4350",3639,"Harborside",40.7192517,-74.034234,3183,"Exchange Place",40.7162469,-74.0334588,29439,"Subscriber",1993,1
158,"2018-12-04 18:26:57.3700","2018-12-04 18:29:35.9230",3639,"Harborside",40.7192517,-74.034234,3275,"Columbus Drive",40.71835519823214,-74.03891444206238,26167,"Subscriber",1992,1
317,"2018-12-04 18:48:20.8300","2018-12-04 18:53:38.6370",3639,"Harborside",40.7192517,-74.034234,3272,"Jersey & 3rd",40.72333158646436,-74.04595255851744,26307,"Subscriber",1984,2
246,"2018-12-04 18:55:30.5950","2018-12-04 18:59:36.9640",3639,"Harborside",40.7192517,-74.034234,3202,"Newport PATH",40.7272235,-74.0337589,29221,"Subscriber",1991,2
349,"2018-12-04 19:11:57.3760","2018-12-04 19:17:46.9930",3639,"Harborside",40.7192517,-74.034234,3272,"Jersey & 3rd",40.72333158646436,-74.04595255851744,29589,"Subscriber",1966,1
1608,"2018-12-04 19:19:45.9300","2018-12-04 19:46:34.2730",3639,"Harborside",40.7192517,-74.034234,3203,"Hamilton Park",40.727595966,-74.044247311,29281,"Subscriber",1965,2
318,"2018-12-04 19:27:23.6610","2018-12-04 19:32:42.5960",3639,"Harborside",40.7192517,-74.034234,3202,"Newport PATH",40.7272235,-74.0337589,29536,"Subscriber",1991,1
174,"2018-12-04 19:45:12.7130","2018-12-04 19:48:06.9990",3639,"Harborside",40.7192517,-74.034234,3187,"Warren St",40.7211236,-74.03805095,29278,"Subscriber",1969,0
439,"2018-12-04 20:23:07.0570","2018-12-04 20:30:26.5500",3639,"Harborside",40.7192517,-74.034234,3203,"Hamilton Park",40.727595966,-74.044247311,26192,"Subscriber",1987,1
402,"2018-12-04 20:29:27.8980","2018-12-04 20:36:10.5140",3639,"Harborside",40.7192517,-74.034234,3269,"Brunswick & 6th",40.72601172964625,-74.05038893222809,29451,"Subscriber",1994,1
359,"2018-12-05 00:55:46.3530","2018-12-05 01:01:45.5990",3639,"Harborside",40.7192517,-74.034234,3199,"Newport Pkwy",40.7287448,-74.0321082,26295,"Subscriber",1987,1
383,"2018-12-05 06:28:25.7240","2018-12-05 06:34:49.6190",3639,"Harborside",40.7192517,-74.034234,3185,"City Hall",40.7177325,-74.043845,29225,"Subscriber",1985,2
125,"2018-12-05 07:25:46.1530","2018-12-05 07:27:51.9220",3639,"Harborside",40.7192517,-74.034234,3183,"Exchange Place",40.7162469,-74.0334588,29482,"Subscriber",1988,1
108,"2018-12-05 07:42:08.6530","2018-12-05 07:43:57.0950",3639,"Harborside",40.7192517,-74.034234,3183,"Exchange Place",40.7162469,-74.0334588,26273,"Subscriber",1969,0
280,"2018-12-05 07:42:30.8920","2018-12-05 07:47:11.5770",3639,"Harborside",40.7192517,-74.034234,3186,"Grove St PATH",40.71958611647166,-74.04311746358871,29575,"Subscriber",1990,2
190,"2018-12-05 07:59:35.1330","2018-12-05 08:02:46.1270",3639,"Harborside",40.7192517,-74.034234,3202,"Newport PATH",40.7272235,-74.0337589,29273,"Subscriber",1990,1
242,"2018-12-05 08:13:19.0850","2018-12-05 08:17:21.8870",3639,"Harborside",40.7192517,-74.034234,3202,"Newport PATH",40.7272235,-74.0337589,29614,"Subscriber",1990,1
274,"2018-12-05 08:28:17.0690","2018-12-05 08:32:51.0800",3639,"Harborside",40.7192517,-74.034234,3202,"Newport PATH",40.7272235,-74.0337589,29306,"Subscriber",1988,1
255,"2018-12-05 08:35:41.2530","2018-12-05 08:39:56.9890",3639,"Harborside",40.7192517,-74.034234,3202,"Newport PATH",40.7272235,-74.0337589,26182,"Subscriber",1989,1
220,"2018-12-05 09:15:23.3280","2018-12-05 09:19:04.1300",3639,"Harborside",40.7192517,-74.034234,3638,"Washington St",40.7242941,-74.0354826,29592,"Subscriber",1991,1
218,"2018-12-05 12:23:09.9040","2018-12-05 12:26:48.0890",3639,"Harborside",40.7192517,-74.034234,3273,"Manila & 1st",40.721650724879986,-74.04288411140442,29635,"Subscriber",1966,1
330,"2018-12-05 12:35:48.8560","2018-12-05 12:41:19.3690",3639,"Harborside",40.7192517,-74.034234,3185,"City Hall",40.7177325,-74.043845,26192,"Subscriber",1988,2
290,"2018-12-05 13:01:02.8080","2018-12-05 13:05:53.0240",3639,"Harborside",40.7192517,-74.034234,3202,"Newport PATH",40.7272235,-74.0337589,26208,"Subscriber",1985,2
532,"2018-12-05 16:14:36.2250","2018-12-05 16:23:29.1890",3639,"Harborside",40.7192517,-74.034234,3211,"Newark Ave",40.72152515,-74.046304543,26167,"Subscriber",1959,2
582,"2018-12-05 16:43:06.2070","2018-12-05 16:52:49.1730",3639,"Harborside",40.7192517,-74.034234,3192,"Liberty Light Rail",40.7112423,-74.0557013,29588,"Subscriber",1984,1
465,"2018-12-05 17:12:27.7380","2018-12-05 17:20:13.2060",3639,"Harborside",40.7192517,-74.034234,3203,"Hamilton Park",40.727595966,-74.044247311,29513,"Subscriber",1987,1
127,"2018-12-05 17:15:11.2460","2018-12-05 17:17:18.3720",3639,"Harborside",40.7192517,-74.034234,3275,"Columbus Drive",40.71835519823214,-74.03891444206238,29452,"Subscriber",1987,1
384,"2018-12-05 17:20:20.5680","2018-12-05 17:26:45.4700",3639,"Harborside",40.7192517,-74.034234,3211,"Newark Ave",40.72152515,-74.046304543,29582,"Subscriber",1993,1
364,"2018-12-05 17:55:12.8570","2018-12-05 18:01:16.9180",3639,"Harborside",40.7192517,-74.034234,3272,"Jersey & 3rd",40.72333158646436,-74.04595255851744,29471,"Subscriber",1988,1
212,"2018-12-05 18:15:46.9870","2018-12-05 18:19:19.3810",3639,"Harborside",40.7192517,-74.034234,3275,"Columbus Drive",40.71835519823214,-74.03891444206238,31443,"Subscriber",1986,1
289,"2018-12-05 18:29:11.5370","2018-12-05 18:34:00.6000",3639,"Harborside",40.7192517,-74.034234,3202,"Newport PATH",40.7272235,-74.0337589,29210,"Subscriber",1989,1
270,"2018-12-05 18:48:53.6000","2018-12-05 18:53:23.8190",3639,"Harborside",40.7192517,-74.034234,3202,"Newport PATH",40.7272235,-74.0337589,29589,"Subscriber",1991,2
526,"2018-12-05 19:11:08.3270","2018-12-05 19:19:54.4420",3639,"Harborside",40.7192517,-74.034234,3203,"Hamilton Park",40.727595966,-74.044247311,26221,"Subscriber",1966,1
87,"2018-12-05 20:14:14.6020","2018-12-05 20:15:42.5030",3639,"Harborside",40.7192517,-74.034234,3183,"Exchange Place",40.7162469,-74.0334588,29219,"Subscriber",1966,1
485,"2018-12-05 20:21:32.6800","2018-12-05 20:29:38.2890",3639,"Harborside",40.7192517,-74.034234,3278,"Monmouth and 6th",40.72568548362901,-74.04879033565521,29278,"Subscriber",1994,1
137,"2018-12-05 20:47:13.7840","2018-12-05 20:49:31.3300",3639,"Harborside",40.7192517,-74.034234,3275,"Columbus Drive",40.71835519823214,-74.03891444206238,29673,"Subscriber",1992,1
291,"2018-12-05 21:05:53.6090","2018-12-05 21:10:45.1440",3639,"Harborside",40.7192517,-74.034234,3199,"Newport Pkwy",40.7287448,-74.0321082,26295,"Subscriber",1967,1
314,"2018-12-05 22:14:02.6990","2018-12-05 22:19:17.5720",3639,"Harborside",40.7192517,-74.034234,3272,"Jersey & 3rd",40.72333158646436,-74.04595255851744,29457,"Subscriber",1988,1
164,"2018-12-05 22:16:30.7320","2018-12-05 22:19:15.0920",3639,"Harborside",40.7192517,-74.034234,3187,"Warren St",40.7211236,-74.03805095,26174,"Subscriber",1983,1
305,"2018-12-06 02:51:34.3630","2018-12-06 02:56:39.4070",3639,"Harborside",40.7192517,-74.034234,3199,"Newport Pkwy",40.7287448,-74.0321082,26164,"Subscriber",1987,1
84,"2018-12-06 06:09:03.6750","2018-12-06 06:10:28.5590",3639,"Harborside",40.7192517,-74.034234,3183,"Exchange Place",40.7162469,-74.0334588,26269,"Subscriber",1988,1
314,"2018-12-06 07:17:33.6920","2018-12-06 07:22:47.8800",3639,"Harborside",40.7192517,-74.034234,3202,"Newport PATH",40.7272235,-74.0337589,29236,"Subscriber",1987,1
236,"2018-12-06 07:34:56.1770","2018-12-06 07:38:52.6900",3639,"Harborside",40.7192517,-74.034234,3202,"Newport PATH",40.7272235,-74.0337589,29550,"Subscriber",1990,1
97,"2018-12-06 07:43:56.9630","2018-12-06 07:45:34.4150",3639,"Harborside",40.7192517,-74.034234,3183,"Exchange Place",40.7162469,-74.0334588,29221,"Subscriber",1969,0
462,"2018-12-06 07:58:59.7380","2018-12-06 08:06:42.3930",3639,"Harborside",40.7192517,-74.034234,3214,"Essex Light Rail",40.7127742,-74.0364857,29602,"Subscriber",1973,1
206,"2018-12-06 08:25:27.6500","2018-12-06 08:28:54.5080",3639,"Harborside",40.7192517,-74.034234,3275,"Columbus Drive",40.71835519823214,-74.03891444206238,26234,"Subscriber",1990,1
461,"2018-12-06 08:33:42.4670","2018-12-06 08:41:24.1880",3639,"Harborside",40.7192517,-74.034234,3638,"Washington St",40.7242941,-74.0354826,29640,"Subscriber",1989,1
163,"2018-12-06 09:24:04.2370","2018-12-06 09:26:47.9340",3639,"Harborside",40.7192517,-74.034234,3184,"Paulus Hook",40.7141454,-74.0335519,26209,"Subscriber",1988,1
286,"2018-12-06 09:27:03.9470","2018-12-06 09:31:50.3140",3639,"Harborside",40.7192517,-74.034234,3202,"Newport PATH",40.7272235,-74.0337589,26275,"Subscriber",1991,1
84,"2018-12-06 09:40:01.5760","2018-12-06 09:41:26.1120",3639,"Harborside",40.7192517,-74.034234,3183,"Exchange Place",40.7162469,-74.0334588,29550,"Subscriber",1989,1
2062,"2018-12-06 09:58:25.0600","2018-12-06 10:32:47.3160",3639,"Harborside",40.7192517,-74.034234,3199,"Newport Pkwy",40.7287448,-74.0321082,26241,"Subscriber",1987,1
433,"2018-12-06 10:06:57.7850","2018-12-06 10:14:11.2450",3639,"Harborside",40.7192517,-74.034234,3638,"Washington St",40.7242941,-74.0354826,26217,"Subscriber",1992,1
292,"2018-12-06 11:44:00.8840","2018-12-06 11:48:53.3870",3639,"Harborside",40.7192517,-74.034234,3273,"Manila & 1st",40.721650724879986,-74.04288411140442,29468,"Subscriber",1949,1
450,"2018-12-06 12:18:57.2260","2018-12-06 12:26:27.2660",3639,"Harborside",40.7192517,-74.034234,3202,"Newport PATH",40.7272235,-74.0337589,29262,"Subscriber",1976,1
274,"2018-12-06 12:32:32.1950","2018-12-06 12:37:07.0730",3639,"Harborside",40.7192517,-74.034234,3638,"Washington St",40.7242941,-74.0354826,29304,"Subscriber",1969,0
492,"2018-12-06 12:35:21.4930","2018-12-06 12:43:34.1930",3639,"Harborside",40.7192517,-74.034234,3203,"Hamilton Park",40.727595966,-74.044247311,29670,"Subscriber",1987,1
284,"2018-12-06 12:45:49.6910","2018-12-06 12:50:34.6220",3639,"Harborside",40.7192517,-74.034234,3202,"Newport PATH",40.7272235,-74.0337589,29457,"Subscriber",1952,2
992,"2018-12-06 12:50:19.6570","2018-12-06 13:06:51.8730",3639,"Harborside",40.7192517,-74.034234,3639,"Harborside",40.7192517,-74.034234,29587,"Subscriber",1962,1
2173,"2018-12-06 13:09:11.5640","2018-12-06 13:45:25.5220",3639,"Harborside",40.7192517,-74.034234,3639,"Harborside",40.7192517,-74.034234,29587,"Subscriber",1953,1
435,"2018-12-06 13:54:04.9910","2018-12-06 14:01:20.4340",3639,"Harborside",40.7192517,-74.034234,3203,"Hamilton Park",40.727595966,-74.044247311,29457,"Subscriber",1982,1
241,"2018-12-06 16:03:17.4770","2018-12-06 16:07:19.0560",3639,"Harborside",40.7192517,-74.034234,3202,"Newport PATH",40.7272235,-74.0337589,29198,"Subscriber",1989,1
641,"2018-12-06 16:39:52.4730","2018-12-06 16:50:34.4520",3639,"Harborside",40.7192517,-74.034234,3192,"Liberty Light Rail",40.7112423,-74.0557013,29587,"Subscriber",1984,1
1195,"2018-12-06 16:40:50.0670","2018-12-06 17:00:45.9730",3639,"Harborside",40.7192517,-74.034234,3194,"McGinley Square",40.7253399253558,-74.06762212514877,29301,"Subscriber",1973,2
131,"2018-12-06 16:41:10.5530","2018-12-06 16:43:22.4970",3639,"Harborside",40.7192517,-74.034234,3275,"Columbus Drive",40.71835519823214,-74.03891444206238,29457,"Subscriber",1993,1
417,"2018-12-06 16:44:17.1650","2018-12-06 16:51:14.2310",3639,"Harborside",40.7192517,-74.034234,3273,"Manila & 1st",40.721650724879986,-74.04288411140442,26159,"Subscriber",1971,2
246,"2018-12-06 16:56:42.4770","2018-12-06 17:00:48.7480",3639,"Harborside",40.7192517,-74.034234,3202,"Newport PATH",40.7272235,-74.0337589,29127,"Subscriber",1990,1
297,"2018-12-06 16:57:22.0420","2018-12-06 17:02:19.6080",3639,"Harborside",40.7192517,-74.034234,3213,"Van Vorst Park",40.71848892,-74.047726625,26241,"Subscriber",1986,1
761,"2018-12-06 17:22:50.4720","2018-12-06 17:35:32.3700",3639,"Harborside",40.7192517,-74.034234,3269,"Brunswick & 6th",40.72601172964625,-74.05038893222809,26164,"Subscriber",1975,1
210,"2018-12-06 17:26:12.3980","2018-12-06 17:29:42.9730",3639,"Harborside",40.7192517,-74.034234,3638,"Washington St",40.7242941,-74.0354826,26182,"Subscriber",1963,1
247,"2018-12-06 17:51:39.8260","2018-12-06 17:55:47.5800",3639,"Harborside",40.7192517,-74.034234,3202,"Newport PATH",40.7272235,-74.0337589,29269,"Subscriber",1970,1
162,"2018-12-06 17:57:59.3520","2018-12-06 18:00:41.5470",3639,"Harborside",40.7192517,-74.034234,3275,"Columbus Drive",40.71835519823214,-74.03891444206238,29629,"Subscriber",1992,1
158,"2018-12-06 18:09:15.9490","2018-12-06 18:11:54.2380",3639,"Harborside",40.7192517,-74.034234,3275,"Columbus Drive",40.71835519823214,-74.03891444206238,29440,"Subscriber",1987,1
495,"2018-12-06 18:18:48.3280","2018-12-06 18:27:03.5010",3639,"Harborside",40.7192517,-74.034234,3203,"Hamilton Park",40.727595966,-74.044247311,29236,"Subscriber",1966,1
385,"2018-12-06 18:27:42.1390","2018-12-06 18:34:07.8080",3639,"Harborside",40.7192517,-74.034234,3202,"Newport PATH",40.7272235,-74.0337589,29244,"Subscriber",1985,2
389,"2018-12-06 18:49:21.8470","2018-12-06 18:55:51.3100",3639,"Harborside",40.7192517,-74.034234,3199,"Newport Pkwy",40.7287448,-74.0321082,29658,"Subscriber",1991,1
443,"2018-12-06 18:54:15.2550","2018-12-06 19:01:38.5440",3639,"Harborside",40.7192517,-74.034234,3203,"Hamilton Park",40.727595966,-74.044247311,29593,"Subscriber",1987,1
245,"2018-12-06 18:56:54.7240","2018-12-06 19:01:00.0450",3639,"Harborside",40.7192517,-74.034234,3202,"Newport PATH",40.7272235,-74.0337589,29247,"Subscriber",1991,2
529,"2018-12-06 19:13:57.8630","2018-12-06 19:22:47.8450",3639,"Harborside",40.7192517,-74.034234,3185,"City Hall",40.7177325,-74.043845,29272,"Subscriber",1985,2
202,"2018-12-06 19:41:10.9100","2018-12-06 19:44:33.3340",3639,"Harborside",40.7192517,-74.034234,3681,"Grand St",40.71517767732029,-74.03768330812454,29459,"Subscriber",1988,2
298,"2018-12-07 03:38:54.2500","2018-12-07 03:43:52.8650",3639,"Harborside",40.7192517,-74.034234,3199,"Newport Pkwy",40.7287448,-74.0321082,26153,"Subscriber",1987,1
101,"2018-12-07 05:33:40.7520","2018-12-07 05:35:21.9930",3639,"Harborside",40.7192517,-74.034234,3183,"Exchange Place",40.7162469,-74.0334588,29509,"Subscriber",1971,2
89,"2018-12-07 06:11:32.3400","2018-12-07 06:13:01.3470",3639,"Harborside",40.7192517,-74.034234,3183,"Exchange Place",40.7162469,-74.0334588,29472,"Subscriber",1988,1
361,"2018-12-07 07:34:49.2790","2018-12-07 07:40:50.4980",3639,"Harborside",40.7192517,-74.034234,3202,"Newport PATH",40.7272235,-74.0337589,29215,"Subscriber",1987,1
234,"2018-12-07 07:51:40.3780","2018-12-07 07:55:34.4530",3639,"Harborside",40.7192517,-74.034234,3202,"Newport PATH",40.7272235,-74.0337589,29244,"Subscriber",1990,1
98,"2018-12-07 07:55:53.1010","2018-12-07 07:57:31.2160",3639,"Harborside",40.7192517,-74.034234,3183,"Exchange Place",40.7162469,-74.0334588,29599,"Subscriber",1969,0
262,"2018-12-07 08:20:38.1700","2018-12-07 08:25:01.0300",3639,"Harborside",40.7192517,-74.034234,3202,"Newport PATH",40.7272235,-74.0337589,26267,"Subscriber",1988,1
94,"2018-12-07 08:29:00.3950","2018-12-07 08:30:35.2400",3639,"Harborside",40.7192517,-74.034234,3183,"Exchange Place",40.7162469,-74.0334588,29641,"Subscriber",1988,1
84,"2018-12-07 09:01:06.0500","2018-12-07 09:02:30.1590",3639,"Harborside",40.7192517,-74.034234,3183,"Exchange Place",40.7162469,-74.0334588,29492,"Subscriber",1989,1
319,"2018-12-07 09:28:45.6510","2018-12-07 09:34:04.7110",3639,"Harborside",40.7192517,-74.034234,3202,"Newport PATH",40.7272235,-74.0337589,29658,"Subscriber",1991,1
255,"2018-12-07 09:29:07.2260","2018-12-07 09:33:22.3460",3639,"Harborside",40.7192517,-74.034234,3202,"Newport PATH",40.7272235,-74.0337589,26153,"Subscriber",1963,1
157,"2018-12-07 11:38:53.6600","2018-12-07 11:41:30.8320",3639,"Harborside",40.7192517,-74.034234,3638,"Washington St",40.7242941,-74.0354826,29459,"Subscriber",1989,1
402,"2018-12-07 12:00:43.0470","2018-12-07 12:07:25.0950",3639,"Harborside",40.7192517,-74.034234,3276,"Marin Light Rail",40.71458403535893,-74.04281705617905,29575,"Subscriber",1984,2
161,"2018-12-07 12:33:56.8310","2018-12-07 12:36:38.0040",3639,"Harborside",40.7192517,-74.034234,3275,"Columbus Drive",40.71835519823214,-74.03891444206238,26278,"Subscriber",1962,1
188,"2018-12-07 12:36:46.4910","2018-12-07 12:39:55.4070",3639,"Harborside",40.7192517,-74.034234,3638,"Washington St",40.7242941,-74.0354826,29593,"Subscriber",1973,1
506,"2018-12-07 12:46:44.1590","2018-12-07 12:55:10.3350",3639,"Harborside",40.7192517,-74.034234,3213,"Van Vorst Park",40.71848892,-74.047726625,29667,"Subscriber",1976,1
287,"2018-12-07 14:11:16.3380","2018-12-07 14:16:04.2990",3639,"Harborside",40.7192517,-74.034234,3186,"Grove St PATH",40.71958611647166,-74.04311746358871,26267,"Subscriber",1972,1
199,"2018-12-07 16:13:30.7850","2018-12-07 16:16:49.9230",3639,"Harborside",40.7192517,-74.034234,3481,"York St",40.71649,-74.04105,29654,"Subscriber",1975,1
355,"2018-12-07 16:51:50.9030","2018-12-07 16:57:46.8160",3639,"Harborside",40.7192517,-74.034234,3272,"Jersey & 3rd",40.72333158646436,-74.04595255851744,29272,"Subscriber",1988,1
277,"2018-12-07 16:54:29.2330","2018-12-07 16:59:06.5500",3639,"Harborside",40.7192517,-74.034234,3202,"Newport PATH",40.7272235,-74.0337589,26157,"Subscriber",1989,1
240,"2018-12-07 17:04:00.9150","2018-12-07 17:08:01.8050",3639,"Harborside",40.7192517,-74.034234,3202,"Newport PATH",40.7272235,-74.0337589,29440,"Subscriber",1991,1
159,"2018-12-07 17:08:03.7080","2018-12-07 17:10:43.4480",3639,"Harborside",40.7192517,-74.034234,3275,"Columbus Drive",40.71835519823214,-74.03891444206238,29126,"Subscriber",1993,1
536,"2018-12-07 17:12:46.6500","2018-12-07 17:21:42.7600",3639,"Harborside",40.7192517,-74.034234,3278,"Monmouth and 6th",40.72568548362901,-74.04879033565521,29533,"Subscriber",1994,1
551,"2018-12-07 17:13:13.5770","2018-12-07 17:22:25.5230",3639,"Harborside",40.7192517,-74.034234,3209,"Brunswick St",40.7241765,-74.0506564,29593,"Subscriber",1987,1
288,"2018-12-07 18:10:30.1610","2018-12-07 18:15:18.3920",3639,"Harborside",40.7192517,-74.034234,3275,"Columbus Drive",40.71835519823214,-74.03891444206238,29244,"Subscriber",1989,1
601,"2018-12-07 18:10:32.0430","2018-12-07 18:20:33.4800",3639,"Harborside",40.7192517,-74.034234,3186,"Grove St PATH",40.71958611647166,-74.04311746358871,26152,"Subscriber",1989,1
679,"2018-12-07 18:22:15.0770","2018-12-07 18:33:34.3050",3639,"Harborside",40.7192517,-74.034234,3185,"City Hall",40.7177325,-74.043845,29450,"Subscriber",1987,1
395,"2018-12-07 18:23:51.2810","2018-12-07 18:30:26.9390",3639,"Harborside",40.7192517,-74.034234,3202,"Newport PATH",40.7272235,-74.0337589,29670,"Subscriber",1990,2
449,"2018-12-07 18:28:05.2300","2018-12-07 18:35:35.0000",3639,"Harborside",40.7192517,-74.034234,3483,"Montgomery St",40.71942,-74.05099,29482,"Subscriber",1985,1
436,"2018-12-07 19:41:24.1740","2018-12-07 19:48:41.0770",3639,"Harborside",40.7192517,-74.034234,3203,"Hamilton Park",40.727595966,-74.044247311,26153,"Subscriber",1987,1
524,"2018-12-07 21:33:53.2330","2018-12-07 21:42:37.5830",3639,"Harborside",40.7192517,-74.034234,3269,"Brunswick & 6th",40.72601172964625,-74.05038893222809,29592,"Subscriber",1986,1
195,"2018-12-08 06:57:20.0040","2018-12-08 07:00:35.3940",3639,"Harborside",40.7192517,-74.034234,3638,"Washington St",40.7242941,-74.0354826,29275,"Subscriber",1990,1
234,"2018-12-08 08:13:12.1050","2018-12-08 08:17:06.9280",3639,"Harborside",40.7192517,-74.034234,3202,"Newport PATH",40.7272235,-74.0337589,29536,"Subscriber",1990,1
436,"2018-12-08 09:38:32.6710","2018-12-08 09:45:49.5280",3639,"Harborside",40.7192517,-74.034234,3199,"Newport Pkwy",40.7287448,-74.0321082,29459,"Subscriber",1949,1
115,"2018-12-08 10:03:24.0280","2018-12-08 10:05:19.5550",3639,"Harborside",40.7192517,-74.034234,3183,"Exchange Place",40.7162469,-74.0334588,26227,"Subscriber",1988,1
622,"2018-12-08 10:14:53.1410","2018-12-08 10:25:15.8560",3639,"Harborside",40.7192517,-74.034234,3278,"Monmouth and 6th",40.72568548362901,-74.04879033565521,29533,"Subscriber",1994,1
189,"2018-12-08 11:55:49.5740","2018-12-08 11:58:58.5780",3639,"Harborside",40.7192517,-74.034234,3681,"Grand St",40.71517767732029,-74.03768330812454,29459,"Subscriber",1995,1
722,"2018-12-08 14:48:04.1480","2018-12-08 15:00:06.9800",3639,"Harborside",40.7192517,-74.034234,3225,"Baldwin at Montgomery",40.7236589,-74.0641943,29459,"Subscriber",1985,1
184,"2018-12-08 17:21:06.4820","2018-12-08 17:24:10.9130",3639,"Harborside",40.7192517,-74.034234,3183,"Exchange Place",40.7162469,-74.0334588,29533,"Subscriber",1991,1
465,"2018-12-08 17:39:41.8420","2018-12-08 17:47:27.5970",3639,"Harborside",40.7192517,-74.034234,3199,"Newport Pkwy",40.7287448,-74.0321082,29536,"Subscriber",1991,1
683,"2018-12-08 18:48:49.1260","2018-12-08 19:00:12.7920",3639,"Harborside",40.7192517,-74.034234,3278,"Monmouth and 6th",40.72568548362901,-74.04879033565521,29541,"Customer",1994,2
599,"2018-12-08 18:49:16.4720","2018-12-08 18:59:15.6560",3639,"Harborside",40.7192517,-74.034234,3278,"Monmouth and 6th",40.72568548362901,-74.04879033565521,29241,"Subscriber",1994,1
220,"2018-12-09 11:33:58.6740","2018-12-09 11:37:38.7050",3639,"Harborside",40.7192517,-74.034234,3202,"Newport PATH",40.7272235,-74.0337589,29536,"Subscriber",1988,1
177,"2018-12-09 11:54:24.5420","2018-12-09 11:57:22.0270",3639,"Harborside",40.7192517,-74.034234,3638,"Washington St",40.7242941,-74.0354826,26215,"Subscriber",1990,1
164,"2018-12-09 11:59:04.1030","2018-12-09 12:01:48.3830",3639,"Harborside",40.7192517,-74.034234,3681,"Grand St",40.71517767732029,-74.03768330812454,26221,"Subscriber",1971,1
747,"2018-12-09 12:15:50.0520","2018-12-09 12:28:17.4160",3639,"Harborside",40.7192517,-74.034234,3273,"Manila & 1st",40.721650724879986,-74.04288411140442,29472,"Subscriber",1988,2
170,"2018-12-09 13:10:09.6040","2018-12-09 13:12:59.6790",3639,"Harborside",40.7192517,-74.034234,3681,"Grand St",40.71517767732029,-74.03768330812454,26215,"Subscriber",1992,2
373,"2018-12-09 13:33:29.9090","2018-12-09 13:39:43.1780",3639,"Harborside",40.7192517,-74.034234,3213,"Van Vorst Park",40.71848892,-74.047726625,29434,"Subscriber",1980,1
356,"2018-12-09 14:43:45.7950","2018-12-09 14:49:42.6570",3639,"Harborside",40.7192517,-74.034234,3186,"Grove St PATH",40.71958611647166,-74.04311746358871,26171,"Subscriber",1981,1
300,"2018-12-09 15:55:14.8940","2018-12-09 16:00:15.4090",3639,"Harborside",40.7192517,-74.034234,3199,"Newport Pkwy",40.7287448,-74.0321082,26153,"Subscriber",1980,1
134,"2018-12-09 17:31:41.5050","2018-12-09 17:33:56.1340",3639,"Harborside",40.7192517,-74.034234,3183,"Exchange Place",40.7162469,-74.0334588,29249,"Subscriber",1991,1
1057,"2018-12-09 21:22:59.3240","2018-12-09 21:40:36.7260",3639,"Harborside",40.7192517,-74.034234,3206,"Hilltop",40.7311689,-74.0575736,26284,"Subscriber",1990,1
84,"2018-12-10 06:06:15.9720","2018-12-10 06:07:40.6770",3639,"Harborside",40.7192517,-74.034234,3183,"Exchange Place",40.7162469,-74.0334588,29124,"Subscriber",1988,1
269,"2018-12-10 07:17:22.0670","2018-12-10 07:21:51.5350",3639,"Harborside",40.7192517,-74.034234,3681,"Grand St",40.71517767732029,-74.03768330812454,26179,"Subscriber",1987,2
97,"2018-12-10 07:45:51.3980","2018-12-10 07:47:28.4290",3639,"Harborside",40.7192517,-74.034234,3183,"Exchange Place",40.7162469,-74.0334588,29578,"Subscriber",1969,0
267,"2018-12-10 07:49:51.2500","2018-12-10 07:54:18.9730",3639,"Harborside",40.7192517,-74.034234,3202,"Newport PATH",40.7272235,-74.0337589,29489,"Subscriber",1990,1
230,"2018-12-10 08:03:39.8670","2018-12-10 08:07:30.7950",3639,"Harborside",40.7192517,-74.034234,3202,"Newport PATH",40.7272235,-74.0337589,26217,"Subscriber",1990,1
297,"2018-12-10 08:05:56.5140","2018-12-10 08:10:53.6740",3639,"Harborside",40.7192517,-74.034234,3202,"Newport PATH",40.7272235,-74.0337589,29465,"Subscriber",1988,1
110,"2018-12-10 08:39:35.8230","2018-12-10 08:41:26.3380",3639,"Harborside",40.7192517,-74.034234,3183,"Exchange Place",40.7162469,-74.0334588,29266,"Subscriber",1989,1
135,"2018-12-10 08:42:37.9400","2018-12-10 08:44:53.8000",3639,"Harborside",40.7192517,-74.034234,3638,"Washington St",40.7242941,-74.0354826,26155,"Subscriber",1989,1
124,"2018-12-10 08:57:58.6950","2018-12-10 09:00:03.0030",3639,"Harborside",40.7192517,-74.034234,3183,"Exchange Place",40.7162469,-74.0334588,29604,"Subscriber",1988,1
325,"2018-12-10 09:28:44.2860","2018-12-10 09:34:10.0540",3639,"Harborside",40.7192517,-74.034234,3202,"Newport PATH",40.7272235,-74.0337589,29262,"Subscriber",1991,1
160,"2018-12-10 09:33:09.0810","2018-12-10 09:35:49.9420",3639,"Harborside",40.7192517,-74.034234,3184,"Paulus Hook",40.7141454,-74.0335519,29679,"Subscriber",1983,1
225,"2018-12-10 10:03:31.8330","2018-12-10 10:07:17.2090",3639,"Harborside",40.7192517,-74.034234,3638,"Washington St",40.7242941,-74.0354826,26294,"Subscriber",1992,1
745,"2018-12-10 11:09:50.9420","2018-12-10 11:22:16.5880",3639,"Harborside",40.7192517,-74.034234,3199,"Newport Pkwy",40.7287448,-74.0321082,29549,"Subscriber",1957,1
560,"2018-12-10 11:14:09.5270","2018-12-10 11:23:30.2080",3639,"Harborside",40.7192517,-74.034234,3199,"Newport Pkwy",40.7287448,-74.0321082,26220,"Subscriber",1978,0
363,"2018-12-10 12:05:27.6730","2018-12-10 12:11:31.5640",3639,"Harborside",40.7192517,-74.034234,3639,"Harborside",40.7192517,-74.034234,29498,"Subscriber",1954,1
515,"2018-12-10 12:23:46.5800","2018-12-10 12:32:22.3810",3639,"Harborside",40.7192517,-74.034234,3638,"Washington St",40.7242941,-74.0354826,29497,"Subscriber",1952,2
1023,"2018-12-10 12:42:31.8530","2018-12-10 12:59:35.6450",3639,"Harborside",40.7192517,-74.034234,3639,"Harborside",40.7192517,-74.034234,29589,"Subscriber",1989,1
1051,"2018-12-10 12:42:32.0170","2018-12-10 13:00:03.7080",3639,"Harborside",40.7192517,-74.034234,3639,"Harborside",40.7192517,-74.034234,29296,"Customer",1984,1
331,"2018-12-10 12:44:57.9190","2018-12-10 12:50:29.4030",3639,"Harborside",40.7192517,-74.034234,3272,"Jersey & 3rd",40.72333158646436,-74.04595255851744,26186,"Subscriber",1988,1
453,"2018-12-10 12:55:45.3540","2018-12-10 13:03:19.0870",3639,"Harborside",40.7192517,-74.034234,3199,"Newport Pkwy",40.7287448,-74.0321082,26173,"Subscriber",1989,1
1945,"2018-12-10 12:59:51.8420","2018-12-10 13:32:17.2000",3639,"Harborside",40.7192517,-74.034234,3639,"Harborside",40.7192517,-74.034234,26179,"Subscriber",1953,1
699,"2018-12-10 13:13:17.3480","2018-12-10 13:24:56.4880",3639,"Harborside",40.7192517,-74.034234,3203,"Hamilton Park",40.727595966,-74.044247311,29278,"Subscriber",1982,1
760,"2018-12-10 13:22:14.9640","2018-12-10 13:34:55.0240",3639,"Harborside",40.7192517,-74.034234,3192,"Liberty Light Rail",40.7112423,-74.0557013,29545,"Subscriber",1974,2
304,"2018-12-10 16:06:38.3080","2018-12-10 16:11:42.9100",3639,"Harborside",40.7192517,-74.034234,3202,"Newport PATH",40.7272235,-74.0337589,29589,"Subscriber",1958,1
597,"2018-12-10 16:47:28.2810","2018-12-10 16:57:25.3960",3639,"Harborside",40.7192517,-74.034234,3192,"Liberty Light Rail",40.7112423,-74.0557013,26153,"Subscriber",1984,1
342,"2018-12-10 16:56:00.2760","2018-12-10 17:01:42.3520",3639,"Harborside",40.7192517,-74.034234,3186,"Grove St PATH",40.71958611647166,-74.04311746358871,29204,"Subscriber",1986,1
411,"2018-12-10 17:04:40.2120","2018-12-10 17:11:31.3760",3639,"Harborside",40.7192517,-74.034234,3272,"Jersey & 3rd",40.72333158646436,-74.04595255851744,26186,"Subscriber",1988,1
274,"2018-12-10 17:09:51.8400","2018-12-10 17:14:26.6870",3639,"Harborside",40.7192517,-74.034234,3202,"Newport PATH",40.7272235,-74.0337589,29295,"Subscriber",1990,1
181,"2018-12-10 17:18:14.6760","2018-12-10 17:21:15.9000",3639,"Harborside",40.7192517,-74.034234,3275,"Columbus Drive",40.71835519823214,-74.03891444206238,26242,"Subscriber",1993,1
159,"2018-12-10 17:38:59.7770","2018-12-10 17:41:39.1340",3639,"Harborside",40.7192517,-74.034234,3275,"Columbus Drive",40.71835519823214,-74.03891444206238,29296,"Subscriber",1992,1
173,"2018-12-10 17:42:50.5240","2018-12-10 17:45:44.4260",3639,"Harborside",40.7192517,-74.034234,3187,"Warren St",40.7211236,-74.03805095,29599,"Subscriber",1990,1
154,"2018-12-10 17:46:53.9140","2018-12-10 17:49:28.1180",3639,"Harborside",40.7192517,-74.034234,3275,"Columbus Drive",40.71835519823214,-74.03891444206238,29672,"Subscriber",1987,1
78,"2018-12-10 18:48:42.5560","2018-12-10 18:50:01.0730",3639,"Harborside",40.7192517,-74.034234,3639,"Harborside",40.7192517,-74.034234,29495,"Subscriber",1965,2
549,"2018-12-10 18:50:28.2480","2018-12-10 18:59:37.3370",3639,"Harborside",40.7192517,-74.034234,3203,"Hamilton Park",40.727595966,-74.044247311,29674,"Subscriber",1965,2
226,"2018-12-10 18:51:24.0510","2018-12-10 18:55:10.6430",3639,"Harborside",40.7192517,-74.034234,3202,"Newport PATH",40.7272235,-74.0337589,29595,"Subscriber",1991,2
419,"2018-12-10 18:56:13.7050","2018-12-10 19:03:13.6340",3639,"Harborside",40.7192517,-74.034234,3203,"Hamilton Park",40.727595966,-74.044247311,29245,"Subscriber",1987,1
176,"2018-12-10 19:17:22.0300","2018-12-10 19:20:18.1660",3639,"Harborside",40.7192517,-74.034234,3187,"Warren St",40.7211236,-74.03805095,26159,"Subscriber",1969,0
190,"2018-12-10 19:24:26.6860","2018-12-10 19:27:37.6440",3639,"Harborside",40.7192517,-74.034234,3681,"Grand St",40.71517767732029,-74.03768330812454,26179,"Subscriber",1988,2
828,"2018-12-10 19:31:47.7670","2018-12-10 19:45:36.6350",3639,"Harborside",40.7192517,-74.034234,3192,"Liberty Light Rail",40.7112423,-74.0557013,29236,"Subscriber",1971,2
384,"2018-12-10 20:46:54.7190","2018-12-10 20:53:18.8720",3639,"Harborside",40.7192517,-74.034234,3276,"Marin Light Rail",40.71458403535893,-74.04281705617905,29285,"Subscriber",1984,1
110,"2018-12-10 21:04:27.7800","2018-12-10 21:06:18.0190",3639,"Harborside",40.7192517,-74.034234,3275,"Columbus Drive",40.71835519823214,-74.03891444206238,29267,"Subscriber",1990,1
1250,"2018-12-10 21:04:54.1930","2018-12-10 21:25:45.0510",3639,"Harborside",40.7192517,-74.034234,3199,"Newport Pkwy",40.7287448,-74.0321082,29498,"Subscriber",1991,1
85,"2018-12-10 22:24:12.0870","2018-12-10 22:25:37.1140",3639,"Harborside",40.7192517,-74.034234,3183,"Exchange Place",40.7162469,-74.0334588,26278,"Subscriber",1963,1
406,"2018-12-11 02:47:07.8360","2018-12-11 02:53:54.0530",3639,"Harborside",40.7192517,-74.034234,3199,"Newport Pkwy",40.7287448,-74.0321082,29512,"Subscriber",1987,1
189,"2018-12-11 07:11:48.1110","2018-12-11 07:14:57.3710",3639,"Harborside",40.7192517,-74.034234,3681,"Grand St",40.71517767732029,-74.03768330812454,26242,"Subscriber",1987,2
230,"2018-12-11 07:18:41.9660","2018-12-11 07:22:32.2380",3639,"Harborside",40.7192517,-74.034234,3186,"Grove St PATH",40.71958611647166,-74.04311746358871,29498,"Subscriber",1992,1
317,"2018-12-11 07:36:37.6440","2018-12-11 07:41:55.3760",3639,"Harborside",40.7192517,-74.034234,3267,"Morris Canal",40.7124188237569,-74.03852552175522,29606,"Subscriber",1957,1
215,"2018-12-11 07:45:42.3790","2018-12-11 07:49:17.5600",3639,"Harborside",40.7192517,-74.034234,3202,"Newport PATH",40.7272235,-74.0337589,29255,"Subscriber",1990,1
278,"2018-12-11 07:51:41.3810","2018-12-11 07:56:19.5500",3639,"Harborside",40.7192517,-74.034234,3202,"Newport PATH",40.7272235,-74.0337589,29272,"Subscriber",1990,1
518,"2018-12-11 08:11:52.5810","2018-12-11 08:20:31.1270",3639,"Harborside",40.7192517,-74.034234,3209,"Brunswick St",40.7241765,-74.0506564,26244,"Subscriber",1991,1
242,"2018-12-11 08:17:56.0770","2018-12-11 08:21:58.3480",3639,"Harborside",40.7192517,-74.034234,3275,"Columbus Drive",40.71835519823214,-74.03891444206238,29495,"Subscriber",1988,1
125,"2018-12-11 08:22:24.5610","2018-12-11 08:24:29.6300",3639,"Harborside",40.7192517,-74.034234,3183,"Exchange Place",40.7162469,-74.0334588,29578,"Subscriber",1990,1
254,"2018-12-11 08:31:47.6340","2018-12-11 08:36:02.0240",3639,"Harborside",40.7192517,-74.034234,3202,"Newport PATH",40.7272235,-74.0337589,26286,"Subscriber",1989,1
316,"2018-12-11 08:38:24.4180","2018-12-11 08:43:40.4420",3639,"Harborside",40.7192517,-74.034234,3202,"Newport PATH",40.7272235,-74.0337589,29293,"Subscriber",1988,1
121,"2018-12-11 08:41:18.0940","2018-12-11 08:43:19.8910",3639,"Harborside",40.7192517,-74.034234,3183,"Exchange Place",40.7162469,-74.0334588,29602,"Subscriber",1979,1
90,"2018-12-11 08:50:57.9240","2018-12-11 08:52:28.1920",3639,"Harborside",40.7192517,-74.034234,3183,"Exchange Place",40.7162469,-74.0334588,29605,"Subscriber",1989,1
193,"2018-12-11 09:28:38.8260","2018-12-11 09:31:52.6730",3639,"Harborside",40.7192517,-74.034234,3638,"Washington St",40.7242941,-74.0354826,29282,"Subscriber",1991,1
339,"2018-12-11 10:12:19.4960","2018-12-11 10:17:58.6440",3639,"Harborside",40.7192517,-74.034234,3202,"Newport PATH",40.7272235,-74.0337589,29535,"Subscriber",1992,1
357,"2018-12-11 10:45:48.0220","2018-12-11 10:51:45.9620",3639,"Harborside",40.7192517,-74.034234,3481,"York St",40.71649,-74.04105,26191,"Subscriber",1957,1
315,"2018-12-11 12:13:42.3520","2018-12-11 12:18:57.3700",3639,"Harborside",40.7192517,-74.034234,3272,"Jersey & 3rd",40.72333158646436,-74.04595255851744,26215,"Subscriber",1966,1
194,"2018-12-11 12:32:22.8590","2018-12-11 12:35:36.8990",3639,"Harborside",40.7192517,-74.034234,3184,"Paulus Hook",40.7141454,-74.0335519,29286,"Subscriber",1983,1
461,"2018-12-11 12:49:08.7470","2018-12-11 12:56:50.4520",3639,"Harborside",40.7192517,-74.034234,3199,"Newport Pkwy",40.7287448,-74.0321082,17260,"Subscriber",1973,1
316,"2018-12-11 14:32:20.1020","2018-12-11 14:37:36.8500",3639,"Harborside",40.7192517,-74.034234,3202,"Newport PATH",40.7272235,-74.0337589,29213,"Customer",1986,1
258,"2018-12-11 15:19:11.9190","2018-12-11 15:23:30.6460",3639,"Harborside",40.7192517,-74.034234,3267,"Morris Canal",40.7124188237569,-74.03852552175522,29507,"Subscriber",1982,1
1032,"2018-12-11 16:33:25.7960","2018-12-11 16:50:38.3600",3639,"Harborside",40.7192517,-74.034234,3273,"Manila & 1st",40.721650724879986,-74.04288411140442,26186,"Subscriber",1949,1
352,"2018-12-11 16:33:53.5710","2018-12-11 16:39:46.1650",3639,"Harborside",40.7192517,-74.034234,3272,"Jersey & 3rd",40.72333158646436,-74.04595255851744,29490,"Subscriber",1988,1
614,"2018-12-11 16:42:10.9210","2018-12-11 16:52:25.4110",3639,"Harborside",40.7192517,-74.034234,3192,"Liberty Light Rail",40.7112423,-74.0557013,29597,"Subscriber",1984,1
201,"2018-12-11 17:22:39.3550","2018-12-11 17:26:00.3580",3639,"Harborside",40.7192517,-74.034234,3275,"Columbus Drive",40.71835519823214,-74.03891444206238,29272,"Subscriber",1986,1
160,"2018-12-11 17:29:53.5430","2018-12-11 17:32:34.2750",3639,"Harborside",40.7192517,-74.034234,3275,"Columbus Drive",40.71835519823214,-74.03891444206238,29123,"Subscriber",1993,1
282,"2018-12-11 17:36:01.6270","2018-12-11 17:40:44.2040",3639,"Harborside",40.7192517,-74.034234,3202,"Newport PATH",40.7272235,-74.0337589,29208,"Subscriber",1990,1
323,"2018-12-11 17:58:02.9480","2018-12-11 18:03:26.8100",3639,"Harborside",40.7192517,-74.034234,3211,"Newark Ave",40.72152515,-74.046304543,26201,"Subscriber",1987,1
255,"2018-12-11 18:02:40.3550","2018-12-11 18:06:55.7230",3639,"Harborside",40.7192517,-74.034234,3202,"Newport PATH",40.7272235,-74.0337589,29243,"Subscriber",1991,2
190,"2018-12-11 18:05:47.1020","2018-12-11 18:08:57.2280",3639,"Harborside",40.7192517,-74.034234,3275,"Columbus Drive",40.71835519823214,-74.03891444206238,26270,"Subscriber",1987,1
523,"2018-12-11 18:07:37.6530","2018-12-11 18:16:21.6140",3639,"Harborside",40.7192517,-74.034234,3203,"Hamilton Park",40.727595966,-74.044247311,29434,"Subscriber",1987,1
245,"2018-12-11 18:44:54.6460","2018-12-11 18:49:00.4390",3639,"Harborside",40.7192517,-74.034234,3202,"Newport PATH",40.7272235,-74.0337589,29460,"Subscriber",1989,1
314,"2018-12-11 18:47:14.6640","2018-12-11 18:52:29.2980",3639,"Harborside",40.7192517,-74.034234,3276,"Marin Light Rail",40.71458403535893,-74.04281705617905,29210,"Subscriber",1988,1
327,"2018-12-11 18:52:41.8450","2018-12-11 18:58:09.5230",3639,"Harborside",40.7192517,-74.034234,3272,"Jersey & 3rd",40.72333158646436,-74.04595255851744,26284,"Subscriber",1984,2
582,"2018-12-11 19:06:05.1230","2018-12-11 19:15:47.5710",3639,"Harborside",40.7192517,-74.034234,3269,"Brunswick & 6th",40.72601172964625,-74.05038893222809,29275,"Subscriber",1966,1
466,"2018-12-11 19:11:43.5360","2018-12-11 19:19:30.2850",3639,"Harborside",40.7192517,-74.034234,3185,"City Hall",40.7177325,-74.043845,29306,"Subscriber",1985,2
170,"2018-12-11 19:21:23.1490","2018-12-11 19:24:13.3100",3639,"Harborside",40.7192517,-74.034234,3187,"Warren St",40.7211236,-74.03805095,29203,"Subscriber",1969,0
444,"2018-12-11 19:30:49.2510","2018-12-11 19:38:14.0580",3639,"Harborside",40.7192517,-74.034234,3203,"Hamilton Park",40.727595966,-74.044247311,29250,"Subscriber",1954,1
826,"2018-12-11 19:38:23.9000","2018-12-11 19:52:10.3690",3639,"Harborside",40.7192517,-74.034234,3194,"McGinley Square",40.7253399253558,-74.06762212514877,26280,"Subscriber",1985,1
414,"2018-12-11 19:40:29.4750","2018-12-11 19:47:24.0620",3639,"Harborside",40.7192517,-74.034234,3278,"Monmouth and 6th",40.72568548362901,-74.04879033565521,29289,"Subscriber",1994,1
415,"2018-12-11 20:20:01.0260","2018-12-11 20:26:56.6570",3639,"Harborside",40.7192517,-74.034234,3199,"Newport Pkwy",40.7287448,-74.0321082,29680,"Subscriber",1994,2
174,"2018-12-11 22:58:18.3200","2018-12-11 23:01:13.1610",3639,"Harborside",40.7192517,-74.034234,3275,"Columbus Drive",40.71835519823214,-74.03891444206238,26211,"Subscriber",1992,1
370,"2018-12-12 03:17:02.4410","2018-12-12 03:23:13.3320",3639,"Harborside",40.7192517,-74.034234,3199,"Newport Pkwy",40.7287448,-74.0321082,29215,"Subscriber",1987,1
93,"2018-12-12 06:10:41.7410","2018-12-12 06:12:15.0290",3639,"Harborside",40.7192517,-74.034234,3183,"Exchange Place",40.7162469,-74.0334588,26255,"Subscriber",1988,1
222,"2018-12-12 07:20:07.7980","2018-12-12 07:23:50.1990",3639,"Harborside",40.7192517,-74.034234,3186,"Grove St PATH",40.71958611647166,-74.04311746358871,29237,"Subscriber",1992,1
205,"2018-12-12 07:58:59.2530","2018-12-12 08:02:24.6120",3639,"Harborside",40.7192517,-74.034234,3202,"Newport PATH",40.7272235,-74.0337589,29531,"Subscriber",1990,1
277,"2018-12-12 08:10:32.6060","2018-12-12 08:15:10.0260",3639,"Harborside",40.7192517,-74.034234,3202,"Newport PATH",40.7272235,-74.0337589,29593,"Subscriber",1981,1
83,"2018-12-12 08:31:33.6890","2018-12-12 08:32:57.3520",3639,"Harborside",40.7192517,-74.034234,3183,"Exchange Place",40.7162469,-74.0334588,29207,"Subscriber",1989,1
193,"2018-12-12 08:40:20.9230","2018-12-12 08:43:33.9750",3639,"Harborside",40.7192517,-74.034234,3638,"Washington St",40.7242941,-74.0354826,29492,"Subscriber",1988,1
111,"2018-12-12 08:48:37.1650","2018-12-12 08:50:28.5320",3639,"Harborside",40.7192517,-74.034234,3183,"Exchange Place",40.7162469,-74.0334588,29210,"Subscriber",1988,1
155,"2018-12-12 09:03:39.2560","2018-12-12 09:06:15.0290",3639,"Harborside",40.7192517,-74.034234,3638,"Washington St",40.7242941,-74.0354826,29458,"Subscriber",1989,1
194,"2018-12-12 09:21:30.9460","2018-12-12 09:24:45.5220",3639,"Harborside",40.7192517,-74.034234,3638,"Washington St",40.7242941,-74.0354826,29497,"Subscriber",1991,1
208,"2018-12-12 10:22:39.8610","2018-12-12 10:26:08.1440",3639,"Harborside",40.7192517,-74.034234,3638,"Washington St",40.7242941,-74.0354826,29658,"Subscriber",1992,1
587,"2018-12-12 12:00:33.2560","2018-12-12 12:10:20.5970",3639,"Harborside",40.7192517,-74.034234,3203,"Hamilton Park",40.727595966,-74.044247311,26175,"Subscriber",1949,1
605,"2018-12-12 12:21:29.8200","2018-12-12 12:31:35.4070",3639,"Harborside",40.7192517,-74.034234,3199,"Newport Pkwy",40.7287448,-74.0321082,29588,"Subscriber",1988,1
515,"2018-12-12 13:06:30.7340","2018-12-12 13:15:05.7380",3639,"Harborside",40.7192517,-74.034234,3187,"Warren St",40.7211236,-74.03805095,26197,"Subscriber",1969,0
254,"2018-12-12 13:08:53.4590","2018-12-12 13:13:07.6680",3639,"Harborside",40.7192517,-74.034234,3186,"Grove St PATH",40.71958611647166,-74.04311746358871,29623,"Subscriber",1982,1
367,"2018-12-12 13:09:35.8610","2018-12-12 13:15:42.9220",3639,"Harborside",40.7192517,-74.034234,3276,"Marin Light Rail",40.71458403535893,-74.04281705617905,26159,"Subscriber",1984,2
286,"2018-12-12 13:11:23.8610","2018-12-12 13:16:10.1380",3639,"Harborside",40.7192517,-74.034234,3202,"Newport PATH",40.7272235,-74.0337589,29498,"Subscriber",1965,1
289,"2018-12-12 15:03:29.1990","2018-12-12 15:08:18.8640",3639,"Harborside",40.7192517,-74.034234,3186,"Grove St PATH",40.71958611647166,-74.04311746358871,26284,"Subscriber",1988,1
601,"2018-12-12 16:39:19.4140","2018-12-12 16:49:20.6420",3639,"Harborside",40.7192517,-74.034234,3192,"Liberty Light Rail",40.7112423,-74.0557013,29640,"Subscriber",1984,1
243,"2018-12-12 16:57:05.6280","2018-12-12 17:01:08.9570",3639,"Harborside",40.7192517,-74.034234,3202,"Newport PATH",40.7272235,-74.0337589,29487,"Subscriber",1990,1
380,"2018-12-12 17:06:33.5420","2018-12-12 17:12:53.7760",3639,"Harborside",40.7192517,-74.034234,3272,"Jersey & 3rd",40.72333158646436,-74.04595255851744,29599,"Subscriber",1988,1
158,"2018-12-12 17:15:12.6380","2018-12-12 17:17:51.4930",3639,"Harborside",40.7192517,-74.034234,3275,"Columbus Drive",40.71835519823214,-74.03891444206238,26268,"Subscriber",1993,1
1696,"2018-12-12 17:31:19.1110","2018-12-12 17:59:35.2580",3639,"Harborside",40.7192517,-74.034234,3186,"Grove St PATH",40.71958611647166,-74.04311746358871,29217,"Subscriber",1993,1
213,"2018-12-12 17:31:29.3900","2018-12-12 17:35:02.4540",3639,"Harborside",40.7192517,-74.034234,3275,"Columbus Drive",40.71835519823214,-74.03891444206238,26247,"Subscriber",1992,1
268,"2018-12-12 17:46:59.6380","2018-12-12 17:51:28.3000",3639,"Harborside",40.7192517,-74.034234,3202,"Newport PATH",40.7272235,-74.0337589,26251,"Subscriber",1989,1
217,"2018-12-12 17:50:51.0120","2018-12-12 17:54:28.6900",3639,"Harborside",40.7192517,-74.034234,3202,"Newport PATH",40.7272235,-74.0337589,29499,"Subscriber",1985,1
267,"2018-12-12 17:57:46.2910","2018-12-12 18:02:13.6570",3639,"Harborside",40.7192517,-74.034234,3211,"Newark Ave",40.72152515,-74.046304543,26297,"Subscriber",1983,1
353,"2018-12-12 18:22:39.8140","2018-12-12 18:28:32.9490",3639,"Harborside",40.7192517,-74.034234,3272,"Jersey & 3rd",40.72333158646436,-74.04595255851744,29469,"Subscriber",1984,2
260,"2018-12-12 18:26:29.6020","2018-12-12 18:30:50.4710",3639,"Harborside",40.7192517,-74.034234,3202,"Newport PATH",40.7272235,-74.0337589,29593,"Subscriber",1991,2
443,"2018-12-12 18:41:34.3770","2018-12-12 18:48:58.2420",3639,"Harborside",40.7192517,-74.034234,3209,"Brunswick St",40.7241765,-74.0506564,29680,"Subscriber",1987,1
352,"2018-12-12 18:51:13.7240","2018-12-12 18:57:05.8820",3639,"Harborside",40.7192517,-74.034234,3211,"Newark Ave",40.72152515,-74.046304543,29308,"Subscriber",1982,2
454,"2018-12-12 19:07:57.4260","2018-12-12 19:15:32.2170",3639,"Harborside",40.7192517,-74.034234,3203,"Hamilton Park",40.727595966,-74.044247311,26282,"Subscriber",1966,1
436,"2018-12-12 19:19:06.2750","2018-12-12 19:26:22.9210",3639,"Harborside",40.7192517,-74.034234,3278,"Monmouth and 6th",40.72568548362901,-74.04879033565521,29293,"Subscriber",1994,1
452,"2018-12-12 19:37:17.2120","2018-12-12 19:44:49.6940",3639,"Harborside",40.7192517,-74.034234,3203,"Hamilton Park",40.727595966,-74.044247311,29602,"Subscriber",1987,1
460,"2018-12-12 20:08:05.7650","2018-12-12 20:15:45.9050",3639,"Harborside",40.7192517,-74.034234,3199,"Newport Pkwy",40.7287448,-74.0321082,29237,"Customer",1986,1
443,"2018-12-12 20:21:18.1690","2018-12-12 20:28:41.3960",3639,"Harborside",40.7192517,-74.034234,3203,"Hamilton Park",40.727595966,-74.044247311,29604,"Subscriber",1954,1
409,"2018-12-12 20:41:22.8120","2018-12-12 20:48:12.6410",3639,"Harborside",40.7192517,-74.034234,3199,"Newport Pkwy",40.7287448,-74.0321082,29264,"Subscriber",1994,2
173,"2018-12-12 22:31:00.1420","2018-12-12 22:33:53.2380",3639,"Harborside",40.7192517,-74.034234,3187,"Warren St",40.7211236,-74.03805095,29125,"Subscriber",1978,1
1262,"2018-12-13 03:14:30.7730","2018-12-13 03:35:33.1200",3639,"Harborside",40.7192517,-74.034234,3199,"Newport Pkwy",40.7287448,-74.0321082,26298,"Subscriber",1987,1
788,"2018-12-13 07:17:31.5890","2018-12-13 07:30:39.9250",3639,"Harborside",40.7192517,-74.034234,3194,"McGinley Square",40.7253399253558,-74.06762212514877,29291,"Subscriber",1984,1
359,"2018-12-13 07:46:24.8630","2018-12-13 07:52:24.4070",3639,"Harborside",40.7192517,-74.034234,3267,"Morris Canal",40.7124188237569,-74.03852552175522,26302,"Subscriber",1957,1
91,"2018-12-13 07:53:35.6530","2018-12-13 07:55:07.1320",3639,"Harborside",40.7192517,-74.034234,3183,"Exchange Place",40.7162469,-74.0334588,29497,"Subscriber",1969,0
197,"2018-12-13 07:57:38.2380","2018-12-13 08:00:55.3530",3639,"Harborside",40.7192517,-74.034234,3202,"Newport PATH",40.7272235,-74.0337589,29241,"Subscriber",1990,1
297,"2018-12-13 08:36:41.2030","2018-12-13 08:41:38.4280",3639,"Harborside",40.7192517,-74.034234,3202,"Newport PATH",40.7272235,-74.0337589,29268,"Subscriber",1981,1
227,"2018-12-13 08:38:15.4180","2018-12-13 08:42:02.5000",3639,"Harborside",40.7192517,-74.034234,3202,"Newport PATH",40.7272235,-74.0337589,29594,"Subscriber",1989,1
494,"2018-12-13 11:04:24.4940","2018-12-13 11:12:38.6330",3639,"Harborside",40.7192517,-74.034234,3203,"Hamilton Park",40.727595966,-74.044247311,26172,"Subscriber",1973,2
160,"2018-12-13 12:10:52.7650","2018-12-13 12:13:32.8170",3639,"Harborside",40.7192517,-74.034234,3187,"Warren St",40.7211236,-74.03805095,26234,"Subscriber",1952,2
587,"2018-12-13 13:36:14.9410","2018-12-13 13:46:02.1030",3639,"Harborside",40.7192517,-74.034234,3272,"Jersey & 3rd",40.72333158646436,-74.04595255851744,29225,"Subscriber",1988,1
257,"2018-12-13 16:25:32.9010","2018-12-13 16:29:50.7790",3639,"Harborside",40.7192517,-74.034234,3202,"Newport PATH",40.7272235,-74.0337589,29434,"Subscriber",1989,1
238,"2018-12-13 16:35:03.8040","2018-12-13 16:39:02.6960",3639,"Harborside",40.7192517,-74.034234,3202,"Newport PATH",40.7272235,-74.0337589,29240,"Subscriber",1963,1
635,"2018-12-13 16:43:29.4910","2018-12-13 16:54:05.2440",3639,"Harborside",40.7192517,-74.034234,3192,"Liberty Light Rail",40.7112423,-74.0557013,26234,"Subscriber",1984,1
374,"2018-12-13 17:42:18.7330","2018-12-13 17:48:33.3670",3639,"Harborside",40.7192517,-74.034234,3186,"Grove St PATH",40.71958611647166,-74.04311746358871,26291,"Subscriber",1986,1
168,"2018-12-13 18:08:00.2720","2018-12-13 18:10:48.5960",3639,"Harborside",40.7192517,-74.034234,3275,"Columbus Drive",40.71835519823214,-74.03891444206238,29264,"Subscriber",1987,1
395,"2018-12-13 18:11:43.4000","2018-12-13 18:18:19.0980",3639,"Harborside",40.7192517,-74.034234,3213,"Van Vorst Park",40.71848892,-74.047726625,29647,"Subscriber",1983,1
185,"2018-12-13 18:12:11.2390","2018-12-13 18:15:16.3480",3639,"Harborside",40.7192517,-74.034234,3275,"Columbus Drive",40.71835519823214,-74.03891444206238,29301,"Subscriber",1992,1
1140,"2018-12-13 18:14:03.6540","2018-12-13 18:33:03.9940",3639,"Harborside",40.7192517,-74.034234,3192,"Liberty Light Rail",40.7112423,-74.0557013,26261,"Subscriber",1971,2
386,"2018-12-13 18:52:57.9350","2018-12-13 18:59:24.4930",3639,"Harborside",40.7192517,-74.034234,3270,"Jersey & 6th St",40.72528910781132,-74.04557168483734,29475,"Subscriber",1954,1
246,"2018-12-13 18:57:00.7790","2018-12-13 19:01:07.4620",3639,"Harborside",40.7192517,-74.034234,3186,"Grove St PATH",40.71958611647166,-74.04311746358871,29578,"Subscriber",1966,1
422,"2018-12-13 20:35:54.3620","2018-12-13 20:42:56.7690",3639,"Harborside",40.7192517,-74.034234,3199,"Newport Pkwy",40.7287448,-74.0321082,29264,"Subscriber",1994,2
680,"2018-12-13 20:59:46.7170","2018-12-13 21:11:07.2130",3639,"Harborside",40.7192517,-74.034234,3640,"Journal Square",40.73367,-74.0625,29276,"Subscriber",1985,2
97,"2018-12-13 23:50:55.3570","2018-12-13 23:52:32.9660",3639,"Harborside",40.7192517,-74.034234,3183,"Exchange Place",40.7162469,-74.0334588,26276,"Subscriber",1966,1
93,"2018-12-14 01:18:01.6590","2018-12-14 01:19:34.7110",3639,"Harborside",40.7192517,-74.034234,3183,"Exchange Place",40.7162469,-74.0334588,29636,"Subscriber",1966,1
375,"2018-12-14 02:00:26.5080","2018-12-14 02:06:42.3110",3639,"Harborside",40.7192517,-74.034234,3199,"Newport Pkwy",40.7287448,-74.0321082,29237,"Subscriber",1987,1
88,"2018-12-14 07:41:19.6380","2018-12-14 07:42:47.6670",3639,"Harborside",40.7192517,-74.034234,3183,"Exchange Place",40.7162469,-74.0334588,29595,"Subscriber",1989,1
223,"2018-12-14 07:42:43.6660","2018-12-14 07:46:27.4730",3639,"Harborside",40.7192517,-74.034234,3211,"Newark Ave",40.72152515,-74.046304543,29437,"Subscriber",1990,1
127,"2018-12-14 07:57:49.9330","2018-12-14 07:59:56.9640",3639,"Harborside",40.7192517,-74.034234,3183,"Exchange Place",40.7162469,-74.0334588,29663,"Subscriber",1969,0
246,"2018-12-14 08:29:58.1330","2018-12-14 08:34:04.3390",3639,"Harborside",40.7192517,-74.034234,3202,"Newport PATH",40.7272235,-74.0337589,29437,"Subscriber",1989,1
268,"2018-12-14 09:08:06.5390","2018-12-14 09:12:34.8360",3639,"Harborside",40.7192517,-74.034234,3202,"Newport PATH",40.7272235,-74.0337589,26200,"Subscriber",1988,1
295,"2018-12-14 09:11:54.6890","2018-12-14 09:16:50.2730",3639,"Harborside",40.7192517,-74.034234,3202,"Newport PATH",40.7272235,-74.0337589,29231,"Subscriber",1981,1
99,"2018-12-14 09:19:44.2020","2018-12-14 09:21:23.8330",3639,"Harborside",40.7192517,-74.034234,3183,"Exchange Place",40.7162469,-74.0334588,29261,"Subscriber",1990,1
315,"2018-12-14 09:26:41.4560","2018-12-14 09:31:56.5000",3639,"Harborside",40.7192517,-74.034234,3202,"Newport PATH",40.7272235,-74.0337589,26311,"Subscriber",1991,1
159,"2018-12-14 09:36:21.9430","2018-12-14 09:39:01.0380",3639,"Harborside",40.7192517,-74.034234,3183,"Exchange Place",40.7162469,-74.0334588,29507,"Subscriber",1988,1
94,"2018-12-14 10:01:59.6480","2018-12-14 10:03:33.9400",3639,"Harborside",40.7192517,-74.034234,3183,"Exchange Place",40.7162469,-74.0334588,29660,"Subscriber",1997,1
346,"2018-12-14 11:14:56.5940","2018-12-14 11:20:43.2990",3639,"Harborside",40.7192517,-74.034234,3202,"Newport PATH",40.7272235,-74.0337589,29225,"Subscriber",1957,1
423,"2018-12-14 11:25:08.9310","2018-12-14 11:32:12.7220",3639,"Harborside",40.7192517,-74.034234,3211,"Newark Ave",40.72152515,-74.046304543,29299,"Subscriber",1988,2
362,"2018-12-14 12:03:15.3510","2018-12-14 12:09:18.1830",3639,"Harborside",40.7192517,-74.034234,3639,"Harborside",40.7192517,-74.034234,29263,"Subscriber",1954,1
149,"2018-12-14 12:20:39.2540","2018-12-14 12:23:08.2840",3639,"Harborside",40.7192517,-74.034234,3638,"Washington St",40.7242941,-74.0354826,29264,"Subscriber",1976,1
225,"2018-12-14 12:25:53.3290","2018-12-14 12:29:39.1110",3639,"Harborside",40.7192517,-74.034234,3273,"Manila & 1st",40.721650724879986,-74.04288411140442,29678,"Subscriber",1966,1
941,"2018-12-14 13:31:29.9150","2018-12-14 13:47:11.7650",3639,"Harborside",40.7192517,-74.034234,3203,"Hamilton Park",40.727595966,-74.044247311,29277,"Subscriber",1973,1
293,"2018-12-14 14:37:26.4550","2018-12-14 14:42:20.3640",3639,"Harborside",40.7192517,-74.034234,3681,"Grand St",40.71517767732029,-74.03768330812454,29263,"Subscriber",1979,2
325,"2018-12-14 14:51:02.5690","2018-12-14 14:56:27.8680",3639,"Harborside",40.7192517,-74.034234,3214,"Essex Light Rail",40.7127742,-74.0364857,29489,"Subscriber",1988,2
316,"2018-12-14 14:51:14.7760","2018-12-14 14:56:31.7640",3639,"Harborside",40.7192517,-74.034234,3214,"Essex Light Rail",40.7127742,-74.0364857,29533,"Subscriber",1988,1
197,"2018-12-14 15:40:20.7970","2018-12-14 15:43:38.2710",3639,"Harborside",40.7192517,-74.034234,3202,"Newport PATH",40.7272235,-74.0337589,29664,"Subscriber",1970,1
203,"2018-12-14 16:19:59.1590","2018-12-14 16:23:22.2350",3639,"Harborside",40.7192517,-74.034234,3202,"Newport PATH",40.7272235,-74.0337589,29293,"Subscriber",1989,1
341,"2018-12-14 16:31:29.1330","2018-12-14 16:37:10.1660",3639,"Harborside",40.7192517,-74.034234,3638,"Washington St",40.7242941,-74.0354826,29234,"Subscriber",1990,1
708,"2018-12-14 16:59:48.2090","2018-12-14 17:11:36.8770",3639,"Harborside",40.7192517,-74.034234,3192,"Liberty Light Rail",40.7112423,-74.0557013,29582,"Subscriber",1984,1
113,"2018-12-14 17:02:34.7890","2018-12-14 17:04:28.1040",3639,"Harborside",40.7192517,-74.034234,3275,"Columbus Drive",40.71835519823214,-74.03891444206238,29264,"Subscriber",1987,1
214,"2018-12-14 17:09:06.8080","2018-12-14 17:12:41.3290",3639,"Harborside",40.7192517,-74.034234,3202,"Newport PATH",40.7272235,-74.0337589,29475,"Subscriber",1991,2
560,"2018-12-14 17:17:24.7700","2018-12-14 17:26:44.9480",3639,"Harborside",40.7192517,-74.034234,3203,"Hamilton Park",40.727595966,-74.044247311,29198,"Subscriber",1975,2
143,"2018-12-14 17:29:57.4360","2018-12-14 17:32:21.0410",3639,"Harborside",40.7192517,-74.034234,3275,"Columbus Drive",40.71835519823214,-74.03891444206238,29540,"Subscriber",1992,1
365,"2018-12-14 17:34:23.1270","2018-12-14 17:40:28.3290",3639,"Harborside",40.7192517,-74.034234,3211,"Newark Ave",40.72152515,-74.046304543,29468,"Subscriber",1983,1
454,"2018-12-14 17:44:21.1420","2018-12-14 17:51:55.8870",3639,"Harborside",40.7192517,-74.034234,3203,"Hamilton Park",40.727595966,-74.044247311,29269,"Subscriber",1954,1
452,"2018-12-14 17:47:02.1250","2018-12-14 17:54:34.2690",3639,"Harborside",40.7192517,-74.034234,3272,"Jersey & 3rd",40.72333158646436,-74.04595255851744,29487,"Subscriber",1966,1
381,"2018-12-14 18:15:54.9710","2018-12-14 18:22:16.2090",3639,"Harborside",40.7192517,-74.034234,3185,"City Hall",40.7177325,-74.043845,29297,"Subscriber",1986,1
1682,"2018-12-14 19:42:19.6970","2018-12-14 20:10:22.4260",3639,"Harborside",40.7192517,-74.034234,3210,"Pershing Field",40.742677141,-74.051788633,29207,"Subscriber",1987,1
125,"2018-12-15 09:34:30.8280","2018-12-15 09:36:36.5040",3639,"Harborside",40.7192517,-74.034234,3183,"Exchange Place",40.7162469,-74.0334588,29540,"Subscriber",1981,1
271,"2018-12-15 12:00:25.0600","2018-12-15 12:04:56.9440",3639,"Harborside",40.7192517,-74.034234,3273,"Manila & 1st",40.721650724879986,-74.04288411140442,26182,"Subscriber",1989,1
388,"2018-12-15 12:06:39.5010","2018-12-15 12:13:08.2440",3639,"Harborside",40.7192517,-74.034234,3278,"Monmouth and 6th",40.72568548362901,-74.04879033565521,29301,"Subscriber",1994,1
433,"2018-12-15 12:22:38.3320","2018-12-15 12:29:51.4060",3639,"Harborside",40.7192517,-74.034234,3186,"Grove St PATH",40.71958611647166,-74.04311746358871,29297,"Subscriber",1998,1
441,"2018-12-15 12:22:40.7190","2018-12-15 12:30:01.8280",3639,"Harborside",40.7192517,-74.034234,3186,"Grove St PATH",40.71958611647166,-74.04311746358871,29285,"Customer",1998,1
421,"2018-12-15 12:23:03.2500","2018-12-15 12:30:04.8660",3639,"Harborside",40.7192517,-74.034234,3186,"Grove St PATH",40.71958611647166,-74.04311746358871,29492,"Customer",1996,2
372,"2018-12-15 12:47:35.7530","2018-12-15 12:53:48.1610",3639,"Harborside",40.7192517,-74.034234,3211,"Newark Ave",40.72152515,-74.046304543,26200,"Subscriber",1988,2
1673,"2018-12-15 13:55:38.9310","2018-12-15 14:23:31.9920",3639,"Harborside",40.7192517,-74.034234,3639,"Harborside",40.7192517,-74.034234,29237,"Subscriber",1949,1
231,"2018-12-15 15:07:11.9430","2018-12-15 15:11:03.8140",3639,"Harborside",40.7192517,-74.034234,3202,"Newport PATH",40.7272235,-74.0337589,26288,"Subscriber",1989,1
345,"2018-12-15 15:18:15.5770","2018-12-15 15:24:01.1090",3639,"Harborside",40.7192517,-74.034234,3199,"Newport Pkwy",40.7287448,-74.0321082,29237,"Subscriber",1991,1
577,"2018-12-15 16:25:18.2560","2018-12-15 16:34:55.7900",3639,"Harborside",40.7192517,-74.034234,3483,"Montgomery St",40.71942,-74.05099,29272,"Subscriber",1992,1
457,"2018-12-15 17:59:40.9060","2018-12-15 18:07:18.3300",3639,"Harborside",40.7192517,-74.034234,3199,"Newport Pkwy",40.7287448,-74.0321082,29288,"Subscriber",1985,1
444,"2018-12-15 17:59:56.1140","2018-12-15 18:07:20.2570",3639,"Harborside",40.7192517,-74.034234,3199,"Newport Pkwy",40.7287448,-74.0321082,29272,"Subscriber",1988,1
324,"2018-12-15 19:19:09.7590","2018-12-15 19:24:34.1620",3639,"Harborside",40.7192517,-74.034234,3202,"Newport PATH",40.7272235,-74.0337589,26298,"Subscriber",1991,1
352,"2018-12-15 19:57:14.2880","2018-12-15 20:03:06.6500",3639,"Harborside",40.7192517,-74.034234,3202,"Newport PATH",40.7272235,-74.0337589,29675,"Subscriber",1956,1
570,"2018-12-15 20:08:11.5130","2018-12-15 20:17:42.1700",3639,"Harborside",40.7192517,-74.034234,3639,"Harborside",40.7192517,-74.034234,29497,"Subscriber",1988,1
371,"2018-12-16 10:40:31.6240","2018-12-16 10:46:43.0720",3639,"Harborside",40.7192517,-74.034234,3186,"Grove St PATH",40.71958611647166,-74.04311746358871,29283,"Subscriber",1957,1
518,"2018-12-16 12:57:44.5130","2018-12-16 13:06:23.1010",3639,"Harborside",40.7192517,-74.034234,3199,"Newport Pkwy",40.7287448,-74.0321082,29583,"Subscriber",1969,0
432,"2018-12-16 18:34:27.9820","2018-12-16 18:41:40.0440",3639,"Harborside",40.7192517,-74.034234,3278,"Monmouth and 6th",40.72568548362901,-74.04879033565521,29497,"Subscriber",1994,1
352,"2018-12-17 01:42:58.1620","2018-12-17 01:48:51.1570",3639,"Harborside",40.7192517,-74.034234,3199,"Newport Pkwy",40.7287448,-74.0321082,29491,"Subscriber",1987,1
370,"2018-12-17 07:34:05.0260","2018-12-17 07:40:15.8040",3639,"Harborside",40.7192517,-74.034234,3267,"Morris Canal",40.7124188237569,-74.03852552175522,29260,"Subscriber",1957,1
92,"2018-12-17 07:59:52.9300","2018-12-17 08:01:25.8130",3639,"Harborside",40.7192517,-74.034234,3183,"Exchange Place",40.7162469,-74.0334588,26184,"Subscriber",1969,0
343,"2018-12-17 08:21:32.7800","2018-12-17 08:27:16.6370",3639,"Harborside",40.7192517,-74.034234,3273,"Manila & 1st",40.721650724879986,-74.04288411140442,29675,"Subscriber",1995,2
94,"2018-12-17 08:33:35.5970","2018-12-17 08:35:09.9240",3639,"Harborside",40.7192517,-74.034234,3183,"Exchange Place",40.7162469,-74.0334588,29586,"Subscriber",1989,1
288,"2018-12-17 08:58:19.4130","2018-12-17 09:03:07.5560",3639,"Harborside",40.7192517,-74.034234,3202,"Newport PATH",40.7272235,-74.0337589,29437,"Subscriber",1988,1
94,"2018-12-17 09:02:11.9140","2018-12-17 09:03:46.6620",3639,"Harborside",40.7192517,-74.034234,3183,"Exchange Place",40.7162469,-74.0334588,26221,"Subscriber",1990,1
243,"2018-12-17 09:16:17.6660","2018-12-17 09:20:21.0430",3639,"Harborside",40.7192517,-74.034234,3211,"Newark Ave",40.72152515,-74.046304543,29468,"Subscriber",1983,1
326,"2018-12-17 12:14:03.3870","2018-12-17 12:19:29.9140",3639,"Harborside",40.7192517,-74.034234,3202,"Newport PATH",40.7272235,-74.0337589,29458,"Subscriber",1952,2
233,"2018-12-17 12:14:25.4660","2018-12-17 12:18:19.2860",3639,"Harborside",40.7192517,-74.034234,3481,"York St",40.71649,-74.04105,29296,"Subscriber",1957,1
453,"2018-12-17 12:17:01.6890","2018-12-17 12:24:35.2900",3639,"Harborside",40.7192517,-74.034234,3278,"Monmouth and 6th",40.72568548362901,-74.04879033565521,26197,"Subscriber",1994,1
150,"2018-12-17 12:44:59.8810","2018-12-17 12:47:30.3910",3639,"Harborside",40.7192517,-74.034234,3275,"Columbus Drive",40.71835519823214,-74.03891444206238,29533,"Subscriber",1962,1
2266,"2018-12-17 13:00:27.9480","2018-12-17 13:38:14.3430",3639,"Harborside",40.7192517,-74.034234,3639,"Harborside",40.7192517,-74.034234,29678,"Subscriber",1953,1
308,"2018-12-17 13:28:47.3870","2018-12-17 13:33:56.0560",3639,"Harborside",40.7192517,-74.034234,3202,"Newport PATH",40.7272235,-74.0337589,29533,"Subscriber",1969,0
470,"2018-12-17 14:00:31.8530","2018-12-17 14:08:22.5200",3639,"Harborside",40.7192517,-74.034234,3203,"Hamilton Park",40.727595966,-74.044247311,29303,"Subscriber",1982,1
126,"2018-12-17 14:54:27.1080","2018-12-17 14:56:33.8790",3639,"Harborside",40.7192517,-74.034234,3187,"Warren St",40.7211236,-74.03805095,29569,"Subscriber",1969,1
312,"2018-12-17 16:05:06.9090","2018-12-17 16:10:19.8040",3639,"Harborside",40.7192517,-74.034234,3202,"Newport PATH",40.7272235,-74.0337589,29618,"Subscriber",1958,1
3228,"2018-12-17 16:42:01.7180","2018-12-17 17:35:50.6970",3639,"Harborside",40.7192517,-74.034234,3694,"Jackson Square",40.71113,-74.0789,29276,"Subscriber",1973,2
676,"2018-12-17 16:50:06.3890","2018-12-17 17:01:22.7800",3639,"Harborside",40.7192517,-74.034234,3269,"Brunswick & 6th",40.72601172964625,-74.05038893222809,26198,"Subscriber",1972,2
269,"2018-12-17 16:57:59.1350","2018-12-17 17:02:28.9850",3639,"Harborside",40.7192517,-74.034234,3202,"Newport PATH",40.7272235,-74.0337589,29663,"Subscriber",1989,1
212,"2018-12-17 17:14:18.0960","2018-12-17 17:17:50.4790",3639,"Harborside",40.7192517,-74.034234,3275,"Columbus Drive",40.71835519823214,-74.03891444206238,29569,"Subscriber",1993,1
327,"2018-12-17 17:17:00.0660","2018-12-17 17:22:28.0280",3639,"Harborside",40.7192517,-74.034234,3681,"Grand St",40.71517767732029,-74.03768330812454,26295,"Subscriber",1956,1
138,"2018-12-17 17:36:42.7010","2018-12-17 17:39:01.0280",3639,"Harborside",40.7192517,-74.034234,3183,"Exchange Place",40.7162469,-74.0334588,26233,"Subscriber",1981,1
382,"2018-12-17 17:41:13.6380","2018-12-17 17:47:36.4520",3639,"Harborside",40.7192517,-74.034234,3185,"City Hall",40.7177325,-74.043845,29678,"Subscriber",1986,1
270,"2018-12-17 18:03:40.1020","2018-12-17 18:08:10.1730",3639,"Harborside",40.7192517,-74.034234,3276,"Marin Light Rail",40.71458403535893,-74.04281705617905,29671,"Subscriber",1988,1
112,"2018-12-17 18:24:37.8020","2018-12-17 18:26:30.5720",3639,"Harborside",40.7192517,-74.034234,3187,"Warren St",40.7211236,-74.03805095,29468,"Subscriber",1988,1
487,"2018-12-17 18:38:47.6870","2018-12-17 18:46:55.1680",3639,"Harborside",40.7192517,-74.034234,3185,"City Hall",40.7177325,-74.043845,29491,"Subscriber",1985,2
466,"2018-12-17 18:46:34.9130","2018-12-17 18:54:21.2920",3639,"Harborside",40.7192517,-74.034234,3203,"Hamilton Park",40.727595966,-74.044247311,29225,"Subscriber",1987,1
198,"2018-12-17 18:47:56.4500","2018-12-17 18:51:14.9280",3639,"Harborside",40.7192517,-74.034234,3187,"Warren St",40.7211236,-74.03805095,26303,"Subscriber",1969,0
369,"2018-12-17 18:53:08.4570","2018-12-17 18:59:18.3320",3639,"Harborside",40.7192517,-74.034234,3202,"Newport PATH",40.7272235,-74.0337589,26302,"Subscriber",1969,2
260,"2018-12-17 18:56:36.3480","2018-12-17 19:00:56.3500",3639,"Harborside",40.7192517,-74.034234,3183,"Exchange Place",40.7162469,-74.0334588,29276,"Subscriber",1988,1
276,"2018-12-17 19:21:39.6910","2018-12-17 19:26:16.5340",3639,"Harborside",40.7192517,-74.034234,3199,"Newport Pkwy",40.7287448,-74.0321082,26202,"Subscriber",1967,1
807,"2018-12-17 19:21:47.9920","2018-12-17 19:35:15.3780",3639,"Harborside",40.7192517,-74.034234,3194,"McGinley Square",40.7253399253558,-74.06762212514877,29468,"Subscriber",1985,1
2218,"2018-12-18 02:17:16.3940","2018-12-18 02:54:15.3320",3639,"Harborside",40.7192517,-74.034234,3199,"Newport Pkwy",40.7287448,-74.0321082,29120,"Subscriber",1987,1
223,"2018-12-18 07:12:35.2660","2018-12-18 07:16:18.6070",3639,"Harborside",40.7192517,-74.034234,3186,"Grove St PATH",40.71958611647166,-74.04311746358871,26225,"Subscriber",1992,1
246,"2018-12-18 08:13:30.7730","2018-12-18 08:17:37.5610",3639,"Harborside",40.7192517,-74.034234,3202,"Newport PATH",40.7272235,-74.0337589,26258,"Subscriber",1988,1
91,"2018-12-18 09:05:50.7790","2018-12-18 09:07:22.2900",3639,"Harborside",40.7192517,-74.034234,3183,"Exchange Place",40.7162469,-74.0334588,29480,"Subscriber",1990,1
103,"2018-12-18 09:18:03.8840","2018-12-18 09:19:46.9690",3639,"Harborside",40.7192517,-74.034234,3183,"Exchange Place",40.7162469,-74.0334588,29586,"Subscriber",1992,1
292,"2018-12-18 09:22:43.3230","2018-12-18 09:27:36.2500",3639,"Harborside",40.7192517,-74.034234,3202,"Newport PATH",40.7272235,-74.0337589,29646,"Subscriber",1991,1
237,"2018-12-18 11:25:36.3460","2018-12-18 11:29:34.3410",3639,"Harborside",40.7192517,-74.034234,3183,"Exchange Place",40.7162469,-74.0334588,29487,"Subscriber",1988,1
352,"2018-12-18 12:27:58.7380","2018-12-18 12:33:50.8980",3639,"Harborside",40.7192517,-74.034234,3272,"Jersey & 3rd",40.72333158646436,-74.04595255851744,29520,"Subscriber",1966,1
163,"2018-12-18 12:42:17.4460","2018-12-18 12:45:01.1280",3639,"Harborside",40.7192517,-74.034234,3187,"Warren St",40.7211236,-74.03805095,26276,"Subscriber",1952,2
228,"2018-12-18 12:46:54.1450","2018-12-18 12:50:42.7690",3639,"Harborside",40.7192517,-74.034234,3638,"Washington St",40.7242941,-74.0354826,26282,"Subscriber",1973,1
1725,"2018-12-18 13:00:47.5970","2018-12-18 13:29:32.9710",3639,"Harborside",40.7192517,-74.034234,3195,"Sip Ave",40.73074262530658,-74.06378388404846,29458,"Subscriber",1973,2
1238,"2018-12-18 13:02:25.3070","2018-12-18 13:23:04.1250",3639,"Harborside",40.7192517,-74.034234,3639,"Harborside",40.7192517,-74.034234,29605,"Subscriber",1953,1
131,"2018-12-18 15:25:29.8430","2018-12-18 15:27:41.1930",3639,"Harborside",40.7192517,-74.034234,3275,"Columbus Drive",40.71835519823214,-74.03891444206238,26276,"Subscriber",1992,1
595,"2018-12-18 16:43:10.9430","2018-12-18 16:53:06.2300",3639,"Harborside",40.7192517,-74.034234,3192,"Liberty Light Rail",40.7112423,-74.0557013,29587,"Subscriber",1984,1
181,"2018-12-18 17:02:56.5800","2018-12-18 17:05:57.5830",3639,"Harborside",40.7192517,-74.034234,3275,"Columbus Drive",40.71835519823214,-74.03891444206238,29528,"Subscriber",1987,1
124,"2018-12-18 17:17:15.8730","2018-12-18 17:19:20.7260",3639,"Harborside",40.7192517,-74.034234,3275,"Columbus Drive",40.71835519823214,-74.03891444206238,29199,"Subscriber",1993,1
328,"2018-12-18 17:30:19.0920","2018-12-18 17:35:47.5640",3639,"Harborside",40.7192517,-74.034234,3185,"City Hall",40.7177325,-74.043845,26211,"Subscriber",1986,1
296,"2018-12-18 18:41:20.8110","2018-12-18 18:46:17.6440",3639,"Harborside",40.7192517,-74.034234,3202,"Newport PATH",40.7272235,-74.0337589,29552,"Subscriber",1991,2
474,"2018-12-18 18:51:26.5520","2018-12-18 18:59:20.9600",3639,"Harborside",40.7192517,-74.034234,3203,"Hamilton Park",40.727595966,-74.044247311,29520,"Subscriber",1987,1
434,"2018-12-18 19:04:53.7710","2018-12-18 19:12:07.8950",3639,"Harborside",40.7192517,-74.034234,3278,"Monmouth and 6th",40.72568548362901,-74.04879033565521,29646,"Subscriber",1994,1
550,"2018-12-18 19:13:56.3610","2018-12-18 19:23:06.9660",3639,"Harborside",40.7192517,-74.034234,3269,"Brunswick & 6th",40.72601172964625,-74.05038893222809,29605,"Subscriber",1986,1
764,"2018-12-18 19:27:47.5340","2018-12-18 19:40:32.2640",3639,"Harborside",40.7192517,-74.034234,3192,"Liberty Light Rail",40.7112423,-74.0557013,29208,"Subscriber",1971,2
235,"2018-12-18 19:45:35.6920","2018-12-18 19:49:31.1790",3639,"Harborside",40.7192517,-74.034234,3184,"Paulus Hook",40.7141454,-74.0335519,26236,"Subscriber",1985,1
94,"2018-12-19 06:09:21.3630","2018-12-19 06:10:55.6620",3639,"Harborside",40.7192517,-74.034234,3183,"Exchange Place",40.7162469,-74.0334588,26247,"Subscriber",1988,1
112,"2018-12-19 08:24:48.3970","2018-12-19 08:26:40.7830",3639,"Harborside",40.7192517,-74.034234,3183,"Exchange Place",40.7162469,-74.0334588,26294,"Subscriber",1992,1
713,"2018-12-19 08:45:45.5420","2018-12-19 08:57:38.7920",3639,"Harborside",40.7192517,-74.034234,3206,"Hilltop",40.7311689,-74.0575736,29295,"Subscriber",1979,1
85,"2018-12-19 09:10:28.4430","2018-12-19 09:11:53.5000",3639,"Harborside",40.7192517,-74.034234,3183,"Exchange Place",40.7162469,-74.0334588,26208,"Subscriber",1990,1
127,"2018-12-19 09:55:01.7100","2018-12-19 09:57:09.5320",3639,"Harborside",40.7192517,-74.034234,3183,"Exchange Place",40.7162469,-74.0334588,29513,"Subscriber",1963,1
535,"2018-12-19 12:43:09.3220","2018-12-19 12:52:04.7490",3639,"Harborside",40.7192517,-74.034234,3203,"Hamilton Park",40.727595966,-74.044247311,26283,"Subscriber",1987,1
412,"2018-12-19 13:57:23.3080","2018-12-19 14:04:15.9820",3639,"Harborside",40.7192517,-74.034234,3483,"Montgomery St",40.71942,-74.05099,29304,"Subscriber",1980,1
451,"2018-12-19 14:13:00.4500","2018-12-19 14:20:31.9300",3639,"Harborside",40.7192517,-74.034234,3203,"Hamilton Park",40.727595966,-74.044247311,26215,"Subscriber",1966,1
469,"2018-12-19 14:41:50.5520","2018-12-19 14:49:40.1250",3639,"Harborside",40.7192517,-74.034234,3203,"Hamilton Park",40.727595966,-74.044247311,26160,"Subscriber",1987,1
637,"2018-12-19 16:02:34.9490","2018-12-19 16:13:12.9410",3639,"Harborside",40.7192517,-74.034234,3213,"Van Vorst Park",40.71848892,-74.047726625,29263,"Subscriber",1966,1
602,"2018-12-19 16:48:54.4530","2018-12-19 16:58:56.8110",3639,"Harborside",40.7192517,-74.034234,3192,"Liberty Light Rail",40.7112423,-74.0557013,26153,"Subscriber",1984,1
543,"2018-12-19 17:11:15.7080","2018-12-19 17:20:18.7580",3639,"Harborside",40.7192517,-74.034234,3269,"Brunswick & 6th",40.72601172964625,-74.05038893222809,29527,"Subscriber",1972,2
276,"2018-12-19 17:25:15.7190","2018-12-19 17:29:51.8080",3639,"Harborside",40.7192517,-74.034234,3186,"Grove St PATH",40.71958611647166,-74.04311746358871,29246,"Subscriber",1953,1
265,"2018-12-19 17:25:52.8210","2018-12-19 17:30:17.9030",3639,"Harborside",40.7192517,-74.034234,3202,"Newport PATH",40.7272235,-74.0337589,26172,"Subscriber",1989,1
149,"2018-12-19 17:45:19.8770","2018-12-19 17:47:48.9560",3639,"Harborside",40.7192517,-74.034234,3275,"Columbus Drive",40.71835519823214,-74.03891444206238,26212,"Subscriber",1987,1
452,"2018-12-19 17:57:10.3760","2018-12-19 18:04:43.0810",3639,"Harborside",40.7192517,-74.034234,3186,"Grove St PATH",40.71958611647166,-74.04311746358871,29576,"Subscriber",1981,2
265,"2018-12-19 18:13:38.5980","2018-12-19 18:18:04.5330",3639,"Harborside",40.7192517,-74.034234,3202,"Newport PATH",40.7272235,-74.0337589,29671,"Subscriber",1991,2
256,"2018-12-19 18:25:27.7420","2018-12-19 18:29:44.6170",3639,"Harborside",40.7192517,-74.034234,3202,"Newport PATH",40.7272235,-74.0337589,29204,"Subscriber",1970,1
421,"2018-12-19 18:28:58.7560","2018-12-19 18:35:59.8670",3639,"Harborside",40.7192517,-74.034234,3202,"Newport PATH",40.7272235,-74.0337589,29498,"Subscriber",1995,1
300,"2018-12-19 19:31:20.0820","2018-12-19 19:36:20.8830",3639,"Harborside",40.7192517,-74.034234,3202,"Newport PATH",40.7272235,-74.0337589,29662,"Subscriber",1980,1
262,"2018-12-19 20:11:49.4710","2018-12-19 20:16:12.0860",3639,"Harborside",40.7192517,-74.034234,3202,"Newport PATH",40.7272235,-74.0337589,29485,"Subscriber",1964,1
87,"2018-12-20 06:07:41.2490","2018-12-20 06:09:08.3950",3639,"Harborside",40.7192517,-74.034234,3183,"Exchange Place",40.7162469,-74.0334588,29658,"Subscriber",1988,1
315,"2018-12-20 07:10:38.6180","2018-12-20 07:15:54.3150",3639,"Harborside",40.7192517,-74.034234,3267,"Morris Canal",40.7124188237569,-74.03852552175522,29608,"Subscriber",1957,1
1209,"2018-12-20 07:18:24.6860","2018-12-20 07:38:34.6030",3639,"Harborside",40.7192517,-74.034234,3195,"Sip Ave",40.73074262530658,-74.06378388404846,29263,"Subscriber",1984,1
293,"2018-12-20 07:26:43.9140","2018-12-20 07:31:37.8200",3639,"Harborside",40.7192517,-74.034234,3214,"Essex Light Rail",40.7127742,-74.0364857,26247,"Subscriber",1973,1
105,"2018-12-20 07:46:52.0340","2018-12-20 07:48:37.8660",3639,"Harborside",40.7192517,-74.034234,3183,"Exchange Place",40.7162469,-74.0334588,29215,"Subscriber",1969,0
143,"2018-12-20 08:25:26.9520","2018-12-20 08:27:50.5340",3639,"Harborside",40.7192517,-74.034234,3638,"Washington St",40.7242941,-74.0354826,29527,"Subscriber",1989,1
82,"2018-12-20 08:25:55.4920","2018-12-20 08:27:18.3700",3639,"Harborside",40.7192517,-74.034234,3183,"Exchange Place",40.7162469,-74.0334588,29122,"Subscriber",1990,1
287,"2018-12-20 08:34:26.0820","2018-12-20 08:39:13.1140",3639,"Harborside",40.7192517,-74.034234,3202,"Newport PATH",40.7272235,-74.0337589,29485,"Subscriber",1990,1
112,"2018-12-20 08:37:43.5350","2018-12-20 08:39:35.9210",3639,"Harborside",40.7192517,-74.034234,3183,"Exchange Place",40.7162469,-74.0334588,29652,"Subscriber",1989,1
323,"2018-12-20 08:50:33.3120","2018-12-20 08:55:57.0680",3639,"Harborside",40.7192517,-74.034234,3203,"Hamilton Park",40.727595966,-74.044247311,29484,"Subscriber",1987,1
215,"2018-12-20 09:03:52.0330","2018-12-20 09:07:27.4180",3639,"Harborside",40.7192517,-74.034234,3184,"Paulus Hook",40.7141454,-74.0335519,29602,"Subscriber",1992,1
244,"2018-12-20 09:03:52.1160","2018-12-20 09:07:56.7570",3639,"Harborside",40.7192517,-74.034234,3184,"Paulus Hook",40.7141454,-74.0335519,29552,"Subscriber",1991,2
276,"2018-12-20 09:23:32.1940","2018-12-20 09:28:08.5250",3639,"Harborside",40.7192517,-74.034234,3202,"Newport PATH",40.7272235,-74.0337589,29439,"Subscriber",1988,1
398,"2018-12-20 09:55:04.9650","2018-12-20 10:01:43.6560",3639,"Harborside",40.7192517,-74.034234,3199,"Newport Pkwy",40.7287448,-74.0321082,29492,"Subscriber",1991,1
146,"2018-12-20 10:13:57.0420","2018-12-20 10:16:23.5550",3639,"Harborside",40.7192517,-74.034234,3681,"Grand St",40.71517767732029,-74.03768330812454,26278,"Subscriber",1985,1
354,"2018-12-20 10:49:43.9620","2018-12-20 10:55:38.0950",3639,"Harborside",40.7192517,-74.034234,3481,"York St",40.71649,-74.04105,29675,"Subscriber",1957,1
268,"2018-12-20 11:13:02.3050","2018-12-20 11:17:31.2150",3639,"Harborside",40.7192517,-74.034234,3202,"Newport PATH",40.7272235,-74.0337589,26170,"Subscriber",1949,1
890,"2018-12-20 12:38:35.2730","2018-12-20 12:53:25.8750",3639,"Harborside",40.7192517,-74.034234,3639,"Harborside",40.7192517,-74.034234,29582,"Subscriber",1989,1
386,"2018-12-20 14:05:37.7330","2018-12-20 14:12:04.2800",3639,"Harborside",40.7192517,-74.034234,3278,"Monmouth and 6th",40.72568548362901,-74.04879033565521,29500,"Subscriber",1987,1
293,"2018-12-20 15:06:09.3320","2018-12-20 15:11:02.8430",3639,"Harborside",40.7192517,-74.034234,3267,"Morris Canal",40.7124188237569,-74.03852552175522,29525,"Subscriber",1982,1
232,"2018-12-20 15:53:17.8100","2018-12-20 15:57:10.7800",3639,"Harborside",40.7192517,-74.034234,3184,"Paulus Hook",40.7141454,-74.0335519,26170,"Subscriber",1981,2
278,"2018-12-20 16:45:19.1130","2018-12-20 16:49:57.1870",3639,"Harborside",40.7192517,-74.034234,3186,"Grove St PATH",40.71958611647166,-74.04311746358871,29582,"Subscriber",1986,1
371,"2018-12-20 18:04:10.0150","2018-12-20 18:10:21.6340",3639,"Harborside",40.7192517,-74.034234,3211,"Newark Ave",40.72152515,-74.046304543,29210,"Subscriber",1976,2
426,"2018-12-20 18:51:26.5280","2018-12-20 18:58:33.4460",3639,"Harborside",40.7192517,-74.034234,3203,"Hamilton Park",40.727595966,-74.044247311,26291,"Subscriber",1987,1
259,"2018-12-20 18:57:23.7300","2018-12-20 19:01:43.5490",3639,"Harborside",40.7192517,-74.034234,3199,"Newport Pkwy",40.7287448,-74.0321082,29245,"Subscriber",1967,1
309,"2018-12-20 20:07:19.5800","2018-12-20 20:12:29.3270",3639,"Harborside",40.7192517,-74.034234,3199,"Newport Pkwy",40.7287448,-74.0321082,29671,"Subscriber",1980,1
257,"2018-12-21 09:42:12.2090","2018-12-21 09:46:29.5400",3639,"Harborside",40.7192517,-74.034234,3202,"Newport PATH",40.7272235,-74.0337589,26204,"Subscriber",1988,1
340,"2018-12-21 09:45:55.5810","2018-12-21 09:51:35.7780",3639,"Harborside",40.7192517,-74.034234,3202,"Newport PATH",40.7272235,-74.0337589,26164,"Subscriber",1991,1
456,"2018-12-21 14:28:03.5530","2018-12-21 14:35:40.0680",3639,"Harborside",40.7192517,-74.034234,3203,"Hamilton Park",40.727595966,-74.044247311,29536,"Subscriber",1980,1
461,"2018-12-21 15:03:14.8040","2018-12-21 15:10:55.9940",3639,"Harborside",40.7192517,-74.034234,3279,"Dixon Mills",40.721630142638354,-74.04996782541275,29468,"Subscriber",1988,1
375,"2018-12-21 16:40:25.1940","2018-12-21 16:46:40.7330",3639,"Harborside",40.7192517,-74.034234,3214,"Essex Light Rail",40.7127742,-74.0364857,29233,"Subscriber",1978,1
258,"2018-12-21 17:04:28.3280","2018-12-21 17:08:46.7120",3639,"Harborside",40.7192517,-74.034234,3202,"Newport PATH",40.7272235,-74.0337589,26255,"Subscriber",1989,1
160,"2018-12-21 17:07:37.7380","2018-12-21 17:10:18.0120",3639,"Harborside",40.7192517,-74.034234,3275,"Columbus Drive",40.71835519823214,-74.03891444206238,29499,"Subscriber",1993,1
293,"2018-12-21 17:12:51.6850","2018-12-21 17:17:45.2940",3639,"Harborside",40.7192517,-74.034234,3638,"Washington St",40.7242941,-74.0354826,29262,"Subscriber",1990,1
716,"2018-12-21 17:13:35.9830","2018-12-21 17:25:32.7960",3639,"Harborside",40.7192517,-74.034234,3209,"Brunswick St",40.7241765,-74.0506564,29665,"Subscriber",1987,1
189,"2018-12-21 17:45:43.8260","2018-12-21 17:48:53.1980",3639,"Harborside",40.7192517,-74.034234,3187,"Warren St",40.7211236,-74.03805095,29526,"Subscriber",1969,0
435,"2018-12-21 18:06:58.6580","2018-12-21 18:14:14.1550",3639,"Harborside",40.7192517,-74.034234,3203,"Hamilton Park",40.727595966,-74.044247311,29544,"Subscriber",1987,1
162,"2018-12-21 18:12:23.9930","2018-12-21 18:15:06.2660",3639,"Harborside",40.7192517,-74.034234,3275,"Columbus Drive",40.71835519823214,-74.03891444206238,29681,"Subscriber",1987,1
239,"2018-12-21 18:53:51.4590","2018-12-21 18:57:50.5450",3639,"Harborside",40.7192517,-74.034234,3202,"Newport PATH",40.7272235,-74.0337589,29276,"Subscriber",1980,1
323,"2018-12-22 01:35:39.4250","2018-12-22 01:41:02.7800",3639,"Harborside",40.7192517,-74.034234,3213,"Van Vorst Park",40.71848892,-74.047726625,26192,"Subscriber",1983,1
350,"2018-12-22 10:25:31.2710","2018-12-22 10:31:21.5450",3639,"Harborside",40.7192517,-74.034234,3214,"Essex Light Rail",40.7127742,-74.0364857,26153,"Subscriber",1973,1
234,"2018-12-22 12:13:24.1400","2018-12-22 12:17:18.2690",3639,"Harborside",40.7192517,-74.034234,3481,"York St",40.71649,-74.04105,29124,"Subscriber",1979,1
812,"2018-12-22 12:14:49.8280","2018-12-22 12:28:22.0820",3639,"Harborside",40.7192517,-74.034234,3483,"Montgomery St",40.71942,-74.05099,29443,"Subscriber",1992,1
599,"2018-12-22 12:16:47.7000","2018-12-22 12:26:47.0500",3639,"Harborside",40.7192517,-74.034234,3278,"Monmouth and 6th",40.72568548362901,-74.04879033565521,26291,"Subscriber",1994,1
257,"2018-12-22 13:11:58.2190","2018-12-22 13:16:15.3020",3639,"Harborside",40.7192517,-74.034234,3186,"Grove St PATH",40.71958611647166,-74.04311746358871,26292,"Subscriber",1992,1
263,"2018-12-22 13:23:25.9290","2018-12-22 13:27:49.0140",3639,"Harborside",40.7192517,-74.034234,3202,"Newport PATH",40.7272235,-74.0337589,29619,"Subscriber",1988,1
359,"2018-12-22 14:39:16.3680","2018-12-22 14:45:15.9860",3639,"Harborside",40.7192517,-74.034234,3481,"York St",40.71649,-74.04105,29541,"Customer",1985,1
459,"2018-12-22 17:19:05.9190","2018-12-22 17:26:45.2670",3639,"Harborside",40.7192517,-74.034234,3209,"Brunswick St",40.7241765,-74.0506564,29676,"Subscriber",1984,1
120,"2018-12-22 18:19:53.4350","2018-12-22 18:21:54.1110",3639,"Harborside",40.7192517,-74.034234,3183,"Exchange Place",40.7162469,-74.0334588,29598,"Subscriber",1991,1
389,"2018-12-22 19:56:43.1230","2018-12-22 20:03:12.3740",3639,"Harborside",40.7192517,-74.034234,3199,"Newport Pkwy",40.7287448,-74.0321082,29671,"Subscriber",1969,1
209,"2018-12-22 23:38:09.7000","2018-12-22 23:41:39.1360",3639,"Harborside",40.7192517,-74.034234,3202,"Newport PATH",40.7272235,-74.0337589,26175,"Subscriber",1980,1
327,"2018-12-22 23:43:26.6170","2018-12-22 23:48:54.4380",3639,"Harborside",40.7192517,-74.034234,3199,"Newport Pkwy",40.7287448,-74.0321082,29468,"Subscriber",1987,1
225,"2018-12-23 07:47:52.2700","2018-12-23 07:51:38.0870",3639,"Harborside",40.7192517,-74.034234,3275,"Columbus Drive",40.71835519823214,-74.03891444206238,29443,"Subscriber",1985,2
423,"2018-12-23 09:15:26.2380","2018-12-23 09:22:29.5890",3639,"Harborside",40.7192517,-74.034234,3199,"Newport Pkwy",40.7287448,-74.0321082,29264,"Subscriber",1994,2
511,"2018-12-23 09:59:50.7540","2018-12-23 10:08:22.4610",3639,"Harborside",40.7192517,-74.034234,3483,"Montgomery St",40.71942,-74.05099,26276,"Subscriber",1992,1
1111,"2018-12-23 10:12:31.6160","2018-12-23 10:31:03.1350",3639,"Harborside",40.7192517,-74.034234,3639,"Harborside",40.7192517,-74.034234,29469,"Subscriber",1992,1
155,"2018-12-23 12:03:41.1110","2018-12-23 12:06:16.5260",3639,"Harborside",40.7192517,-74.034234,3638,"Washington St",40.7242941,-74.0354826,29681,"Subscriber",1990,1
444,"2018-12-23 12:27:34.2890","2018-12-23 12:34:58.8510",3639,"Harborside",40.7192517,-74.034234,3199,"Newport Pkwy",40.7287448,-74.0321082,26311,"Subscriber",1986,1
335,"2018-12-23 13:03:12.5870","2018-12-23 13:08:47.9230",3639,"Harborside",40.7192517,-74.034234,3199,"Newport Pkwy",40.7287448,-74.0321082,29677,"Subscriber",1987,1
127,"2018-12-23 14:28:02.0690","2018-12-23 14:30:09.1850",3639,"Harborside",40.7192517,-74.034234,3183,"Exchange Place",40.7162469,-74.0334588,29681,"Subscriber",1981,1
618,"2018-12-23 14:46:49.9170","2018-12-23 14:57:08.1950",3639,"Harborside",40.7192517,-74.034234,3639,"Harborside",40.7192517,-74.034234,29527,"Subscriber",1988,1
608,"2018-12-23 14:46:58.5000","2018-12-23 14:57:06.8390",3639,"Harborside",40.7192517,-74.034234,3639,"Harborside",40.7192517,-74.034234,29125,"Subscriber",1985,1
303,"2018-12-23 15:57:56.8410","2018-12-23 16:03:00.4570",3639,"Harborside",40.7192517,-74.034234,3199,"Newport Pkwy",40.7287448,-74.0321082,26304,"Subscriber",1980,1
1421,"2018-12-23 16:12:56.3030","2018-12-23 16:36:37.6070",3639,"Harborside",40.7192517,-74.034234,3267,"Morris Canal",40.7124188237569,-74.03852552175522,29277,"Subscriber",1994,0
1016,"2018-12-23 17:07:59.8280","2018-12-23 17:24:56.6620",3639,"Harborside",40.7192517,-74.034234,3279,"Dixon Mills",40.721630142638354,-74.04996782541275,29450,"Subscriber",1970,1
168,"2018-12-23 17:09:57.5860","2018-12-23 17:12:46.0670",3639,"Harborside",40.7192517,-74.034234,3639,"Harborside",40.7192517,-74.034234,29453,"Subscriber",1982,2
610,"2018-12-23 17:14:33.4760","2018-12-23 17:24:43.6790",3639,"Harborside",40.7192517,-74.034234,3279,"Dixon Mills",40.721630142638354,-74.04996782541275,29453,"Subscriber",1982,2
1181,"2018-12-23 17:44:14.6910","2018-12-23 18:03:56.6560",3639,"Harborside",40.7192517,-74.034234,3194,"McGinley Square",40.7253399253558,-74.06762212514877,29496,"Subscriber",1973,2
167,"2018-12-23 18:50:58.2550","2018-12-23 18:53:46.1400",3639,"Harborside",40.7192517,-74.034234,3275,"Columbus Drive",40.71835519823214,-74.03891444206238,26167,"Subscriber",1991,1
99,"2018-12-24 07:48:46.8810","2018-12-24 07:50:26.8130",3639,"Harborside",40.7192517,-74.034234,3183,"Exchange Place",40.7162469,-74.0334588,29199,"Subscriber",1969,0
359,"2018-12-24 10:29:56.1280","2018-12-24 10:35:55.1350",3639,"Harborside",40.7192517,-74.034234,3199,"Newport Pkwy",40.7287448,-74.0321082,26167,"Subscriber",1949,1
229,"2018-12-24 11:34:25.9490","2018-12-24 11:38:15.9320",3639,"Harborside",40.7192517,-74.034234,3202,"Newport PATH",40.7272235,-74.0337589,29607,"Subscriber",1980,1
276,"2018-12-24 11:58:30.4950","2018-12-24 12:03:06.6890",3639,"Harborside",40.7192517,-74.034234,3202,"Newport PATH",40.7272235,-74.0337589,29297,"Subscriber",1952,2
246,"2018-12-24 12:59:47.4100","2018-12-24 13:03:54.1180",3639,"Harborside",40.7192517,-74.034234,3202,"Newport PATH",40.7272235,-74.0337589,29469,"Subscriber",1971,2
580,"2018-12-24 14:13:12.5170","2018-12-24 14:22:52.9100",3639,"Harborside",40.7192517,-74.034234,3192,"Liberty Light Rail",40.7112423,-74.0557013,26271,"Subscriber",1984,1
241,"2018-12-24 14:48:59.9860","2018-12-24 14:53:01.4730",3639,"Harborside",40.7192517,-74.034234,3681,"Grand St",40.71517767732029,-74.03768330812454,26298,"Subscriber",1988,1
241,"2018-12-24 14:48:53.2280","2018-12-24 14:52:54.3660",3639,"Harborside",40.7192517,-74.034234,3681,"Grand St",40.71517767732029,-74.03768330812454,29552,"Subscriber",1985,1
136,"2018-12-24 15:34:29.2650","2018-12-24 15:36:45.8760",3639,"Harborside",40.7192517,-74.034234,3275,"Columbus Drive",40.71835519823214,-74.03891444206238,29500,"Subscriber",1987,1
500,"2018-12-24 16:27:36.8910","2018-12-24 16:35:57.3780",3639,"Harborside",40.7192517,-74.034234,3199,"Newport Pkwy",40.7287448,-74.0321082,26167,"Subscriber",1949,1
614,"2018-12-24 16:34:36.9360","2018-12-24 16:44:51.0610",3639,"Harborside",40.7192517,-74.034234,3203,"Hamilton Park",40.727595966,-74.044247311,29658,"Subscriber",1985,2
456,"2018-12-24 16:59:34.3620","2018-12-24 17:07:10.3630",3639,"Harborside",40.7192517,-74.034234,3270,"Jersey & 6th St",40.72528910781132,-74.04557168483734,26170,"Subscriber",1954,1
245,"2018-12-24 17:19:03.5350","2018-12-24 17:23:09.5260",3639,"Harborside",40.7192517,-74.034234,3186,"Grove St PATH",40.71958611647166,-74.04311746358871,29125,"Subscriber",1993,1
169,"2018-12-24 18:13:52.0090","2018-12-24 18:16:41.4820",3639,"Harborside",40.7192517,-74.034234,3183,"Exchange Place",40.7162469,-74.0334588,29273,"Subscriber",1991,1
287,"2018-12-24 21:04:01.6850","2018-12-24 21:08:49.0130",3639,"Harborside",40.7192517,-74.034234,3186,"Grove St PATH",40.71958611647166,-74.04311746358871,29259,"Subscriber",1981,1
281,"2018-12-25 06:58:33.6540","2018-12-25 07:03:15.4440",3639,"Harborside",40.7192517,-74.034234,3638,"Washington St",40.7242941,-74.0354826,29598,"Customer",1998,1
136,"2018-12-25 13:58:17.3540","2018-12-25 14:00:33.5600",3639,"Harborside",40.7192517,-74.034234,3183,"Exchange Place",40.7162469,-74.0334588,29547,"Subscriber",1988,1
110,"2018-12-25 13:58:39.3810","2018-12-25 14:00:29.6210",3639,"Harborside",40.7192517,-74.034234,3183,"Exchange Place",40.7162469,-74.0334588,26203,"Subscriber",1985,1
216,"2018-12-25 14:28:59.4640","2018-12-25 14:32:35.7270",3639,"Harborside",40.7192517,-74.034234,3202,"Newport PATH",40.7272235,-74.0337589,29297,"Subscriber",1988,1
160,"2018-12-25 14:41:09.8220","2018-12-25 14:43:50.0160",3639,"Harborside",40.7192517,-74.034234,3638,"Washington St",40.7242941,-74.0354826,29544,"Subscriber",1990,1
253,"2018-12-25 14:49:50.9640","2018-12-25 14:54:04.1150",3639,"Harborside",40.7192517,-74.034234,3186,"Grove St PATH",40.71958611647166,-74.04311746358871,29652,"Subscriber",1981,1
330,"2018-12-25 16:55:13.2260","2018-12-25 17:00:43.9220",3639,"Harborside",40.7192517,-74.034234,3273,"Manila & 1st",40.721650724879986,-74.04288411140442,26255,"Subscriber",1990,1
665,"2018-12-25 17:27:06.7210","2018-12-25 17:38:12.3130",3639,"Harborside",40.7192517,-74.034234,3269,"Brunswick & 6th",40.72601172964625,-74.05038893222809,29230,"Subscriber",1969,0
318,"2018-12-25 18:05:50.7080","2018-12-25 18:11:09.1530",3639,"Harborside",40.7192517,-74.034234,3267,"Morris Canal",40.7124188237569,-74.03852552175522,29259,"Subscriber",1983,1
108,"2018-12-26 07:39:49.3550","2018-12-26 07:41:37.6270",3639,"Harborside",40.7192517,-74.034234,3183,"Exchange Place",40.7162469,-74.0334588,29296,"Subscriber",1969,0
105,"2018-12-26 09:09:02.5780","2018-12-26 09:10:47.9350",3639,"Harborside",40.7192517,-74.034234,3183,"Exchange Place",40.7162469,-74.0334588,29125,"Subscriber",1990,1
333,"2018-12-26 09:19:20.6040","2018-12-26 09:24:53.8920",3639,"Harborside",40.7192517,-74.034234,3202,"Newport PATH",40.7272235,-74.0337589,29288,"Subscriber",1981,1
429,"2018-12-26 09:22:57.2060","2018-12-26 09:30:06.9490",3639,"Harborside",40.7192517,-74.034234,3278,"Monmouth and 6th",40.72568548362901,-74.04879033565521,29550,"Subscriber",1994,1
116,"2018-12-26 12:15:05.0020","2018-12-26 12:17:01.0630",3639,"Harborside",40.7192517,-74.034234,3183,"Exchange Place",40.7162469,-74.0334588,29640,"Subscriber",1988,1
105,"2018-12-26 12:15:13.0270","2018-12-26 12:16:58.3400",3639,"Harborside",40.7192517,-74.034234,3183,"Exchange Place",40.7162469,-74.0334588,26264,"Subscriber",1985,1
306,"2018-12-26 12:17:29.3890","2018-12-26 12:22:35.6580",3639,"Harborside",40.7192517,-74.034234,3272,"Jersey & 3rd",40.72333158646436,-74.04595255851744,29228,"Subscriber",1966,1
273,"2018-12-26 12:22:56.0800","2018-12-26 12:27:30.0420",3639,"Harborside",40.7192517,-74.034234,3211,"Newark Ave",40.72152515,-74.046304543,29597,"Subscriber",1983,1
2341,"2018-12-26 12:34:31.4490","2018-12-26 13:13:33.4300",3639,"Harborside",40.7192517,-74.034234,3192,"Liberty Light Rail",40.7112423,-74.0557013,29610,"Subscriber",1963,1
547,"2018-12-26 14:15:20.3250","2018-12-26 14:24:27.4100",3639,"Harborside",40.7192517,-74.034234,3203,"Hamilton Park",40.727595966,-74.044247311,29228,"Subscriber",1975,2
266,"2018-12-26 14:38:36.0830","2018-12-26 14:43:03.0190",3639,"Harborside",40.7192517,-74.034234,3202,"Newport PATH",40.7272235,-74.0337589,29457,"Subscriber",1990,1
158,"2018-12-26 16:07:34.0970","2018-12-26 16:10:12.5160",3639,"Harborside",40.7192517,-74.034234,3275,"Columbus Drive",40.71835519823214,-74.03891444206238,26294,"Subscriber",1983,1
363,"2018-12-26 16:11:19.9730","2018-12-26 16:17:23.1490",3639,"Harborside",40.7192517,-74.034234,3276,"Marin Light Rail",40.71458403535893,-74.04281705617905,26259,"Subscriber",1972,1
625,"2018-12-26 16:40:01.4700","2018-12-26 16:50:26.8330",3639,"Harborside",40.7192517,-74.034234,3192,"Liberty Light Rail",40.7112423,-74.0557013,26275,"Subscriber",1984,1
1817,"2018-12-26 17:16:52.9420","2018-12-26 17:47:10.0150",3639,"Harborside",40.7192517,-74.034234,3192,"Liberty Light Rail",40.7112423,-74.0557013,29296,"Subscriber",1971,2
353,"2018-12-26 18:09:12.1830","2018-12-26 18:15:05.4850",3639,"Harborside",40.7192517,-74.034234,3272,"Jersey & 3rd",40.72333158646436,-74.04595255851744,29502,"Subscriber",1966,1
378,"2018-12-26 18:17:53.4560","2018-12-26 18:24:11.6230",3639,"Harborside",40.7192517,-74.034234,3270,"Jersey & 6th St",40.72528910781132,-74.04557168483734,29521,"Subscriber",1954,1
388,"2018-12-26 18:30:03.7050","2018-12-26 18:36:32.1490",3639,"Harborside",40.7192517,-74.034234,3203,"Hamilton Park",40.727595966,-74.044247311,26261,"Subscriber",1987,1
322,"2018-12-26 18:37:09.7290","2018-12-26 18:42:32.2770",3639,"Harborside",40.7192517,-74.034234,3214,"Essex Light Rail",40.7127742,-74.0364857,29610,"Subscriber",1985,2
728,"2018-12-26 18:45:15.1910","2018-12-26 18:57:23.6680",3639,"Harborside",40.7192517,-74.034234,3270,"Jersey & 6th St",40.72528910781132,-74.04557168483734,29655,"Subscriber",1988,1
685,"2018-12-26 18:45:57.9480","2018-12-26 18:57:23.5760",3639,"Harborside",40.7192517,-74.034234,3270,"Jersey & 6th St",40.72528910781132,-74.04557168483734,29304,"Subscriber",1988,2
256,"2018-12-26 19:16:44.1780","2018-12-26 19:21:00.7700",3639,"Harborside",40.7192517,-74.034234,3186,"Grove St PATH",40.71958611647166,-74.04311746358871,29297,"Subscriber",1989,1
275,"2018-12-26 20:02:02.1970","2018-12-26 20:06:37.5220",3639,"Harborside",40.7192517,-74.034234,3211,"Newark Ave",40.72152515,-74.046304543,29492,"Subscriber",1983,1
680,"2018-12-26 21:05:44.4240","2018-12-26 21:17:05.1620",3639,"Harborside",40.7192517,-74.034234,3640,"Journal Square",40.73367,-74.0625,29556,"Subscriber",1985,2
373,"2018-12-26 22:10:05.0860","2018-12-26 22:16:18.8680",3639,"Harborside",40.7192517,-74.034234,3202,"Newport PATH",40.7272235,-74.0337589,29547,"Subscriber",1985,2
92,"2018-12-27 07:48:45.2080","2018-12-27 07:50:18.1550",3639,"Harborside",40.7192517,-74.034234,3183,"Exchange Place",40.7162469,-74.0334588,29499,"Subscriber",1969,0
91,"2018-12-27 08:26:29.5170","2018-12-27 08:28:00.8440",3639,"Harborside",40.7192517,-74.034234,3183,"Exchange Place",40.7162469,-74.0334588,29468,"Subscriber",1990,1
290,"2018-12-27 09:02:29.9230","2018-12-27 09:07:20.6780",3639,"Harborside",40.7192517,-74.034234,3202,"Newport PATH",40.7272235,-74.0337589,26268,"Subscriber",1981,1
101,"2018-12-27 10:20:21.7850","2018-12-27 10:22:03.1690",3639,"Harborside",40.7192517,-74.034234,3183,"Exchange Place",40.7162469,-74.0334588,29219,"Subscriber",1988,1
4835,"2018-12-27 11:18:02.3630","2018-12-27 12:38:37.6330",3639,"Harborside",40.7192517,-74.034234,3184,"Paulus Hook",40.7141454,-74.0335519,29297,"Customer",1990,2
4723,"2018-12-27 11:19:38.0070","2018-12-27 12:38:21.1360",3639,"Harborside",40.7192517,-74.034234,3184,"Paulus Hook",40.7141454,-74.0335519,29236,"Customer",1992,2
4642,"2018-12-27 11:21:10.6200","2018-12-27 12:38:33.1710",3639,"Harborside",40.7192517,-74.034234,3184,"Paulus Hook",40.7141454,-74.0335519,29598,"Customer",1969,0
386,"2018-12-27 11:30:42.3080","2018-12-27 11:37:08.4580",3639,"Harborside",40.7192517,-74.034234,3213,"Van Vorst Park",40.71848892,-74.047726625,29605,"Subscriber",1969,0
210,"2018-12-27 11:47:15.5160","2018-12-27 11:50:46.2420",3639,"Harborside",40.7192517,-74.034234,3638,"Washington St",40.7242941,-74.0354826,29450,"Subscriber",1971,2
898,"2018-12-27 12:35:32.3820","2018-12-27 12:50:30.5630",3639,"Harborside",40.7192517,-74.034234,3192,"Liberty Light Rail",40.7112423,-74.0557013,29586,"Subscriber",1992,1
897,"2018-12-27 12:35:41.3640","2018-12-27 12:50:38.6900",3639,"Harborside",40.7192517,-74.034234,3192,"Liberty Light Rail",40.7112423,-74.0557013,26206,"Subscriber",1988,2
81,"2018-12-27 12:41:29.1260","2018-12-27 12:42:50.4340",3639,"Harborside",40.7192517,-74.034234,3183,"Exchange Place",40.7162469,-74.0334588,26244,"Subscriber",1985,1
525,"2018-12-27 12:47:24.8120","2018-12-27 12:56:10.4910",3639,"Harborside",40.7192517,-74.034234,3213,"Van Vorst Park",40.71848892,-74.047726625,29597,"Subscriber",1966,1
1760,"2018-12-27 12:47:33.2950","2018-12-27 13:16:53.5060",3639,"Harborside",40.7192517,-74.034234,3639,"Harborside",40.7192517,-74.034234,29457,"Subscriber",1953,1
121,"2018-12-27 16:36:27.4430","2018-12-27 16:38:29.3700",3639,"Harborside",40.7192517,-74.034234,3275,"Columbus Drive",40.71835519823214,-74.03891444206238,26261,"Subscriber",1983,1
607,"2018-12-27 16:41:25.8980","2018-12-27 16:51:33.2710",3639,"Harborside",40.7192517,-74.034234,3192,"Liberty Light Rail",40.7112423,-74.0557013,29612,"Subscriber",1984,1
126,"2018-12-27 17:09:43.7820","2018-12-27 17:11:49.7960",3639,"Harborside",40.7192517,-74.034234,3275,"Columbus Drive",40.71835519823214,-74.03891444206238,29545,"Subscriber",1987,1
406,"2018-12-27 17:27:41.2200","2018-12-27 17:34:27.5830",3639,"Harborside",40.7192517,-74.034234,3203,"Hamilton Park",40.727595966,-74.044247311,26220,"Subscriber",1987,1
557,"2018-12-27 17:38:59.7120","2018-12-27 17:48:16.9890",3639,"Harborside",40.7192517,-74.034234,3202,"Newport PATH",40.7272235,-74.0337589,29595,"Subscriber",1984,1
383,"2018-12-27 17:42:52.6860","2018-12-27 17:49:16.0850",3639,"Harborside",40.7192517,-74.034234,3272,"Jersey & 3rd",40.72333158646436,-74.04595255851744,29457,"Subscriber",1954,1
518,"2018-12-27 17:51:27.4310","2018-12-27 18:00:06.3010",3639,"Harborside",40.7192517,-74.034234,3203,"Hamilton Park",40.727595966,-74.044247311,26272,"Subscriber",1966,1
584,"2018-12-27 17:59:28.4980","2018-12-27 18:09:13.4320",3639,"Harborside",40.7192517,-74.034234,3483,"Montgomery St",40.71942,-74.05099,26153,"Subscriber",1985,2
565,"2018-12-27 17:59:47.6640","2018-12-27 18:09:13.5710",3639,"Harborside",40.7192517,-74.034234,3483,"Montgomery St",40.71942,-74.05099,29461,"Subscriber",1982,1
465,"2018-12-27 18:56:38.6150","2018-12-27 19:04:23.7640",3639,"Harborside",40.7192517,-74.034234,3276,"Marin Light Rail",40.71458403535893,-74.04281705617905,29586,"Subscriber",1985,2
285,"2018-12-28 18:56:59.3680","2018-12-28 19:01:44.5390",3639,"Harborside",40.7192517,-74.034234,3273,"Manila & 1st",40.721650724879986,-74.04288411140442,26166,"Subscriber",1966,1
111,"2018-12-28 19:34:50.4540","2018-12-28 19:36:41.9820",3639,"Harborside",40.7192517,-74.034234,3187,"Warren St",40.7211236,-74.03805095,26311,"Subscriber",1986,1
183,"2018-12-29 09:30:02.9010","2018-12-29 09:33:06.6820",3639,"Harborside",40.7192517,-74.034234,3681,"Grand St",40.71517767732029,-74.03768330812454,26220,"Subscriber",1988,2
264,"2018-12-29 09:49:22.4260","2018-12-29 09:53:46.8970",3639,"Harborside",40.7192517,-74.034234,3202,"Newport PATH",40.7272235,-74.0337589,29298,"Subscriber",1988,1
427,"2018-12-29 11:03:10.0570","2018-12-29 11:10:17.9090",3639,"Harborside",40.7192517,-74.034234,3278,"Monmouth and 6th",40.72568548362901,-74.04879033565521,26275,"Subscriber",1994,1
403,"2018-12-29 16:17:28.9870","2018-12-29 16:24:12.6910",3639,"Harborside",40.7192517,-74.034234,3187,"Warren St",40.7211236,-74.03805095,29299,"Subscriber",1988,1
89,"2018-12-29 16:47:52.7360","2018-12-29 16:49:22.3260",3639,"Harborside",40.7192517,-74.034234,3183,"Exchange Place",40.7162469,-74.0334588,29219,"Subscriber",1988,1
575,"2018-12-29 18:52:20.3060","2018-12-29 19:01:55.6870",3639,"Harborside",40.7192517,-74.034234,3276,"Marin Light Rail",40.71458403535893,-74.04281705617905,29272,"Subscriber",1964,2
572,"2018-12-29 18:52:18.9890","2018-12-29 19:01:51.6690",3639,"Harborside",40.7192517,-74.034234,3276,"Marin Light Rail",40.71458403535893,-74.04281705617905,29595,"Subscriber",1963,1
83,"2018-12-30 07:05:27.9090","2018-12-30 07:06:51.8490",3639,"Harborside",40.7192517,-74.034234,3183,"Exchange Place",40.7162469,-74.0334588,29292,"Subscriber",1971,2
569,"2018-12-30 08:39:24.0450","2018-12-30 08:48:53.7890",3639,"Harborside",40.7192517,-74.034234,3205,"JC Medical Center",40.71653978099194,-74.0496379137039,26261,"Subscriber",1969,0
762,"2018-12-30 09:58:41.6050","2018-12-30 10:11:24.0820",3639,"Harborside",40.7192517,-74.034234,3483,"Montgomery St",40.71942,-74.05099,29262,"Subscriber",1992,1
524,"2018-12-30 10:02:39.4690","2018-12-30 10:11:24.1780",3639,"Harborside",40.7192517,-74.034234,3483,"Montgomery St",40.71942,-74.05099,26272,"Subscriber",1988,2
89,"2018-12-30 10:38:37.6710","2018-12-30 10:40:07.5130",3639,"Harborside",40.7192517,-74.034234,3183,"Exchange Place",40.7162469,-74.0334588,29545,"Subscriber",1990,1
367,"2018-12-30 10:54:41.9520","2018-12-30 11:00:49.8690",3639,"Harborside",40.7192517,-74.034234,3276,"Marin Light Rail",40.71458403535893,-74.04281705617905,29236,"Subscriber",1964,2
236,"2018-12-30 12:51:46.8730","2018-12-30 12:55:43.8360",3639,"Harborside",40.7192517,-74.034234,3202,"Newport PATH",40.7272235,-74.0337589,29484,"Subscriber",1988,1
486,"2018-12-30 14:22:45.1000","2018-12-30 14:30:51.9660",3639,"Harborside",40.7192517,-74.034234,3202,"Newport PATH",40.7272235,-74.0337589,29530,"Subscriber",1981,1
144,"2018-12-30 15:00:14.3500","2018-12-30 15:02:38.6270",3639,"Harborside",40.7192517,-74.034234,3183,"Exchange Place",40.7162469,-74.0334588,29298,"Subscriber",1991,1
517,"2018-12-30 15:06:20.7760","2018-12-30 15:14:58.2950",3639,"Harborside",40.7192517,-74.034234,3185,"City Hall",40.7177325,-74.043845,29538,"Subscriber",1988,2
499,"2018-12-30 15:06:38.9140","2018-12-30 15:14:58.6390",3639,"Harborside",40.7192517,-74.034234,3185,"City Hall",40.7177325,-74.043845,29670,"Subscriber",1988,1
183,"2018-12-30 17:38:44.8100","2018-12-30 17:41:47.9170",3639,"Harborside",40.7192517,-74.034234,3681,"Grand St",40.71517767732029,-74.03768330812454,29201,"Subscriber",1985,1
167,"2018-12-30 19:17:12.3200","2018-12-30 19:19:59.8350",3639,"Harborside",40.7192517,-74.034234,3187,"Warren St",40.7211236,-74.03805095,26266,"Subscriber",1969,0
98,"2018-12-31 07:46:45.3920","2018-12-31 07:48:23.7570",3639,"Harborside",40.7192517,-74.034234,3183,"Exchange Place",40.7162469,-74.0334588,26279,"Subscriber",1969,0
256,"2018-12-31 08:40:07.2590","2018-12-31 08:44:23.6950",3639,"Harborside",40.7192517,-74.034234,3202,"Newport PATH",40.7272235,-74.0337589,29201,"Subscriber",1990,1
316,"2018-12-31 09:29:19.4490","2018-12-31 09:34:35.6450",3639,"Harborside",40.7192517,-74.034234,3202,"Newport PATH",40.7272235,-74.0337589,26312,"Subscriber",1981,1
264,"2018-12-31 09:37:14.8830","2018-12-31 09:41:39.4140",3639,"Harborside",40.7192517,-74.034234,3202,"Newport PATH",40.7272235,-74.0337589,26243,"Subscriber",1991,1
2183,"2018-12-31 09:57:20.2650","2018-12-31 10:33:44.1040",3639,"Harborside",40.7192517,-74.034234,3638,"Washington St",40.7242941,-74.0354826,29221,"Subscriber",1963,2
92,"2018-12-31 11:45:03.9250","2018-12-31 11:46:36.2000",3639,"Harborside",40.7192517,-74.034234,3183,"Exchange Place",40.7162469,-74.0334588,26188,"Subscriber",1985,1
216,"2018-12-31 11:46:17.6740","2018-12-31 11:49:54.4950",3639,"Harborside",40.7192517,-74.034234,3187,"Warren St",40.7211236,-74.03805095,29593,"Subscriber",1991,2
126,"2018-12-31 12:11:18.4500","2018-12-31 12:13:25.2500",3639,"Harborside",40.7192517,-74.034234,3275,"Columbus Drive",40.71835519823214,-74.03891444206238,29290,"Subscriber",1983,1
307,"2018-12-31 12:16:53.7150","2018-12-31 12:22:00.7480",3639,"Harborside",40.7192517,-74.034234,3267,"Morris Canal",40.7124188237569,-74.03852552175522,29484,"Subscriber",1982,1
125,"2018-12-31 13:30:38.3260","2018-12-31 13:32:43.5910",3639,"Harborside",40.7192517,-74.034234,3183,"Exchange Place",40.7162469,-74.0334588,29447,"Subscriber",1988,1
477,"2018-12-31 13:50:25.4780","2018-12-31 13:58:22.6940",3639,"Harborside",40.7192517,-74.034234,3203,"Hamilton Park",40.727595966,-74.044247311,26268,"Subscriber",1966,1
284,"2018-12-31 14:49:37.7250","2018-12-31 14:54:21.9230",3639,"Harborside",40.7192517,-74.034234,3186,"Grove St PATH",40.71958611647166,-74.04311746358871,26251,"Subscriber",1979,1
274,"2018-12-31 18:49:18.9620","2018-12-31 18:53:53.5620",3639,"Harborside",40.7192517,-74.034234,3202,"Newport PATH",40.7272235,-74.0337589,26184,"Subscriber",1989,1
366,"2018-12-01 00:10:38.4410","2018-12-01 00:16:44.4450",3640,"Journal Square",40.73367,-74.0625,3281,"Leonard Gordon Park",40.74590996631558,-74.0572714805603,29681,"Subscriber",1989,2
381,"2018-12-01 00:19:54.2580","2018-12-01 00:26:16.0850",3640,"Journal Square",40.73367,-74.0625,3281,"Leonard Gordon Park",40.74590996631558,-74.0572714805603,29267,"Subscriber",1989,2
758,"2018-12-01 12:31:52.0550","2018-12-01 12:44:30.4690",3640,"Journal Square",40.73367,-74.0625,3276,"Marin Light Rail",40.71458403535893,-74.04281705617905,29610,"Subscriber",1987,1
439,"2018-12-01 13:00:22.6780","2018-12-01 13:07:41.7840",3640,"Journal Square",40.73367,-74.0625,3281,"Leonard Gordon Park",40.74590996631558,-74.0572714805603,29276,"Subscriber",1983,1
612,"2018-12-01 15:25:26.6700","2018-12-01 15:35:39.1370",3640,"Journal Square",40.73367,-74.0625,3225,"Baldwin at Montgomery",40.7236589,-74.0641943,29276,"Subscriber",1993,1
452,"2018-12-01 19:44:12.9720","2018-12-01 19:51:45.2400",3640,"Journal Square",40.73367,-74.0625,3194,"McGinley Square",40.7253399253558,-74.06762212514877,29197,"Subscriber",1981,1
431,"2018-12-02 00:48:43.2620","2018-12-02 00:55:54.4700",3640,"Journal Square",40.73367,-74.0625,3210,"Pershing Field",40.742677141,-74.051788633,29592,"Subscriber",1985,1
435,"2018-12-02 01:40:03.4800","2018-12-02 01:47:18.9520",3640,"Journal Square",40.73367,-74.0625,3281,"Leonard Gordon Park",40.74590996631558,-74.0572714805603,29467,"Subscriber",1969,1
458,"2018-12-02 02:52:59.0710","2018-12-02 03:00:37.1140",3640,"Journal Square",40.73367,-74.0625,3280,"Astor Place",40.71928220070702,-74.07126188278198,26268,"Subscriber",1988,1
308,"2018-12-02 12:50:36.8000","2018-12-02 12:55:45.1680",3640,"Journal Square",40.73367,-74.0625,3201,"Dey St",40.737711,-74.066921,29234,"Subscriber",1955,1
822,"2018-12-02 15:54:58.9100","2018-12-02 16:08:41.7710",3640,"Journal Square",40.73367,-74.0625,3210,"Pershing Field",40.742677141,-74.051788633,26203,"Subscriber",1969,1
1120,"2018-12-02 16:06:04.2410","2018-12-02 16:24:44.3570",3640,"Journal Square",40.73367,-74.0625,3281,"Leonard Gordon Park",40.74590996631558,-74.0572714805603,29467,"Subscriber",1980,1
360,"2018-12-02 20:07:00.3390","2018-12-02 20:13:01.3380",3640,"Journal Square",40.73367,-74.0625,3679,"Bergen Ave",40.722103786686034,-74.07145500183105,29209,"Subscriber",1992,1
2450,"2018-12-02 20:50:46.6570","2018-12-02 21:31:37.0930",3640,"Journal Square",40.73367,-74.0625,3640,"Journal Square",40.73367,-74.0625,29257,"Subscriber",1992,2
387,"2018-12-02 22:31:02.9100","2018-12-02 22:37:30.2900",3640,"Journal Square",40.73367,-74.0625,3225,"Baldwin at Montgomery",40.7236589,-74.0641943,29257,"Subscriber",1982,1
341,"2018-12-02 23:12:11.6570","2018-12-02 23:17:53.1650",3640,"Journal Square",40.73367,-74.0625,3281,"Leonard Gordon Park",40.74590996631558,-74.0572714805603,26203,"Subscriber",1989,2
342,"2018-12-03 01:34:33.4060","2018-12-03 01:40:15.8810",3640,"Journal Square",40.73367,-74.0625,3281,"Leonard Gordon Park",40.74590996631558,-74.0572714805603,29267,"Subscriber",1969,1
626,"2018-12-03 08:47:40.6830","2018-12-03 08:58:07.4130",3640,"Journal Square",40.73367,-74.0625,3186,"Grove St PATH",40.71958611647166,-74.04311746358871,29126,"Subscriber",1981,1
713,"2018-12-03 08:57:55.5860","2018-12-03 09:09:48.6820",3640,"Journal Square",40.73367,-74.0625,3214,"Essex Light Rail",40.7127742,-74.0364857,29531,"Subscriber",1992,2
143,"2018-12-03 11:37:17.1250","2018-12-03 11:39:40.4530",3640,"Journal Square",40.73367,-74.0625,3220,"5 Corners Library",40.734961020009514,-74.0595030784607,26248,"Subscriber",1963,1
216,"2018-12-03 12:00:33.0690","2018-12-03 12:04:09.8180",3640,"Journal Square",40.73367,-74.0625,3201,"Dey St",40.737711,-74.066921,29590,"Subscriber",1974,2
163,"2018-12-03 13:43:52.2380","2018-12-03 13:46:35.7670",3640,"Journal Square",40.73367,-74.0625,3206,"Hilltop",40.7311689,-74.0575736,29476,"Subscriber",1992,1
136,"2018-12-03 14:46:48.2660","2018-12-03 14:49:04.4390",3640,"Journal Square",40.73367,-74.0625,3220,"5 Corners Library",40.734961020009514,-74.0595030784607,29227,"Subscriber",1960,1
540,"2018-12-03 15:13:38.1910","2018-12-03 15:22:38.7330",3640,"Journal Square",40.73367,-74.0625,3207,"Oakland Ave",40.7376037,-74.0524783,29205,"Subscriber",1987,1
454,"2018-12-03 15:53:07.9200","2018-12-03 16:00:42.2490",3640,"Journal Square",40.73367,-74.0625,3212,"Christ Hospital",40.734785818,-74.050443636,26217,"Subscriber",1986,2
253,"2018-12-03 15:56:15.2770","2018-12-03 16:00:28.7140",3640,"Journal Square",40.73367,-74.0625,3201,"Dey St",40.737711,-74.066921,29261,"Subscriber",1966,1
467,"2018-12-03 17:39:16.2990","2018-12-03 17:47:03.6280",3640,"Journal Square",40.73367,-74.0625,3281,"Leonard Gordon Park",40.74590996631558,-74.0572714805603,29669,"Subscriber",1976,1
417,"2018-12-03 18:00:12.6490","2018-12-03 18:07:10.0870",3640,"Journal Square",40.73367,-74.0625,3210,"Pershing Field",40.742677141,-74.051788633,29267,"Subscriber",1985,1
678,"2018-12-03 18:10:12.9050","2018-12-03 18:21:31.0780",3640,"Journal Square",40.73367,-74.0625,3210,"Pershing Field",40.742677141,-74.051788633,26266,"Subscriber",1986,1
611,"2018-12-03 18:16:40.4490","2018-12-03 18:26:52.1610",3640,"Journal Square",40.73367,-74.0625,3281,"Leonard Gordon Park",40.74590996631558,-74.0572714805603,29477,"Subscriber",1990,1
248,"2018-12-03 18:21:37.2380","2018-12-03 18:25:45.2760",3640,"Journal Square",40.73367,-74.0625,3207,"Oakland Ave",40.7376037,-74.0524783,29281,"Subscriber",1980,1
737,"2018-12-03 18:21:38.0450","2018-12-03 18:33:55.4840",3640,"Journal Square",40.73367,-74.0625,3281,"Leonard Gordon Park",40.74590996631558,-74.0572714805603,26283,"Subscriber",1979,2
438,"2018-12-03 18:23:57.1220","2018-12-03 18:31:15.7040",3640,"Journal Square",40.73367,-74.0625,3207,"Oakland Ave",40.7376037,-74.0524783,26171,"Subscriber",1985,1
444,"2018-12-03 19:10:31.2660","2018-12-03 19:17:55.4790",3640,"Journal Square",40.73367,-74.0625,3210,"Pershing Field",40.742677141,-74.051788633,26258,"Subscriber",1977,1
355,"2018-12-03 19:22:33.0330","2018-12-03 19:28:28.7340",3640,"Journal Square",40.73367,-74.0625,3207,"Oakland Ave",40.7376037,-74.0524783,29473,"Subscriber",1994,1
350,"2018-12-03 19:45:33.2840","2018-12-03 19:51:24.1070",3640,"Journal Square",40.73367,-74.0625,3210,"Pershing Field",40.742677141,-74.051788633,29199,"Subscriber",1989,1
640,"2018-12-03 19:51:51.2550","2018-12-03 20:02:31.8520",3640,"Journal Square",40.73367,-74.0625,3639,"Harborside",40.7192517,-74.034234,29491,"Subscriber",1985,2
393,"2018-12-03 19:56:38.7380","2018-12-03 20:03:12.0980",3640,"Journal Square",40.73367,-74.0625,3678,"Fairmount Ave",40.72572613742557,-74.07195925712585,26190,"Subscriber",1989,1
255,"2018-12-03 20:12:59.3010","2018-12-03 20:17:14.4770",3640,"Journal Square",40.73367,-74.0625,3207,"Oakland Ave",40.7376037,-74.0524783,26199,"Subscriber",1983,1
227,"2018-12-03 20:23:02.9700","2018-12-03 20:26:50.3300",3640,"Journal Square",40.73367,-74.0625,3201,"Dey St",40.737711,-74.066921,29264,"Subscriber",1988,1
494,"2018-12-03 20:57:01.1040","2018-12-03 21:05:16.0080",3640,"Journal Square",40.73367,-74.0625,3210,"Pershing Field",40.742677141,-74.051788633,29443,"Subscriber",1985,2
356,"2018-12-03 21:22:38.9320","2018-12-03 21:28:35.0800",3640,"Journal Square",40.73367,-74.0625,3207,"Oakland Ave",40.7376037,-74.0524783,26268,"Subscriber",1987,1
343,"2018-12-03 21:43:58.1940","2018-12-03 21:49:41.5100",3640,"Journal Square",40.73367,-74.0625,3678,"Fairmount Ave",40.72572613742557,-74.07195925712585,26215,"Subscriber",1990,1
502,"2018-12-03 21:51:49.2140","2018-12-03 22:00:12.1500",3640,"Journal Square",40.73367,-74.0625,3213,"Van Vorst Park",40.71848892,-74.047726625,26213,"Subscriber",1976,1
395,"2018-12-03 21:53:29.8720","2018-12-03 22:00:05.5650",3640,"Journal Square",40.73367,-74.0625,3212,"Christ Hospital",40.734785818,-74.050443636,29491,"Subscriber",1991,2
422,"2018-12-03 21:56:28.4170","2018-12-03 22:03:31.0850",3640,"Journal Square",40.73367,-74.0625,3678,"Fairmount Ave",40.72572613742557,-74.07195925712585,29495,"Subscriber",1995,1
559,"2018-12-03 22:01:34.1630","2018-12-03 22:10:53.3360",3640,"Journal Square",40.73367,-74.0625,3193,"Lincoln Park",40.7246050998869,-74.07840594649315,29486,"Subscriber",1992,1
375,"2018-12-03 23:25:21.7040","2018-12-03 23:31:37.5240",3640,"Journal Square",40.73367,-74.0625,3210,"Pershing Field",40.742677141,-74.051788633,29222,"Subscriber",1986,1
733,"2018-12-04 08:46:59.5440","2018-12-04 08:59:12.6410",3640,"Journal Square",40.73367,-74.0625,3214,"Essex Light Rail",40.7127742,-74.0364857,26171,"Subscriber",1992,2
206,"2018-12-04 11:53:33.0330","2018-12-04 11:56:59.5000",3640,"Journal Square",40.73367,-74.0625,3201,"Dey St",40.737711,-74.066921,29477,"Subscriber",1974,2
359,"2018-12-04 15:08:35.8200","2018-12-04 15:14:35.2720",3640,"Journal Square",40.73367,-74.0625,3209,"Brunswick St",40.7241765,-74.0506564,29607,"Subscriber",1988,1
513,"2018-12-04 16:44:58.8130","2018-12-04 16:53:32.1770",3640,"Journal Square",40.73367,-74.0625,3212,"Christ Hospital",40.734785818,-74.050443636,26199,"Subscriber",1986,2
471,"2018-12-04 16:56:31.8590","2018-12-04 17:04:23.3100",3640,"Journal Square",40.73367,-74.0625,3210,"Pershing Field",40.742677141,-74.051788633,29290,"Subscriber",1987,1
488,"2018-12-04 17:03:57.5780","2018-12-04 17:12:05.6230",3640,"Journal Square",40.73367,-74.0625,3207,"Oakland Ave",40.7376037,-74.0524783,26262,"Subscriber",1987,1
378,"2018-12-04 17:30:32.9160","2018-12-04 17:36:51.2980",3640,"Journal Square",40.73367,-74.0625,3210,"Pershing Field",40.742677141,-74.051788633,29199,"Subscriber",1989,1
501,"2018-12-04 17:41:49.4110","2018-12-04 17:50:10.4630",3640,"Journal Square",40.73367,-74.0625,3281,"Leonard Gordon Park",40.74590996631558,-74.0572714805603,29552,"Subscriber",1984,1
563,"2018-12-04 17:57:35.4540","2018-12-04 18:06:58.6690",3640,"Journal Square",40.73367,-74.0625,3212,"Christ Hospital",40.734785818,-74.050443636,29682,"Subscriber",1984,1
408,"2018-12-04 18:08:12.3880","2018-12-04 18:15:00.5370",3640,"Journal Square",40.73367,-74.0625,3210,"Pershing Field",40.742677141,-74.051788633,26172,"Subscriber",1985,1
432,"2018-12-04 18:11:25.9400","2018-12-04 18:18:38.4290",3640,"Journal Square",40.73367,-74.0625,3281,"Leonard Gordon Park",40.74590996631558,-74.0572714805603,29474,"Subscriber",1987,1
462,"2018-12-04 18:15:51.4100","2018-12-04 18:23:34.0990",3640,"Journal Square",40.73367,-74.0625,3207,"Oakland Ave",40.7376037,-74.0524783,29222,"Subscriber",1994,1
244,"2018-12-04 18:22:38.3450","2018-12-04 18:26:42.8150",3640,"Journal Square",40.73367,-74.0625,3201,"Dey St",40.737711,-74.066921,29569,"Subscriber",1958,1
329,"2018-12-04 18:23:08.2560","2018-12-04 18:28:38.2190",3640,"Journal Square",40.73367,-74.0625,3207,"Oakland Ave",40.7376037,-74.0524783,26258,"Subscriber",1980,1
619,"2018-12-04 18:24:43.7490","2018-12-04 18:35:03.4050",3640,"Journal Square",40.73367,-74.0625,3281,"Leonard Gordon Park",40.74590996631558,-74.0572714805603,29523,"Subscriber",1990,1
277,"2018-12-04 18:27:48.8900","2018-12-04 18:32:26.5650",3640,"Journal Square",40.73367,-74.0625,3207,"Oakland Ave",40.7376037,-74.0524783,29473,"Subscriber",1986,1
1179,"2018-12-04 18:32:23.1810","2018-12-04 18:52:03.0580",3640,"Journal Square",40.73367,-74.0625,3678,"Fairmount Ave",40.72572613742557,-74.07195925712585,29661,"Subscriber",1991,1
904,"2018-12-04 18:38:00.0130","2018-12-04 18:53:04.0620",3640,"Journal Square",40.73367,-74.0625,3210,"Pershing Field",40.742677141,-74.051788633,29255,"Subscriber",1986,1
476,"2018-12-04 18:54:19.5650","2018-12-04 19:02:15.6760",3640,"Journal Square",40.73367,-74.0625,3210,"Pershing Field",40.742677141,-74.051788633,26204,"Subscriber",1977,1
1698,"2018-12-04 18:55:36.8800","2018-12-04 19:23:55.0740",3640,"Journal Square",40.73367,-74.0625,3210,"Pershing Field",40.742677141,-74.051788633,29276,"Subscriber",1991,1
477,"2018-12-04 20:24:23.0180","2018-12-04 20:32:20.0560",3640,"Journal Square",40.73367,-74.0625,3207,"Oakland Ave",40.7376037,-74.0524783,26268,"Subscriber",1987,1
177,"2018-12-05 08:44:44.6900","2018-12-05 08:47:41.9480",3640,"Journal Square",40.73367,-74.0625,3201,"Dey St",40.737711,-74.066921,29493,"Subscriber",1988,1
730,"2018-12-05 09:10:32.0390","2018-12-05 09:22:42.3430",3640,"Journal Square",40.73367,-74.0625,3202,"Newport PATH",40.7272235,-74.0337589,26248,"Subscriber",1988,1
164,"2018-12-05 16:43:35.8580","2018-12-05 16:46:20.5040",3640,"Journal Square",40.73367,-74.0625,3201,"Dey St",40.737711,-74.066921,29474,"Subscriber",1967,1
520,"2018-12-05 17:14:11.9490","2018-12-05 17:22:52.8240",3640,"Journal Square",40.73367,-74.0625,3281,"Leonard Gordon Park",40.74590996631558,-74.0572714805603,29526,"Subscriber",1976,1
361,"2018-12-05 17:23:28.4750","2018-12-05 17:29:29.5600",3640,"Journal Square",40.73367,-74.0625,3207,"Oakland Ave",40.7376037,-74.0524783,29619,"Subscriber",1994,1
425,"2018-12-05 17:33:20.7920","2018-12-05 17:40:26.4960",3640,"Journal Square",40.73367,-74.0625,3210,"Pershing Field",40.742677141,-74.051788633,26300,"Subscriber",1985,1
429,"2018-12-05 17:33:20.9390","2018-12-05 17:40:30.6860",3640,"Journal Square",40.73367,-74.0625,3210,"Pershing Field",40.742677141,-74.051788633,29252,"Subscriber",1979,2
447,"2018-12-05 17:57:55.0280","2018-12-05 18:05:22.7780",3640,"Journal Square",40.73367,-74.0625,3210,"Pershing Field",40.742677141,-74.051788633,29642,"Subscriber",1989,1
417,"2018-12-05 18:02:56.5360","2018-12-05 18:09:54.4820",3640,"Journal Square",40.73367,-74.0625,3207,"Oakland Ave",40.7376037,-74.0524783,29255,"Subscriber",1994,1
493,"2018-12-05 18:06:04.5880","2018-12-05 18:14:18.0540",3640,"Journal Square",40.73367,-74.0625,3210,"Pershing Field",40.742677141,-74.051788633,29474,"Subscriber",1977,1
657,"2018-12-05 18:21:41.4110","2018-12-05 18:32:39.0190",3640,"Journal Square",40.73367,-74.0625,3281,"Leonard Gordon Park",40.74590996631558,-74.0572714805603,29523,"Subscriber",1990,1
346,"2018-12-05 18:42:01.2860","2018-12-05 18:47:48.1950",3640,"Journal Square",40.73367,-74.0625,3207,"Oakland Ave",40.7376037,-74.0524783,29473,"Subscriber",1985,1
564,"2018-12-05 18:43:01.1840","2018-12-05 18:52:25.8120",3640,"Journal Square",40.73367,-74.0625,3275,"Columbus Drive",40.71835519823214,-74.03891444206238,26159,"Subscriber",1992,2
395,"2018-12-05 18:59:25.5120","2018-12-05 19:06:01.0340",3640,"Journal Square",40.73367,-74.0625,3281,"Leonard Gordon Park",40.74590996631558,-74.0572714805603,29250,"Subscriber",1990,1
185,"2018-12-05 19:00:15.4760","2018-12-05 19:03:20.6920",3640,"Journal Square",40.73367,-74.0625,3201,"Dey St",40.737711,-74.066921,29442,"Subscriber",1987,1
450,"2018-12-05 19:06:36.1110","2018-12-05 19:14:06.5510",3640,"Journal Square",40.73367,-74.0625,3212,"Christ Hospital",40.734785818,-74.050443636,26184,"Subscriber",1984,1
414,"2018-12-05 19:09:19.3670","2018-12-05 19:16:13.8780",3640,"Journal Square",40.73367,-74.0625,3194,"McGinley Square",40.7253399253558,-74.06762212514877,29291,"Subscriber",1981,1
256,"2018-12-05 19:10:06.2320","2018-12-05 19:14:22.9560",3640,"Journal Square",40.73367,-74.0625,3207,"Oakland Ave",40.7376037,-74.0524783,29276,"Subscriber",1983,1
269,"2018-12-05 19:24:11.4850","2018-12-05 19:28:40.5170",3640,"Journal Square",40.73367,-74.0625,3207,"Oakland Ave",40.7376037,-74.0524783,29251,"Subscriber",1980,1
381,"2018-12-05 19:53:28.5540","2018-12-05 19:59:50.0580",3640,"Journal Square",40.73367,-74.0625,3212,"Christ Hospital",40.734785818,-74.050443636,26262,"Subscriber",1991,2
279,"2018-12-05 20:29:37.7070","2018-12-05 20:34:17.5350",3640,"Journal Square",40.73367,-74.0625,3207,"Oakland Ave",40.7376037,-74.0524783,29552,"Subscriber",1986,1
176,"2018-12-06 08:55:52.1120","2018-12-06 08:58:48.8060",3640,"Journal Square",40.73367,-74.0625,3206,"Hilltop",40.7311689,-74.0575736,29252,"Subscriber",1992,2
240,"2018-12-06 09:19:36.7310","2018-12-06 09:23:37.1390",3640,"Journal Square",40.73367,-74.0625,3201,"Dey St",40.737711,-74.066921,29299,"Subscriber",1962,2
157,"2018-12-06 15:58:57.8020","2018-12-06 16:01:35.1950",3640,"Journal Square",40.73367,-74.0625,3220,"5 Corners Library",40.734961020009514,-74.0595030784607,29250,"Subscriber",1988,1
487,"2018-12-06 16:15:18.4350","2018-12-06 16:23:25.5050",3640,"Journal Square",40.73367,-74.0625,3207,"Oakland Ave",40.7376037,-74.0524783,29276,"Subscriber",1987,1
301,"2018-12-06 17:03:43.7740","2018-12-06 17:08:45.3980",3640,"Journal Square",40.73367,-74.0625,3207,"Oakland Ave",40.7376037,-74.0524783,26316,"Subscriber",1994,1
533,"2018-12-06 17:13:39.6890","2018-12-06 17:22:33.2480",3640,"Journal Square",40.73367,-74.0625,3281,"Leonard Gordon Park",40.74590996631558,-74.0572714805603,29553,"Subscriber",1990,1
533,"2018-12-06 17:21:24.9020","2018-12-06 17:30:18.4990",3640,"Journal Square",40.73367,-74.0625,3281,"Leonard Gordon Park",40.74590996631558,-74.0572714805603,26266,"Subscriber",1976,1
387,"2018-12-06 17:28:10.4280","2018-12-06 17:34:38.2740",3640,"Journal Square",40.73367,-74.0625,3281,"Leonard Gordon Park",40.74590996631558,-74.0572714805603,29489,"Subscriber",1980,1
634,"2018-12-06 17:30:00.1080","2018-12-06 17:40:34.1340",3640,"Journal Square",40.73367,-74.0625,3281,"Leonard Gordon Park",40.74590996631558,-74.0572714805603,29502,"Subscriber",1990,1
356,"2018-12-06 17:40:36.6600","2018-12-06 17:46:32.9470",3640,"Journal Square",40.73367,-74.0625,3210,"Pershing Field",40.742677141,-74.051788633,26268,"Subscriber",1989,1
177,"2018-12-06 18:10:39.0160","2018-12-06 18:13:36.4810",3640,"Journal Square",40.73367,-74.0625,3201,"Dey St",40.737711,-74.066921,26166,"Subscriber",1967,1
500,"2018-12-06 18:13:14.8190","2018-12-06 18:21:35.5300",3640,"Journal Square",40.73367,-74.0625,3281,"Leonard Gordon Park",40.74590996631558,-74.0572714805603,29526,"Subscriber",1984,1
545,"2018-12-06 18:15:20.7380","2018-12-06 18:24:26.0150",3640,"Journal Square",40.73367,-74.0625,3212,"Christ Hospital",40.734785818,-74.050443636,26192,"Subscriber",1984,1
456,"2018-12-06 18:21:20.8060","2018-12-06 18:28:57.1270",3640,"Journal Square",40.73367,-74.0625,3212,"Christ Hospital",40.734785818,-74.050443636,29552,"Subscriber",1986,2
264,"2018-12-06 18:42:52.7690","2018-12-06 18:47:16.9170",3640,"Journal Square",40.73367,-74.0625,3207,"Oakland Ave",40.7376037,-74.0524783,29251,"Subscriber",1980,1
350,"2018-12-06 18:43:30.4750","2018-12-06 18:49:21.4660",3640,"Journal Square",40.73367,-74.0625,3207,"Oakland Ave",40.7376037,-74.0524783,29222,"Subscriber",1994,1
255,"2018-12-06 18:54:51.7630","2018-12-06 18:59:07.3000",3640,"Journal Square",40.73367,-74.0625,3201,"Dey St",40.737711,-74.066921,29207,"Subscriber",1989,1
341,"2018-12-06 18:58:56.1500","2018-12-06 19:04:37.7530",3640,"Journal Square",40.73367,-74.0625,3207,"Oakland Ave",40.7376037,-74.0524783,29254,"Subscriber",1985,1
444,"2018-12-06 19:18:01.9610","2018-12-06 19:25:26.6500",3640,"Journal Square",40.73367,-74.0625,3212,"Christ Hospital",40.734785818,-74.050443636,29213,"Subscriber",1991,2
518,"2018-12-06 19:26:00.5640","2018-12-06 19:34:39.3990",3640,"Journal Square",40.73367,-74.0625,3210,"Pershing Field",40.742677141,-74.051788633,29664,"Subscriber",1985,2
297,"2018-12-06 20:08:14.9580","2018-12-06 20:13:12.3420",3640,"Journal Square",40.73367,-74.0625,3207,"Oakland Ave",40.7376037,-74.0524783,29652,"Subscriber",1985,1
278,"2018-12-06 20:38:29.3570","2018-12-06 20:43:07.8340",3640,"Journal Square",40.73367,-74.0625,3207,"Oakland Ave",40.7376037,-74.0524783,29623,"Subscriber",1994,1
234,"2018-12-06 20:39:32.8610","2018-12-06 20:43:27.7190",3640,"Journal Square",40.73367,-74.0625,3207,"Oakland Ave",40.7376037,-74.0524783,29239,"Subscriber",1986,1
660,"2018-12-06 20:43:35.5670","2018-12-06 20:54:36.5240",3640,"Journal Square",40.73367,-74.0625,3194,"McGinley Square",40.7253399253558,-74.06762212514877,26172,"Subscriber",1990,1
309,"2018-12-06 20:45:26.9930","2018-12-06 20:50:36.2750",3640,"Journal Square",40.73367,-74.0625,3678,"Fairmount Ave",40.72572613742557,-74.07195925712585,29521,"Subscriber",1990,1
164,"2018-12-06 21:22:53.2150","2018-12-06 21:25:37.4950",3640,"Journal Square",40.73367,-74.0625,3195,"Sip Ave",40.73074262530658,-74.06378388404846,26152,"Subscriber",1990,1
396,"2018-12-06 22:32:54.2370","2018-12-06 22:39:31.1110",3640,"Journal Square",40.73367,-74.0625,3280,"Astor Place",40.71928220070702,-74.07126188278198,29469,"Subscriber",1987,1
608,"2018-12-06 22:35:56.5090","2018-12-06 22:46:04.9400",3640,"Journal Square",40.73367,-74.0625,3679,"Bergen Ave",40.722103786686034,-74.07145500183105,29209,"Subscriber",1983,2
723,"2018-12-07 00:08:23.9200","2018-12-07 00:20:27.5500",3640,"Journal Square",40.73367,-74.0625,3191,"Union St",40.7182113,-74.0836394,26188,"Subscriber",1990,1
478,"2018-12-07 00:09:42.5560","2018-12-07 00:17:41.5060",3640,"Journal Square",40.73367,-74.0625,3280,"Astor Place",40.71928220070702,-74.07126188278198,26233,"Subscriber",1988,1
1029,"2018-12-07 00:12:13.7060","2018-12-07 00:29:23.6570",3640,"Journal Square",40.73367,-74.0625,3280,"Astor Place",40.71928220070702,-74.07126188278198,29663,"Subscriber",1953,2
498,"2018-12-07 12:52:31.7240","2018-12-07 13:00:50.0350",3640,"Journal Square",40.73367,-74.0625,3679,"Bergen Ave",40.722103786686034,-74.07145500183105,29652,"Subscriber",1984,1
1462,"2018-12-07 13:34:42.2730","2018-12-07 13:59:05.2130",3640,"Journal Square",40.73367,-74.0625,3195,"Sip Ave",40.73074262530658,-74.06378388404846,26268,"Subscriber",1985,1
1040,"2018-12-07 13:39:29.4690","2018-12-07 13:56:49.8430",3640,"Journal Square",40.73367,-74.0625,3640,"Journal Square",40.73367,-74.0625,26316,"Subscriber",1992,2
479,"2018-12-07 14:44:08.5860","2018-12-07 14:52:07.9120",3640,"Journal Square",40.73367,-74.0625,3207,"Oakland Ave",40.7376037,-74.0524783,26190,"Subscriber",1987,1
180,"2018-12-07 15:14:39.3930","2018-12-07 15:17:39.4940",3640,"Journal Square",40.73367,-74.0625,3206,"Hilltop",40.7311689,-74.0575736,26223,"Subscriber",1981,1
592,"2018-12-07 16:54:02.3800","2018-12-07 17:03:55.2910",3640,"Journal Square",40.73367,-74.0625,3210,"Pershing Field",40.742677141,-74.051788633,26266,"Subscriber",1977,1
563,"2018-12-07 16:57:48.1320","2018-12-07 17:07:11.7590",3640,"Journal Square",40.73367,-74.0625,3281,"Leonard Gordon Park",40.74590996631558,-74.0572714805603,26193,"Subscriber",1976,1
322,"2018-12-07 17:37:18.3710","2018-12-07 17:42:40.9120",3640,"Journal Square",40.73367,-74.0625,3207,"Oakland Ave",40.7376037,-74.0524783,26316,"Subscriber",1994,1
202,"2018-12-07 17:49:28.8930","2018-12-07 17:52:51.4650",3640,"Journal Square",40.73367,-74.0625,3201,"Dey St",40.737711,-74.066921,29251,"Subscriber",1989,1
194,"2018-12-07 17:54:53.4090","2018-12-07 17:58:07.4110",3640,"Journal Square",40.73367,-74.0625,3201,"Dey St",40.737711,-74.066921,29582,"Subscriber",1987,1
264,"2018-12-07 18:08:00.2810","2018-12-07 18:12:24.3380",3640,"Journal Square",40.73367,-74.0625,3207,"Oakland Ave",40.7376037,-74.0524783,29207,"Subscriber",1980,1
229,"2018-12-07 18:09:37.7480","2018-12-07 18:13:27.4050",3640,"Journal Square",40.73367,-74.0625,3201,"Dey St",40.737711,-74.066921,26167,"Subscriber",1970,1
281,"2018-12-07 18:16:06.6180","2018-12-07 18:20:47.9790",3640,"Journal Square",40.73367,-74.0625,3207,"Oakland Ave",40.7376037,-74.0524783,29643,"Subscriber",1994,1
1474,"2018-12-07 18:16:24.9560","2018-12-07 18:40:59.5850",3640,"Journal Square",40.73367,-74.0625,3207,"Oakland Ave",40.7376037,-74.0524783,29623,"Subscriber",1988,1
370,"2018-12-07 18:29:04.8230","2018-12-07 18:35:15.8030",3640,"Journal Square",40.73367,-74.0625,3201,"Dey St",40.737711,-74.066921,29473,"Subscriber",1979,1
260,"2018-12-07 19:11:17.8810","2018-12-07 19:15:38.0400",3640,"Journal Square",40.73367,-74.0625,3207,"Oakland Ave",40.7376037,-74.0524783,29239,"Subscriber",1986,1
425,"2018-12-07 21:15:27.7620","2018-12-07 21:22:32.9600",3640,"Journal Square",40.73367,-74.0625,3212,"Christ Hospital",40.734785818,-74.050443636,29552,"Subscriber",1991,2
729,"2018-12-07 23:12:06.6380","2018-12-07 23:24:16.1220",3640,"Journal Square",40.73367,-74.0625,3281,"Leonard Gordon Park",40.74590996631558,-74.0572714805603,26304,"Subscriber",1991,1
1176,"2018-12-08 00:15:55.8410","2018-12-08 00:35:32.7600",3640,"Journal Square",40.73367,-74.0625,3280,"Astor Place",40.71928220070702,-74.07126188278198,29664,"Subscriber",1991,1
422,"2018-12-08 08:17:13.5230","2018-12-08 08:24:16.1290",3640,"Journal Square",40.73367,-74.0625,3207,"Oakland Ave",40.7376037,-74.0524783,29599,"Subscriber",1971,1
417,"2018-12-08 17:48:33.9220","2018-12-08 17:55:31.4590",3640,"Journal Square",40.73367,-74.0625,3225,"Baldwin at Montgomery",40.7236589,-74.0641943,26316,"Subscriber",1988,1
659,"2018-12-08 23:33:08.2470","2018-12-08 23:44:07.9800",3640,"Journal Square",40.73367,-74.0625,3210,"Pershing Field",40.742677141,-74.051788633,29599,"Subscriber",1984,1
344,"2018-12-09 02:12:40.5870","2018-12-09 02:18:25.1040",3640,"Journal Square",40.73367,-74.0625,3281,"Leonard Gordon Park",40.74590996631558,-74.0572714805603,26193,"Subscriber",1969,1
400,"2018-12-09 03:17:04.3220","2018-12-09 03:23:44.7900",3640,"Journal Square",40.73367,-74.0625,3280,"Astor Place",40.71928220070702,-74.07126188278198,29623,"Subscriber",1988,1
1380,"2018-12-09 15:11:06.6230","2018-12-09 15:34:07.1740",3640,"Journal Square",40.73367,-74.0625,3638,"Washington St",40.7242941,-74.0354826,29599,"Subscriber",1985,2
214,"2018-12-09 19:55:58.1560","2018-12-09 19:59:32.8940",3640,"Journal Square",40.73367,-74.0625,3206,"Hilltop",40.7311689,-74.0575736,29544,"Subscriber",1973,1
355,"2018-12-10 00:20:15.3380","2018-12-10 00:26:10.9380",3640,"Journal Square",40.73367,-74.0625,3207,"Oakland Ave",40.7376037,-74.0524783,29526,"Subscriber",1976,2
501,"2018-12-10 00:56:10.9070","2018-12-10 01:04:32.4770",3640,"Journal Square",40.73367,-74.0625,3210,"Pershing Field",40.742677141,-74.051788633,29485,"Subscriber",1995,2
334,"2018-12-10 01:29:28.0600","2018-12-10 01:35:02.7120",3640,"Journal Square",40.73367,-74.0625,3281,"Leonard Gordon Park",40.74590996631558,-74.0572714805603,29246,"Subscriber",1969,1
754,"2018-12-10 09:17:13.9600","2018-12-10 09:29:48.3190",3640,"Journal Square",40.73367,-74.0625,3183,"Exchange Place",40.7162469,-74.0334588,26278,"Subscriber",1987,1
823,"2018-12-10 09:27:15.8040","2018-12-10 09:40:59.0280",3640,"Journal Square",40.73367,-74.0625,3183,"Exchange Place",40.7162469,-74.0334588,29269,"Subscriber",1979,1
201,"2018-12-10 10:25:47.7820","2018-12-10 10:29:09.3740",3640,"Journal Square",40.73367,-74.0625,3201,"Dey St",40.737711,-74.066921,26298,"Subscriber",1987,1
783,"2018-12-10 12:42:10.1070","2018-12-10 12:55:13.9080",3640,"Journal Square",40.73367,-74.0625,3214,"Essex Light Rail",40.7127742,-74.0364857,29544,"Subscriber",1992,2
415,"2018-12-10 17:38:36.2540","2018-12-10 17:45:31.3740",3640,"Journal Square",40.73367,-74.0625,3210,"Pershing Field",40.742677141,-74.051788633,26223,"Subscriber",1985,1
421,"2018-12-10 17:38:35.9270","2018-12-10 17:45:37.3010",3640,"Journal Square",40.73367,-74.0625,3210,"Pershing Field",40.742677141,-74.051788633,29246,"Subscriber",1992,1
599,"2018-12-10 18:00:13.1340","2018-12-10 18:10:12.9900",3640,"Journal Square",40.73367,-74.0625,3210,"Pershing Field",40.742677141,-74.051788633,29249,"Subscriber",1984,1
362,"2018-12-10 18:13:54.7450","2018-12-10 18:19:57.0250",3640,"Journal Square",40.73367,-74.0625,3207,"Oakland Ave",40.7376037,-74.0524783,29538,"Subscriber",1985,1
502,"2018-12-10 18:16:01.7310","2018-12-10 18:24:24.5140",3640,"Journal Square",40.73367,-74.0625,3210,"Pershing Field",40.742677141,-74.051788633,29308,"Subscriber",1989,1
456,"2018-12-10 18:24:15.3580","2018-12-10 18:31:51.7660",3640,"Journal Square",40.73367,-74.0625,3210,"Pershing Field",40.742677141,-74.051788633,29282,"Subscriber",1977,1
292,"2018-12-10 18:29:23.7940","2018-12-10 18:34:16.6060",3640,"Journal Square",40.73367,-74.0625,3207,"Oakland Ave",40.7376037,-74.0524783,29258,"Subscriber",1980,1
817,"2018-12-10 18:44:31.6180","2018-12-10 18:58:08.8380",3640,"Journal Square",40.73367,-74.0625,3210,"Pershing Field",40.742677141,-74.051788633,29505,"Subscriber",1986,1
230,"2018-12-10 18:50:02.3660","2018-12-10 18:53:52.4280",3640,"Journal Square",40.73367,-74.0625,3207,"Oakland Ave",40.7376037,-74.0524783,29297,"Subscriber",1983,1
1717,"2018-12-10 18:53:56.6920","2018-12-10 19:22:33.7950",3640,"Journal Square",40.73367,-74.0625,3194,"McGinley Square",40.7253399253558,-74.06762212514877,29299,"Subscriber",1991,1
329,"2018-12-10 18:57:14.5900","2018-12-10 19:02:44.1900",3640,"Journal Square",40.73367,-74.0625,3225,"Baldwin at Montgomery",40.7236589,-74.0641943,29493,"Subscriber",1976,0
357,"2018-12-10 19:00:16.6960","2018-12-10 19:06:14.5850",3640,"Journal Square",40.73367,-74.0625,3281,"Leonard Gordon Park",40.74590996631558,-74.0572714805603,29541,"Subscriber",1990,1
307,"2018-12-10 19:06:47.6790","2018-12-10 19:11:55.2530",3640,"Journal Square",40.73367,-74.0625,3207,"Oakland Ave",40.7376037,-74.0524783,29290,"Subscriber",1985,1
861,"2018-12-10 19:11:41.3660","2018-12-10 19:26:02.7330",3640,"Journal Square",40.73367,-74.0625,3281,"Leonard Gordon Park",40.74590996631558,-74.0572714805603,29667,"Subscriber",1990,1
168,"2018-12-10 19:53:32.9940","2018-12-10 19:56:21.5730",3640,"Journal Square",40.73367,-74.0625,3201,"Dey St",40.737711,-74.066921,26273,"Subscriber",1989,1
312,"2018-12-10 20:10:52.7960","2018-12-10 20:16:04.9480",3640,"Journal Square",40.73367,-74.0625,3207,"Oakland Ave",40.7376037,-74.0524783,26276,"Subscriber",1986,1
210,"2018-12-10 20:22:54.0360","2018-12-10 20:26:24.0850",3640,"Journal Square",40.73367,-74.0625,3201,"Dey St",40.737711,-74.066921,29502,"Subscriber",1988,1
571,"2018-12-10 22:53:51.8980","2018-12-10 23:03:23.5790",3640,"Journal Square",40.73367,-74.0625,3280,"Astor Place",40.71928220070702,-74.07126188278198,29681,"Subscriber",1988,1
757,"2018-12-11 09:20:16.8900","2018-12-11 09:32:54.2600",3640,"Journal Square",40.73367,-74.0625,3214,"Essex Light Rail",40.7127742,-74.0364857,29673,"Subscriber",1992,2
150,"2018-12-11 10:15:36.5620","2018-12-11 10:18:06.8370",3640,"Journal Square",40.73367,-74.0625,3201,"Dey St",40.737711,-74.066921,29570,"Subscriber",1973,1
201,"2018-12-11 11:17:21.7860","2018-12-11 11:20:42.8500",3640,"Journal Square",40.73367,-74.0625,3201,"Dey St",40.737711,-74.066921,29459,"Subscriber",1987,1
205,"2018-12-11 13:51:55.0270","2018-12-11 13:55:20.3620",3640,"Journal Square",40.73367,-74.0625,3201,"Dey St",40.737711,-74.066921,26166,"Subscriber",1974,2
194,"2018-12-11 14:02:18.0830","2018-12-11 14:05:32.2870",3640,"Journal Square",40.73367,-74.0625,3201,"Dey St",40.737711,-74.066921,29298,"Subscriber",1964,2
661,"2018-12-11 14:52:41.5470","2018-12-11 15:03:43.5230",3640,"Journal Square",40.73367,-74.0625,3207,"Oakland Ave",40.7376037,-74.0524783,29667,"Subscriber",1987,1
234,"2018-12-11 16:04:41.1950","2018-12-11 16:08:35.2510",3640,"Journal Square",40.73367,-74.0625,3201,"Dey St",40.737711,-74.066921,29219,"Subscriber",1958,1
368,"2018-12-11 16:30:37.2180","2018-12-11 16:36:46.0900",3640,"Journal Square",40.73367,-74.0625,3281,"Leonard Gordon Park",40.74590996631558,-74.0572714805603,29441,"Subscriber",1980,1
519,"2018-12-11 17:07:19.7950","2018-12-11 17:15:59.6670",3640,"Journal Square",40.73367,-74.0625,3210,"Pershing Field",40.742677141,-74.051788633,26282,"Subscriber",1990,1
389,"2018-12-11 17:12:46.1330","2018-12-11 17:19:15.4480",3640,"Journal Square",40.73367,-74.0625,3210,"Pershing Field",40.742677141,-74.051788633,29249,"Subscriber",1992,1
710,"2018-12-11 17:22:25.4450","2018-12-11 17:34:16.2060",3640,"Journal Square",40.73367,-74.0625,3210,"Pershing Field",40.742677141,-74.051788633,26267,"Subscriber",1986,1
346,"2018-12-11 17:50:10.4620","2018-12-11 17:55:56.9110",3640,"Journal Square",40.73367,-74.0625,3207,"Oakland Ave",40.7376037,-74.0524783,26223,"Subscriber",1987,2
442,"2018-12-11 17:53:49.3250","2018-12-11 18:01:11.4640",3640,"Journal Square",40.73367,-74.0625,3210,"Pershing Field",40.742677141,-74.051788633,29528,"Subscriber",1985,1
531,"2018-12-11 17:55:39.2070","2018-12-11 18:04:30.4730",3640,"Journal Square",40.73367,-74.0625,3269,"Brunswick & 6th",40.72601172964625,-74.05038893222809,29198,"Subscriber",1991,1
359,"2018-12-11 18:02:16.9720","2018-12-11 18:08:16.0610",3640,"Journal Square",40.73367,-74.0625,3207,"Oakland Ave",40.7376037,-74.0524783,29297,"Subscriber",1994,1
433,"2018-12-11 18:17:49.1840","2018-12-11 18:25:03.1470",3640,"Journal Square",40.73367,-74.0625,3210,"Pershing Field",40.742677141,-74.051788633,29513,"Subscriber",1989,1
350,"2018-12-11 18:24:39.0560","2018-12-11 18:30:29.5090",3640,"Journal Square",40.73367,-74.0625,3207,"Oakland Ave",40.7376037,-74.0524783,29538,"Subscriber",1985,1
257,"2018-12-11 18:41:01.8970","2018-12-11 18:45:19.4120",3640,"Journal Square",40.73367,-74.0625,3207,"Oakland Ave",40.7376037,-74.0524783,29598,"Subscriber",1983,1
388,"2018-12-11 19:16:32.1780","2018-12-11 19:23:01.0580",3640,"Journal Square",40.73367,-74.0625,3210,"Pershing Field",40.742677141,-74.051788633,29258,"Subscriber",1977,1
1049,"2018-12-11 19:32:11.6500","2018-12-11 19:49:41.3980",3640,"Journal Square",40.73367,-74.0625,3281,"Leonard Gordon Park",40.74590996631558,-74.0572714805603,26221,"Subscriber",1990,1
285,"2018-12-11 19:46:27.5290","2018-12-11 19:51:13.0610",3640,"Journal Square",40.73367,-74.0625,3207,"Oakland Ave",40.7376037,-74.0524783,29259,"Subscriber",1980,1
454,"2018-12-11 20:18:59.6210","2018-12-11 20:26:33.9570",3640,"Journal Square",40.73367,-74.0625,3281,"Leonard Gordon Park",40.74590996631558,-74.0572714805603,29298,"Subscriber",1984,1
411,"2018-12-11 21:22:13.3710","2018-12-11 21:29:04.6350",3640,"Journal Square",40.73367,-74.0625,3212,"Christ Hospital",40.734785818,-74.050443636,29459,"Subscriber",1991,2
855,"2018-12-11 21:47:51.8230","2018-12-11 22:02:07.5740",3640,"Journal Square",40.73367,-74.0625,3193,"Lincoln Park",40.7246050998869,-74.07840594649315,26282,"Subscriber",1969,1
248,"2018-12-11 21:48:11.3510","2018-12-11 21:52:19.5270",3640,"Journal Square",40.73367,-74.0625,3207,"Oakland Ave",40.7376037,-74.0524783,29586,"Subscriber",1986,1
387,"2018-12-11 22:14:41.2590","2018-12-11 22:21:08.6350",3640,"Journal Square",40.73367,-74.0625,3210,"Pershing Field",40.742677141,-74.051788633,29219,"Subscriber",1986,1
441,"2018-12-11 22:36:04.1150","2018-12-11 22:43:25.5500",3640,"Journal Square",40.73367,-74.0625,3207,"Oakland Ave",40.7376037,-74.0524783,29303,"Subscriber",1984,1
812,"2018-12-12 08:41:29.9970","2018-12-12 08:55:02.7820",3640,"Journal Square",40.73367,-74.0625,3183,"Exchange Place",40.7162469,-74.0334588,29537,"Subscriber",1981,1
887,"2018-12-12 08:58:00.8590","2018-12-12 09:12:47.9800",3640,"Journal Square",40.73367,-74.0625,3214,"Essex Light Rail",40.7127742,-74.0364857,29538,"Subscriber",1992,2
170,"2018-12-12 10:10:42.5250","2018-12-12 10:13:33.5100",3640,"Journal Square",40.73367,-74.0625,3201,"Dey St",40.737711,-74.066921,26223,"Subscriber",1973,1
324,"2018-12-12 10:31:07.9830","2018-12-12 10:36:32.5170",3640,"Journal Square",40.73367,-74.0625,3207,"Oakland Ave",40.7376037,-74.0524783,29465,"Subscriber",1976,2
210,"2018-12-12 13:23:19.4130","2018-12-12 13:26:50.3770",3640,"Journal Square",40.73367,-74.0625,3201,"Dey St",40.737711,-74.066921,26216,"Subscriber",1987,1
1122,"2018-12-12 16:13:33.4690","2018-12-12 16:32:16.4680",3640,"Journal Square",40.73367,-74.0625,3640,"Journal Square",40.73367,-74.0625,29547,"Subscriber",1974,2
373,"2018-12-12 18:02:16.7800","2018-12-12 18:08:30.0100",3640,"Journal Square",40.73367,-74.0625,3210,"Pershing Field",40.742677141,-74.051788633,29586,"Subscriber",1989,1
841,"2018-12-12 18:07:17.6890","2018-12-12 18:21:19.5890",3640,"Journal Square",40.73367,-74.0625,3185,"City Hall",40.7177325,-74.043845,29452,"Subscriber",1987,1
2122,"2018-12-12 18:28:39.6650","2018-12-12 19:04:02.0360",3640,"Journal Square",40.73367,-74.0625,3212,"Christ Hospital",40.734785818,-74.050443636,29276,"Subscriber",1991,2
291,"2018-12-12 19:00:02.9500","2018-12-12 19:04:54.3430",3640,"Journal Square",40.73367,-74.0625,3207,"Oakland Ave",40.7376037,-74.0524783,26179,"Subscriber",1985,1
460,"2018-12-12 19:09:42.9980","2018-12-12 19:17:23.2550",3640,"Journal Square",40.73367,-74.0625,3210,"Pershing Field",40.742677141,-74.051788633,29547,"Subscriber",1977,1
444,"2018-12-12 19:48:49.5560","2018-12-12 19:56:14.3420",3640,"Journal Square",40.73367,-74.0625,3207,"Oakland Ave",40.7376037,-74.0524783,29273,"Subscriber",1987,2
306,"2018-12-12 20:16:32.5730","2018-12-12 20:21:39.2630",3640,"Journal Square",40.73367,-74.0625,3207,"Oakland Ave",40.7376037,-74.0524783,29477,"Subscriber",1985,1
811,"2018-12-12 20:21:09.1590","2018-12-12 20:34:40.9150",3640,"Journal Square",40.73367,-74.0625,3185,"City Hall",40.7177325,-74.043845,29598,"Subscriber",1987,1
291,"2018-12-12 20:32:44.9700","2018-12-12 20:37:36.1940",3640,"Journal Square",40.73367,-74.0625,3207,"Oakland Ave",40.7376037,-74.0524783,29523,"Subscriber",1983,1
661,"2018-12-12 20:45:17.6540","2018-12-12 20:56:19.5790",3640,"Journal Square",40.73367,-74.0625,3191,"Union St",40.7182113,-74.0836394,29219,"Subscriber",1990,1
488,"2018-12-12 21:37:33.1180","2018-12-12 21:45:41.1220",3640,"Journal Square",40.73367,-74.0625,3207,"Oakland Ave",40.7376037,-74.0524783,29667,"Subscriber",1976,2
473,"2018-12-12 21:42:30.5620","2018-12-12 21:50:23.6300",3640,"Journal Square",40.73367,-74.0625,3225,"Baldwin at Montgomery",40.7236589,-74.0641943,26191,"Subscriber",1982,1
453,"2018-12-12 21:42:54.8210","2018-12-12 21:50:28.6060",3640,"Journal Square",40.73367,-74.0625,3225,"Baldwin at Montgomery",40.7236589,-74.0641943,29266,"Subscriber",1982,2
264,"2018-12-12 22:22:19.0850","2018-12-12 22:26:43.3210",3640,"Journal Square",40.73367,-74.0625,3194,"McGinley Square",40.7253399253558,-74.06762212514877,26267,"Subscriber",1989,1
566,"2018-12-12 22:33:47.6260","2018-12-12 22:43:13.6430",3640,"Journal Square",40.73367,-74.0625,3679,"Bergen Ave",40.722103786686034,-74.07145500183105,29251,"Subscriber",1992,1
671,"2018-12-12 22:44:36.9260","2018-12-12 22:55:48.3680",3640,"Journal Square",40.73367,-74.0625,3193,"Lincoln Park",40.7246050998869,-74.07840594649315,29546,"Subscriber",1969,1
534,"2018-12-12 22:50:25.1160","2018-12-12 22:59:19.8890",3640,"Journal Square",40.73367,-74.0625,3280,"Astor Place",40.71928220070702,-74.07126188278198,29298,"Subscriber",1988,1
409,"2018-12-12 22:55:47.7310","2018-12-12 23:02:37.6490",3640,"Journal Square",40.73367,-74.0625,3280,"Astor Place",40.71928220070702,-74.07126188278198,29258,"Subscriber",1987,1
680,"2018-12-13 08:43:54.0610","2018-12-13 08:55:14.6120",3640,"Journal Square",40.73367,-74.0625,3280,"Astor Place",40.71928220070702,-74.07126188278198,26200,"Subscriber",1984,1
769,"2018-12-13 08:44:19.7610","2018-12-13 08:57:09.2820",3640,"Journal Square",40.73367,-74.0625,3214,"Essex Light Rail",40.7127742,-74.0364857,29477,"Subscriber",1992,2
159,"2018-12-13 09:43:40.0760","2018-12-13 09:46:19.9450",3640,"Journal Square",40.73367,-74.0625,3201,"Dey St",40.737711,-74.066921,29616,"Subscriber",1973,1
178,"2018-12-13 10:33:20.8630","2018-12-13 10:36:19.0450",3640,"Journal Square",40.73367,-74.0625,3201,"Dey St",40.737711,-74.066921,29259,"Subscriber",1987,1
228,"2018-12-13 11:28:21.0750","2018-12-13 11:32:09.1030",3640,"Journal Square",40.73367,-74.0625,3201,"Dey St",40.737711,-74.066921,26210,"Subscriber",1974,2
238,"2018-12-13 14:34:15.1640","2018-12-13 14:38:13.3730",3640,"Journal Square",40.73367,-74.0625,3201,"Dey St",40.737711,-74.066921,29673,"Subscriber",1962,2
513,"2018-12-13 15:14:02.9650","2018-12-13 15:22:36.6280",3640,"Journal Square",40.73367,-74.0625,3207,"Oakland Ave",40.7376037,-74.0524783,29214,"Subscriber",1987,1
791,"2018-12-13 17:00:10.6810","2018-12-13 17:13:22.5350",3640,"Journal Square",40.73367,-74.0625,3207,"Oakland Ave",40.7376037,-74.0524783,29668,"Subscriber",1985,1
502,"2018-12-13 17:06:17.4310","2018-12-13 17:14:39.6740",3640,"Journal Square",40.73367,-74.0625,3210,"Pershing Field",40.742677141,-74.051788633,29641,"Subscriber",1977,1
374,"2018-12-13 17:48:02.8250","2018-12-13 17:54:17.4000",3640,"Journal Square",40.73367,-74.0625,3210,"Pershing Field",40.742677141,-74.051788633,29297,"Subscriber",1992,1
199,"2018-12-13 17:48:04.3570","2018-12-13 17:51:23.6210",3640,"Journal Square",40.73367,-74.0625,3201,"Dey St",40.737711,-74.066921,29523,"Subscriber",1967,1
404,"2018-12-13 18:02:48.8800","2018-12-13 18:09:33.7800",3640,"Journal Square",40.73367,-74.0625,3207,"Oakland Ave",40.7376037,-74.0524783,26208,"Subscriber",1994,1
504,"2018-12-13 18:05:08.7030","2018-12-13 18:13:33.3540",3640,"Journal Square",40.73367,-74.0625,3281,"Leonard Gordon Park",40.74590996631558,-74.0572714805603,29675,"Subscriber",1984,1
438,"2018-12-13 18:28:53.7560","2018-12-13 18:36:11.9640",3640,"Journal Square",40.73367,-74.0625,3272,"Jersey & 3rd",40.72333158646436,-74.04595255851744,29505,"Subscriber",1993,1
443,"2018-12-13 18:31:42.3740","2018-12-13 18:39:06.1350",3640,"Journal Square",40.73367,-74.0625,3212,"Christ Hospital",40.734785818,-74.050443636,29298,"Subscriber",1986,2
224,"2018-12-13 18:43:49.1020","2018-12-13 18:47:33.8640",3640,"Journal Square",40.73367,-74.0625,3201,"Dey St",40.737711,-74.066921,26158,"Subscriber",1988,1
256,"2018-12-13 19:18:26.4250","2018-12-13 19:22:43.3460",3640,"Journal Square",40.73367,-74.0625,3207,"Oakland Ave",40.7376037,-74.0524783,29605,"Subscriber",1980,1
700,"2018-12-13 19:27:47.7600","2018-12-13 19:39:28.6820",3640,"Journal Square",40.73367,-74.0625,3210,"Pershing Field",40.742677141,-74.051788633,26213,"Subscriber",1995,2
417,"2018-12-13 19:35:18.8100","2018-12-13 19:42:16.0160",3640,"Journal Square",40.73367,-74.0625,3212,"Christ Hospital",40.734785818,-74.050443636,29524,"Subscriber",1984,1
679,"2018-12-13 19:37:24.9810","2018-12-13 19:48:44.2050",3640,"Journal Square",40.73367,-74.0625,3281,"Leonard Gordon Park",40.74590996631558,-74.0572714805603,29521,"Subscriber",1990,1
368,"2018-12-13 20:21:44.7940","2018-12-13 20:27:52.9830",3640,"Journal Square",40.73367,-74.0625,3281,"Leonard Gordon Park",40.74590996631558,-74.0572714805603,29208,"Subscriber",1986,1
591,"2018-12-13 20:33:42.0920","2018-12-13 20:43:33.6370",3640,"Journal Square",40.73367,-74.0625,3191,"Union St",40.7182113,-74.0836394,29570,"Subscriber",1990,1
261,"2018-12-13 20:34:51.1170","2018-12-13 20:39:12.7480",3640,"Journal Square",40.73367,-74.0625,3201,"Dey St",40.737711,-74.066921,29547,"Subscriber",1987,1
326,"2018-12-13 20:36:38.6020","2018-12-13 20:42:04.6870",3640,"Journal Square",40.73367,-74.0625,3207,"Oakland Ave",40.7376037,-74.0524783,26224,"Subscriber",1986,1
632,"2018-12-13 22:30:45.4730","2018-12-13 22:41:17.8800",3640,"Journal Square",40.73367,-74.0625,3193,"Lincoln Park",40.7246050998869,-74.07840594649315,29448,"Subscriber",1969,1
169,"2018-12-13 22:33:20.1610","2018-12-13 22:36:09.7620",3640,"Journal Square",40.73367,-74.0625,3201,"Dey St",40.737711,-74.066921,26299,"Subscriber",1958,1
403,"2018-12-13 23:38:02.8730","2018-12-13 23:44:46.4050",3640,"Journal Square",40.73367,-74.0625,3207,"Oakland Ave",40.7376037,-74.0524783,33744,"Subscriber",1991,1
514,"2018-12-14 00:44:45.6770","2018-12-14 00:53:19.8170",3640,"Journal Square",40.73367,-74.0625,3280,"Astor Place",40.71928220070702,-74.07126188278198,29276,"Subscriber",1988,1
747,"2018-12-14 08:42:47.1420","2018-12-14 08:55:14.9010",3640,"Journal Square",40.73367,-74.0625,3186,"Grove St PATH",40.71958611647166,-74.04311746358871,26213,"Subscriber",1981,1
189,"2018-12-14 11:16:35.2520","2018-12-14 11:19:44.9030",3640,"Journal Square",40.73367,-74.0625,3201,"Dey St",40.737711,-74.066921,29290,"Subscriber",1966,1
982,"2018-12-14 11:37:54.5470","2018-12-14 11:54:17.2990",3640,"Journal Square",40.73367,-74.0625,3640,"Journal Square",40.73367,-74.0625,26216,"Subscriber",1991,1
834,"2018-12-14 15:21:40.4800","2018-12-14 15:35:35.3390",3640,"Journal Square",40.73367,-74.0625,3270,"Jersey & 6th St",40.72528910781132,-74.04557168483734,29569,"Subscriber",1985,1
584,"2018-12-14 16:42:31.0120","2018-12-14 16:52:15.7860",3640,"Journal Square",40.73367,-74.0625,3210,"Pershing Field",40.742677141,-74.051788633,29521,"Subscriber",1986,1
408,"2018-12-14 17:51:56.2940","2018-12-14 17:58:45.1690",3640,"Journal Square",40.73367,-74.0625,3212,"Christ Hospital",40.734785818,-74.050443636,29605,"Subscriber",1991,2
205,"2018-12-14 17:56:06.7180","2018-12-14 17:59:32.1100",3640,"Journal Square",40.73367,-74.0625,3201,"Dey St",40.737711,-74.066921,26216,"Subscriber",1958,1
478,"2018-12-14 18:26:25.3340","2018-12-14 18:34:24.1380",3640,"Journal Square",40.73367,-74.0625,3210,"Pershing Field",40.742677141,-74.051788633,29628,"Subscriber",1977,1
571,"2018-12-14 18:26:41.5430","2018-12-14 18:36:12.6370",3640,"Journal Square",40.73367,-74.0625,3281,"Leonard Gordon Park",40.74590996631558,-74.0572714805603,26287,"Subscriber",1990,1
556,"2018-12-14 18:30:20.5980","2018-12-14 18:39:36.9620",3640,"Journal Square",40.73367,-74.0625,3225,"Baldwin at Montgomery",40.7236589,-74.0641943,29457,"Subscriber",1988,1
272,"2018-12-14 18:30:53.8810","2018-12-14 18:35:26.6490",3640,"Journal Square",40.73367,-74.0625,3207,"Oakland Ave",40.7376037,-74.0524783,29668,"Subscriber",1980,1
461,"2018-12-14 18:33:39.0860","2018-12-14 18:41:20.8210",3640,"Journal Square",40.73367,-74.0625,3212,"Christ Hospital",40.734785818,-74.050443636,29467,"Subscriber",1984,1
215,"2018-12-14 19:10:31.5400","2018-12-14 19:14:07.3020",3640,"Journal Square",40.73367,-74.0625,3201,"Dey St",40.737711,-74.066921,29208,"Subscriber",1977,1
278,"2018-12-14 19:12:33.4490","2018-12-14 19:17:12.1120",3640,"Journal Square",40.73367,-74.0625,3207,"Oakland Ave",40.7376037,-74.0524783,33744,"Subscriber",1986,1
259,"2018-12-14 19:54:30.4950","2018-12-14 19:58:50.3950",3640,"Journal Square",40.73367,-74.0625,3207,"Oakland Ave",40.7376037,-74.0524783,29273,"Subscriber",1983,1
561,"2018-12-14 20:08:11.4630","2018-12-14 20:17:32.7840",3640,"Journal Square",40.73367,-74.0625,3210,"Pershing Field",40.742677141,-74.051788633,29675,"Subscriber",1995,2
377,"2018-12-14 21:52:36.8580","2018-12-14 21:58:54.4360",3640,"Journal Square",40.73367,-74.0625,3212,"Christ Hospital",40.734785818,-74.050443636,29277,"Subscriber",1993,1
418,"2018-12-15 10:22:23.4060","2018-12-15 10:29:21.4870",3640,"Journal Square",40.73367,-74.0625,3225,"Baldwin at Montgomery",40.7236589,-74.0641943,29457,"Subscriber",1988,1
376,"2018-12-15 15:53:41.4690","2018-12-15 15:59:58.0060",3640,"Journal Square",40.73367,-74.0625,3194,"McGinley Square",40.7253399253558,-74.06762212514877,29551,"Subscriber",1981,1
579,"2018-12-15 19:06:55.0230","2018-12-15 19:16:34.0340",3640,"Journal Square",40.73367,-74.0625,3210,"Pershing Field",40.742677141,-74.051788633,29241,"Subscriber",1995,2
642,"2018-12-15 19:28:38.6470","2018-12-15 19:39:21.4050",3640,"Journal Square",40.73367,-74.0625,3679,"Bergen Ave",40.722103786686034,-74.07145500183105,26306,"Subscriber",1969,0
450,"2018-12-15 22:10:59.3040","2018-12-15 22:18:30.2770",3640,"Journal Square",40.73367,-74.0625,3207,"Oakland Ave",40.7376037,-74.0524783,29644,"Subscriber",1976,2
183,"2018-12-15 22:33:07.9720","2018-12-15 22:36:11.4810",3640,"Journal Square",40.73367,-74.0625,3201,"Dey St",40.737711,-74.066921,29259,"Subscriber",1996,2
388,"2018-12-16 00:19:05.2050","2018-12-16 00:25:33.8810",3640,"Journal Square",40.73367,-74.0625,3210,"Pershing Field",40.742677141,-74.051788633,29577,"Subscriber",1986,1
436,"2018-12-16 04:15:56.0780","2018-12-16 04:23:12.1500",3640,"Journal Square",40.73367,-74.0625,3207,"Oakland Ave",40.7376037,-74.0524783,29441,"Subscriber",1984,1
540,"2018-12-16 12:36:37.6920","2018-12-16 12:45:37.8860",3640,"Journal Square",40.73367,-74.0625,3225,"Baldwin at Montgomery",40.7236589,-74.0641943,29448,"Subscriber",1988,1
429,"2018-12-16 18:53:30.4840","2018-12-16 19:00:40.3490",3640,"Journal Square",40.73367,-74.0625,3679,"Bergen Ave",40.722103786686034,-74.07145500183105,29677,"Subscriber",1988,1
811,"2018-12-16 19:39:35.7190","2018-12-16 19:53:07.0140",3640,"Journal Square",40.73367,-74.0625,3210,"Pershing Field",40.742677141,-74.051788633,29587,"Subscriber",1976,2
247,"2018-12-17 17:01:32.5690","2018-12-17 17:05:39.8500",3640,"Journal Square",40.73367,-74.0625,3207,"Oakland Ave",40.7376037,-74.0524783,26212,"Subscriber",1994,1
384,"2018-12-17 17:10:53.2610","2018-12-17 17:17:18.1430",3640,"Journal Square",40.73367,-74.0625,3210,"Pershing Field",40.742677141,-74.051788633,29577,"Subscriber",1989,1
559,"2018-12-17 17:37:57.0990","2018-12-17 17:47:17.0700",3640,"Journal Square",40.73367,-74.0625,3281,"Leonard Gordon Park",40.74590996631558,-74.0572714805603,29213,"Subscriber",1976,1
546,"2018-12-17 18:11:36.6660","2018-12-17 18:20:43.1740",3640,"Journal Square",40.73367,-74.0625,3212,"Christ Hospital",40.734785818,-74.050443636,33744,"Subscriber",1984,1
462,"2018-12-17 18:14:59.8050","2018-12-17 18:22:42.3130",3640,"Journal Square",40.73367,-74.0625,3210,"Pershing Field",40.742677141,-74.051788633,26167,"Subscriber",1985,1
482,"2018-12-17 18:16:11.4500","2018-12-17 18:24:14.0860",3640,"Journal Square",40.73367,-74.0625,3210,"Pershing Field",40.742677141,-74.051788633,29259,"Subscriber",1977,1
273,"2018-12-17 18:23:28.7250","2018-12-17 18:28:02.6610",3640,"Journal Square",40.73367,-74.0625,3207,"Oakland Ave",40.7376037,-74.0524783,29628,"Subscriber",1980,1
279,"2018-12-17 18:28:17.1500","2018-12-17 18:32:56.7890",3640,"Journal Square",40.73367,-74.0625,3207,"Oakland Ave",40.7376037,-74.0524783,29214,"Subscriber",1994,1
476,"2018-12-17 18:37:41.6120","2018-12-17 18:45:38.2000",3640,"Journal Square",40.73367,-74.0625,3281,"Leonard Gordon Park",40.74590996631558,-74.0572714805603,29252,"Subscriber",1979,1
553,"2018-12-17 18:41:43.9410","2018-12-17 18:50:56.9490",3640,"Journal Square",40.73367,-74.0625,3269,"Brunswick & 6th",40.72601172964625,-74.05038893222809,29260,"Subscriber",1991,1
868,"2018-12-17 19:00:39.9690","2018-12-17 19:15:08.3840",3640,"Journal Square",40.73367,-74.0625,3678,"Fairmount Ave",40.72572613742557,-74.07195925712585,29642,"Subscriber",1991,1
180,"2018-12-17 19:08:07.0740","2018-12-17 19:11:07.7630",3640,"Journal Square",40.73367,-74.0625,3201,"Dey St",40.737711,-74.066921,29220,"Subscriber",1970,1
598,"2018-12-17 19:11:50.5180","2018-12-17 19:21:49.0830",3640,"Journal Square",40.73367,-74.0625,3281,"Leonard Gordon Park",40.74590996631558,-74.0572714805603,29224,"Subscriber",1990,1
489,"2018-12-17 19:31:58.7910","2018-12-17 19:40:08.0520",3640,"Journal Square",40.73367,-74.0625,3194,"McGinley Square",40.7253399253558,-74.06762212514877,29298,"Subscriber",1981,1
2162,"2018-12-17 20:17:34.1400","2018-12-17 20:53:36.4690",3640,"Journal Square",40.73367,-74.0625,3281,"Leonard Gordon Park",40.74590996631558,-74.0572714805603,26212,"Subscriber",1991,1
248,"2018-12-17 20:19:14.8590","2018-12-17 20:23:23.2270",3640,"Journal Square",40.73367,-74.0625,3207,"Oakland Ave",40.7376037,-74.0524783,29208,"Subscriber",1986,1
250,"2018-12-17 21:02:32.2490","2018-12-17 21:06:42.8510",3640,"Journal Square",40.73367,-74.0625,3207,"Oakland Ave",40.7376037,-74.0524783,29587,"Subscriber",1983,1
394,"2018-12-17 21:12:34.6200","2018-12-17 21:19:09.3720",3640,"Journal Square",40.73367,-74.0625,3212,"Christ Hospital",40.734785818,-74.050443636,26152,"Subscriber",1991,2
421,"2018-12-17 22:16:09.1160","2018-12-17 22:23:11.0530",3640,"Journal Square",40.73367,-74.0625,3210,"Pershing Field",40.742677141,-74.051788633,29471,"Subscriber",1986,1
743,"2018-12-18 08:48:59.2880","2018-12-18 09:01:22.6890",3640,"Journal Square",40.73367,-74.0625,3214,"Essex Light Rail",40.7127742,-74.0364857,29602,"Subscriber",1992,2
170,"2018-12-18 11:01:16.4310","2018-12-18 11:04:07.1950",3640,"Journal Square",40.73367,-74.0625,3201,"Dey St",40.737711,-74.066921,29198,"Subscriber",1973,1
775,"2018-12-18 17:05:49.0780","2018-12-18 17:18:44.4490",3640,"Journal Square",40.73367,-74.0625,3186,"Grove St PATH",40.71958611647166,-74.04311746358871,29595,"Subscriber",1970,2
525,"2018-12-18 17:30:50.4830","2018-12-18 17:39:36.0630",3640,"Journal Square",40.73367,-74.0625,3281,"Leonard Gordon Park",40.74590996631558,-74.0572714805603,29247,"Subscriber",1976,1
589,"2018-12-18 17:33:43.7130","2018-12-18 17:43:33.2520",3640,"Journal Square",40.73367,-74.0625,3281,"Leonard Gordon Park",40.74590996631558,-74.0572714805603,29213,"Subscriber",1984,1
422,"2018-12-18 17:52:14.5790","2018-12-18 17:59:16.6570",3640,"Journal Square",40.73367,-74.0625,3210,"Pershing Field",40.742677141,-74.051788633,29674,"Subscriber",1989,1
355,"2018-12-18 18:03:37.4440","2018-12-18 18:09:33.2370",3640,"Journal Square",40.73367,-74.0625,3207,"Oakland Ave",40.7376037,-74.0524783,29581,"Subscriber",1994,1
570,"2018-12-18 18:05:09.0840","2018-12-18 18:14:39.1780",3640,"Journal Square",40.73367,-74.0625,3212,"Christ Hospital",40.734785818,-74.050443636,29252,"Subscriber",1984,1
349,"2018-12-18 18:12:17.1090","2018-12-18 18:18:07.0460",3640,"Journal Square",40.73367,-74.0625,3207,"Oakland Ave",40.7376037,-74.0524783,26167,"Subscriber",1985,1
435,"2018-12-18 18:14:48.0400","2018-12-18 18:22:03.5530",3640,"Journal Square",40.73367,-74.0625,3269,"Brunswick & 6th",40.72601172964625,-74.05038893222809,29448,"Subscriber",1991,1
447,"2018-12-18 18:33:49.4010","2018-12-18 18:41:17.0850",3640,"Journal Square",40.73367,-74.0625,3210,"Pershing Field",40.742677141,-74.051788633,29516,"Subscriber",1985,1
297,"2018-12-18 18:35:00.2880","2018-12-18 18:39:57.7530",3640,"Journal Square",40.73367,-74.0625,3207,"Oakland Ave",40.7376037,-74.0524783,29465,"Subscriber",1980,1
316,"2018-12-18 18:36:36.4580","2018-12-18 18:41:53.2430",3640,"Journal Square",40.73367,-74.0625,3207,"Oakland Ave",40.7376037,-74.0524783,26220,"Subscriber",1994,1
806,"2018-12-18 18:36:52.8600","2018-12-18 18:50:19.7990",3640,"Journal Square",40.73367,-74.0625,3281,"Leonard Gordon Park",40.74590996631558,-74.0572714805603,29471,"Subscriber",1990,1
418,"2018-12-18 20:23:21.4590","2018-12-18 20:30:19.6260",3640,"Journal Square",40.73367,-74.0625,3212,"Christ Hospital",40.734785818,-74.050443636,26251,"Subscriber",1991,2
262,"2018-12-18 20:39:43.3270","2018-12-18 20:44:06.1790",3640,"Journal Square",40.73367,-74.0625,3207,"Oakland Ave",40.7376037,-74.0524783,29198,"Subscriber",1983,1
854,"2018-12-19 08:17:33.8620","2018-12-19 08:31:48.7010",3640,"Journal Square",40.73367,-74.0625,3214,"Essex Light Rail",40.7127742,-74.0364857,29298,"Subscriber",1992,2
196,"2018-12-19 09:35:58.7760","2018-12-19 09:39:15.6090",3640,"Journal Square",40.73367,-74.0625,3201,"Dey St",40.737711,-74.066921,29674,"Subscriber",1973,1
328,"2018-12-19 11:52:52.1040","2018-12-19 11:58:20.7880",3640,"Journal Square",40.73367,-74.0625,3212,"Christ Hospital",40.734785818,-74.050443636,26167,"Subscriber",1993,1
467,"2018-12-19 15:39:51.9170","2018-12-19 15:47:39.0930",3640,"Journal Square",40.73367,-74.0625,3194,"McGinley Square",40.7253399253558,-74.06762212514877,29218,"Subscriber",1970,1
580,"2018-12-19 17:00:18.8420","2018-12-19 17:09:58.9050",3640,"Journal Square",40.73367,-74.0625,3281,"Leonard Gordon Park",40.74590996631558,-74.0572714805603,26179,"Subscriber",1990,1
1106,"2018-12-19 17:02:43.6630","2018-12-19 17:21:10.3640",3640,"Journal Square",40.73367,-74.0625,3281,"Leonard Gordon Park",40.74590996631558,-74.0572714805603,29581,"Subscriber",1979,2
404,"2018-12-19 17:18:43.8890","2018-12-19 17:25:28.7550",3640,"Journal Square",40.73367,-74.0625,3210,"Pershing Field",40.742677141,-74.051788633,29220,"Subscriber",1992,1
475,"2018-12-19 17:30:53.2420","2018-12-19 17:38:48.3300",3640,"Journal Square",40.73367,-74.0625,3281,"Leonard Gordon Park",40.74590996631558,-74.0572714805603,29247,"Subscriber",1976,1
393,"2018-12-19 18:13:31.5690","2018-12-19 18:20:04.7510",3640,"Journal Square",40.73367,-74.0625,3207,"Oakland Ave",40.7376037,-74.0524783,26293,"Subscriber",1987,2
292,"2018-12-19 18:17:51.3970","2018-12-19 18:22:44.3430",3640,"Journal Square",40.73367,-74.0625,3207,"Oakland Ave",40.7376037,-74.0524783,29674,"Subscriber",1994,1
454,"2018-12-19 18:21:36.9340","2018-12-19 18:29:11.4400",3640,"Journal Square",40.73367,-74.0625,3212,"Christ Hospital",40.734785818,-74.050443636,29670,"Subscriber",1991,2
292,"2018-12-19 18:32:14.5460","2018-12-19 18:37:07.0200",3640,"Journal Square",40.73367,-74.0625,3207,"Oakland Ave",40.7376037,-74.0524783,29272,"Subscriber",1986,1
371,"2018-12-19 18:38:14.0840","2018-12-19 18:44:25.6930",3640,"Journal Square",40.73367,-74.0625,3210,"Pershing Field",40.742677141,-74.051788633,29290,"Subscriber",1985,1
428,"2018-12-19 19:05:56.5220","2018-12-19 19:13:05.1000",3640,"Journal Square",40.73367,-74.0625,3207,"Oakland Ave",40.7376037,-74.0524783,29471,"Subscriber",1976,2
469,"2018-12-19 19:37:10.6350","2018-12-19 19:45:00.4580",3640,"Journal Square",40.73367,-74.0625,3207,"Oakland Ave",40.7376037,-74.0524783,26251,"Subscriber",1987,1
636,"2018-12-19 19:44:20.7720","2018-12-19 19:54:56.9230",3640,"Journal Square",40.73367,-74.0625,3281,"Leonard Gordon Park",40.74590996631558,-74.0572714805603,26257,"Subscriber",1990,1
529,"2018-12-19 20:11:13.1590","2018-12-19 20:20:02.8690",3640,"Journal Square",40.73367,-74.0625,3210,"Pershing Field",40.742677141,-74.051788633,29198,"Subscriber",1977,1
436,"2018-12-19 20:24:33.7580","2018-12-19 20:31:49.8230",3640,"Journal Square",40.73367,-74.0625,3194,"McGinley Square",40.7253399253558,-74.06762212514877,29272,"Subscriber",1980,1
602,"2018-12-19 20:33:16.1420","2018-12-19 20:43:18.7690",3640,"Journal Square",40.73367,-74.0625,3191,"Union St",40.7182113,-74.0836394,29444,"Subscriber",1990,1
517,"2018-12-19 20:33:33.1190","2018-12-19 20:42:10.3530",3640,"Journal Square",40.73367,-74.0625,3193,"Lincoln Park",40.7246050998869,-74.07840594649315,26209,"Subscriber",1990,2
260,"2018-12-19 20:44:43.1390","2018-12-19 20:49:03.4880",3640,"Journal Square",40.73367,-74.0625,3207,"Oakland Ave",40.7376037,-74.0524783,26286,"Subscriber",1983,1
634,"2018-12-20 08:39:17.1430","2018-12-20 08:49:52.0950",3640,"Journal Square",40.73367,-74.0625,3186,"Grove St PATH",40.71958611647166,-74.04311746358871,29247,"Subscriber",1981,1
670,"2018-12-20 10:49:46.4360","2018-12-20 11:00:56.6990",3640,"Journal Square",40.73367,-74.0625,3214,"Essex Light Rail",40.7127742,-74.0364857,26179,"Subscriber",1992,2
262,"2018-12-20 11:56:50.3330","2018-12-20 12:01:12.3990",3640,"Journal Square",40.73367,-74.0625,3201,"Dey St",40.737711,-74.066921,29577,"Subscriber",1974,2
591,"2018-12-20 16:38:48.9170","2018-12-20 16:48:39.9280",3640,"Journal Square",40.73367,-74.0625,3281,"Leonard Gordon Park",40.74590996631558,-74.0572714805603,26172,"Subscriber",1984,1
425,"2018-12-20 17:55:01.6050","2018-12-20 18:02:06.8790",3640,"Journal Square",40.73367,-74.0625,3210,"Pershing Field",40.742677141,-74.051788633,29674,"Subscriber",1985,1
496,"2018-12-20 18:27:27.3930","2018-12-20 18:35:43.7210",3640,"Journal Square",40.73367,-74.0625,3269,"Brunswick & 6th",40.72601172964625,-74.05038893222809,29670,"Subscriber",1991,1
318,"2018-12-20 19:20:19.4390","2018-12-20 19:25:37.6060",3640,"Journal Square",40.73367,-74.0625,3207,"Oakland Ave",40.7376037,-74.0524783,26293,"Subscriber",1980,1
428,"2018-12-20 19:22:58.4080","2018-12-20 19:30:06.5400",3640,"Journal Square",40.73367,-74.0625,3210,"Pershing Field",40.742677141,-74.051788633,26251,"Subscriber",1977,1
374,"2018-12-20 19:24:15.5020","2018-12-20 19:30:30.1080",3640,"Journal Square",40.73367,-74.0625,3210,"Pershing Field",40.742677141,-74.051788633,29443,"Subscriber",1989,1
168,"2018-12-20 19:41:30.9580","2018-12-20 19:44:19.2080",3640,"Journal Square",40.73367,-74.0625,3201,"Dey St",40.737711,-74.066921,29473,"Subscriber",1970,1
316,"2018-12-20 21:02:46.8580","2018-12-20 21:08:03.1090",3640,"Journal Square",40.73367,-74.0625,3207,"Oakland Ave",40.7376037,-74.0524783,26299,"Subscriber",1985,1
482,"2018-12-20 21:28:11.9330","2018-12-20 21:36:14.6170",3640,"Journal Square",40.73367,-74.0625,3281,"Leonard Gordon Park",40.74590996631558,-74.0572714805603,26257,"Subscriber",1993,1
205,"2018-12-20 22:32:30.3990","2018-12-20 22:35:56.3280",3640,"Journal Square",40.73367,-74.0625,3201,"Dey St",40.737711,-74.066921,29507,"Subscriber",1958,1
336,"2018-12-20 23:25:11.0850","2018-12-20 23:30:47.4400",3640,"Journal Square",40.73367,-74.0625,3207,"Oakland Ave",40.7376037,-74.0524783,29594,"Subscriber",1991,1
241,"2018-12-20 23:57:46.1880","2018-12-21 00:01:48.0170",3640,"Journal Square",40.73367,-74.0625,3207,"Oakland Ave",40.7376037,-74.0524783,29441,"Subscriber",1983,1
378,"2018-12-21 00:23:02.4580","2018-12-21 00:29:21.1050",3640,"Journal Square",40.73367,-74.0625,3210,"Pershing Field",40.742677141,-74.051788633,29521,"Subscriber",1986,1
383,"2018-12-21 08:38:18.8330","2018-12-21 08:44:42.5380",3640,"Journal Square",40.73367,-74.0625,3209,"Brunswick St",40.7241765,-74.0506564,26293,"Subscriber",1992,2
560,"2018-12-21 13:46:41.1860","2018-12-21 13:56:01.3700",3640,"Journal Square",40.73367,-74.0625,3210,"Pershing Field",40.742677141,-74.051788633,29481,"Subscriber",1990,1
279,"2018-12-21 16:53:27.9660","2018-12-21 16:58:07.2680",3640,"Journal Square",40.73367,-74.0625,3207,"Oakland Ave",40.7376037,-74.0524783,29218,"Subscriber",1980,1
495,"2018-12-21 17:00:25.9280","2018-12-21 17:08:41.6790",3640,"Journal Square",40.73367,-74.0625,3281,"Leonard Gordon Park",40.74590996631558,-74.0572714805603,29569,"Subscriber",1990,1
298,"2018-12-21 17:30:06.9810","2018-12-21 17:35:05.9250",3640,"Journal Square",40.73367,-74.0625,3207,"Oakland Ave",40.7376037,-74.0524783,29513,"Subscriber",1994,1
143,"2018-12-21 17:34:03.7360","2018-12-21 17:36:27.7250",3640,"Journal Square",40.73367,-74.0625,3201,"Dey St",40.737711,-74.066921,26151,"Subscriber",1989,1
419,"2018-12-21 17:48:28.4560","2018-12-21 17:55:27.5630",3640,"Journal Square",40.73367,-74.0625,3210,"Pershing Field",40.742677141,-74.051788633,29441,"Subscriber",1989,1
497,"2018-12-21 18:25:36.8580","2018-12-21 18:33:54.8450",3640,"Journal Square",40.73367,-74.0625,3210,"Pershing Field",40.742677141,-74.051788633,26251,"Subscriber",1985,1
269,"2018-12-21 19:15:59.1570","2018-12-21 19:20:28.7590",3640,"Journal Square",40.73367,-74.0625,3207,"Oakland Ave",40.7376037,-74.0524783,29254,"Subscriber",1983,1
408,"2018-12-21 19:40:26.5630","2018-12-21 19:47:14.8010",3640,"Journal Square",40.73367,-74.0625,3207,"Oakland Ave",40.7376037,-74.0524783,26172,"Subscriber",1962,1
470,"2018-12-22 20:20:10.5270","2018-12-22 20:28:00.6750",3640,"Journal Square",40.73367,-74.0625,3194,"McGinley Square",40.7253399253558,-74.06762212514877,29258,"Subscriber",1981,1
345,"2018-12-22 22:52:59.8720","2018-12-22 22:58:45.6600",3640,"Journal Square",40.73367,-74.0625,3207,"Oakland Ave",40.7376037,-74.0524783,29636,"Subscriber",1962,1
759,"2018-12-23 15:28:26.9130","2018-12-23 15:41:05.9300",3640,"Journal Square",40.73367,-74.0625,3186,"Grove St PATH",40.71958611647166,-74.04311746358871,29494,"Subscriber",1993,1
488,"2018-12-23 16:55:38.2810","2018-12-23 17:03:46.3830",3640,"Journal Square",40.73367,-74.0625,3225,"Baldwin at Montgomery",40.7236589,-74.0641943,29550,"Subscriber",1988,1
145,"2018-12-23 19:04:11.8490","2018-12-23 19:06:37.8420",3640,"Journal Square",40.73367,-74.0625,3220,"5 Corners Library",40.734961020009514,-74.0595030784607,29513,"Subscriber",1983,1
153,"2018-12-23 19:11:59.4130","2018-12-23 19:14:33.2390",3640,"Journal Square",40.73367,-74.0625,3206,"Hilltop",40.7311689,-74.0575736,29521,"Subscriber",1983,1
327,"2018-12-23 19:54:31.4870","2018-12-23 19:59:59.3590",3640,"Journal Square",40.73367,-74.0625,3269,"Brunswick & 6th",40.72601172964625,-74.05038893222809,29278,"Subscriber",1990,1
1602,"2018-12-24 13:17:09.9910","2018-12-24 13:43:52.7510",3640,"Journal Square",40.73367,-74.0625,3186,"Grove St PATH",40.71958611647166,-74.04311746358871,26297,"Customer",1998,1
648,"2018-12-24 14:00:42.4530","2018-12-24 14:11:30.6680",3640,"Journal Square",40.73367,-74.0625,3210,"Pershing Field",40.742677141,-74.051788633,29497,"Subscriber",1950,1
682,"2018-12-24 16:13:41.7370","2018-12-24 16:25:03.9630",3640,"Journal Square",40.73367,-74.0625,3280,"Astor Place",40.71928220070702,-74.07126188278198,29497,"Subscriber",1982,2
195,"2018-12-24 17:04:23.2140","2018-12-24 17:07:38.3860",3640,"Journal Square",40.73367,-74.0625,3195,"Sip Ave",40.73074262530658,-74.06378388404846,29602,"Subscriber",1983,1
150,"2018-12-24 17:57:24.3800","2018-12-24 17:59:54.9290",3640,"Journal Square",40.73367,-74.0625,3195,"Sip Ave",40.73074262530658,-74.06378388404846,29222,"Subscriber",1978,1
188,"2018-12-24 18:04:04.7730","2018-12-24 18:07:13.3370",3640,"Journal Square",40.73367,-74.0625,3195,"Sip Ave",40.73074262530658,-74.06378388404846,26230,"Subscriber",1978,1
160,"2018-12-24 18:11:04.4480","2018-12-24 18:13:45.0770",3640,"Journal Square",40.73367,-74.0625,3195,"Sip Ave",40.73074262530658,-74.06378388404846,26293,"Subscriber",1978,1
123,"2018-12-24 18:18:06.9330","2018-12-24 18:20:10.0070",3640,"Journal Square",40.73367,-74.0625,3220,"5 Corners Library",40.734961020009514,-74.0595030784607,26242,"Subscriber",1978,1
188,"2018-12-24 18:24:19.1690","2018-12-24 18:27:27.2430",3640,"Journal Square",40.73367,-74.0625,3195,"Sip Ave",40.73074262530658,-74.06378388404846,29601,"Subscriber",1978,1
546,"2018-12-24 22:44:13.3150","2018-12-24 22:53:19.6370",3640,"Journal Square",40.73367,-74.0625,3210,"Pershing Field",40.742677141,-74.051788633,29505,"Subscriber",1985,2
2649,"2018-12-25 15:31:19.5140","2018-12-25 16:15:29.3120",3640,"Journal Square",40.73367,-74.0625,3183,"Exchange Place",40.7162469,-74.0334588,29655,"Subscriber",1969,0
384,"2018-12-25 17:44:14.2050","2018-12-25 17:50:39.0870",3640,"Journal Square",40.73367,-74.0625,3212,"Christ Hospital",40.734785818,-74.050443636,29211,"Subscriber",1993,1
540,"2018-12-25 18:58:25.8100","2018-12-25 19:07:26.0170",3640,"Journal Square",40.73367,-74.0625,3210,"Pershing Field",40.742677141,-74.051788633,26257,"Subscriber",1995,2
763,"2018-12-26 09:05:59.7330","2018-12-26 09:18:42.8050",3640,"Journal Square",40.73367,-74.0625,3214,"Essex Light Rail",40.7127742,-74.0364857,29592,"Subscriber",1992,2
185,"2018-12-26 10:41:26.8070","2018-12-26 10:44:32.2130",3640,"Journal Square",40.73367,-74.0625,3206,"Hilltop",40.7311689,-74.0575736,29505,"Subscriber",1981,1
885,"2018-12-26 17:02:40.9360","2018-12-26 17:17:26.2710",3640,"Journal Square",40.73367,-74.0625,3210,"Pershing Field",40.742677141,-74.051788633,29252,"Subscriber",1989,1
2427,"2018-12-26 17:08:34.3650","2018-12-26 17:49:01.3990",3640,"Journal Square",40.73367,-74.0625,3194,"McGinley Square",40.7253399253558,-74.06762212514877,26173,"Subscriber",1991,1
469,"2018-12-26 17:22:47.5270","2018-12-26 17:30:36.7090",3640,"Journal Square",40.73367,-74.0625,3281,"Leonard Gordon Park",40.74590996631558,-74.0572714805603,29261,"Subscriber",1976,1
534,"2018-12-26 17:43:16.7520","2018-12-26 17:52:11.1000",3640,"Journal Square",40.73367,-74.0625,3210,"Pershing Field",40.742677141,-74.051788633,29553,"Subscriber",1991,1
423,"2018-12-26 17:48:32.0150","2018-12-26 17:55:35.7210",3640,"Journal Square",40.73367,-74.0625,3210,"Pershing Field",40.742677141,-74.051788633,29444,"Subscriber",1985,1
338,"2018-12-26 19:54:58.2910","2018-12-26 20:00:36.4910",3640,"Journal Square",40.73367,-74.0625,3207,"Oakland Ave",40.7376037,-74.0524783,26152,"Subscriber",1976,2
561,"2018-12-26 19:58:16.5860","2018-12-26 20:07:37.5900",3640,"Journal Square",40.73367,-74.0625,3210,"Pershing Field",40.742677141,-74.051788633,26280,"Subscriber",1985,2
411,"2018-12-26 23:40:07.6710","2018-12-26 23:46:58.7680",3640,"Journal Square",40.73367,-74.0625,3210,"Pershing Field",40.742677141,-74.051788633,29556,"Subscriber",1991,1
658,"2018-12-27 08:49:12.4790","2018-12-27 09:00:10.5790",3640,"Journal Square",40.73367,-74.0625,3214,"Essex Light Rail",40.7127742,-74.0364857,29292,"Subscriber",1992,2
842,"2018-12-27 09:26:25.7850","2018-12-27 09:40:28.2260",3640,"Journal Square",40.73367,-74.0625,3210,"Pershing Field",40.742677141,-74.051788633,26280,"Subscriber",1974,2
541,"2018-12-27 09:34:10.3560","2018-12-27 09:43:11.5970",3640,"Journal Square",40.73367,-74.0625,3191,"Union St",40.7182113,-74.0836394,29673,"Subscriber",1991,1
175,"2018-12-27 11:26:46.1920","2018-12-27 11:29:41.4760",3640,"Journal Square",40.73367,-74.0625,3201,"Dey St",40.737711,-74.066921,29556,"Subscriber",1987,1
322,"2018-12-27 12:46:33.8130","2018-12-27 12:51:56.5140",3640,"Journal Square",40.73367,-74.0625,3207,"Oakland Ave",40.7376037,-74.0524783,26184,"Subscriber",1985,1
191,"2018-12-27 15:07:13.3200","2018-12-27 15:10:24.4360",3640,"Journal Square",40.73367,-74.0625,3206,"Hilltop",40.7311689,-74.0575736,29230,"Subscriber",1969,0
645,"2018-12-27 15:09:09.0480","2018-12-27 15:19:54.3350",3640,"Journal Square",40.73367,-74.0625,3185,"City Hall",40.7177325,-74.043845,26230,"Subscriber",1969,0
846,"2018-12-27 15:29:35.0610","2018-12-27 15:43:41.2800",3640,"Journal Square",40.73367,-74.0625,3186,"Grove St PATH",40.71958611647166,-74.04311746358871,29252,"Subscriber",1956,1
722,"2018-12-27 16:00:39.0440","2018-12-27 16:12:41.1890",3640,"Journal Square",40.73367,-74.0625,3280,"Astor Place",40.71928220070702,-74.07126188278198,29269,"Subscriber",1983,1
547,"2018-12-27 16:53:31.2800","2018-12-27 17:02:39.0650",3640,"Journal Square",40.73367,-74.0625,3281,"Leonard Gordon Park",40.74590996631558,-74.0572714805603,26280,"Subscriber",1990,1
573,"2018-12-27 17:15:11.2700","2018-12-27 17:24:44.5910",3640,"Journal Square",40.73367,-74.0625,3211,"Newark Ave",40.72152515,-74.046304543,26251,"Subscriber",1988,1
538,"2018-12-27 17:32:37.4010","2018-12-27 17:41:36.3170",3640,"Journal Square",40.73367,-74.0625,3281,"Leonard Gordon Park",40.74590996631558,-74.0572714805603,26245,"Subscriber",1976,1
619,"2018-12-27 17:43:46.9120","2018-12-27 17:54:06.6600",3640,"Journal Square",40.73367,-74.0625,3210,"Pershing Field",40.742677141,-74.051788633,29261,"Subscriber",1991,1
512,"2018-12-27 17:46:35.9110","2018-12-27 17:55:08.0190",3640,"Journal Square",40.73367,-74.0625,3281,"Leonard Gordon Park",40.74590996631558,-74.0572714805603,29507,"Subscriber",1984,1
532,"2018-12-27 19:46:04.5070","2018-12-27 19:54:56.6920",3640,"Journal Square",40.73367,-74.0625,3210,"Pershing Field",40.742677141,-74.051788633,29515,"Subscriber",1988,1
186,"2018-12-27 20:04:04.8850","2018-12-27 20:07:10.9820",3640,"Journal Square",40.73367,-74.0625,3201,"Dey St",40.737711,-74.066921,26203,"Subscriber",1988,1
479,"2018-12-27 20:11:56.3630","2018-12-27 20:19:55.6990",3640,"Journal Square",40.73367,-74.0625,3212,"Christ Hospital",40.734785818,-74.050443636,26260,"Subscriber",1983,1
703,"2018-12-27 21:50:01.1830","2018-12-27 22:01:45.1720",3640,"Journal Square",40.73367,-74.0625,3193,"Lincoln Park",40.7246050998869,-74.07840594649315,29304,"Subscriber",1969,1
350,"2018-12-28 01:23:35.4210","2018-12-28 01:29:26.1120",3640,"Journal Square",40.73367,-74.0625,3210,"Pershing Field",40.742677141,-74.051788633,29593,"Subscriber",1986,1
500,"2018-12-28 13:21:15.3970","2018-12-28 13:29:36.1070",3640,"Journal Square",40.73367,-74.0625,3225,"Baldwin at Montgomery",40.7236589,-74.0641943,26192,"Subscriber",1988,1
584,"2018-12-28 17:19:24.3130","2018-12-28 17:29:08.7020",3640,"Journal Square",40.73367,-74.0625,3210,"Pershing Field",40.742677141,-74.051788633,26282,"Subscriber",1986,1
1222,"2018-12-28 18:33:30.5850","2018-12-28 18:53:53.3500",3640,"Journal Square",40.73367,-74.0625,3212,"Christ Hospital",40.734785818,-74.050443636,26304,"Subscriber",1994,1
524,"2018-12-29 12:11:51.8730","2018-12-29 12:20:36.2850",3640,"Journal Square",40.73367,-74.0625,3281,"Leonard Gordon Park",40.74590996631558,-74.0572714805603,29535,"Subscriber",1987,1
547,"2018-12-29 17:01:36.7970","2018-12-29 17:10:44.6090",3640,"Journal Square",40.73367,-74.0625,3678,"Fairmount Ave",40.72572613742557,-74.07195925712585,26161,"Subscriber",1982,1
555,"2018-12-30 16:10:12.1900","2018-12-30 16:19:27.4600",3640,"Journal Square",40.73367,-74.0625,3210,"Pershing Field",40.742677141,-74.051788633,26245,"Subscriber",1950,1
722,"2018-12-30 19:50:56.1740","2018-12-30 20:02:58.6250",3640,"Journal Square",40.73367,-74.0625,3679,"Bergen Ave",40.722103786686034,-74.07145500183105,29550,"Subscriber",1956,1
402,"2018-12-30 21:22:24.5140","2018-12-30 21:29:07.3350",3640,"Journal Square",40.73367,-74.0625,3207,"Oakland Ave",40.7376037,-74.0524783,26152,"Subscriber",1976,2
253,"2018-12-31 00:45:04.4920","2018-12-31 00:49:18.4210",3640,"Journal Square",40.73367,-74.0625,3207,"Oakland Ave",40.7376037,-74.0524783,26245,"Subscriber",1983,1
840,"2018-12-31 00:53:25.7000","2018-12-31 01:07:25.8530",3640,"Journal Square",40.73367,-74.0625,3210,"Pershing Field",40.742677141,-74.051788633,29553,"Customer",1969,0
410,"2018-12-31 13:16:38.9660","2018-12-31 13:23:29.7580",3640,"Journal Square",40.73367,-74.0625,3210,"Pershing Field",40.742677141,-74.051788633,26296,"Subscriber",1994,1
721,"2018-12-31 18:54:03.8660","2018-12-31 19:06:05.1330",3640,"Journal Square",40.73367,-74.0625,3679,"Bergen Ave",40.722103786686034,-74.07145500183105,29294,"Subscriber",1969,0
313,"2018-12-31 23:15:43.0680","2018-12-31 23:20:56.8070",3640,"Journal Square",40.73367,-74.0625,3281,"Leonard Gordon Park",40.74590996631558,-74.0572714805603,29212,"Subscriber",1989,2
660,"2018-12-01 09:34:51.1190","2018-12-01 09:45:51.1300",3677,"Glenwood Ave",40.72755146730012,-74.07106071710587,3186,"Grove St PATH",40.71958611647166,-74.04311746358871,26257,"Subscriber",1981,1
297,"2018-12-01 11:42:03.8140","2018-12-01 11:47:01.6410",3677,"Glenwood Ave",40.72755146730012,-74.07106071710587,3195,"Sip Ave",40.73074262530658,-74.06378388404846,29209,"Subscriber",1995,1
252,"2018-12-02 11:23:41.4020","2018-12-02 11:27:54.3800",3677,"Glenwood Ave",40.72755146730012,-74.07106071710587,3195,"Sip Ave",40.73074262530658,-74.06378388404846,29213,"Customer",1997,2
352,"2018-12-03 05:56:27.9290","2018-12-03 06:02:20.3090",3677,"Glenwood Ave",40.72755146730012,-74.07106071710587,3195,"Sip Ave",40.73074262530658,-74.06378388404846,29575,"Subscriber",1995,1
560,"2018-12-06 22:14:21.7270","2018-12-06 22:23:41.9940",3677,"Glenwood Ave",40.72755146730012,-74.07106071710587,3191,"Union St",40.7182113,-74.0836394,26219,"Subscriber",1971,2
338,"2018-12-07 05:45:20.2020","2018-12-07 05:50:58.5220",3677,"Glenwood Ave",40.72755146730012,-74.07106071710587,3195,"Sip Ave",40.73074262530658,-74.06378388404846,29303,"Subscriber",1974,1
352,"2018-12-07 09:00:52.0980","2018-12-07 09:06:44.9390",3677,"Glenwood Ave",40.72755146730012,-74.07106071710587,3195,"Sip Ave",40.73074262530658,-74.06378388404846,29489,"Subscriber",1983,1
290,"2018-12-07 12:30:15.7970","2018-12-07 12:35:06.1380",3677,"Glenwood Ave",40.72755146730012,-74.07106071710587,3195,"Sip Ave",40.73074262530658,-74.06378388404846,29465,"Subscriber",1960,1
285,"2018-12-08 15:01:10.7600","2018-12-08 15:05:56.3560",3677,"Glenwood Ave",40.72755146730012,-74.07106071710587,3195,"Sip Ave",40.73074262530658,-74.06378388404846,29548,"Subscriber",1989,1
288,"2018-12-08 15:18:08.5190","2018-12-08 15:22:56.9160",3677,"Glenwood Ave",40.72755146730012,-74.07106071710587,3195,"Sip Ave",40.73074262530658,-74.06378388404846,29485,"Customer",1997,2
387,"2018-12-09 10:14:09.3490","2018-12-09 10:20:36.4080",3677,"Glenwood Ave",40.72755146730012,-74.07106071710587,3195,"Sip Ave",40.73074262530658,-74.06378388404846,29213,"Subscriber",1954,1
361,"2018-12-10 06:14:31.8850","2018-12-10 06:20:33.4700",3677,"Glenwood Ave",40.72755146730012,-74.07106071710587,3195,"Sip Ave",40.73074262530658,-74.06378388404846,29268,"Subscriber",1974,1
321,"2018-12-10 06:39:50.7260","2018-12-10 06:45:12.0810",3677,"Glenwood Ave",40.72755146730012,-74.07106071710587,3195,"Sip Ave",40.73074262530658,-74.06378388404846,29665,"Subscriber",1971,1
252,"2018-12-10 08:18:44.4810","2018-12-10 08:22:56.5210",3677,"Glenwood Ave",40.72755146730012,-74.07106071710587,3195,"Sip Ave",40.73074262530658,-74.06378388404846,29126,"Subscriber",1981,1
1591,"2018-12-10 08:47:02.0940","2018-12-10 09:13:33.5080",3677,"Glenwood Ave",40.72755146730012,-74.07106071710587,3206,"Hilltop",40.7311689,-74.0575736,29307,"Subscriber",1983,2
1132,"2018-12-10 09:10:02.1930","2018-12-10 09:28:54.4500",3677,"Glenwood Ave",40.72755146730012,-74.07106071710587,3694,"Jackson Square",40.71113,-74.0789,26287,"Subscriber",1958,1
377,"2018-12-10 10:04:21.3750","2018-12-10 10:10:38.7660",3677,"Glenwood Ave",40.72755146730012,-74.07106071710587,3195,"Sip Ave",40.73074262530658,-74.06378388404846,26188,"Subscriber",1980,1
720,"2018-12-10 10:21:12.1520","2018-12-10 10:33:12.7780",3677,"Glenwood Ave",40.72755146730012,-74.07106071710587,3272,"Jersey & 3rd",40.72333158646436,-74.04595255851744,26297,"Subscriber",1973,1
285,"2018-12-10 14:51:25.7490","2018-12-10 14:56:11.2050",3677,"Glenwood Ave",40.72755146730012,-74.07106071710587,3195,"Sip Ave",40.73074262530658,-74.06378388404846,29681,"Customer",1997,2
560,"2018-12-10 18:24:46.6150","2018-12-10 18:34:07.0570",3677,"Glenwood Ave",40.72755146730012,-74.07106071710587,3211,"Newark Ave",40.72152515,-74.046304543,29512,"Subscriber",1989,1
343,"2018-12-10 23:00:54.1420","2018-12-10 23:06:37.7370",3677,"Glenwood Ave",40.72755146730012,-74.07106071710587,3195,"Sip Ave",40.73074262530658,-74.06378388404846,29616,"Subscriber",1971,1
1176,"2018-12-11 09:22:31.2150","2018-12-11 09:42:07.7760",3677,"Glenwood Ave",40.72755146730012,-74.07106071710587,3694,"Jackson Square",40.71113,-74.0789,29239,"Subscriber",1958,1
375,"2018-12-11 11:00:48.8840","2018-12-11 11:07:04.5320",3677,"Glenwood Ave",40.72755146730012,-74.07106071710587,3195,"Sip Ave",40.73074262530658,-74.06378388404846,29271,"Subscriber",1970,2
324,"2018-12-11 12:22:18.7720","2018-12-11 12:27:43.5290",3677,"Glenwood Ave",40.72755146730012,-74.07106071710587,3195,"Sip Ave",40.73074262530658,-74.06378388404846,26221,"Subscriber",1960,1
992,"2018-12-11 17:35:35.9340","2018-12-11 17:52:08.8580",3677,"Glenwood Ave",40.72755146730012,-74.07106071710587,3184,"Paulus Hook",40.7141454,-74.0335519,29247,"Subscriber",1983,1
342,"2018-12-12 05:51:32.0380","2018-12-12 05:57:14.2170",3677,"Glenwood Ave",40.72755146730012,-74.07106071710587,3195,"Sip Ave",40.73074262530658,-74.06378388404846,29526,"Subscriber",1974,1
417,"2018-12-12 08:26:57.4160","2018-12-12 08:33:54.4240",3677,"Glenwood Ave",40.72755146730012,-74.07106071710587,3195,"Sip Ave",40.73074262530658,-74.06378388404846,26299,"Subscriber",1983,2
948,"2018-12-12 14:55:56.2650","2018-12-12 15:11:44.4150",3677,"Glenwood Ave",40.72755146730012,-74.07106071710587,3184,"Paulus Hook",40.7141454,-74.0335519,29664,"Subscriber",1983,1
419,"2018-12-13 15:47:08.6820","2018-12-13 15:54:07.7320",3677,"Glenwood Ave",40.72755146730012,-74.07106071710587,3201,"Dey St",40.737711,-74.066921,29505,"Subscriber",1963,1
1915,"2018-12-14 01:33:09.1180","2018-12-14 02:05:04.5320",3677,"Glenwood Ave",40.72755146730012,-74.07106071710587,3185,"City Hall",40.7177325,-74.043845,29500,"Subscriber",1971,1
305,"2018-12-14 08:21:33.6290","2018-12-14 08:26:39.1730",3677,"Glenwood Ave",40.72755146730012,-74.07106071710587,3195,"Sip Ave",40.73074262530658,-74.06378388404846,29211,"Subscriber",1971,2
202,"2018-12-14 10:42:58.7150","2018-12-14 10:46:21.4470",3677,"Glenwood Ave",40.72755146730012,-74.07106071710587,3193,"Lincoln Park",40.7246050998869,-74.07840594649315,26190,"Subscriber",1976,1
273,"2018-12-14 12:24:25.0480","2018-12-14 12:28:58.6140",3677,"Glenwood Ave",40.72755146730012,-74.07106071710587,3195,"Sip Ave",40.73074262530658,-74.06378388404846,29546,"Customer",1997,2
280,"2018-12-14 13:17:13.9190","2018-12-14 13:21:54.1670",3677,"Glenwood Ave",40.72755146730012,-74.07106071710587,3195,"Sip Ave",40.73074262530658,-74.06378388404846,29500,"Subscriber",1960,1
988,"2018-12-14 16:14:22.9440","2018-12-14 16:30:51.5400",3677,"Glenwood Ave",40.72755146730012,-74.07106071710587,3184,"Paulus Hook",40.7141454,-74.0335519,29548,"Subscriber",1983,1
250,"2018-12-15 10:49:58.4600","2018-12-15 10:54:08.6460",3677,"Glenwood Ave",40.72755146730012,-74.07106071710587,3195,"Sip Ave",40.73074262530658,-74.06378388404846,26183,"Subscriber",1984,1
1095,"2018-12-15 11:20:57.3260","2018-12-15 11:39:12.4540",3677,"Glenwood Ave",40.72755146730012,-74.07106071710587,3184,"Paulus Hook",40.7141454,-74.0335519,29486,"Subscriber",1989,1
831,"2018-12-16 10:21:15.8470","2018-12-16 10:35:07.0380",3677,"Glenwood Ave",40.72755146730012,-74.07106071710587,3186,"Grove St PATH",40.71958611647166,-74.04311746358871,26175,"Subscriber",1982,2
251,"2018-12-17 04:06:28.2110","2018-12-17 04:10:39.4070",3677,"Glenwood Ave",40.72755146730012,-74.07106071710587,3195,"Sip Ave",40.73074262530658,-74.06378388404846,26217,"Subscriber",1995,1
728,"2018-12-17 08:13:48.7680","2018-12-17 08:25:57.3950",3677,"Glenwood Ave",40.72755146730012,-74.07106071710587,3273,"Manila & 1st",40.721650724879986,-74.04288411140442,26160,"Subscriber",1991,1
282,"2018-12-17 08:38:23.7130","2018-12-17 08:43:06.2720",3677,"Glenwood Ave",40.72755146730012,-74.07106071710587,3195,"Sip Ave",40.73074262530658,-74.06378388404846,29247,"Subscriber",1990,1
236,"2018-12-17 08:41:46.8290","2018-12-17 08:45:43.0590",3677,"Glenwood Ave",40.72755146730012,-74.07106071710587,3195,"Sip Ave",40.73074262530658,-74.06378388404846,29262,"Subscriber",1989,1
345,"2018-12-17 09:07:50.3080","2018-12-17 09:13:35.7860",3677,"Glenwood Ave",40.72755146730012,-74.07106071710587,3195,"Sip Ave",40.73074262530658,-74.06378388404846,29455,"Subscriber",1983,1
353,"2018-12-18 05:55:34.6100","2018-12-18 06:01:28.5560",3677,"Glenwood Ave",40.72755146730012,-74.07106071710587,3195,"Sip Ave",40.73074262530658,-74.06378388404846,29673,"Subscriber",1974,1
342,"2018-12-18 08:19:48.6460","2018-12-18 08:25:31.4570",3677,"Glenwood Ave",40.72755146730012,-74.07106071710587,3195,"Sip Ave",40.73074262530658,-74.06378388404846,29547,"Subscriber",1971,2
662,"2018-12-18 08:44:40.9970","2018-12-18 08:55:43.8330",3677,"Glenwood Ave",40.72755146730012,-74.07106071710587,3273,"Manila & 1st",40.721650724879986,-74.04288411140442,26216,"Subscriber",1991,1
209,"2018-12-18 08:47:24.5320","2018-12-18 08:50:54.3320",3677,"Glenwood Ave",40.72755146730012,-74.07106071710587,3195,"Sip Ave",40.73074262530658,-74.06378388404846,26299,"Subscriber",1990,1
372,"2018-12-18 10:32:30.2470","2018-12-18 10:38:43.0390",3677,"Glenwood Ave",40.72755146730012,-74.07106071710587,3195,"Sip Ave",40.73074262530658,-74.06378388404846,29272,"Subscriber",1980,1
429,"2018-12-18 10:51:43.4890","2018-12-18 10:58:53.3480",3677,"Glenwood Ave",40.72755146730012,-74.07106071710587,3195,"Sip Ave",40.73074262530658,-74.06378388404846,26193,"Subscriber",1960,1
286,"2018-12-18 14:13:58.8020","2018-12-18 14:18:45.7460",3677,"Glenwood Ave",40.72755146730012,-74.07106071710587,3195,"Sip Ave",40.73074262530658,-74.06378388404846,29272,"Subscriber",1981,1
340,"2018-12-20 05:45:04.7250","2018-12-20 05:50:45.6740",3677,"Glenwood Ave",40.72755146730012,-74.07106071710587,3195,"Sip Ave",40.73074262530658,-74.06378388404846,29447,"Subscriber",1974,1
258,"2018-12-20 08:19:40.6390","2018-12-20 08:23:59.0090",3677,"Glenwood Ave",40.72755146730012,-74.07106071710587,3195,"Sip Ave",40.73074262530658,-74.06378388404846,29596,"Subscriber",1973,2
230,"2018-12-20 08:24:19.5290","2018-12-20 08:28:10.0970",3677,"Glenwood Ave",40.72755146730012,-74.07106071710587,3195,"Sip Ave",40.73074262530658,-74.06378388404846,29282,"Subscriber",1984,1
216,"2018-12-20 08:37:55.7760","2018-12-20 08:41:32.3240",3677,"Glenwood Ave",40.72755146730012,-74.07106071710587,3195,"Sip Ave",40.73074262530658,-74.06378388404846,26261,"Subscriber",1989,1
822,"2018-12-20 08:48:59.7010","2018-12-20 09:02:41.8620",3677,"Glenwood Ave",40.72755146730012,-74.07106071710587,3273,"Manila & 1st",40.721650724879986,-74.04288411140442,26192,"Subscriber",1991,1
312,"2018-12-20 08:54:26.0840","2018-12-20 08:59:39.0280",3677,"Glenwood Ave",40.72755146730012,-74.07106071710587,3195,"Sip Ave",40.73074262530658,-74.06378388404846,29458,"Subscriber",1985,1
848,"2018-12-21 18:32:54.1170","2018-12-21 18:47:02.8520",3677,"Glenwood Ave",40.72755146730012,-74.07106071710587,3191,"Union St",40.7182113,-74.0836394,26160,"Subscriber",1971,2
258,"2018-12-23 13:05:26.6760","2018-12-23 13:09:45.4240",3677,"Glenwood Ave",40.72755146730012,-74.07106071710587,3195,"Sip Ave",40.73074262530658,-74.06378388404846,29285,"Subscriber",1966,1
349,"2018-12-23 16:22:07.2430","2018-12-23 16:27:56.7800",3677,"Glenwood Ave",40.72755146730012,-74.07106071710587,3195,"Sip Ave",40.73074262530658,-74.06378388404846,26245,"Subscriber",1964,1
848,"2018-12-24 08:49:31.7980","2018-12-24 09:03:39.8980",3677,"Glenwood Ave",40.72755146730012,-74.07106071710587,3273,"Manila & 1st",40.721650724879986,-74.04288411140442,29572,"Subscriber",1991,1
399,"2018-12-25 22:59:48.8550","2018-12-25 23:06:27.8770",3677,"Glenwood Ave",40.72755146730012,-74.07106071710587,3195,"Sip Ave",40.73074262530658,-74.06378388404846,29267,"Subscriber",1978,1
332,"2018-12-27 06:56:27.9980","2018-12-27 07:02:00.6480",3677,"Glenwood Ave",40.72755146730012,-74.07106071710587,3195,"Sip Ave",40.73074262530658,-74.06378388404846,26299,"Subscriber",1974,1
278,"2018-12-27 08:20:27.4480","2018-12-27 08:25:06.2130",3677,"Glenwood Ave",40.72755146730012,-74.07106071710587,3195,"Sip Ave",40.73074262530658,-74.06378388404846,29664,"Subscriber",1989,1
932,"2018-12-27 23:06:37.5200","2018-12-27 23:22:10.3420",3677,"Glenwood Ave",40.72755146730012,-74.07106071710587,3678,"Fairmount Ave",40.72572613742557,-74.07195925712585,29515,"Subscriber",1988,1
308,"2018-12-28 01:50:49.9720","2018-12-28 01:55:58.7910",3677,"Glenwood Ave",40.72755146730012,-74.07106071710587,3193,"Lincoln Park",40.7246050998869,-74.07840594649315,29468,"Subscriber",1988,1
165,"2018-12-29 08:58:04.3780","2018-12-29 09:00:49.8110",3677,"Glenwood Ave",40.72755146730012,-74.07106071710587,3678,"Fairmount Ave",40.72572613742557,-74.07195925712585,29125,"Subscriber",1988,1
304,"2018-12-30 08:28:31.1840","2018-12-30 08:33:35.6520",3677,"Glenwood Ave",40.72755146730012,-74.07106071710587,3193,"Lincoln Park",40.7246050998869,-74.07840594649315,26157,"Subscriber",1983,1
147,"2018-12-30 09:09:42.6620","2018-12-30 09:12:10.1650",3677,"Glenwood Ave",40.72755146730012,-74.07106071710587,3678,"Fairmount Ave",40.72572613742557,-74.07195925712585,29550,"Subscriber",1988,1
312,"2018-12-31 13:18:24.1300","2018-12-31 13:23:36.2930",3677,"Glenwood Ave",40.72755146730012,-74.07106071710587,3194,"McGinley Square",40.7253399253558,-74.06762212514877,29442,"Subscriber",1968,1
345,"2018-12-01 06:19:37.6540","2018-12-01 06:25:22.7350",3678,"Fairmount Ave",40.72572613742557,-74.07195925712585,3195,"Sip Ave",40.73074262530658,-74.06378388404846,26269,"Subscriber",1985,1
297,"2018-12-01 08:29:40.3760","2018-12-01 08:34:38.3380",3678,"Fairmount Ave",40.72572613742557,-74.07195925712585,3195,"Sip Ave",40.73074262530658,-74.06378388404846,29597,"Subscriber",1984,1
736,"2018-12-01 16:12:57.3500","2018-12-01 16:25:14.3000",3678,"Fairmount Ave",40.72572613742557,-74.07195925712585,3186,"Grove St PATH",40.71958611647166,-74.04311746358871,26187,"Subscriber",1989,1
293,"2018-12-01 16:13:45.3850","2018-12-01 16:18:39.0430",3678,"Fairmount Ave",40.72572613742557,-74.07195925712585,3195,"Sip Ave",40.73074262530658,-74.06378388404846,29554,"Subscriber",1982,1
1252,"2018-12-02 11:51:22.5960","2018-12-02 12:12:14.7200",3678,"Fairmount Ave",40.72572613742557,-74.07195925712585,3213,"Van Vorst Park",40.71848892,-74.047726625,29623,"Subscriber",1973,1
1207,"2018-12-02 11:51:56.0630","2018-12-02 12:12:03.4380",3678,"Fairmount Ave",40.72572613742557,-74.07195925712585,3213,"Van Vorst Park",40.71848892,-74.047726625,29443,"Subscriber",1984,2
234,"2018-12-02 22:45:38.1570","2018-12-02 22:49:32.6110",3678,"Fairmount Ave",40.72572613742557,-74.07195925712585,3195,"Sip Ave",40.73074262530658,-74.06378388404846,29442,"Subscriber",1994,2
330,"2018-12-03 08:39:09.0910","2018-12-03 08:44:39.9330",3678,"Fairmount Ave",40.72572613742557,-74.07195925712585,3195,"Sip Ave",40.73074262530658,-74.06378388404846,26241,"Subscriber",1978,1
648,"2018-12-03 09:03:09.2460","2018-12-03 09:13:57.7790",3678,"Fairmount Ave",40.72572613742557,-74.07195925712585,3195,"Sip Ave",40.73074262530658,-74.06378388404846,29246,"Subscriber",1991,1
720,"2018-12-03 10:58:55.3740","2018-12-03 11:10:55.6430",3678,"Fairmount Ave",40.72572613742557,-74.07195925712585,3183,"Exchange Place",40.7162469,-74.0334588,26241,"Subscriber",1973,1
477,"2018-12-03 22:16:03.7390","2018-12-03 22:24:00.8490",3678,"Fairmount Ave",40.72572613742557,-74.07195925712585,3191,"Union St",40.7182113,-74.0836394,29217,"Subscriber",1971,2
264,"2018-12-03 22:35:49.9320","2018-12-03 22:40:14.1640",3678,"Fairmount Ave",40.72572613742557,-74.07195925712585,3195,"Sip Ave",40.73074262530658,-74.06378388404846,29483,"Subscriber",1994,2
270,"2018-12-04 06:11:13.1680","2018-12-04 06:15:44.0740",3678,"Fairmount Ave",40.72572613742557,-74.07195925712585,3195,"Sip Ave",40.73074262530658,-74.06378388404846,29674,"Subscriber",1995,1
288,"2018-12-04 06:52:15.9230","2018-12-04 06:57:04.7180",3678,"Fairmount Ave",40.72572613742557,-74.07195925712585,3195,"Sip Ave",40.73074262530658,-74.06378388404846,29636,"Subscriber",1984,1
368,"2018-12-04 07:40:50.7570","2018-12-04 07:46:58.8080",3678,"Fairmount Ave",40.72572613742557,-74.07195925712585,3195,"Sip Ave",40.73074262530658,-74.06378388404846,26190,"Subscriber",1985,1
3290,"2018-12-04 07:50:55.7220","2018-12-04 08:45:45.8070",3678,"Fairmount Ave",40.72572613742557,-74.07195925712585,3195,"Sip Ave",40.73074262530658,-74.06378388404846,26298,"Subscriber",1978,1
752,"2018-12-04 08:19:19.6730","2018-12-04 08:31:52.1580",3678,"Fairmount Ave",40.72572613742557,-74.07195925712585,3195,"Sip Ave",40.73074262530658,-74.06378388404846,29569,"Subscriber",1983,2
706,"2018-12-04 08:22:32.7570","2018-12-04 08:34:19.0190",3678,"Fairmount Ave",40.72572613742557,-74.07195925712585,3273,"Manila & 1st",40.721650724879986,-74.04288411140442,26215,"Subscriber",1991,1
440,"2018-12-04 08:23:44.2250","2018-12-04 08:31:04.4000",3678,"Fairmount Ave",40.72572613742557,-74.07195925712585,3195,"Sip Ave",40.73074262530658,-74.06378388404846,29495,"Subscriber",1978,1
758,"2018-12-04 08:24:48.3450","2018-12-04 08:37:27.2320",3678,"Fairmount Ave",40.72572613742557,-74.07195925712585,3186,"Grove St PATH",40.71958611647166,-74.04311746358871,29273,"Subscriber",1981,1
351,"2018-12-04 08:44:12.4400","2018-12-04 08:50:03.9890",3678,"Fairmount Ave",40.72572613742557,-74.07195925712585,3195,"Sip Ave",40.73074262530658,-74.06378388404846,29636,"Subscriber",1983,1
299,"2018-12-04 08:45:17.8330","2018-12-04 08:50:17.4070",3678,"Fairmount Ave",40.72572613742557,-74.07195925712585,3195,"Sip Ave",40.73074262530658,-74.06378388404846,29469,"Subscriber",1990,1
24324,"2018-12-04 14:45:37.5960","2018-12-04 21:31:02.1820",3678,"Fairmount Ave",40.72572613742557,-74.07195925712585,3679,"Bergen Ave",40.722103786686034,-74.07145500183105,29545,"Subscriber",1994,2
285,"2018-12-04 22:34:02.1900","2018-12-04 22:38:47.3110",3678,"Fairmount Ave",40.72572613742557,-74.07195925712585,3195,"Sip Ave",40.73074262530658,-74.06378388404846,29660,"Subscriber",1994,2
277,"2018-12-05 05:16:43.9750","2018-12-05 05:21:21.4390",3678,"Fairmount Ave",40.72572613742557,-74.07195925712585,3195,"Sip Ave",40.73074262530658,-74.06378388404846,29507,"Subscriber",1995,1
327,"2018-12-05 06:57:40.4450","2018-12-05 07:03:07.5390",3678,"Fairmount Ave",40.72572613742557,-74.07195925712585,3195,"Sip Ave",40.73074262530658,-74.06378388404846,29286,"Subscriber",1985,1
290,"2018-12-05 08:11:06.4970","2018-12-05 08:15:57.1880",3678,"Fairmount Ave",40.72572613742557,-74.07195925712585,3195,"Sip Ave",40.73074262530658,-74.06378388404846,29247,"Subscriber",1982,1
277,"2018-12-05 08:22:00.2560","2018-12-05 08:26:38.1160",3678,"Fairmount Ave",40.72572613742557,-74.07195925712585,3195,"Sip Ave",40.73074262530658,-74.06378388404846,29495,"Subscriber",1989,1
321,"2018-12-05 08:38:16.0540","2018-12-05 08:43:37.4090",3678,"Fairmount Ave",40.72572613742557,-74.07195925712585,3195,"Sip Ave",40.73074262530658,-74.06378388404846,26278,"Subscriber",1978,1
526,"2018-12-05 08:39:20.5880","2018-12-05 08:48:07.3180",3678,"Fairmount Ave",40.72572613742557,-74.07195925712585,3195,"Sip Ave",40.73074262530658,-74.06378388404846,29201,"Subscriber",1983,2
351,"2018-12-05 08:39:33.0990","2018-12-05 08:45:24.1160",3678,"Fairmount Ave",40.72572613742557,-74.07195925712585,3195,"Sip Ave",40.73074262530658,-74.06378388404846,29661,"Subscriber",1978,1
423,"2018-12-05 08:49:00.7900","2018-12-05 08:56:04.4540",3678,"Fairmount Ave",40.72572613742557,-74.07195925712585,3195,"Sip Ave",40.73074262530658,-74.06378388404846,29524,"Subscriber",1983,1
480,"2018-12-05 14:39:56.6850","2018-12-05 14:47:56.8020",3678,"Fairmount Ave",40.72572613742557,-74.07195925712585,3195,"Sip Ave",40.73074262530658,-74.06378388404846,29636,"Subscriber",1994,2
342,"2018-12-05 16:22:01.3940","2018-12-05 16:27:43.7930",3678,"Fairmount Ave",40.72572613742557,-74.07195925712585,3195,"Sip Ave",40.73074262530658,-74.06378388404846,29678,"Subscriber",1980,1
1321,"2018-12-05 20:05:18.2370","2018-12-05 20:27:19.9650",3678,"Fairmount Ave",40.72572613742557,-74.07195925712585,3678,"Fairmount Ave",40.72572613742557,-74.07195925712585,26266,"Subscriber",1991,1
319,"2018-12-06 06:49:33.8970","2018-12-06 06:54:53.5870",3678,"Fairmount Ave",40.72572613742557,-74.07195925712585,3195,"Sip Ave",40.73074262530658,-74.06378388404846,29203,"Subscriber",1995,1
349,"2018-12-06 07:30:48.0290","2018-12-06 07:36:37.5190",3678,"Fairmount Ave",40.72572613742557,-74.07195925712585,3195,"Sip Ave",40.73074262530658,-74.06378388404846,29246,"Subscriber",1982,1
259,"2018-12-06 08:15:41.0000","2018-12-06 08:20:00.7970",3678,"Fairmount Ave",40.72572613742557,-74.07195925712585,3195,"Sip Ave",40.73074262530658,-74.06378388404846,26163,"Subscriber",1989,1
415,"2018-12-06 08:47:30.9560","2018-12-06 08:54:26.4280",3678,"Fairmount Ave",40.72572613742557,-74.07195925712585,3195,"Sip Ave",40.73074262530658,-74.06378388404846,29439,"Subscriber",1983,1
427,"2018-12-06 08:47:28.2030","2018-12-06 08:54:35.6250",3678,"Fairmount Ave",40.72572613742557,-74.07195925712585,3195,"Sip Ave",40.73074262530658,-74.06378388404846,26266,"Subscriber",1983,2
260,"2018-12-06 08:55:53.0260","2018-12-06 09:00:13.3640",3678,"Fairmount Ave",40.72572613742557,-74.07195925712585,3195,"Sip Ave",40.73074262530658,-74.06378388404846,29678,"Subscriber",1990,1
325,"2018-12-06 08:56:14.5780","2018-12-06 09:01:40.3760",3678,"Fairmount Ave",40.72572613742557,-74.07195925712585,3195,"Sip Ave",40.73074262530658,-74.06378388404846,29307,"Subscriber",1978,1
251,"2018-12-06 22:35:55.1550","2018-12-06 22:40:06.5740",3678,"Fairmount Ave",40.72572613742557,-74.07195925712585,3195,"Sip Ave",40.73074262530658,-74.06378388404846,29521,"Subscriber",1994,2
311,"2018-12-07 07:04:53.6210","2018-12-07 07:10:05.3350",3678,"Fairmount Ave",40.72572613742557,-74.07195925712585,3195,"Sip Ave",40.73074262530658,-74.06378388404846,26183,"Subscriber",1995,1
244,"2018-12-07 08:34:27.0970","2018-12-07 08:38:32.0590",3678,"Fairmount Ave",40.72572613742557,-74.07195925712585,3195,"Sip Ave",40.73074262530658,-74.06378388404846,26163,"Subscriber",1989,1
364,"2018-12-07 16:10:59.1900","2018-12-07 16:17:03.6090",3678,"Fairmount Ave",40.72572613742557,-74.07195925712585,3195,"Sip Ave",40.73074262530658,-74.06378388404846,29235,"Subscriber",1992,1
787,"2018-12-07 16:45:01.3420","2018-12-07 16:58:08.4930",3678,"Fairmount Ave",40.72572613742557,-74.07195925712585,3184,"Paulus Hook",40.7141454,-74.0335519,29595,"Subscriber",1983,1
245,"2018-12-09 09:43:58.9510","2018-12-09 09:48:04.2850",3678,"Fairmount Ave",40.72572613742557,-74.07195925712585,3195,"Sip Ave",40.73074262530658,-74.06378388404846,29513,"Subscriber",1973,2
316,"2018-12-09 11:09:33.0570","2018-12-09 11:14:49.3480",3678,"Fairmount Ave",40.72572613742557,-74.07195925712585,3195,"Sip Ave",40.73074262530658,-74.06378388404846,26301,"Subscriber",1970,1
252,"2018-12-10 04:40:32.2980","2018-12-10 04:44:44.3460",3678,"Fairmount Ave",40.72572613742557,-74.07195925712585,3195,"Sip Ave",40.73074262530658,-74.06378388404846,29513,"Subscriber",1995,1
438,"2018-12-10 08:05:06.9980","2018-12-10 08:12:25.7200",3678,"Fairmount Ave",40.72572613742557,-74.07195925712585,3195,"Sip Ave",40.73074262530658,-74.06378388404846,29682,"Subscriber",1982,1
485,"2018-12-10 08:14:29.8740","2018-12-10 08:22:35.5850",3678,"Fairmount Ave",40.72572613742557,-74.07195925712585,3195,"Sip Ave",40.73074262530658,-74.06378388404846,26297,"Subscriber",1978,1
125,"2018-12-10 14:29:37.0200","2018-12-10 14:31:42.8170",3678,"Fairmount Ave",40.72572613742557,-74.07195925712585,3194,"McGinley Square",40.7253399253558,-74.06762212514877,26298,"Subscriber",1968,1
419,"2018-12-10 15:56:51.9330","2018-12-10 16:03:51.7320",3678,"Fairmount Ave",40.72572613742557,-74.07195925712585,3195,"Sip Ave",40.73074262530658,-74.06378388404846,29582,"Subscriber",1980,1
343,"2018-12-10 16:10:20.4910","2018-12-10 16:16:03.7530",3678,"Fairmount Ave",40.72572613742557,-74.07195925712585,3195,"Sip Ave",40.73074262530658,-74.06378388404846,29300,"Subscriber",1985,1
328,"2018-12-10 18:20:04.3300","2018-12-10 18:25:32.6050",3678,"Fairmount Ave",40.72572613742557,-74.07195925712585,3195,"Sip Ave",40.73074262530658,-74.06378388404846,26298,"Subscriber",1968,1
904,"2018-12-10 20:02:50.3660","2018-12-10 20:17:54.7350",3678,"Fairmount Ave",40.72572613742557,-74.07195925712585,3678,"Fairmount Ave",40.72572613742557,-74.07195925712585,29575,"Subscriber",1991,1
679,"2018-12-10 20:40:32.6610","2018-12-10 20:51:52.2760",3678,"Fairmount Ave",40.72572613742557,-74.07195925712585,3679,"Bergen Ave",40.722103786686034,-74.07145500183105,29575,"Subscriber",1991,1
306,"2018-12-11 04:38:59.9020","2018-12-11 04:44:06.3630",3678,"Fairmount Ave",40.72572613742557,-74.07195925712585,3195,"Sip Ave",40.73074262530658,-74.06378388404846,29446,"Subscriber",1995,1
169,"2018-12-11 05:25:54.8400","2018-12-11 05:28:44.1710",3678,"Fairmount Ave",40.72572613742557,-74.07195925712585,3193,"Lincoln Park",40.7246050998869,-74.07840594649315,29664,"Subscriber",1980,1
330,"2018-12-11 06:50:41.1690","2018-12-11 06:56:11.4320",3678,"Fairmount Ave",40.72572613742557,-74.07195925712585,3195,"Sip Ave",40.73074262530658,-74.06378388404846,29524,"Subscriber",1985,1
303,"2018-12-11 08:10:07.3010","2018-12-11 08:15:11.0400",3678,"Fairmount Ave",40.72572613742557,-74.07195925712585,3195,"Sip Ave",40.73074262530658,-74.06378388404846,29239,"Subscriber",1984,1
101,"2018-12-11 15:33:47.7680","2018-12-11 15:35:29.7390",3678,"Fairmount Ave",40.72572613742557,-74.07195925712585,3194,"McGinley Square",40.7253399253558,-74.06762212514877,26247,"Subscriber",1968,1
323,"2018-12-11 22:34:06.5820","2018-12-11 22:39:29.9540",3678,"Fairmount Ave",40.72572613742557,-74.07195925712585,3195,"Sip Ave",40.73074262530658,-74.06378388404846,26187,"Subscriber",1994,2
283,"2018-12-12 04:42:44.8220","2018-12-12 04:47:28.4870",3678,"Fairmount Ave",40.72572613742557,-74.07195925712585,3195,"Sip Ave",40.73074262530658,-74.06378388404846,29582,"Subscriber",1995,1
276,"2018-12-12 06:54:49.4020","2018-12-12 06:59:25.8210",3678,"Fairmount Ave",40.72572613742557,-74.07195925712585,3195,"Sip Ave",40.73074262530658,-74.06378388404846,26190,"Subscriber",1984,1
317,"2018-12-12 07:29:58.3620","2018-12-12 07:35:15.6120",3678,"Fairmount Ave",40.72572613742557,-74.07195925712585,3195,"Sip Ave",40.73074262530658,-74.06378388404846,29664,"Subscriber",1982,1
372,"2018-12-12 07:34:13.3980","2018-12-12 07:40:26.0990",3678,"Fairmount Ave",40.72572613742557,-74.07195925712585,3195,"Sip Ave",40.73074262530658,-74.06378388404846,29486,"Subscriber",1985,1
243,"2018-12-12 08:14:24.9940","2018-12-12 08:18:28.7070",3678,"Fairmount Ave",40.72572613742557,-74.07195925712585,3195,"Sip Ave",40.73074262530658,-74.06378388404846,29442,"Subscriber",1989,1
399,"2018-12-12 11:52:25.2560","2018-12-12 11:59:05.1320",3678,"Fairmount Ave",40.72572613742557,-74.07195925712585,3195,"Sip Ave",40.73074262530658,-74.06378388404846,29476,"Subscriber",1992,1
333,"2018-12-13 04:39:22.0900","2018-12-13 04:44:55.8750",3678,"Fairmount Ave",40.72572613742557,-74.07195925712585,3195,"Sip Ave",40.73074262530658,-74.06378388404846,26281,"Subscriber",1995,1
357,"2018-12-13 06:46:08.9980","2018-12-13 06:52:06.3950",3678,"Fairmount Ave",40.72572613742557,-74.07195925712585,3195,"Sip Ave",40.73074262530658,-74.06378388404846,29455,"Subscriber",1985,1
349,"2018-12-13 07:44:15.0360","2018-12-13 07:50:04.3810",3678,"Fairmount Ave",40.72572613742557,-74.07195925712585,3195,"Sip Ave",40.73074262530658,-74.06378388404846,29668,"Subscriber",1982,1
522,"2018-12-13 08:38:59.0310","2018-12-13 08:47:41.2390",3678,"Fairmount Ave",40.72572613742557,-74.07195925712585,3195,"Sip Ave",40.73074262530658,-74.06378388404846,26175,"Subscriber",1978,1
467,"2018-12-13 08:51:09.9830","2018-12-13 08:58:57.0490",3678,"Fairmount Ave",40.72572613742557,-74.07195925712585,3195,"Sip Ave",40.73074262530658,-74.06378388404846,29210,"Subscriber",1983,2
428,"2018-12-13 08:51:09.4780","2018-12-13 08:58:18.4750",3678,"Fairmount Ave",40.72572613742557,-74.07195925712585,3195,"Sip Ave",40.73074262530658,-74.06378388404846,29271,"Subscriber",1983,1
382,"2018-12-13 15:44:45.1070","2018-12-13 15:51:07.1970",3678,"Fairmount Ave",40.72572613742557,-74.07195925712585,3195,"Sip Ave",40.73074262530658,-74.06378388404846,29448,"Subscriber",1990,1
408,"2018-12-13 20:06:44.5120","2018-12-13 20:13:32.9080",3678,"Fairmount Ave",40.72572613742557,-74.07195925712585,3195,"Sip Ave",40.73074262530658,-74.06378388404846,26158,"Subscriber",1988,1
281,"2018-12-13 21:25:57.6400","2018-12-13 21:30:38.9900",3678,"Fairmount Ave",40.72572613742557,-74.07195925712585,3195,"Sip Ave",40.73074262530658,-74.06378388404846,26271,"Subscriber",1995,1
262,"2018-12-14 06:42:32.3870","2018-12-14 06:46:55.2070",3678,"Fairmount Ave",40.72572613742557,-74.07195925712585,3195,"Sip Ave",40.73074262530658,-74.06378388404846,29271,"Subscriber",1989,1
389,"2018-12-14 06:48:58.2360","2018-12-14 06:55:27.8880",3678,"Fairmount Ave",40.72572613742557,-74.07195925712585,3195,"Sip Ave",40.73074262530658,-74.06378388404846,29607,"Subscriber",1985,1
287,"2018-12-14 08:18:08.7150","2018-12-14 08:22:55.7260",3678,"Fairmount Ave",40.72572613742557,-74.07195925712585,3195,"Sip Ave",40.73074262530658,-74.06378388404846,29441,"Subscriber",1990,1
358,"2018-12-14 08:29:47.0060","2018-12-14 08:35:45.0370",3678,"Fairmount Ave",40.72572613742557,-74.07195925712585,3195,"Sip Ave",40.73074262530658,-74.06378388404846,29482,"Subscriber",1968,1
804,"2018-12-14 08:52:29.9470","2018-12-14 09:05:54.6380",3678,"Fairmount Ave",40.72572613742557,-74.07195925712585,3195,"Sip Ave",40.73074262530658,-74.06378388404846,29266,"Subscriber",1991,1
326,"2018-12-14 08:59:03.9430","2018-12-14 09:04:29.9600",3678,"Fairmount Ave",40.72572613742557,-74.07195925712585,3195,"Sip Ave",40.73074262530658,-74.06378388404846,29680,"Subscriber",1985,1
359,"2018-12-14 09:11:18.4950","2018-12-14 09:17:18.3900",3678,"Fairmount Ave",40.72572613742557,-74.07195925712585,3195,"Sip Ave",40.73074262530658,-74.06378388404846,29671,"Subscriber",1983,1
265,"2018-12-14 09:49:53.6420","2018-12-14 09:54:19.2400",3678,"Fairmount Ave",40.72572613742557,-74.07195925712585,3195,"Sip Ave",40.73074262530658,-74.06378388404846,29587,"Subscriber",1995,1
312,"2018-12-14 10:06:45.8160","2018-12-14 10:11:57.9280",3678,"Fairmount Ave",40.72572613742557,-74.07195925712585,3195,"Sip Ave",40.73074262530658,-74.06378388404846,29641,"Subscriber",1979,1
268,"2018-12-14 10:35:50.2330","2018-12-14 10:40:18.8150",3678,"Fairmount Ave",40.72572613742557,-74.07195925712585,3195,"Sip Ave",40.73074262530658,-74.06378388404846,26205,"Subscriber",1990,1
280,"2018-12-14 16:21:15.9140","2018-12-14 16:25:56.4160",3678,"Fairmount Ave",40.72572613742557,-74.07195925712585,3195,"Sip Ave",40.73074262530658,-74.06378388404846,29551,"Subscriber",1986,2
309,"2018-12-14 22:33:20.9300","2018-12-14 22:38:30.6960",3678,"Fairmount Ave",40.72572613742557,-74.07195925712585,3195,"Sip Ave",40.73074262530658,-74.06378388404846,29249,"Subscriber",1994,2
199,"2018-12-15 07:36:39.3460","2018-12-15 07:39:58.4830",3678,"Fairmount Ave",40.72572613742557,-74.07195925712585,3193,"Lincoln Park",40.7246050998869,-74.07840594649315,26312,"Subscriber",1980,1
327,"2018-12-15 17:43:16.7060","2018-12-15 17:48:43.7310",3678,"Fairmount Ave",40.72572613742557,-74.07195925712585,3195,"Sip Ave",40.73074262530658,-74.06378388404846,29448,"Subscriber",1981,1
341,"2018-12-15 22:45:49.8280","2018-12-15 22:51:31.1580",3678,"Fairmount Ave",40.72572613742557,-74.07195925712585,3195,"Sip Ave",40.73074262530658,-74.06378388404846,29241,"Subscriber",1994,2
282,"2018-12-16 22:44:55.5660","2018-12-16 22:49:38.0400",3678,"Fairmount Ave",40.72572613742557,-74.07195925712585,3195,"Sip Ave",40.73074262530658,-74.06378388404846,29642,"Subscriber",1994,2
399,"2018-12-17 14:16:03.5200","2018-12-17 14:22:43.0070",3678,"Fairmount Ave",40.72572613742557,-74.07195925712585,3195,"Sip Ave",40.73074262530658,-74.06378388404846,29614,"Subscriber",1980,1
311,"2018-12-17 15:54:17.0330","2018-12-17 15:59:28.5060",3678,"Fairmount Ave",40.72572613742557,-74.07195925712585,3195,"Sip Ave",40.73074262530658,-74.06378388404846,26269,"Subscriber",1994,2
278,"2018-12-17 22:35:39.7870","2018-12-17 22:40:18.5700",3678,"Fairmount Ave",40.72572613742557,-74.07195925712585,3195,"Sip Ave",40.73074262530658,-74.06378388404846,29642,"Subscriber",1994,2
295,"2018-12-18 04:40:37.7260","2018-12-18 04:45:33.0490",3678,"Fairmount Ave",40.72572613742557,-74.07195925712585,3195,"Sip Ave",40.73074262530658,-74.06378388404846,29233,"Subscriber",1995,1
265,"2018-12-18 06:50:53.7280","2018-12-18 06:55:19.1280",3678,"Fairmount Ave",40.72572613742557,-74.07195925712585,3195,"Sip Ave",40.73074262530658,-74.06378388404846,29290,"Subscriber",1984,1
405,"2018-12-18 06:51:10.2410","2018-12-18 06:57:55.3960",3678,"Fairmount Ave",40.72572613742557,-74.07195925712585,3195,"Sip Ave",40.73074262530658,-74.06378388404846,26217,"Subscriber",1985,1
358,"2018-12-18 08:16:11.0620","2018-12-18 08:22:09.6510",3678,"Fairmount Ave",40.72572613742557,-74.07195925712585,3195,"Sip Ave",40.73074262530658,-74.06378388404846,29517,"Subscriber",1982,1
297,"2018-12-18 08:18:02.6130","2018-12-18 08:23:00.3230",3678,"Fairmount Ave",40.72572613742557,-74.07195925712585,3195,"Sip Ave",40.73074262530658,-74.06378388404846,29588,"Subscriber",1989,1
341,"2018-12-18 08:25:14.4500","2018-12-18 08:30:55.5880",3678,"Fairmount Ave",40.72572613742557,-74.07195925712585,3195,"Sip Ave",40.73074262530658,-74.06378388404846,26266,"Subscriber",1978,1
430,"2018-12-18 08:41:35.3420","2018-12-18 08:48:45.6380",3678,"Fairmount Ave",40.72572613742557,-74.07195925712585,3195,"Sip Ave",40.73074262530658,-74.06378388404846,26263,"Subscriber",1978,1
426,"2018-12-18 08:42:25.4240","2018-12-18 08:49:32.0370",3678,"Fairmount Ave",40.72572613742557,-74.07195925712585,3195,"Sip Ave",40.73074262530658,-74.06378388404846,29530,"Subscriber",1983,1
826,"2018-12-18 14:56:41.2950","2018-12-18 15:10:28.1360",3678,"Fairmount Ave",40.72572613742557,-74.07195925712585,3183,"Exchange Place",40.7162469,-74.0334588,29241,"Subscriber",1983,1
263,"2018-12-18 22:36:07.8700","2018-12-18 22:40:31.4280",3678,"Fairmount Ave",40.72572613742557,-74.07195925712585,3195,"Sip Ave",40.73074262530658,-74.06378388404846,29547,"Subscriber",1994,2
394,"2018-12-19 06:39:48.7810","2018-12-19 06:46:23.1290",3678,"Fairmount Ave",40.72572613742557,-74.07195925712585,3195,"Sip Ave",40.73074262530658,-74.06378388404846,29294,"Subscriber",1995,1
457,"2018-12-19 07:42:23.1810","2018-12-19 07:50:01.1010",3678,"Fairmount Ave",40.72572613742557,-74.07195925712585,3195,"Sip Ave",40.73074262530658,-74.06378388404846,26261,"Subscriber",1982,2
261,"2018-12-19 08:20:43.1440","2018-12-19 08:25:04.6750",3678,"Fairmount Ave",40.72572613742557,-74.07195925712585,3195,"Sip Ave",40.73074262530658,-74.06378388404846,26198,"Subscriber",1989,1
357,"2018-12-19 08:23:05.9150","2018-12-19 08:29:02.9720",3678,"Fairmount Ave",40.72572613742557,-74.07195925712585,3195,"Sip Ave",40.73074262530658,-74.06378388404846,29646,"Subscriber",1982,1
423,"2018-12-19 08:29:34.1730","2018-12-19 08:36:38.0260",3678,"Fairmount Ave",40.72572613742557,-74.07195925712585,3195,"Sip Ave",40.73074262530658,-74.06378388404846,29224,"Subscriber",1978,1
342,"2018-12-19 08:45:14.7360","2018-12-19 08:50:56.9030",3678,"Fairmount Ave",40.72572613742557,-74.07195925712585,3195,"Sip Ave",40.73074262530658,-74.06378388404846,29663,"Subscriber",1990,1
486,"2018-12-19 22:53:16.5460","2018-12-19 23:01:23.2300",3678,"Fairmount Ave",40.72572613742557,-74.07195925712585,3679,"Bergen Ave",40.722103786686034,-74.07145500183105,26266,"Subscriber",1969,1
440,"2018-12-20 06:09:16.2780","2018-12-20 06:16:36.6980",3678,"Fairmount Ave",40.72572613742557,-74.07195925712585,3195,"Sip Ave",40.73074262530658,-74.06378388404846,29300,"Subscriber",1995,1
374,"2018-12-20 07:57:27.7930","2018-12-20 08:03:42.4620",3678,"Fairmount Ave",40.72572613742557,-74.07195925712585,3195,"Sip Ave",40.73074262530658,-74.06378388404846,29266,"Subscriber",1982,1
232,"2018-12-20 11:29:38.2870","2018-12-20 11:33:30.9810",3678,"Fairmount Ave",40.72572613742557,-74.07195925712585,3195,"Sip Ave",40.73074262530658,-74.06378388404846,29222,"Subscriber",1988,1
305,"2018-12-21 09:23:45.5840","2018-12-21 09:28:50.8250",3678,"Fairmount Ave",40.72572613742557,-74.07195925712585,3195,"Sip Ave",40.73074262530658,-74.06378388404846,29547,"Subscriber",1990,1
168,"2018-12-22 07:54:17.1940","2018-12-22 07:57:05.8270",3678,"Fairmount Ave",40.72572613742557,-74.07195925712585,3193,"Lincoln Park",40.7246050998869,-74.07840594649315,29525,"Subscriber",1980,1
324,"2018-12-22 13:43:58.7650","2018-12-22 13:49:23.3820",3678,"Fairmount Ave",40.72572613742557,-74.07195925712585,3195,"Sip Ave",40.73074262530658,-74.06378388404846,29520,"Subscriber",1968,1
1104,"2018-12-22 14:00:16.1630","2018-12-22 14:18:40.6630",3678,"Fairmount Ave",40.72572613742557,-74.07195925712585,3194,"McGinley Square",40.7253399253558,-74.06762212514877,29258,"Subscriber",1991,1
826,"2018-12-22 14:55:27.8800","2018-12-22 15:09:14.5170",3678,"Fairmount Ave",40.72572613742557,-74.07195925712585,3194,"McGinley Square",40.7253399253558,-74.06762212514877,29576,"Subscriber",1991,1
220,"2018-12-23 07:17:15.9240","2018-12-23 07:20:56.1990",3678,"Fairmount Ave",40.72572613742557,-74.07195925712585,3193,"Lincoln Park",40.7246050998869,-74.07840594649315,29596,"Subscriber",1980,1
713,"2018-12-23 07:26:48.6940","2018-12-23 07:38:42.6700",3678,"Fairmount Ave",40.72572613742557,-74.07195925712585,3183,"Exchange Place",40.7162469,-74.0334588,29547,"Subscriber",1973,1
343,"2018-12-23 09:31:33.2440","2018-12-23 09:37:16.5550",3678,"Fairmount Ave",40.72572613742557,-74.07195925712585,3195,"Sip Ave",40.73074262530658,-74.06378388404846,29642,"Subscriber",1970,1
800,"2018-12-23 11:41:59.3490","2018-12-23 11:55:19.5040",3678,"Fairmount Ave",40.72572613742557,-74.07195925712585,3186,"Grove St PATH",40.71958611647166,-74.04311746358871,26303,"Subscriber",1982,2
251,"2018-12-23 16:38:17.8140","2018-12-23 16:42:29.3610",3678,"Fairmount Ave",40.72572613742557,-74.07195925712585,3280,"Astor Place",40.71928220070702,-74.07126188278198,29265,"Subscriber",1954,1
251,"2018-12-23 22:46:47.2060","2018-12-23 22:50:58.2750",3678,"Fairmount Ave",40.72572613742557,-74.07195925712585,3195,"Sip Ave",40.73074262530658,-74.06378388404846,26205,"Subscriber",1994,2
470,"2018-12-24 06:54:20.6210","2018-12-24 07:02:11.0290",3678,"Fairmount Ave",40.72572613742557,-74.07195925712585,3195,"Sip Ave",40.73074262530658,-74.06378388404846,26190,"Subscriber",1985,1
318,"2018-12-24 09:22:18.1250","2018-12-24 09:27:36.8610",3678,"Fairmount Ave",40.72572613742557,-74.07195925712585,3195,"Sip Ave",40.73074262530658,-74.06378388404846,29447,"Subscriber",1983,1
260,"2018-12-24 09:27:36.4340","2018-12-24 09:31:57.1990",3678,"Fairmount Ave",40.72572613742557,-74.07195925712585,3195,"Sip Ave",40.73074262530658,-74.06378388404846,29444,"Subscriber",1989,1
900,"2018-12-24 13:14:18.7720","2018-12-24 13:29:19.2980",3678,"Fairmount Ave",40.72572613742557,-74.07195925712585,3678,"Fairmount Ave",40.72572613742557,-74.07195925712585,29551,"Subscriber",1991,1
474,"2018-12-25 05:39:02.0680","2018-12-25 05:46:56.5780",3678,"Fairmount Ave",40.72572613742557,-74.07195925712585,3191,"Union St",40.7182113,-74.0836394,26302,"Subscriber",1980,1
287,"2018-12-25 15:39:12.1540","2018-12-25 15:43:59.3450",3678,"Fairmount Ave",40.72572613742557,-74.07195925712585,3195,"Sip Ave",40.73074262530658,-74.06378388404846,26293,"Subscriber",1989,1
267,"2018-12-26 06:10:37.2250","2018-12-26 06:15:04.6380",3678,"Fairmount Ave",40.72572613742557,-74.07195925712585,3195,"Sip Ave",40.73074262530658,-74.06378388404846,26190,"Subscriber",1995,1
361,"2018-12-26 08:31:27.1740","2018-12-26 08:37:28.7000",3678,"Fairmount Ave",40.72572613742557,-74.07195925712585,3195,"Sip Ave",40.73074262530658,-74.06378388404846,29551,"Subscriber",1991,1
255,"2018-12-26 08:43:32.6010","2018-12-26 08:47:47.6840",3678,"Fairmount Ave",40.72572613742557,-74.07195925712585,3195,"Sip Ave",40.73074262530658,-74.06378388404846,26155,"Subscriber",1989,1
328,"2018-12-26 09:04:25.5540","2018-12-26 09:09:54.4800",3678,"Fairmount Ave",40.72572613742557,-74.07195925712585,3195,"Sip Ave",40.73074262530658,-74.06378388404846,29497,"Subscriber",1983,1
540,"2018-12-26 18:27:20.8550","2018-12-26 18:36:21.8300",3678,"Fairmount Ave",40.72572613742557,-74.07195925712585,3186,"Grove St PATH",40.71958611647166,-74.04311746358871,26268,"Customer",1985,0
1354,"2018-12-26 19:21:09.1570","2018-12-26 19:43:44.0060",3678,"Fairmount Ave",40.72572613742557,-74.07195925712585,3679,"Bergen Ave",40.722103786686034,-74.07145500183105,29498,"Subscriber",1991,1
541,"2018-12-26 21:32:03.1350","2018-12-26 21:41:04.5470",3678,"Fairmount Ave",40.72572613742557,-74.07195925712585,3195,"Sip Ave",40.73074262530658,-74.06378388404846,26292,"Subscriber",1980,1
304,"2018-12-27 07:31:07.1730","2018-12-27 07:36:11.7800",3678,"Fairmount Ave",40.72572613742557,-74.07195925712585,3195,"Sip Ave",40.73074262530658,-74.06378388404846,29206,"Subscriber",1995,1
363,"2018-12-27 09:10:55.8070","2018-12-27 09:16:58.8130",3678,"Fairmount Ave",40.72572613742557,-74.07195925712585,3195,"Sip Ave",40.73074262530658,-74.06378388404846,29533,"Subscriber",1992,1
373,"2018-12-27 11:17:14.6480","2018-12-27 11:23:28.5520",3678,"Fairmount Ave",40.72572613742557,-74.07195925712585,3195,"Sip Ave",40.73074262530658,-74.06378388404846,29298,"Subscriber",1988,1
462,"2018-12-27 17:39:46.9310","2018-12-27 17:47:29.0850",3678,"Fairmount Ave",40.72572613742557,-74.07195925712585,3483,"Montgomery St",40.71942,-74.05099,29282,"Subscriber",1982,1
1186,"2018-12-27 22:02:25.6520","2018-12-27 22:22:12.5190",3678,"Fairmount Ave",40.72572613742557,-74.07195925712585,3678,"Fairmount Ave",40.72572613742557,-74.07195925712585,29515,"Subscriber",1988,1
502,"2018-12-27 22:25:31.7080","2018-12-27 22:33:53.8070",3678,"Fairmount Ave",40.72572613742557,-74.07195925712585,3220,"5 Corners Library",40.734961020009514,-74.0595030784607,29515,"Subscriber",1988,1
295,"2018-12-27 22:31:56.2240","2018-12-27 22:36:52.1620",3678,"Fairmount Ave",40.72572613742557,-74.07195925712585,3195,"Sip Ave",40.73074262530658,-74.06378388404846,26302,"Subscriber",1994,2
495,"2018-12-27 23:22:18.2220","2018-12-27 23:30:33.8020",3678,"Fairmount Ave",40.72572613742557,-74.07195925712585,3220,"5 Corners Library",40.734961020009514,-74.0595030784607,29515,"Subscriber",1988,1
434,"2018-12-28 07:54:57.6930","2018-12-28 08:02:12.3810",3678,"Fairmount Ave",40.72572613742557,-74.07195925712585,3195,"Sip Ave",40.73074262530658,-74.06378388404846,26299,"Subscriber",1995,1
252,"2018-12-28 08:01:52.0530","2018-12-28 08:06:04.1940",3678,"Fairmount Ave",40.72572613742557,-74.07195925712585,3195,"Sip Ave",40.73074262530658,-74.06378388404846,29525,"Subscriber",1989,1
902,"2018-12-28 13:43:34.0690","2018-12-28 13:58:36.4050",3678,"Fairmount Ave",40.72572613742557,-74.07195925712585,3678,"Fairmount Ave",40.72572613742557,-74.07195925712585,29445,"Subscriber",1991,1
443,"2018-12-28 17:06:05.4790","2018-12-28 17:13:28.6500",3678,"Fairmount Ave",40.72572613742557,-74.07195925712585,3195,"Sip Ave",40.73074262530658,-74.06378388404846,29507,"Subscriber",1988,1
335,"2018-12-29 12:30:18.1220","2018-12-29 12:35:53.2670",3678,"Fairmount Ave",40.72572613742557,-74.07195925712585,3195,"Sip Ave",40.73074262530658,-74.06378388404846,29445,"Subscriber",1982,1
240,"2018-12-29 15:33:13.6540","2018-12-29 15:37:14.3360",3678,"Fairmount Ave",40.72572613742557,-74.07195925712585,3678,"Fairmount Ave",40.72572613742557,-74.07195925712585,29265,"Subscriber",1980,1
453,"2018-12-29 15:37:49.3790","2018-12-29 15:45:22.5400",3678,"Fairmount Ave",40.72572613742557,-74.07195925712585,3195,"Sip Ave",40.73074262530658,-74.06378388404846,29125,"Subscriber",1980,1
366,"2018-12-29 16:41:03.3820","2018-12-29 16:47:09.5850",3678,"Fairmount Ave",40.72572613742557,-74.07195925712585,3195,"Sip Ave",40.73074262530658,-74.06378388404846,29469,"Subscriber",1988,1
854,"2018-12-29 17:04:24.6700","2018-12-29 17:18:39.0480",3678,"Fairmount Ave",40.72572613742557,-74.07195925712585,3201,"Dey St",40.737711,-74.066921,29507,"Subscriber",1991,1
358,"2018-12-29 22:32:24.4250","2018-12-29 22:38:23.0160",3678,"Fairmount Ave",40.72572613742557,-74.07195925712585,3195,"Sip Ave",40.73074262530658,-74.06378388404846,29265,"Subscriber",1994,2
829,"2018-12-30 07:28:45.0300","2018-12-30 07:42:34.2100",3678,"Fairmount Ave",40.72572613742557,-74.07195925712585,3183,"Exchange Place",40.7162469,-74.0334588,29508,"Subscriber",1973,1
308,"2018-12-30 09:21:23.4990","2018-12-30 09:26:32.0680",3678,"Fairmount Ave",40.72572613742557,-74.07195925712585,3195,"Sip Ave",40.73074262530658,-74.06378388404846,26161,"Subscriber",1995,1
368,"2018-12-30 09:22:57.9110","2018-12-30 09:29:06.5440",3678,"Fairmount Ave",40.72572613742557,-74.07195925712585,3195,"Sip Ave",40.73074262530658,-74.06378388404846,29550,"Subscriber",1970,1
323,"2018-12-30 11:23:10.8650","2018-12-30 11:28:34.1720",3678,"Fairmount Ave",40.72572613742557,-74.07195925712585,3280,"Astor Place",40.71928220070702,-74.07126188278198,29218,"Subscriber",1982,1
1361,"2018-12-30 14:09:09.2500","2018-12-30 14:31:50.4280",3678,"Fairmount Ave",40.72572613742557,-74.07195925712585,3185,"City Hall",40.7177325,-74.043845,29525,"Subscriber",1984,2
1332,"2018-12-30 14:09:43.6050","2018-12-30 14:31:56.1520",3678,"Fairmount Ave",40.72572613742557,-74.07195925712585,3185,"City Hall",40.7177325,-74.043845,29267,"Subscriber",1973,1
353,"2018-12-30 17:07:45.1230","2018-12-30 17:13:39.1160",3678,"Fairmount Ave",40.72572613742557,-74.07195925712585,3195,"Sip Ave",40.73074262530658,-74.06378388404846,29126,"Subscriber",1988,1
286,"2018-12-30 17:57:22.1890","2018-12-30 18:02:08.3200",3678,"Fairmount Ave",40.72572613742557,-74.07195925712585,3195,"Sip Ave",40.73074262530658,-74.06378388404846,29635,"Subscriber",1986,2
350,"2018-12-30 21:23:51.9550","2018-12-30 21:29:42.0690",3678,"Fairmount Ave",40.72572613742557,-74.07195925712585,3195,"Sip Ave",40.73074262530658,-74.06378388404846,29218,"Subscriber",1988,1
346,"2018-12-31 07:32:15.6300","2018-12-31 07:38:02.1380",3678,"Fairmount Ave",40.72572613742557,-74.07195925712585,3195,"Sip Ave",40.73074262530658,-74.06378388404846,29677,"Subscriber",1995,1
356,"2018-12-31 09:06:03.9790","2018-12-31 09:12:00.9350",3678,"Fairmount Ave",40.72572613742557,-74.07195925712585,3195,"Sip Ave",40.73074262530658,-74.06378388404846,26160,"Subscriber",1994,2
363,"2018-12-31 09:21:14.7460","2018-12-31 09:27:18.2110",3678,"Fairmount Ave",40.72572613742557,-74.07195925712585,3195,"Sip Ave",40.73074262530658,-74.06378388404846,26242,"Subscriber",1983,1
340,"2018-12-31 10:50:09.5650","2018-12-31 10:55:50.5530",3678,"Fairmount Ave",40.72572613742557,-74.07195925712585,3195,"Sip Ave",40.73074262530658,-74.06378388404846,29126,"Subscriber",1980,1
131,"2018-12-31 13:11:13.9400","2018-12-31 13:13:25.1000",3678,"Fairmount Ave",40.72572613742557,-74.07195925712585,3194,"McGinley Square",40.7253399253558,-74.06762212514877,29665,"Subscriber",1968,1
305,"2018-12-31 13:54:35.2530","2018-12-31 13:59:40.4320",3678,"Fairmount Ave",40.72572613742557,-74.07195925712585,3195,"Sip Ave",40.73074262530658,-74.06378388404846,29548,"Subscriber",1988,1
339,"2018-12-31 16:11:52.5480","2018-12-31 16:17:31.6830",3678,"Fairmount Ave",40.72572613742557,-74.07195925712585,3195,"Sip Ave",40.73074262530658,-74.06378388404846,29641,"Subscriber",1990,1
278,"2018-12-31 16:54:40.2760","2018-12-31 16:59:18.9690",3678,"Fairmount Ave",40.72572613742557,-74.07195925712585,3195,"Sip Ave",40.73074262530658,-74.06378388404846,26309,"Subscriber",1986,2
363,"2018-12-01 08:19:19.7960","2018-12-01 08:25:22.7970",3679,"Bergen Ave",40.722103786686034,-74.07145500183105,3195,"Sip Ave",40.73074262530658,-74.06378388404846,26257,"Subscriber",1969,0
236,"2018-12-01 12:20:12.8850","2018-12-01 12:24:09.6290",3679,"Bergen Ave",40.722103786686034,-74.07145500183105,3195,"Sip Ave",40.73074262530658,-74.06378388404846,29204,"Subscriber",1989,1
676,"2018-12-01 13:26:33.5720","2018-12-01 13:37:50.0440",3679,"Bergen Ave",40.722103786686034,-74.07145500183105,3276,"Marin Light Rail",40.71458403535893,-74.04281705617905,29457,"Subscriber",1984,1
325,"2018-12-01 13:29:46.2720","2018-12-01 13:35:12.0410",3679,"Bergen Ave",40.722103786686034,-74.07145500183105,3195,"Sip Ave",40.73074262530658,-74.06378388404846,29483,"Subscriber",1993,1
375,"2018-12-02 08:14:42.9940","2018-12-02 08:20:58.5590",3679,"Bergen Ave",40.722103786686034,-74.07145500183105,3195,"Sip Ave",40.73074262530658,-74.06378388404846,29616,"Subscriber",1969,0
448,"2018-12-02 12:16:59.5030","2018-12-02 12:24:28.0610",3679,"Bergen Ave",40.722103786686034,-74.07145500183105,3640,"Journal Square",40.73367,-74.0625,29234,"Subscriber",1978,1
326,"2018-12-02 14:27:31.5670","2018-12-02 14:32:57.8560",3679,"Bergen Ave",40.722103786686034,-74.07145500183105,3195,"Sip Ave",40.73074262530658,-74.06378388404846,29222,"Subscriber",1983,2
382,"2018-12-02 16:06:47.8660","2018-12-02 16:13:10.0520",3679,"Bergen Ave",40.722103786686034,-74.07145500183105,3195,"Sip Ave",40.73074262530658,-74.06378388404846,29587,"Subscriber",1986,1
834,"2018-12-02 16:42:57.5230","2018-12-02 16:56:52.3860",3679,"Bergen Ave",40.722103786686034,-74.07145500183105,3187,"Warren St",40.7211236,-74.03805095,29554,"Subscriber",1995,1
312,"2018-12-03 07:38:20.8930","2018-12-03 07:43:33.6040",3679,"Bergen Ave",40.722103786686034,-74.07145500183105,3195,"Sip Ave",40.73074262530658,-74.06378388404846,29486,"Subscriber",1987,1
357,"2018-12-03 08:10:01.9090","2018-12-03 08:15:59.1580",3679,"Bergen Ave",40.722103786686034,-74.07145500183105,3195,"Sip Ave",40.73074262530658,-74.06378388404846,29554,"Subscriber",1969,0
777,"2018-12-03 08:25:48.7660","2018-12-03 08:38:46.5950",3679,"Bergen Ave",40.722103786686034,-74.07145500183105,3185,"City Hall",40.7177325,-74.043845,29209,"Subscriber",1981,1
413,"2018-12-03 14:19:22.5910","2018-12-03 14:26:16.1330",3679,"Bergen Ave",40.722103786686034,-74.07145500183105,3195,"Sip Ave",40.73074262530658,-74.06378388404846,29254,"Subscriber",1996,2
410,"2018-12-03 15:38:39.2680","2018-12-03 15:45:30.1210",3679,"Bergen Ave",40.722103786686034,-74.07145500183105,3195,"Sip Ave",40.73074262530658,-74.06378388404846,26246,"Subscriber",1983,2
389,"2018-12-03 22:13:24.8380","2018-12-03 22:19:54.0750",3679,"Bergen Ave",40.722103786686034,-74.07145500183105,3195,"Sip Ave",40.73074262530658,-74.06378388404846,26203,"Subscriber",1969,1
344,"2018-12-04 07:15:14.4340","2018-12-04 07:20:58.5040",3679,"Bergen Ave",40.722103786686034,-74.07145500183105,3195,"Sip Ave",40.73074262530658,-74.06378388404846,29578,"Subscriber",1993,1
376,"2018-12-04 07:38:51.9410","2018-12-04 07:45:08.8790",3679,"Bergen Ave",40.722103786686034,-74.07145500183105,3195,"Sip Ave",40.73074262530658,-74.06378388404846,29680,"Subscriber",1985,2
419,"2018-12-04 08:01:20.3970","2018-12-04 08:08:20.0050",3679,"Bergen Ave",40.722103786686034,-74.07145500183105,3195,"Sip Ave",40.73074262530658,-74.06378388404846,29254,"Subscriber",1978,1
397,"2018-12-04 08:04:50.0130","2018-12-04 08:11:27.1120",3679,"Bergen Ave",40.722103786686034,-74.07145500183105,3195,"Sip Ave",40.73074262530658,-74.06378388404846,29308,"Subscriber",1987,1
482,"2018-12-04 08:11:01.1830","2018-12-04 08:19:03.7460",3679,"Bergen Ave",40.722103786686034,-74.07145500183105,3195,"Sip Ave",40.73074262530658,-74.06378388404846,29262,"Subscriber",1969,0
363,"2018-12-04 08:14:40.5580","2018-12-04 08:20:44.1680",3679,"Bergen Ave",40.722103786686034,-74.07145500183105,3195,"Sip Ave",40.73074262530658,-74.06378388404846,26248,"Subscriber",1985,2
442,"2018-12-04 09:26:18.4340","2018-12-04 09:33:41.0340",3679,"Bergen Ave",40.722103786686034,-74.07145500183105,3195,"Sip Ave",40.73074262530658,-74.06378388404846,29247,"Subscriber",1983,2
629,"2018-12-04 14:53:41.3460","2018-12-04 15:04:10.6780",3679,"Bergen Ave",40.722103786686034,-74.07145500183105,3220,"5 Corners Library",40.734961020009514,-74.0595030784607,26184,"Subscriber",1996,2
221,"2018-12-04 15:55:36.0650","2018-12-04 15:59:18.0170",3679,"Bergen Ave",40.722103786686034,-74.07145500183105,3193,"Lincoln Park",40.7246050998869,-74.07840594649315,29532,"Subscriber",1991,1
354,"2018-12-05 01:13:57.9970","2018-12-05 01:19:52.1320",3679,"Bergen Ave",40.722103786686034,-74.07145500183105,3195,"Sip Ave",40.73074262530658,-74.06378388404846,26163,"Subscriber",1976,1
349,"2018-12-05 07:41:34.4190","2018-12-05 07:47:24.0730",3679,"Bergen Ave",40.722103786686034,-74.07145500183105,3195,"Sip Ave",40.73074262530658,-74.06378388404846,29515,"Subscriber",1984,1
345,"2018-12-05 07:41:39.9260","2018-12-05 07:47:25.7630",3679,"Bergen Ave",40.722103786686034,-74.07145500183105,3195,"Sip Ave",40.73074262530658,-74.06378388404846,29507,"Subscriber",1987,1
307,"2018-12-05 07:55:27.1190","2018-12-05 08:00:34.3800",3679,"Bergen Ave",40.722103786686034,-74.07145500183105,3195,"Sip Ave",40.73074262530658,-74.06378388404846,29262,"Subscriber",1985,2
513,"2018-12-05 08:21:16.0740","2018-12-05 08:29:49.0930",3679,"Bergen Ave",40.722103786686034,-74.07145500183105,3195,"Sip Ave",40.73074262530658,-74.06378388404846,29545,"Subscriber",1997,1
499,"2018-12-05 08:25:51.7290","2018-12-05 08:34:10.7640",3679,"Bergen Ave",40.722103786686034,-74.07145500183105,3195,"Sip Ave",40.73074262530658,-74.06378388404846,29453,"Subscriber",1969,0
875,"2018-12-05 08:26:12.1200","2018-12-05 08:40:47.6390",3679,"Bergen Ave",40.722103786686034,-74.07145500183105,3186,"Grove St PATH",40.71958611647166,-74.04311746358871,26281,"Subscriber",1981,1
339,"2018-12-05 13:56:52.6140","2018-12-05 14:02:31.9900",3679,"Bergen Ave",40.722103786686034,-74.07145500183105,3195,"Sip Ave",40.73074262530658,-74.06378388404846,29246,"Subscriber",1993,1
457,"2018-12-05 15:31:34.9390","2018-12-05 15:39:12.6540",3679,"Bergen Ave",40.722103786686034,-74.07145500183105,3195,"Sip Ave",40.73074262530658,-74.06378388404846,26163,"Subscriber",1996,2
647,"2018-12-05 17:49:15.0330","2018-12-05 18:00:02.0440",3679,"Bergen Ave",40.722103786686034,-74.07145500183105,3278,"Monmouth and 6th",40.72568548362901,-74.04879033565521,29507,"Subscriber",1995,1
461,"2018-12-05 18:02:56.1090","2018-12-05 18:10:38.1010",3679,"Bergen Ave",40.722103786686034,-74.07145500183105,3195,"Sip Ave",40.73074262530658,-74.06378388404846,29308,"Subscriber",1964,1
1044,"2018-12-05 18:26:59.7060","2018-12-05 18:44:24.5910",3679,"Bergen Ave",40.722103786686034,-74.07145500183105,3220,"5 Corners Library",40.734961020009514,-74.0595030784607,29553,"Subscriber",1984,1
305,"2018-12-05 19:42:14.8400","2018-12-05 19:47:20.5070",3679,"Bergen Ave",40.722103786686034,-74.07145500183105,3195,"Sip Ave",40.73074262530658,-74.06378388404846,29507,"Subscriber",1983,1
284,"2018-12-06 08:02:18.4610","2018-12-06 08:07:02.9940",3679,"Bergen Ave",40.722103786686034,-74.07145500183105,3195,"Sip Ave",40.73074262530658,-74.06378388404846,29676,"Subscriber",1985,2
347,"2018-12-06 18:54:25.3770","2018-12-06 19:00:13.0490",3679,"Bergen Ave",40.722103786686034,-74.07145500183105,3195,"Sip Ave",40.73074262530658,-74.06378388404846,29680,"Subscriber",1983,2
388,"2018-12-06 21:13:24.8520","2018-12-06 21:19:52.9200",3679,"Bergen Ave",40.722103786686034,-74.07145500183105,3195,"Sip Ave",40.73074262530658,-74.06378388404846,29580,"Subscriber",1986,1
311,"2018-12-07 06:56:55.9890","2018-12-07 07:02:07.6830",3679,"Bergen Ave",40.722103786686034,-74.07145500183105,3195,"Sip Ave",40.73074262530658,-74.06378388404846,29481,"Subscriber",1984,1
370,"2018-12-07 07:41:34.9560","2018-12-07 07:47:45.4350",3679,"Bergen Ave",40.722103786686034,-74.07145500183105,3195,"Sip Ave",40.73074262530658,-74.06378388404846,26269,"Subscriber",1984,1
367,"2018-12-07 07:41:35.5560","2018-12-07 07:47:43.0190",3679,"Bergen Ave",40.722103786686034,-74.07145500183105,3195,"Sip Ave",40.73074262530658,-74.06378388404846,29489,"Subscriber",1987,1
306,"2018-12-07 08:04:18.6660","2018-12-07 08:09:25.4140",3679,"Bergen Ave",40.722103786686034,-74.07145500183105,3195,"Sip Ave",40.73074262530658,-74.06378388404846,26270,"Subscriber",1985,2
437,"2018-12-07 08:15:33.2510","2018-12-07 08:22:50.8440",3679,"Bergen Ave",40.722103786686034,-74.07145500183105,3195,"Sip Ave",40.73074262530658,-74.06378388404846,29465,"Subscriber",1969,0
250,"2018-12-07 11:58:15.1800","2018-12-07 12:02:25.3450",3679,"Bergen Ave",40.722103786686034,-74.07145500183105,3677,"Glenwood Ave",40.72755146730012,-74.07106071710587,29485,"Subscriber",1976,1
337,"2018-12-07 12:13:00.6840","2018-12-07 12:18:38.4890",3679,"Bergen Ave",40.722103786686034,-74.07145500183105,3195,"Sip Ave",40.73074262530658,-74.06378388404846,29216,"Subscriber",1990,2
442,"2018-12-07 15:02:36.8520","2018-12-07 15:09:59.4510",3679,"Bergen Ave",40.722103786686034,-74.07145500183105,3195,"Sip Ave",40.73074262530658,-74.06378388404846,29652,"Subscriber",1996,2
886,"2018-12-07 16:40:39.1780","2018-12-07 16:55:25.6870",3679,"Bergen Ave",40.722103786686034,-74.07145500183105,3187,"Warren St",40.7211236,-74.03805095,29231,"Subscriber",1995,1
451,"2018-12-07 17:57:36.5950","2018-12-07 18:05:07.8080",3679,"Bergen Ave",40.722103786686034,-74.07145500183105,3195,"Sip Ave",40.73074262530658,-74.06378388404846,29674,"Subscriber",1964,1
457,"2018-12-07 18:38:56.5630","2018-12-07 18:46:33.7960",3679,"Bergen Ave",40.722103786686034,-74.07145500183105,3195,"Sip Ave",40.73074262530658,-74.06378388404846,26196,"Subscriber",1986,1
410,"2018-12-07 19:11:25.3590","2018-12-07 19:18:16.3540",3679,"Bergen Ave",40.722103786686034,-74.07145500183105,3195,"Sip Ave",40.73074262530658,-74.06378388404846,29652,"Subscriber",1983,2
406,"2018-12-07 21:10:51.0040","2018-12-07 21:17:37.8480",3679,"Bergen Ave",40.722103786686034,-74.07145500183105,3195,"Sip Ave",40.73074262530658,-74.06378388404846,29209,"Subscriber",1991,2
546,"2018-12-08 00:39:41.2800","2018-12-08 00:48:47.9000",3679,"Bergen Ave",40.722103786686034,-74.07145500183105,3679,"Bergen Ave",40.722103786686034,-74.07145500183105,29548,"Subscriber",1985,1
413,"2018-12-08 08:08:21.3560","2018-12-08 08:15:15.1380",3679,"Bergen Ave",40.722103786686034,-74.07145500183105,3195,"Sip Ave",40.73074262530658,-74.06378388404846,29548,"Subscriber",1969,0
397,"2018-12-08 12:28:15.5630","2018-12-08 12:34:52.7650",3679,"Bergen Ave",40.722103786686034,-74.07145500183105,3195,"Sip Ave",40.73074262530658,-74.06378388404846,29231,"Subscriber",1991,2
443,"2018-12-08 15:14:52.1060","2018-12-08 15:22:15.5280",3679,"Bergen Ave",40.722103786686034,-74.07145500183105,3195,"Sip Ave",40.73074262530658,-74.06378388404846,33744,"Subscriber",1986,1
399,"2018-12-09 08:08:58.4250","2018-12-09 08:15:37.4760",3679,"Bergen Ave",40.722103786686034,-74.07145500183105,3195,"Sip Ave",40.73074262530658,-74.06378388404846,26183,"Subscriber",1969,0
289,"2018-12-09 08:34:20.6200","2018-12-09 08:39:10.5610",3679,"Bergen Ave",40.722103786686034,-74.07145500183105,3195,"Sip Ave",40.73074262530658,-74.06378388404846,26245,"Subscriber",1978,1
375,"2018-12-09 13:22:42.9650","2018-12-09 13:28:58.3390",3679,"Bergen Ave",40.722103786686034,-74.07145500183105,3195,"Sip Ave",40.73074262530658,-74.06378388404846,26174,"Subscriber",1996,2
343,"2018-12-09 16:41:47.8640","2018-12-09 16:47:30.8990",3679,"Bergen Ave",40.722103786686034,-74.07145500183105,3195,"Sip Ave",40.73074262530658,-74.06378388404846,29642,"Subscriber",1983,2
344,"2018-12-09 17:27:48.1840","2018-12-09 17:33:32.7240",3679,"Bergen Ave",40.722103786686034,-74.07145500183105,3195,"Sip Ave",40.73074262530658,-74.06378388404846,26309,"Subscriber",1986,1
329,"2018-12-10 07:39:23.2240","2018-12-10 07:44:53.1560",3679,"Bergen Ave",40.722103786686034,-74.07145500183105,3195,"Sip Ave",40.73074262530658,-74.06378388404846,29486,"Subscriber",1987,1
366,"2018-12-10 08:16:26.9530","2018-12-10 08:22:33.8200",3679,"Bergen Ave",40.722103786686034,-74.07145500183105,3195,"Sip Ave",40.73074262530658,-74.06378388404846,29277,"Subscriber",1985,2
492,"2018-12-10 08:40:12.4070","2018-12-10 08:48:24.6840",3679,"Bergen Ave",40.722103786686034,-74.07145500183105,3195,"Sip Ave",40.73074262530658,-74.06378388404846,26306,"Subscriber",1969,0
494,"2018-12-10 09:09:36.4780","2018-12-10 09:17:50.7470",3679,"Bergen Ave",40.722103786686034,-74.07145500183105,3640,"Journal Square",40.73367,-74.0625,29538,"Subscriber",1984,1
543,"2018-12-10 13:37:57.2830","2018-12-10 13:47:00.7110",3679,"Bergen Ave",40.722103786686034,-74.07145500183105,3195,"Sip Ave",40.73074262530658,-74.06378388404846,26304,"Subscriber",1953,2
733,"2018-12-11 07:08:25.9400","2018-12-11 07:20:39.3000",3679,"Bergen Ave",40.722103786686034,-74.07145500183105,3186,"Grove St PATH",40.71958611647166,-74.04311746358871,29582,"Subscriber",1989,2
307,"2018-12-11 07:34:49.5010","2018-12-11 07:39:57.1680",3679,"Bergen Ave",40.722103786686034,-74.07145500183105,3195,"Sip Ave",40.73074262530658,-74.06378388404846,26196,"Subscriber",1984,1
332,"2018-12-11 07:38:05.9950","2018-12-11 07:43:38.0070",3679,"Bergen Ave",40.722103786686034,-74.07145500183105,3195,"Sip Ave",40.73074262530658,-74.06378388404846,29575,"Subscriber",1987,1
416,"2018-12-11 08:10:08.0820","2018-12-11 08:17:04.1390",3679,"Bergen Ave",40.722103786686034,-74.07145500183105,3195,"Sip Ave",40.73074262530658,-74.06378388404846,29442,"Subscriber",1997,1
843,"2018-12-11 08:19:11.8250","2018-12-11 08:33:15.0200",3679,"Bergen Ave",40.722103786686034,-74.07145500183105,3195,"Sip Ave",40.73074262530658,-74.06378388404846,26245,"Subscriber",1969,0
836,"2018-12-11 08:25:39.5550","2018-12-11 08:39:35.8960",3679,"Bergen Ave",40.722103786686034,-74.07145500183105,3186,"Grove St PATH",40.71958611647166,-74.04311746358871,29660,"Subscriber",1981,1
350,"2018-12-11 17:17:22.1410","2018-12-11 17:23:12.4310",3679,"Bergen Ave",40.722103786686034,-74.07145500183105,3195,"Sip Ave",40.73074262530658,-74.06378388404846,29628,"Subscriber",1984,1
398,"2018-12-12 05:45:20.6040","2018-12-12 05:51:59.2870",3679,"Bergen Ave",40.722103786686034,-74.07145500183105,3195,"Sip Ave",40.73074262530658,-74.06378388404846,29126,"Subscriber",1986,1
350,"2018-12-12 07:56:06.8890","2018-12-12 08:01:57.5710",3679,"Bergen Ave",40.722103786686034,-74.07145500183105,3195,"Sip Ave",40.73074262530658,-74.06378388404846,29575,"Subscriber",1984,1
358,"2018-12-12 08:09:37.2350","2018-12-12 08:15:36.1960",3679,"Bergen Ave",40.722103786686034,-74.07145500183105,3195,"Sip Ave",40.73074262530658,-74.06378388404846,26243,"Subscriber",1987,1
598,"2018-12-12 08:16:29.5120","2018-12-12 08:26:28.0080",3679,"Bergen Ave",40.722103786686034,-74.07145500183105,3195,"Sip Ave",40.73074262530658,-74.06378388404846,29234,"Subscriber",1969,0
351,"2018-12-12 09:29:31.3690","2018-12-12 09:35:23.0140",3679,"Bergen Ave",40.722103786686034,-74.07145500183105,3195,"Sip Ave",40.73074262530658,-74.06378388404846,29549,"Subscriber",1983,2
380,"2018-12-12 14:36:38.3990","2018-12-12 14:42:58.5790",3679,"Bergen Ave",40.722103786686034,-74.07145500183105,3195,"Sip Ave",40.73074262530658,-74.06378388404846,29271,"Subscriber",1996,2
340,"2018-12-13 07:38:32.3340","2018-12-13 07:44:12.7850",3679,"Bergen Ave",40.722103786686034,-74.07145500183105,3195,"Sip Ave",40.73074262530658,-74.06378388404846,29251,"Subscriber",1987,1
362,"2018-12-13 08:07:32.2390","2018-12-13 08:13:34.6350",3679,"Bergen Ave",40.722103786686034,-74.07145500183105,3195,"Sip Ave",40.73074262530658,-74.06378388404846,29482,"Subscriber",1985,2
870,"2018-12-13 08:24:35.4590","2018-12-13 08:39:05.9390",3679,"Bergen Ave",40.722103786686034,-74.07145500183105,3186,"Grove St PATH",40.71958611647166,-74.04311746358871,26296,"Subscriber",1981,1
494,"2018-12-13 09:01:23.7290","2018-12-13 09:09:38.2280",3679,"Bergen Ave",40.722103786686034,-74.07145500183105,3195,"Sip Ave",40.73074262530658,-74.06378388404846,29277,"Subscriber",1992,1
265,"2018-12-13 09:02:52.5650","2018-12-13 09:07:18.5030",3679,"Bergen Ave",40.722103786686034,-74.07145500183105,3195,"Sip Ave",40.73074262530658,-74.06378388404846,29126,"Subscriber",1984,1
350,"2018-12-13 10:32:57.8580","2018-12-13 10:38:48.6770",3679,"Bergen Ave",40.722103786686034,-74.07145500183105,3195,"Sip Ave",40.73074262530658,-74.06378388404846,29476,"Subscriber",1978,1
434,"2018-12-13 15:01:15.6810","2018-12-13 15:08:29.7960",3679,"Bergen Ave",40.722103786686034,-74.07145500183105,3195,"Sip Ave",40.73074262530658,-74.06378388404846,26155,"Subscriber",1996,2
854,"2018-12-14 02:57:11.7870","2018-12-14 03:11:26.0270",3679,"Bergen Ave",40.722103786686034,-74.07145500183105,3183,"Exchange Place",40.7162469,-74.0334588,29291,"Subscriber",1986,1
336,"2018-12-14 07:38:25.1190","2018-12-14 07:44:01.5510",3679,"Bergen Ave",40.722103786686034,-74.07145500183105,3195,"Sip Ave",40.73074262530658,-74.06378388404846,26271,"Subscriber",1987,1
355,"2018-12-14 08:07:58.9020","2018-12-14 08:13:54.2370",3679,"Bergen Ave",40.722103786686034,-74.07145500183105,3195,"Sip Ave",40.73074262530658,-74.06378388404846,29520,"Subscriber",1985,2
383,"2018-12-14 08:19:14.9500","2018-12-14 08:25:37.9650",3679,"Bergen Ave",40.722103786686034,-74.07145500183105,3195,"Sip Ave",40.73074262530658,-74.06378388404846,29446,"Subscriber",1969,0
92,"2018-12-14 17:08:52.1020","2018-12-14 17:10:24.6450",3679,"Bergen Ave",40.722103786686034,-74.07145500183105,3280,"Astor Place",40.71928220070702,-74.07126188278198,29607,"Subscriber",1988,1
379,"2018-12-15 07:43:11.5380","2018-12-15 07:49:31.2530",3679,"Bergen Ave",40.722103786686034,-74.07145500183105,3195,"Sip Ave",40.73074262530658,-74.06378388404846,29294,"Subscriber",1969,0
970,"2018-12-16 00:35:00.6180","2018-12-16 00:51:11.4360",3679,"Bergen Ave",40.722103786686034,-74.07145500183105,3183,"Exchange Place",40.7162469,-74.0334588,29641,"Subscriber",1986,1
406,"2018-12-16 08:36:45.4350","2018-12-16 08:43:31.6850",3679,"Bergen Ave",40.722103786686034,-74.07145500183105,3195,"Sip Ave",40.73074262530658,-74.06378388404846,26306,"Subscriber",1969,0
94,"2018-12-16 19:06:44.2600","2018-12-16 19:08:19.1860",3679,"Bergen Ave",40.722103786686034,-74.07145500183105,3280,"Astor Place",40.71928220070702,-74.07126188278198,29677,"Subscriber",1988,1
346,"2018-12-17 07:57:42.3650","2018-12-17 08:03:29.1100",3679,"Bergen Ave",40.722103786686034,-74.07145500183105,3195,"Sip Ave",40.73074262530658,-74.06378388404846,29657,"Subscriber",1985,2
307,"2018-12-17 07:58:24.1370","2018-12-17 08:03:31.9760",3679,"Bergen Ave",40.722103786686034,-74.07145500183105,3195,"Sip Ave",40.73074262530658,-74.06378388404846,29517,"Subscriber",1987,1
404,"2018-12-17 08:10:57.9740","2018-12-17 08:17:42.1790",3679,"Bergen Ave",40.722103786686034,-74.07145500183105,3195,"Sip Ave",40.73074262530658,-74.06378388404846,29220,"Subscriber",1983,1
479,"2018-12-17 08:16:24.9730","2018-12-17 08:24:24.8810",3679,"Bergen Ave",40.722103786686034,-74.07145500183105,3195,"Sip Ave",40.73074262530658,-74.06378388404846,29221,"Subscriber",1969,0
349,"2018-12-17 14:34:48.7970","2018-12-17 14:40:38.3140",3679,"Bergen Ave",40.722103786686034,-74.07145500183105,3195,"Sip Ave",40.73074262530658,-74.06378388404846,29657,"Subscriber",1988,1
603,"2018-12-17 17:58:59.1420","2018-12-17 18:09:02.6370",3679,"Bergen Ave",40.722103786686034,-74.07145500183105,3195,"Sip Ave",40.73074262530658,-74.06378388404846,29535,"Subscriber",1964,1
584,"2018-12-18 01:38:24.6160","2018-12-18 01:48:09.5110",3679,"Bergen Ave",40.722103786686034,-74.07145500183105,3679,"Bergen Ave",40.722103786686034,-74.07145500183105,29242,"Subscriber",1985,1
410,"2018-12-18 07:32:00.9810","2018-12-18 07:38:51.9640",3679,"Bergen Ave",40.722103786686034,-74.07145500183105,3195,"Sip Ave",40.73074262530658,-74.06378388404846,29582,"Subscriber",1983,1
416,"2018-12-18 08:13:21.5760","2018-12-18 08:20:18.5150",3679,"Bergen Ave",40.722103786686034,-74.07145500183105,3195,"Sip Ave",40.73074262530658,-74.06378388404846,29242,"Subscriber",1985,2
462,"2018-12-18 08:17:24.8490","2018-12-18 08:25:07.7910",3679,"Bergen Ave",40.722103786686034,-74.07145500183105,3195,"Sip Ave",40.73074262530658,-74.06378388404846,29258,"Subscriber",1969,0
883,"2018-12-18 08:26:03.2740","2018-12-18 08:40:46.9210",3679,"Bergen Ave",40.722103786686034,-74.07145500183105,3186,"Grove St PATH",40.71958611647166,-74.04311746358871,26280,"Subscriber",1981,1
321,"2018-12-18 09:16:21.5770","2018-12-18 09:21:43.2570",3679,"Bergen Ave",40.722103786686034,-74.07145500183105,3195,"Sip Ave",40.73074262530658,-74.06378388404846,29298,"Subscriber",1987,1
383,"2018-12-18 12:59:16.8690","2018-12-18 13:05:40.0860",3679,"Bergen Ave",40.722103786686034,-74.07145500183105,3195,"Sip Ave",40.73074262530658,-74.06378388404846,29268,"Subscriber",1986,1
399,"2018-12-18 15:18:35.5020","2018-12-18 15:25:15.0730",3679,"Bergen Ave",40.722103786686034,-74.07145500183105,3195,"Sip Ave",40.73074262530658,-74.06378388404846,29495,"Subscriber",1996,2
655,"2018-12-18 20:41:28.9980","2018-12-18 20:52:24.3630",3679,"Bergen Ave",40.722103786686034,-74.07145500183105,3679,"Bergen Ave",40.722103786686034,-74.07145500183105,29300,"Subscriber",1985,1
341,"2018-12-19 07:57:03.5240","2018-12-19 08:02:44.5370",3679,"Bergen Ave",40.722103786686034,-74.07145500183105,3195,"Sip Ave",40.73074262530658,-74.06378388404846,29300,"Subscriber",1987,1
338,"2018-12-19 08:16:19.0320","2018-12-19 08:21:57.6410",3679,"Bergen Ave",40.722103786686034,-74.07145500183105,3195,"Sip Ave",40.73074262530658,-74.06378388404846,29260,"Subscriber",1985,2
756,"2018-12-19 08:25:07.2670","2018-12-19 08:37:43.5710",3679,"Bergen Ave",40.722103786686034,-74.07145500183105,3186,"Grove St PATH",40.71958611647166,-74.04311746358871,26155,"Subscriber",1981,1
467,"2018-12-19 08:31:10.7570","2018-12-19 08:38:58.0280",3679,"Bergen Ave",40.722103786686034,-74.07145500183105,3195,"Sip Ave",40.73074262530658,-74.06378388404846,29273,"Subscriber",1969,0
422,"2018-12-19 09:05:57.4520","2018-12-19 09:12:59.5510",3679,"Bergen Ave",40.722103786686034,-74.07145500183105,3195,"Sip Ave",40.73074262530658,-74.06378388404846,29268,"Subscriber",1982,2
100,"2018-12-19 23:11:08.2270","2018-12-19 23:12:48.9770",3679,"Bergen Ave",40.722103786686034,-74.07145500183105,3280,"Astor Place",40.71928220070702,-74.07126188278198,26266,"Subscriber",1988,1
318,"2018-12-20 08:00:21.7950","2018-12-20 08:05:40.1980",3679,"Bergen Ave",40.722103786686034,-74.07145500183105,3195,"Sip Ave",40.73074262530658,-74.06378388404846,26167,"Subscriber",1987,1
457,"2018-12-20 08:05:53.9500","2018-12-20 08:13:31.3640",3679,"Bergen Ave",40.722103786686034,-74.07145500183105,3195,"Sip Ave",40.73074262530658,-74.06378388404846,29299,"Subscriber",1969,0
406,"2018-12-20 08:22:32.1810","2018-12-20 08:29:18.6270",3679,"Bergen Ave",40.722103786686034,-74.07145500183105,3195,"Sip Ave",40.73074262530658,-74.06378388404846,29459,"Subscriber",1985,2
253,"2018-12-21 14:09:47.2210","2018-12-21 14:14:01.1640",3679,"Bergen Ave",40.722103786686034,-74.07145500183105,3195,"Sip Ave",40.73074262530658,-74.06378388404846,29595,"Subscriber",1980,1
457,"2018-12-21 22:26:27.9140","2018-12-21 22:34:05.6090",3679,"Bergen Ave",40.722103786686034,-74.07145500183105,3195,"Sip Ave",40.73074262530658,-74.06378388404846,29487,"Subscriber",1986,1
370,"2018-12-22 13:48:13.6210","2018-12-22 13:54:23.8560",3679,"Bergen Ave",40.722103786686034,-74.07145500183105,3195,"Sip Ave",40.73074262530658,-74.06378388404846,29252,"Subscriber",1993,1
422,"2018-12-22 16:34:53.9260","2018-12-22 16:41:56.3560",3679,"Bergen Ave",40.722103786686034,-74.07145500183105,3195,"Sip Ave",40.73074262530658,-74.06378388404846,29663,"Subscriber",1986,1
296,"2018-12-23 08:09:54.0250","2018-12-23 08:14:50.4130",3679,"Bergen Ave",40.722103786686034,-74.07145500183105,3195,"Sip Ave",40.73074262530658,-74.06378388404846,29642,"Subscriber",1969,0
374,"2018-12-23 08:35:58.3700","2018-12-23 08:42:13.0830",3679,"Bergen Ave",40.722103786686034,-74.07145500183105,3195,"Sip Ave",40.73074262530658,-74.06378388404846,29265,"Subscriber",1978,1
440,"2018-12-23 13:08:35.7070","2018-12-23 13:15:55.7100",3679,"Bergen Ave",40.722103786686034,-74.07145500183105,3195,"Sip Ave",40.73074262530658,-74.06378388404846,29211,"Subscriber",1989,1
462,"2018-12-24 08:21:21.0180","2018-12-24 08:29:03.0580",3679,"Bergen Ave",40.722103786686034,-74.07145500183105,3195,"Sip Ave",40.73074262530658,-74.06378388404846,29576,"Subscriber",1969,0
388,"2018-12-25 08:24:53.9080","2018-12-25 08:31:22.3470",3679,"Bergen Ave",40.722103786686034,-74.07145500183105,3195,"Sip Ave",40.73074262530658,-74.06378388404846,26190,"Subscriber",1969,0
479,"2018-12-26 07:53:23.1770","2018-12-26 08:01:22.2370",3679,"Bergen Ave",40.722103786686034,-74.07145500183105,3195,"Sip Ave",40.73074262530658,-74.06378388404846,29263,"Subscriber",1969,0
402,"2018-12-26 07:59:43.0260","2018-12-26 08:06:25.5530",3679,"Bergen Ave",40.722103786686034,-74.07145500183105,3195,"Sip Ave",40.73074262530658,-74.06378388404846,26312,"Subscriber",1986,1
882,"2018-12-26 23:38:58.1190","2018-12-26 23:53:40.3670",3679,"Bergen Ave",40.722103786686034,-74.07145500183105,3210,"Pershing Field",40.742677141,-74.051788633,26284,"Subscriber",1988,1
430,"2018-12-27 01:39:49.2950","2018-12-27 01:46:59.3900",3679,"Bergen Ave",40.722103786686034,-74.07145500183105,3195,"Sip Ave",40.73074262530658,-74.06378388404846,29444,"Subscriber",1988,1
312,"2018-12-27 08:12:45.1580","2018-12-27 08:17:57.7060",3679,"Bergen Ave",40.722103786686034,-74.07145500183105,3195,"Sip Ave",40.73074262530658,-74.06378388404846,26258,"Subscriber",1985,2
507,"2018-12-27 08:19:02.3230","2018-12-27 08:27:30.3050",3679,"Bergen Ave",40.722103786686034,-74.07145500183105,3195,"Sip Ave",40.73074262530658,-74.06378388404846,29679,"Subscriber",1986,1
315,"2018-12-27 08:30:23.5670","2018-12-27 08:35:39.2980",3679,"Bergen Ave",40.722103786686034,-74.07145500183105,3195,"Sip Ave",40.73074262530658,-74.06378388404846,29268,"Subscriber",1969,0
414,"2018-12-27 15:51:18.4840","2018-12-27 15:58:13.4140",3679,"Bergen Ave",40.722103786686034,-74.07145500183105,3195,"Sip Ave",40.73074262530658,-74.06378388404846,29498,"Subscriber",1978,1
416,"2018-12-27 17:56:56.2800","2018-12-27 18:03:52.5810",3679,"Bergen Ave",40.722103786686034,-74.07145500183105,3195,"Sip Ave",40.73074262530658,-74.06378388404846,29469,"Subscriber",1964,1
332,"2018-12-29 07:23:32.1560","2018-12-29 07:29:04.7110",3679,"Bergen Ave",40.722103786686034,-74.07145500183105,3195,"Sip Ave",40.73074262530658,-74.06378388404846,29525,"Subscriber",1969,0
595,"2018-12-29 13:04:02.9110","2018-12-29 13:13:58.2810",3679,"Bergen Ave",40.722103786686034,-74.07145500183105,3205,"JC Medical Center",40.71653978099194,-74.0496379137039,29230,"Subscriber",1993,1
1246,"2018-12-29 13:45:09.3490","2018-12-29 14:05:56.3390",3679,"Bergen Ave",40.722103786686034,-74.07145500183105,3194,"McGinley Square",40.7253399253558,-74.06762212514877,29275,"Subscriber",1991,1
357,"2018-12-30 07:40:43.3590","2018-12-30 07:46:40.9760",3679,"Bergen Ave",40.722103786686034,-74.07145500183105,3195,"Sip Ave",40.73074262530658,-74.06378388404846,29125,"Subscriber",1969,0
863,"2018-12-30 14:55:58.8480","2018-12-30 15:10:21.8690",3679,"Bergen Ave",40.722103786686034,-74.07145500183105,3185,"City Hall",40.7177325,-74.043845,29121,"Subscriber",1969,2
311,"2018-12-31 07:48:44.5690","2018-12-31 07:53:56.1880",3679,"Bergen Ave",40.722103786686034,-74.07145500183105,3195,"Sip Ave",40.73074262530658,-74.06378388404846,29218,"Subscriber",1987,1
268,"2018-12-31 08:08:30.2230","2018-12-31 08:12:58.6810",3679,"Bergen Ave",40.722103786686034,-74.07145500183105,3195,"Sip Ave",40.73074262530658,-74.06378388404846,29550,"Subscriber",1985,2
189,"2018-12-01 01:01:29.1630","2018-12-01 01:04:38.8120",3681,"Grand St",40.71517767732029,-74.03768330812454,3183,"Exchange Place",40.7162469,-74.0334588,29275,"Subscriber",1992,1
525,"2018-12-01 08:59:56.1460","2018-12-01 09:08:41.5610",3681,"Grand St",40.71517767732029,-74.03768330812454,3276,"Marin Light Rail",40.71458403535893,-74.04281705617905,29583,"Subscriber",1980,1
647,"2018-12-01 09:00:38.6310","2018-12-01 09:11:26.0060",3681,"Grand St",40.71517767732029,-74.03768330812454,3681,"Grand St",40.71517767732029,-74.03768330812454,26288,"Subscriber",1982,1
211,"2018-12-01 09:23:56.9700","2018-12-01 09:27:28.1990",3681,"Grand St",40.71517767732029,-74.03768330812454,3681,"Grand St",40.71517767732029,-74.03768330812454,26253,"Subscriber",1987,1
697,"2018-12-01 09:48:21.5590","2018-12-01 09:59:58.5670",3681,"Grand St",40.71517767732029,-74.03768330812454,3681,"Grand St",40.71517767732029,-74.03768330812454,26253,"Subscriber",1987,1
475,"2018-12-01 11:39:26.0320","2018-12-01 11:47:21.2420",3681,"Grand St",40.71517767732029,-74.03768330812454,3203,"Hamilton Park",40.727595966,-74.044247311,29284,"Subscriber",1976,1
564,"2018-12-01 12:05:30.0230","2018-12-01 12:14:54.5710",3681,"Grand St",40.71517767732029,-74.03768330812454,3202,"Newport PATH",40.7272235,-74.0337589,29673,"Subscriber",1956,1
559,"2018-12-01 12:05:34.8580","2018-12-01 12:14:54.5180",3681,"Grand St",40.71517767732029,-74.03768330812454,3202,"Newport PATH",40.7272235,-74.0337589,29296,"Subscriber",1957,1
975,"2018-12-01 13:18:06.3550","2018-12-01 13:34:21.5870",3681,"Grand St",40.71517767732029,-74.03768330812454,3681,"Grand St",40.71517767732029,-74.03768330812454,26288,"Subscriber",1980,1
260,"2018-12-01 13:44:38.6000","2018-12-01 13:48:59.2050",3681,"Grand St",40.71517767732029,-74.03768330812454,3186,"Grove St PATH",40.71958611647166,-74.04311746358871,26276,"Subscriber",1978,1
559,"2018-12-01 13:54:01.5500","2018-12-01 14:03:21.1780",3681,"Grand St",40.71517767732029,-74.03768330812454,3203,"Hamilton Park",40.727595966,-74.044247311,26221,"Subscriber",1990,1
392,"2018-12-01 14:59:05.2580","2018-12-01 15:05:37.6490",3681,"Grand St",40.71517767732029,-74.03768330812454,3187,"Warren St",40.7211236,-74.03805095,29616,"Subscriber",1986,2
184,"2018-12-01 15:41:22.5570","2018-12-01 15:44:26.9190",3681,"Grand St",40.71517767732029,-74.03768330812454,3276,"Marin Light Rail",40.71458403535893,-74.04281705617905,29252,"Subscriber",1972,1
241,"2018-12-01 17:57:18.7970","2018-12-01 18:01:19.9880",3681,"Grand St",40.71517767732029,-74.03768330812454,3186,"Grove St PATH",40.71958611647166,-74.04311746358871,29258,"Subscriber",1984,1
298,"2018-12-01 18:05:35.6470","2018-12-01 18:10:34.5120",3681,"Grand St",40.71517767732029,-74.03768330812454,3185,"City Hall",40.7177325,-74.043845,26158,"Subscriber",1970,1
814,"2018-12-02 08:12:12.3450","2018-12-02 08:25:47.0250",3681,"Grand St",40.71517767732029,-74.03768330812454,3681,"Grand St",40.71517767732029,-74.03768330812454,29662,"Subscriber",1985,1
150,"2018-12-02 10:35:00.2010","2018-12-02 10:37:30.8260",3681,"Grand St",40.71517767732029,-74.03768330812454,3183,"Exchange Place",40.7162469,-74.0334588,33781,"Subscriber",1992,1
183,"2018-12-02 11:26:41.3720","2018-12-02 11:29:45.0530",3681,"Grand St",40.71517767732029,-74.03768330812454,3681,"Grand St",40.71517767732029,-74.03768330812454,26158,"Subscriber",1987,1
109,"2018-12-02 12:17:22.5370","2018-12-02 12:19:12.0040",3681,"Grand St",40.71517767732029,-74.03768330812454,3183,"Exchange Place",40.7162469,-74.0334588,26200,"Subscriber",1994,1
735,"2018-12-02 13:18:52.3020","2018-12-02 13:31:07.7450",3681,"Grand St",40.71517767732029,-74.03768330812454,3681,"Grand St",40.71517767732029,-74.03768330812454,26253,"Subscriber",1987,1
1470,"2018-12-02 14:01:48.3750","2018-12-02 14:26:19.2160",3681,"Grand St",40.71517767732029,-74.03768330812454,3184,"Paulus Hook",40.7141454,-74.0335519,26253,"Subscriber",1961,1
246,"2018-12-02 18:58:51.6090","2018-12-02 19:02:58.1260",3681,"Grand St",40.71517767732029,-74.03768330812454,3681,"Grand St",40.71517767732029,-74.03768330812454,29679,"Subscriber",1987,1
202,"2018-12-02 19:04:13.4110","2018-12-02 19:07:35.4700",3681,"Grand St",40.71517767732029,-74.03768330812454,3186,"Grove St PATH",40.71958611647166,-74.04311746358871,26158,"Subscriber",1970,1
201,"2018-12-03 07:24:15.3690","2018-12-03 07:27:36.5610",3681,"Grand St",40.71517767732029,-74.03768330812454,3186,"Grove St PATH",40.71958611647166,-74.04311746358871,29225,"Subscriber",1975,1
113,"2018-12-03 07:37:33.3570","2018-12-03 07:39:26.8820",3681,"Grand St",40.71517767732029,-74.03768330812454,3275,"Columbus Drive",40.71835519823214,-74.03891444206238,26201,"Subscriber",1994,1
215,"2018-12-03 08:13:34.2150","2018-12-03 08:17:09.4540",3681,"Grand St",40.71517767732029,-74.03768330812454,3275,"Columbus Drive",40.71835519823214,-74.03891444206238,26312,"Subscriber",1987,1
172,"2018-12-03 08:31:25.6250","2018-12-03 08:34:17.9930",3681,"Grand St",40.71517767732029,-74.03768330812454,3275,"Columbus Drive",40.71835519823214,-74.03891444206238,26199,"Subscriber",1984,1
135,"2018-12-03 08:46:28.1450","2018-12-03 08:48:43.9290",3681,"Grand St",40.71517767732029,-74.03768330812454,3275,"Columbus Drive",40.71835519823214,-74.03891444206238,29662,"Subscriber",1980,1
111,"2018-12-03 11:13:04.9590","2018-12-03 11:14:56.1490",3681,"Grand St",40.71517767732029,-74.03768330812454,3275,"Columbus Drive",40.71835519823214,-74.03891444206238,29480,"Subscriber",1985,1
313,"2018-12-03 11:13:30.8050","2018-12-03 11:18:43.8970",3681,"Grand St",40.71517767732029,-74.03768330812454,3186,"Grove St PATH",40.71958611647166,-74.04311746358871,29605,"Subscriber",1968,2
1024,"2018-12-06 18:00:04.7920","2018-12-06 18:17:09.3480",3681,"Grand St",40.71517767732029,-74.03768330812454,3225,"Baldwin at Montgomery",40.7236589,-74.0641943,33744,"Subscriber",1980,1
115,"2018-12-06 19:05:33.8750","2018-12-06 19:07:29.4930",3681,"Grand St",40.71517767732029,-74.03768330812454,3183,"Exchange Place",40.7162469,-74.0334588,26263,"Subscriber",1994,1
193,"2018-12-06 20:51:37.7560","2018-12-06 20:54:51.1700",3681,"Grand St",40.71517767732029,-74.03768330812454,3681,"Grand St",40.71517767732029,-74.03768330812454,29459,"Subscriber",1987,1
756,"2018-12-06 22:36:41.8680","2018-12-06 22:49:18.3260",3681,"Grand St",40.71517767732029,-74.03768330812454,3211,"Newark Ave",40.72152515,-74.046304543,29459,"Subscriber",1990,1
285,"2018-12-07 07:12:20.2060","2018-12-07 07:17:05.5720",3681,"Grand St",40.71517767732029,-74.03768330812454,3186,"Grove St PATH",40.71958611647166,-74.04311746358871,26309,"Subscriber",1975,1
208,"2018-12-07 08:38:18.1540","2018-12-07 08:41:46.1910",3681,"Grand St",40.71517767732029,-74.03768330812454,3183,"Exchange Place",40.7162469,-74.0334588,29455,"Subscriber",1993,2
289,"2018-12-07 09:36:58.7930","2018-12-07 09:41:48.5340",3681,"Grand St",40.71517767732029,-74.03768330812454,3186,"Grove St PATH",40.71958611647166,-74.04311746358871,29491,"Subscriber",1976,1
142,"2018-12-07 15:41:01.9080","2018-12-07 15:43:24.7840",3681,"Grand St",40.71517767732029,-74.03768330812454,3275,"Columbus Drive",40.71835519823214,-74.03891444206238,29439,"Subscriber",1985,1
235,"2018-12-07 17:06:55.8440","2018-12-07 17:10:51.0080",3681,"Grand St",40.71517767732029,-74.03768330812454,3213,"Van Vorst Park",40.71848892,-74.047726625,29640,"Subscriber",1986,1
381,"2018-12-07 17:08:56.2290","2018-12-07 17:15:17.4040",3681,"Grand St",40.71517767732029,-74.03768330812454,3187,"Warren St",40.7211236,-74.03805095,29273,"Subscriber",1969,1
76,"2018-12-07 18:59:30.5080","2018-12-07 19:00:47.1890",3681,"Grand St",40.71517767732029,-74.03768330812454,3267,"Morris Canal",40.7124188237569,-74.03852552175522,26206,"Subscriber",1962,1
211,"2018-12-07 19:56:47.2920","2018-12-07 20:00:18.7470",3681,"Grand St",40.71517767732029,-74.03768330812454,3681,"Grand St",40.71517767732029,-74.03768330812454,26282,"Subscriber",1987,1
771,"2018-12-08 09:00:33.0390","2018-12-08 09:13:24.6770",3681,"Grand St",40.71517767732029,-74.03768330812454,3681,"Grand St",40.71517767732029,-74.03768330812454,26179,"Subscriber",1963,1
170,"2018-12-08 10:05:06.7220","2018-12-08 10:07:56.9820",3681,"Grand St",40.71517767732029,-74.03768330812454,3276,"Marin Light Rail",40.71458403535893,-74.04281705617905,26179,"Subscriber",1978,1
292,"2018-12-08 10:32:03.9460","2018-12-08 10:36:56.0380",3681,"Grand St",40.71517767732029,-74.03768330812454,3638,"Washington St",40.7242941,-74.0354826,29594,"Subscriber",1990,2
116,"2018-12-08 12:00:43.6330","2018-12-08 12:02:39.8640",3681,"Grand St",40.71517767732029,-74.03768330812454,3275,"Columbus Drive",40.71835519823214,-74.03891444206238,29520,"Subscriber",1985,1
191,"2018-12-08 12:08:29.4750","2018-12-08 12:11:40.7760",3681,"Grand St",40.71517767732029,-74.03768330812454,3639,"Harborside",40.7192517,-74.034234,29459,"Subscriber",1988,2
939,"2018-12-08 13:17:57.3010","2018-12-08 13:33:36.9260",3681,"Grand St",40.71517767732029,-74.03768330812454,3681,"Grand St",40.71517767732029,-74.03768330812454,29298,"Subscriber",1980,1
584,"2018-12-08 13:57:55.2280","2018-12-08 14:07:39.7470",3681,"Grand St",40.71517767732029,-74.03768330812454,3203,"Hamilton Park",40.727595966,-74.044247311,29471,"Subscriber",1990,1
328,"2018-12-08 16:01:43.2940","2018-12-08 16:07:11.5800",3681,"Grand St",40.71517767732029,-74.03768330812454,3213,"Van Vorst Park",40.71848892,-74.047726625,26282,"Subscriber",1987,1
247,"2018-12-08 21:19:34.3480","2018-12-08 21:23:42.1170",3681,"Grand St",40.71517767732029,-74.03768330812454,3185,"City Hall",40.7177325,-74.043845,26284,"Customer",1988,1
168,"2018-12-08 21:28:36.3150","2018-12-08 21:31:24.4000",3681,"Grand St",40.71517767732029,-74.03768330812454,3681,"Grand St",40.71517767732029,-74.03768330812454,29262,"Subscriber",1987,1
384,"2018-12-09 11:37:05.9780","2018-12-09 11:43:30.7910",3681,"Grand St",40.71517767732029,-74.03768330812454,3681,"Grand St",40.71517767732029,-74.03768330812454,29262,"Subscriber",1987,1
279,"2018-12-09 11:50:47.7290","2018-12-09 11:55:27.6120",3681,"Grand St",40.71517767732029,-74.03768330812454,3638,"Washington St",40.7242941,-74.0354826,29679,"Subscriber",1990,2
1054,"2018-12-09 12:16:53.5780","2018-12-09 12:34:28.1170",3681,"Grand St",40.71517767732029,-74.03768330812454,3203,"Hamilton Park",40.727595966,-74.044247311,26221,"Subscriber",1956,1
423,"2018-12-09 12:17:32.4680","2018-12-09 12:24:36.0760",3681,"Grand St",40.71517767732029,-74.03768330812454,3213,"Van Vorst Park",40.71848892,-74.047726625,26262,"Subscriber",1957,1
219,"2018-12-09 12:21:12.9580","2018-12-09 12:24:52.7360",3681,"Grand St",40.71517767732029,-74.03768330812454,3187,"Warren St",40.7211236,-74.03805095,29252,"Subscriber",1984,1
782,"2018-12-09 13:25:00.9850","2018-12-09 13:38:03.2120",3681,"Grand St",40.71517767732029,-74.03768330812454,3202,"Newport PATH",40.7272235,-74.0337589,29289,"Subscriber",1982,1
261,"2018-12-09 15:19:59.1090","2018-12-09 15:24:20.6670",3681,"Grand St",40.71517767732029,-74.03768330812454,3681,"Grand St",40.71517767732029,-74.03768330812454,29262,"Subscriber",1987,1
177,"2018-12-09 15:37:35.1090","2018-12-09 15:40:32.3310",3681,"Grand St",40.71517767732029,-74.03768330812454,3186,"Grove St PATH",40.71958611647166,-74.04311746358871,26296,"Subscriber",1985,1
193,"2018-12-09 16:46:54.1780","2018-12-09 16:50:07.3690",3681,"Grand St",40.71517767732029,-74.03768330812454,3681,"Grand St",40.71517767732029,-74.03768330812454,29262,"Subscriber",1987,1
212,"2018-12-09 18:52:15.3070","2018-12-09 18:55:48.0230",3681,"Grand St",40.71517767732029,-74.03768330812454,3681,"Grand St",40.71517767732029,-74.03768330812454,29262,"Subscriber",1987,1
303,"2018-12-09 19:10:20.3970","2018-12-09 19:15:23.4760",3681,"Grand St",40.71517767732029,-74.03768330812454,3273,"Manila & 1st",40.721650724879986,-74.04288411140442,29679,"Subscriber",1970,1
200,"2018-12-09 19:40:42.4210","2018-12-09 19:44:02.8380",3681,"Grand St",40.71517767732029,-74.03768330812454,3681,"Grand St",40.71517767732029,-74.03768330812454,29262,"Subscriber",1987,1
180,"2018-12-10 05:59:23.3270","2018-12-10 06:02:23.9270",3681,"Grand St",40.71517767732029,-74.03768330812454,3639,"Harborside",40.7192517,-74.034234,26220,"Subscriber",1987,2
131,"2018-12-10 07:28:34.6370","2018-12-10 07:30:46.1650",3681,"Grand St",40.71517767732029,-74.03768330812454,3183,"Exchange Place",40.7162469,-74.0334588,26225,"Subscriber",1974,1
129,"2018-12-10 07:44:37.1360","2018-12-10 07:46:46.8180",3681,"Grand St",40.71517767732029,-74.03768330812454,3275,"Columbus Drive",40.71835519823214,-74.03891444206238,26216,"Subscriber",1994,1
453,"2018-12-10 07:56:25.1740","2018-12-10 08:03:58.6620",3681,"Grand St",40.71517767732029,-74.03768330812454,3202,"Newport PATH",40.7272235,-74.0337589,26179,"Subscriber",1981,1
183,"2018-12-10 08:12:15.0100","2018-12-10 08:15:18.3530",3681,"Grand St",40.71517767732029,-74.03768330812454,3183,"Exchange Place",40.7162469,-74.0334588,26264,"Subscriber",1988,2
134,"2018-12-10 08:18:38.3080","2018-12-10 08:20:52.3200",3681,"Grand St",40.71517767732029,-74.03768330812454,3183,"Exchange Place",40.7162469,-74.0334588,29298,"Subscriber",1993,2
170,"2018-12-10 08:31:44.4870","2018-12-10 08:34:35.4520",3681,"Grand St",40.71517767732029,-74.03768330812454,3275,"Columbus Drive",40.71835519823214,-74.03891444206238,29549,"Subscriber",1987,1
149,"2018-12-10 08:33:06.4070","2018-12-10 08:35:36.1260",3681,"Grand St",40.71517767732029,-74.03768330812454,3275,"Columbus Drive",40.71835519823214,-74.03891444206238,29262,"Subscriber",1984,1
507,"2018-12-10 12:16:30.4890","2018-12-10 12:24:58.0850",3681,"Grand St",40.71517767732029,-74.03768330812454,3202,"Newport PATH",40.7272235,-74.0337589,26302,"Subscriber",1986,1
149,"2018-12-10 12:33:15.0590","2018-12-10 12:35:44.0800",3681,"Grand St",40.71517767732029,-74.03768330812454,3275,"Columbus Drive",40.71835519823214,-74.03891444206238,26274,"Subscriber",1959,1
103,"2018-12-10 13:00:45.4820","2018-12-10 13:02:28.9990",3681,"Grand St",40.71517767732029,-74.03768330812454,3267,"Morris Canal",40.7124188237569,-74.03852552175522,29434,"Subscriber",1988,1
122,"2018-12-10 13:55:42.9320","2018-12-10 13:57:45.3880",3681,"Grand St",40.71517767732029,-74.03768330812454,3275,"Columbus Drive",40.71835519823214,-74.03891444206238,26215,"Subscriber",1985,1
140,"2018-12-10 14:25:01.8970","2018-12-10 14:27:22.3170",3681,"Grand St",40.71517767732029,-74.03768330812454,3275,"Columbus Drive",40.71835519823214,-74.03891444206238,26274,"Subscriber",1985,1
769,"2018-12-10 15:16:11.1600","2018-12-10 15:29:00.6470",3681,"Grand St",40.71517767732029,-74.03768330812454,3186,"Grove St PATH",40.71958611647166,-74.04311746358871,29247,"Subscriber",1962,1
303,"2018-12-10 18:01:03.1200","2018-12-10 18:06:06.9810",3681,"Grand St",40.71517767732029,-74.03768330812454,3213,"Van Vorst Park",40.71848892,-74.047726625,26274,"Subscriber",1962,1
593,"2018-12-10 19:18:56.1600","2018-12-10 19:28:49.2610",3681,"Grand St",40.71517767732029,-74.03768330812454,3211,"Newark Ave",40.72152515,-74.046304543,29301,"Subscriber",1991,1
187,"2018-12-10 21:52:13.0940","2018-12-10 21:55:21.0030",3681,"Grand St",40.71517767732029,-74.03768330812454,3681,"Grand St",40.71517767732029,-74.03768330812454,26270,"Subscriber",1987,1
986,"2018-12-10 21:52:42.5080","2018-12-10 22:09:09.3810",3681,"Grand St",40.71517767732029,-74.03768330812454,3203,"Hamilton Park",40.727595966,-74.044247311,29507,"Customer",1981,2
167,"2018-12-11 05:54:18.1680","2018-12-11 05:57:06.1390",3681,"Grand St",40.71517767732029,-74.03768330812454,3639,"Harborside",40.7192517,-74.034234,26270,"Subscriber",1987,2
232,"2018-12-11 07:20:04.7000","2018-12-11 07:23:57.1790",3681,"Grand St",40.71517767732029,-74.03768330812454,3186,"Grove St PATH",40.71958611647166,-74.04311746358871,26242,"Subscriber",1974,1
146,"2018-12-11 07:31:17.1630","2018-12-11 07:33:43.8300",3681,"Grand St",40.71517767732029,-74.03768330812454,3183,"Exchange Place",40.7162469,-74.0334588,29679,"Subscriber",1974,1
151,"2018-12-11 07:53:10.0280","2018-12-11 07:55:41.9130",3681,"Grand St",40.71517767732029,-74.03768330812454,3183,"Exchange Place",40.7162469,-74.0334588,29601,"Subscriber",1988,2
393,"2018-12-11 08:08:43.5850","2018-12-11 08:15:17.3590",3681,"Grand St",40.71517767732029,-74.03768330812454,3202,"Newport PATH",40.7272235,-74.0337589,29597,"Subscriber",1970,1
159,"2018-12-11 08:25:01.7090","2018-12-11 08:27:40.8300",3681,"Grand St",40.71517767732029,-74.03768330812454,3275,"Columbus Drive",40.71835519823214,-74.03891444206238,29306,"Subscriber",1987,1
515,"2018-12-11 08:35:03.4280","2018-12-11 08:43:39.2940",3681,"Grand St",40.71517767732029,-74.03768330812454,3202,"Newport PATH",40.7272235,-74.0337589,29572,"Subscriber",1978,1
148,"2018-12-11 10:09:45.4330","2018-12-11 10:12:14.0150",3681,"Grand St",40.71517767732029,-74.03768330812454,3186,"Grove St PATH",40.71958611647166,-74.04311746358871,29606,"Subscriber",1980,1
247,"2018-12-11 14:49:06.1570","2018-12-11 14:53:13.3180",3681,"Grand St",40.71517767732029,-74.03768330812454,3185,"City Hall",40.7177325,-74.043845,29671,"Subscriber",1985,1
617,"2018-12-11 16:16:35.5810","2018-12-11 16:26:52.7780",3681,"Grand St",40.71517767732029,-74.03768330812454,3203,"Hamilton Park",40.727595966,-74.044247311,26159,"Subscriber",1988,1
2322,"2018-12-11 16:17:15.3860","2018-12-11 16:55:57.7000",3681,"Grand St",40.71517767732029,-74.03768330812454,3210,"Pershing Field",40.742677141,-74.051788633,29547,"Subscriber",1988,1
841,"2018-12-11 18:31:28.3200","2018-12-11 18:45:30.2700",3681,"Grand St",40.71517767732029,-74.03768330812454,3225,"Baldwin at Montgomery",40.7236589,-74.0641943,26234,"Subscriber",1980,1
175,"2018-12-11 19:07:54.3040","2018-12-11 19:10:49.6470",3681,"Grand St",40.71517767732029,-74.03768330812454,3185,"City Hall",40.7177325,-74.043845,29439,"Subscriber",1970,1
487,"2018-12-11 20:00:41.0800","2018-12-11 20:08:48.4100",3681,"Grand St",40.71517767732029,-74.03768330812454,3209,"Brunswick St",40.7241765,-74.0506564,29465,"Subscriber",1987,1
594,"2018-12-11 23:35:43.6620","2018-12-11 23:45:38.0020",3681,"Grand St",40.71517767732029,-74.03768330812454,3269,"Brunswick & 6th",40.72601172964625,-74.05038893222809,29127,"Subscriber",1987,1
141,"2018-12-12 06:02:38.6650","2018-12-12 06:05:00.1190",3681,"Grand St",40.71517767732029,-74.03768330812454,3639,"Harborside",40.7192517,-74.034234,29593,"Subscriber",1987,2
118,"2018-12-12 07:43:47.6210","2018-12-12 07:45:45.8090",3681,"Grand St",40.71517767732029,-74.03768330812454,3275,"Columbus Drive",40.71835519823214,-74.03891444206238,26294,"Subscriber",1994,1
417,"2018-12-12 08:14:37.2320","2018-12-12 08:21:34.9700",3681,"Grand St",40.71517767732029,-74.03768330812454,3202,"Newport PATH",40.7272235,-74.0337589,26215,"Subscriber",1983,1
176,"2018-12-12 08:16:28.1910","2018-12-12 08:19:25.0590",3681,"Grand St",40.71517767732029,-74.03768330812454,3183,"Exchange Place",40.7162469,-74.0334588,29437,"Subscriber",1993,2
1012,"2018-12-12 08:27:06.9740","2018-12-12 08:43:59.5060",3681,"Grand St",40.71517767732029,-74.03768330812454,3638,"Washington St",40.7242941,-74.0354826,29663,"Subscriber",1978,1
310,"2018-12-12 08:28:30.6680","2018-12-12 08:33:41.0360",3681,"Grand St",40.71517767732029,-74.03768330812454,3186,"Grove St PATH",40.71958611647166,-74.04311746358871,29458,"Subscriber",1984,1
369,"2018-12-12 08:37:09.6290","2018-12-12 08:43:19.4920",3681,"Grand St",40.71517767732029,-74.03768330812454,3638,"Washington St",40.7242941,-74.0354826,29275,"Subscriber",1970,1
110,"2018-12-12 08:43:12.0620","2018-12-12 08:45:02.8920",3681,"Grand St",40.71517767732029,-74.03768330812454,3183,"Exchange Place",40.7162469,-74.0334588,29635,"Subscriber",1972,1
210,"2018-12-12 08:44:51.4250","2018-12-12 08:48:22.3910",3681,"Grand St",40.71517767732029,-74.03768330812454,3183,"Exchange Place",40.7162469,-74.0334588,29503,"Subscriber",1982,1
326,"2018-12-12 09:06:22.0120","2018-12-12 09:11:48.7700",3681,"Grand St",40.71517767732029,-74.03768330812454,3639,"Harborside",40.7192517,-74.034234,29623,"Subscriber",1986,1
191,"2018-12-12 10:25:01.7830","2018-12-12 10:28:13.5170",3681,"Grand St",40.71517767732029,-74.03768330812454,3186,"Grove St PATH",40.71958611647166,-74.04311746358871,29301,"Subscriber",1980,1
175,"2018-12-12 11:18:40.6710","2018-12-12 11:21:36.5270",3681,"Grand St",40.71517767732029,-74.03768330812454,3183,"Exchange Place",40.7162469,-74.0334588,29246,"Subscriber",1969,1
107,"2018-12-12 19:02:53.4910","2018-12-12 19:04:40.8910",3681,"Grand St",40.71517767732029,-74.03768330812454,3183,"Exchange Place",40.7162469,-74.0334588,29541,"Subscriber",1994,1
612,"2018-12-12 19:13:32.6550","2018-12-12 19:23:45.4340",3681,"Grand St",40.71517767732029,-74.03768330812454,3185,"City Hall",40.7177325,-74.043845,26298,"Subscriber",1953,2
1121,"2018-12-12 21:29:21.6430","2018-12-12 21:48:03.0450",3681,"Grand St",40.71517767732029,-74.03768330812454,3638,"Washington St",40.7242941,-74.0354826,29307,"Customer",1969,0
1100,"2018-12-12 21:29:45.0260","2018-12-12 21:48:05.2900",3681,"Grand St",40.71517767732029,-74.03768330812454,3638,"Washington St",40.7242941,-74.0354826,26276,"Customer",1969,0
1053,"2018-12-12 21:30:22.4830","2018-12-12 21:47:55.5490",3681,"Grand St",40.71517767732029,-74.03768330812454,3638,"Washington St",40.7242941,-74.0354826,26298,"Customer",1969,0
166,"2018-12-13 07:38:04.5120","2018-12-13 07:40:51.1060",3681,"Grand St",40.71517767732029,-74.03768330812454,3183,"Exchange Place",40.7162469,-74.0334588,29534,"Subscriber",1974,1
135,"2018-12-13 07:43:33.4620","2018-12-13 07:45:48.8780",3681,"Grand St",40.71517767732029,-74.03768330812454,3275,"Columbus Drive",40.71835519823214,-74.03891444206238,29127,"Subscriber",1994,1
156,"2018-12-13 08:09:57.8040","2018-12-13 08:12:34.7490",3681,"Grand St",40.71517767732029,-74.03768330812454,3183,"Exchange Place",40.7162469,-74.0334588,29222,"Subscriber",1988,2
170,"2018-12-13 08:25:46.9150","2018-12-13 08:28:37.7890",3681,"Grand St",40.71517767732029,-74.03768330812454,3275,"Columbus Drive",40.71835519823214,-74.03891444206238,29283,"Subscriber",1987,1
293,"2018-12-13 08:29:27.2670","2018-12-13 08:34:20.8380",3681,"Grand St",40.71517767732029,-74.03768330812454,3186,"Grove St PATH",40.71958611647166,-74.04311746358871,26187,"Subscriber",1984,1
169,"2018-12-13 08:38:16.1750","2018-12-13 08:41:05.5410",3681,"Grand St",40.71517767732029,-74.03768330812454,3183,"Exchange Place",40.7162469,-74.0334588,26221,"Subscriber",1982,1
145,"2018-12-13 09:08:45.4740","2018-12-13 09:11:10.6380",3681,"Grand St",40.71517767732029,-74.03768330812454,3183,"Exchange Place",40.7162469,-74.0334588,29234,"Subscriber",1986,1
180,"2018-12-13 10:16:25.0630","2018-12-13 10:19:25.6270",3681,"Grand St",40.71517767732029,-74.03768330812454,3186,"Grove St PATH",40.71958611647166,-74.04311746358871,26198,"Subscriber",1980,1
149,"2018-12-13 11:42:57.1010","2018-12-13 11:45:26.6910",3681,"Grand St",40.71517767732029,-74.03768330812454,3187,"Warren St",40.7211236,-74.03805095,29434,"Subscriber",1992,2
2196,"2018-12-13 14:37:18.1260","2018-12-13 15:13:54.7450",3681,"Grand St",40.71517767732029,-74.03768330812454,3213,"Van Vorst Park",40.71848892,-74.047726625,26197,"Subscriber",1988,1
125,"2018-12-13 15:43:58.0480","2018-12-13 15:46:03.4980",3681,"Grand St",40.71517767732029,-74.03768330812454,3275,"Columbus Drive",40.71835519823214,-74.03891444206238,29608,"Subscriber",1985,1
413,"2018-12-13 17:36:27.8880","2018-12-13 17:43:20.9070",3681,"Grand St",40.71517767732029,-74.03768330812454,3483,"Montgomery St",40.71942,-74.05099,26260,"Subscriber",1968,2
205,"2018-12-13 17:53:13.2740","2018-12-13 17:56:38.4160",3681,"Grand St",40.71517767732029,-74.03768330812454,3183,"Exchange Place",40.7162469,-74.0334588,29672,"Subscriber",1989,1
247,"2018-12-13 18:29:15.1220","2018-12-13 18:33:22.6690",3681,"Grand St",40.71517767732029,-74.03768330812454,3187,"Warren St",40.7211236,-74.03805095,29572,"Subscriber",1978,1
317,"2018-12-13 21:04:17.7270","2018-12-13 21:09:35.5920",3681,"Grand St",40.71517767732029,-74.03768330812454,3183,"Exchange Place",40.7162469,-74.0334588,29293,"Subscriber",1979,1
125,"2018-12-14 07:22:27.5340","2018-12-14 07:24:32.8990",3681,"Grand St",40.71517767732029,-74.03768330812454,3275,"Columbus Drive",40.71835519823214,-74.03891444206238,29529,"Subscriber",1985,1
152,"2018-12-14 08:43:31.9620","2018-12-14 08:46:04.3750",3681,"Grand St",40.71517767732029,-74.03768330812454,3183,"Exchange Place",40.7162469,-74.0334588,29307,"Subscriber",1982,1
153,"2018-12-14 09:30:32.4460","2018-12-14 09:33:05.8230",3681,"Grand St",40.71517767732029,-74.03768330812454,3183,"Exchange Place",40.7162469,-74.0334588,29487,"Subscriber",1993,2
215,"2018-12-14 10:08:22.2190","2018-12-14 10:11:57.3740",3681,"Grand St",40.71517767732029,-74.03768330812454,3186,"Grove St PATH",40.71958611647166,-74.04311746358871,26245,"Subscriber",1980,1
366,"2018-12-14 10:20:56.1810","2018-12-14 10:27:02.7530",3681,"Grand St",40.71517767732029,-74.03768330812454,3638,"Washington St",40.7242941,-74.0354826,29301,"Subscriber",1990,2
382,"2018-12-14 10:59:53.0360","2018-12-14 11:06:15.8400",3681,"Grand St",40.71517767732029,-74.03768330812454,3211,"Newark Ave",40.72152515,-74.046304543,29261,"Subscriber",1989,1
412,"2018-12-14 11:40:29.5130","2018-12-14 11:47:21.5410",3681,"Grand St",40.71517767732029,-74.03768330812454,3272,"Jersey & 3rd",40.72333158646436,-74.04595255851744,29507,"Subscriber",1989,2
149,"2018-12-14 11:43:32.6800","2018-12-14 11:46:02.4880",3681,"Grand St",40.71517767732029,-74.03768330812454,3275,"Columbus Drive",40.71835519823214,-74.03891444206238,29487,"Subscriber",1988,2
778,"2018-12-14 12:14:08.9080","2018-12-14 12:27:07.4970",3681,"Grand St",40.71517767732029,-74.03768330812454,3278,"Monmouth and 6th",40.72568548362901,-74.04879033565521,26293,"Subscriber",1978,2
818,"2018-12-14 13:48:10.6820","2018-12-14 14:01:48.8970",3681,"Grand St",40.71517767732029,-74.03768330812454,3192,"Liberty Light Rail",40.7112423,-74.0557013,29494,"Subscriber",1974,2
222,"2018-12-14 14:56:30.4680","2018-12-14 15:00:13.0990",3681,"Grand St",40.71517767732029,-74.03768330812454,3187,"Warren St",40.7211236,-74.03805095,29642,"Subscriber",1956,1
1432,"2018-12-14 16:01:07.9030","2018-12-14 16:25:00.0060",3681,"Grand St",40.71517767732029,-74.03768330812454,3194,"McGinley Square",40.7253399253558,-74.06762212514877,29642,"Subscriber",1988,1
277,"2018-12-14 18:21:42.5690","2018-12-14 18:26:19.8200",3681,"Grand St",40.71517767732029,-74.03768330812454,3681,"Grand St",40.71517767732029,-74.03768330812454,26200,"Subscriber",1987,1
501,"2018-12-14 18:47:41.7120","2018-12-14 18:56:02.7720",3681,"Grand St",40.71517767732029,-74.03768330812454,3187,"Warren St",40.7211236,-74.03805095,26200,"Subscriber",1977,1
236,"2018-12-14 21:37:43.1910","2018-12-14 21:41:39.2300",3681,"Grand St",40.71517767732029,-74.03768330812454,3185,"City Hall",40.7177325,-74.043845,29275,"Subscriber",1970,1
262,"2018-12-14 22:10:03.1400","2018-12-14 22:14:26.1180",3681,"Grand St",40.71517767732029,-74.03768330812454,3183,"Exchange Place",40.7162469,-74.0334588,29209,"Subscriber",1965,1
380,"2018-12-15 11:42:30.8930","2018-12-15 11:48:51.5800",3681,"Grand St",40.71517767732029,-74.03768330812454,3638,"Washington St",40.7242941,-74.0354826,29263,"Subscriber",1990,2
506,"2018-12-15 13:10:32.1870","2018-12-15 13:18:58.8840",3681,"Grand St",40.71517767732029,-74.03768330812454,3192,"Liberty Light Rail",40.7112423,-74.0557013,29672,"Subscriber",1971,1
509,"2018-12-15 15:03:47.3070","2018-12-15 15:12:16.9060",3681,"Grand St",40.71517767732029,-74.03768330812454,3270,"Jersey & 6th St",40.72528910781132,-74.04557168483734,29594,"Subscriber",1990,1
214,"2018-12-15 15:34:19.2670","2018-12-15 15:37:53.2850",3681,"Grand St",40.71517767732029,-74.03768330812454,3681,"Grand St",40.71517767732029,-74.03768330812454,26293,"Subscriber",1987,1
430,"2018-12-15 16:13:48.6850","2018-12-15 16:20:59.2880",3681,"Grand St",40.71517767732029,-74.03768330812454,3205,"JC Medical Center",40.71653978099194,-74.0496379137039,29231,"Subscriber",1990,2
219,"2018-12-15 17:42:12.0830","2018-12-15 17:45:51.6800",3681,"Grand St",40.71517767732029,-74.03768330812454,3681,"Grand St",40.71517767732029,-74.03768330812454,26293,"Subscriber",1987,1
323,"2018-12-15 19:45:29.3410","2018-12-15 19:50:53.3290",3681,"Grand St",40.71517767732029,-74.03768330812454,3681,"Grand St",40.71517767732029,-74.03768330812454,29286,"Subscriber",1987,1
258,"2018-12-15 23:16:28.0700","2018-12-15 23:20:46.6960",3681,"Grand St",40.71517767732029,-74.03768330812454,3275,"Columbus Drive",40.71835519823214,-74.03891444206238,29598,"Subscriber",1990,1
544,"2018-12-16 01:38:34.5400","2018-12-16 01:47:38.5530",3681,"Grand St",40.71517767732029,-74.03768330812454,3267,"Morris Canal",40.7124188237569,-74.03852552175522,29260,"Subscriber",1979,1
186,"2018-12-16 10:00:27.2740","2018-12-16 10:03:33.5710",3681,"Grand St",40.71517767732029,-74.03768330812454,3275,"Columbus Drive",40.71835519823214,-74.03891444206238,26293,"Subscriber",1957,1
123,"2018-12-16 13:36:43.1570","2018-12-16 13:38:46.5160",3681,"Grand St",40.71517767732029,-74.03768330812454,3183,"Exchange Place",40.7162469,-74.0334588,29503,"Subscriber",1994,1
154,"2018-12-16 14:11:04.7470","2018-12-16 14:13:39.3230",3681,"Grand St",40.71517767732029,-74.03768330812454,3185,"City Hall",40.7177325,-74.043845,29481,"Subscriber",1985,1
599,"2018-12-16 15:25:50.1290","2018-12-16 15:35:50.0030",3681,"Grand St",40.71517767732029,-74.03768330812454,3681,"Grand St",40.71517767732029,-74.03768330812454,29286,"Subscriber",1980,1
307,"2018-12-16 19:05:16.7090","2018-12-16 19:10:24.5620",3681,"Grand St",40.71517767732029,-74.03768330812454,3273,"Manila & 1st",40.721650724879986,-74.04288411140442,29671,"Subscriber",1970,1
174,"2018-12-17 07:38:08.9930","2018-12-17 07:41:03.1000",3681,"Grand St",40.71517767732029,-74.03768330812454,3183,"Exchange Place",40.7162469,-74.0334588,26215,"Subscriber",1974,1
157,"2018-12-17 08:40:35.2750","2018-12-17 08:43:12.6400",3681,"Grand St",40.71517767732029,-74.03768330812454,3183,"Exchange Place",40.7162469,-74.0334588,29286,"Subscriber",1982,1
599,"2018-12-17 10:54:32.4900","2018-12-17 11:04:31.7850",3681,"Grand St",40.71517767732029,-74.03768330812454,3203,"Hamilton Park",40.727595966,-74.044247311,29473,"Subscriber",1968,1
349,"2018-12-17 11:12:27.9640","2018-12-17 11:18:17.3210",3681,"Grand St",40.71517767732029,-74.03768330812454,3273,"Manila & 1st",40.721650724879986,-74.04288411140442,29286,"Subscriber",1975,2
328,"2018-12-17 11:22:17.1820","2018-12-17 11:27:45.8020",3681,"Grand St",40.71517767732029,-74.03768330812454,3211,"Newark Ave",40.72152515,-74.046304543,29283,"Subscriber",1964,1
343,"2018-12-17 12:31:58.8900","2018-12-17 12:37:42.6580",3681,"Grand St",40.71517767732029,-74.03768330812454,3205,"JC Medical Center",40.71653978099194,-74.0496379137039,29548,"Subscriber",1990,1
132,"2018-12-17 13:25:15.8850","2018-12-17 13:27:28.6730",3681,"Grand St",40.71517767732029,-74.03768330812454,3275,"Columbus Drive",40.71835519823214,-74.03891444206238,29661,"Subscriber",1987,1
268,"2018-12-17 15:55:08.5900","2018-12-17 15:59:37.4100",3681,"Grand St",40.71517767732029,-74.03768330812454,3276,"Marin Light Rail",40.71458403535893,-74.04281705617905,26197,"Subscriber",1987,2
112,"2018-12-17 17:50:58.9350","2018-12-17 17:52:51.5000",3681,"Grand St",40.71517767732029,-74.03768330812454,3184,"Paulus Hook",40.7141454,-74.0335519,26283,"Subscriber",1986,1
950,"2018-12-17 18:51:22.5280","2018-12-17 19:07:12.9810",3681,"Grand St",40.71517767732029,-74.03768330812454,3225,"Baldwin at Montgomery",40.7236589,-74.0641943,29618,"Subscriber",1980,1
204,"2018-12-17 19:10:17.2440","2018-12-17 19:13:41.4260",3681,"Grand St",40.71517767732029,-74.03768330812454,3185,"City Hall",40.7177325,-74.043845,29533,"Subscriber",1970,1
781,"2018-12-17 19:25:24.7080","2018-12-17 19:38:26.5750",3681,"Grand St",40.71517767732029,-74.03768330812454,3268,"Lafayette Park",40.71346382669195,-74.06285852193832,29483,"Subscriber",1980,1
346,"2018-12-17 19:56:23.5390","2018-12-17 20:02:09.9540",3681,"Grand St",40.71517767732029,-74.03768330812454,3681,"Grand St",40.71517767732029,-74.03768330812454,26295,"Subscriber",1987,1
168,"2018-12-18 05:52:17.4100","2018-12-18 05:55:05.6290",3681,"Grand St",40.71517767732029,-74.03768330812454,3639,"Harborside",40.7192517,-74.034234,29552,"Subscriber",1987,2
1162,"2018-12-18 14:03:08.2430","2018-12-18 14:22:30.7760",3681,"Grand St",40.71517767732029,-74.03768330812454,3220,"5 Corners Library",40.734961020009514,-74.0595030784607,29493,"Subscriber",1988,1
347,"2018-12-18 15:14:30.5920","2018-12-18 15:20:18.4260",3681,"Grand St",40.71517767732029,-74.03768330812454,3183,"Exchange Place",40.7162469,-74.0334588,26208,"Subscriber",1962,1
211,"2018-12-18 16:52:08.4170","2018-12-18 16:55:39.6690",3681,"Grand St",40.71517767732029,-74.03768330812454,3639,"Harborside",40.7192517,-74.034234,29528,"Subscriber",1956,1
125,"2018-12-18 16:53:58.5520","2018-12-18 16:56:04.1450",3681,"Grand St",40.71517767732029,-74.03768330812454,3276,"Marin Light Rail",40.71458403535893,-74.04281705617905,29283,"Subscriber",1963,1
2037,"2018-12-18 18:39:58.6320","2018-12-18 19:13:55.6490",3681,"Grand St",40.71517767732029,-74.03768330812454,3225,"Baldwin at Montgomery",40.7236589,-74.0641943,29502,"Subscriber",1980,1
208,"2018-12-18 19:06:26.5570","2018-12-18 19:09:55.3670",3681,"Grand St",40.71517767732029,-74.03768330812454,3185,"City Hall",40.7177325,-74.043845,26293,"Subscriber",1970,1
245,"2018-12-18 19:53:04.8070","2018-12-18 19:57:09.9020",3681,"Grand St",40.71517767732029,-74.03768330812454,3681,"Grand St",40.71517767732029,-74.03768330812454,29440,"Subscriber",1987,1
84,"2018-12-18 21:17:25.8940","2018-12-18 21:18:50.5280",3681,"Grand St",40.71517767732029,-74.03768330812454,3681,"Grand St",40.71517767732029,-74.03768330812454,26295,"Subscriber",1978,1
299,"2018-12-18 21:32:08.1610","2018-12-18 21:37:07.4060",3681,"Grand St",40.71517767732029,-74.03768330812454,3186,"Grove St PATH",40.71958611647166,-74.04311746358871,29521,"Subscriber",1974,1
316,"2018-12-19 07:16:56.1250","2018-12-19 07:22:12.4520",3681,"Grand St",40.71517767732029,-74.03768330812454,3638,"Washington St",40.7242941,-74.0354826,29576,"Subscriber",1990,2
133,"2018-12-19 07:17:56.4300","2018-12-19 07:20:09.9870",3681,"Grand St",40.71517767732029,-74.03768330812454,3214,"Essex Light Rail",40.7127742,-74.0364857,29480,"Subscriber",1983,2
254,"2018-12-19 07:22:41.0860","2018-12-19 07:26:55.8970",3681,"Grand St",40.71517767732029,-74.03768330812454,3186,"Grove St PATH",40.71958611647166,-74.04311746358871,29487,"Subscriber",1975,1
167,"2018-12-19 07:26:11.1530","2018-12-19 07:28:58.7650",3681,"Grand St",40.71517767732029,-74.03768330812454,3183,"Exchange Place",40.7162469,-74.0334588,26295,"Subscriber",1974,1
113,"2018-12-19 07:37:19.0400","2018-12-19 07:39:12.4680",3681,"Grand St",40.71517767732029,-74.03768330812454,3275,"Columbus Drive",40.71835519823214,-74.03891444206238,29125,"Subscriber",1994,1
165,"2018-12-19 07:37:38.9780","2018-12-19 07:40:24.7350",3681,"Grand St",40.71517767732029,-74.03768330812454,3275,"Columbus Drive",40.71835519823214,-74.03891444206238,29440,"Subscriber",1985,1
109,"2018-12-19 08:10:38.5180","2018-12-19 08:12:28.2480",3681,"Grand St",40.71517767732029,-74.03768330812454,3183,"Exchange Place",40.7162469,-74.0334588,26202,"Subscriber",1988,2
122,"2018-12-19 08:53:08.4620","2018-12-19 08:55:11.2280",3681,"Grand St",40.71517767732029,-74.03768330812454,3183,"Exchange Place",40.7162469,-74.0334588,29593,"Subscriber",1982,1
271,"2018-12-19 09:22:08.0570","2018-12-19 09:26:39.0940",3681,"Grand St",40.71517767732029,-74.03768330812454,3187,"Warren St",40.7211236,-74.03805095,29254,"Subscriber",1984,1
3286,"2018-12-19 11:00:41.5260","2018-12-19 11:55:27.6650",3681,"Grand St",40.71517767732029,-74.03768330812454,3186,"Grove St PATH",40.71958611647166,-74.04311746358871,26287,"Subscriber",1962,1
293,"2018-12-19 11:44:47.7190","2018-12-19 11:49:40.8180",3681,"Grand St",40.71517767732029,-74.03768330812454,3187,"Warren St",40.7211236,-74.03805095,29257,"Customer",1974,1
212,"2018-12-19 18:04:52.7740","2018-12-19 18:08:24.9850",3681,"Grand St",40.71517767732029,-74.03768330812454,3187,"Warren St",40.7211236,-74.03805095,29254,"Subscriber",1956,1
215,"2018-12-19 18:23:02.1180","2018-12-19 18:26:37.3320",3681,"Grand St",40.71517767732029,-74.03768330812454,3187,"Warren St",40.7211236,-74.03805095,29529,"Subscriber",1988,1
438,"2018-12-19 19:32:05.5630","2018-12-19 19:39:24.1680",3681,"Grand St",40.71517767732029,-74.03768330812454,3639,"Harborside",40.7192517,-74.034234,29506,"Subscriber",1991,2
315,"2018-12-19 19:32:22.4100","2018-12-19 19:37:37.8340",3681,"Grand St",40.71517767732029,-74.03768330812454,3639,"Harborside",40.7192517,-74.034234,29205,"Subscriber",1992,1
165,"2018-12-20 07:28:33.6570","2018-12-20 07:31:19.2770",3681,"Grand St",40.71517767732029,-74.03768330812454,3183,"Exchange Place",40.7162469,-74.0334588,29304,"Subscriber",1974,1
147,"2018-12-20 07:33:15.0700","2018-12-20 07:35:42.2990",3681,"Grand St",40.71517767732029,-74.03768330812454,3183,"Exchange Place",40.7162469,-74.0334588,29493,"Subscriber",1988,2
180,"2018-12-20 07:48:04.3790","2018-12-20 07:51:05.0070",3681,"Grand St",40.71517767732029,-74.03768330812454,3183,"Exchange Place",40.7162469,-74.0334588,29544,"Subscriber",1993,2
124,"2018-12-20 07:54:55.1310","2018-12-20 07:57:00.1290",3681,"Grand St",40.71517767732029,-74.03768330812454,3275,"Columbus Drive",40.71835519823214,-74.03891444206238,29296,"Subscriber",1987,1
391,"2018-12-20 09:10:14.6660","2018-12-20 09:16:46.4880",3681,"Grand St",40.71517767732029,-74.03768330812454,3639,"Harborside",40.7192517,-74.034234,26271,"Subscriber",1982,1
241,"2018-12-20 10:08:25.6450","2018-12-20 10:12:26.9950",3681,"Grand St",40.71517767732029,-74.03768330812454,3186,"Grove St PATH",40.71958611647166,-74.04311746358871,26213,"Subscriber",1975,1
296,"2018-12-20 11:28:38.4430","2018-12-20 11:33:34.8760",3681,"Grand St",40.71517767732029,-74.03768330812454,3211,"Newark Ave",40.72152515,-74.046304543,29471,"Subscriber",1989,1
123,"2018-12-20 11:46:15.4660","2018-12-20 11:48:19.3930",3681,"Grand St",40.71517767732029,-74.03768330812454,3275,"Columbus Drive",40.71835519823214,-74.03891444206238,26278,"Subscriber",1985,1
407,"2018-12-20 14:36:14.8490","2018-12-20 14:43:02.1350",3681,"Grand St",40.71517767732029,-74.03768330812454,3272,"Jersey & 3rd",40.72333158646436,-74.04595255851744,29465,"Subscriber",1988,1
1379,"2018-12-20 15:46:37.2150","2018-12-20 16:09:36.3530",3681,"Grand St",40.71517767732029,-74.03768330812454,3210,"Pershing Field",40.742677141,-74.051788633,29569,"Subscriber",1988,1
1248,"2018-12-21 14:34:39.2950","2018-12-21 14:55:27.9070",3681,"Grand St",40.71517767732029,-74.03768330812454,3210,"Pershing Field",40.742677141,-74.051788633,29554,"Subscriber",1988,1
306,"2018-12-22 00:51:08.4120","2018-12-22 00:56:15.2280",3681,"Grand St",40.71517767732029,-74.03768330812454,3279,"Dixon Mills",40.721630142638354,-74.04996782541275,29214,"Subscriber",1987,1
245,"2018-12-22 09:50:55.7600","2018-12-22 09:55:01.2000",3681,"Grand St",40.71517767732029,-74.03768330812454,3186,"Grove St PATH",40.71958611647166,-74.04311746358871,29493,"Subscriber",1974,1
310,"2018-12-22 10:32:56.8240","2018-12-22 10:38:07.7350",3681,"Grand St",40.71517767732029,-74.03768330812454,3638,"Washington St",40.7242941,-74.0354826,29480,"Subscriber",1990,2
1223,"2018-12-22 10:57:53.9290","2018-12-22 11:18:17.7790",3681,"Grand St",40.71517767732029,-74.03768330812454,3273,"Manila & 1st",40.721650724879986,-74.04288411140442,29245,"Subscriber",1947,1
475,"2018-12-22 13:08:58.0520","2018-12-22 13:16:53.1150",3681,"Grand St",40.71517767732029,-74.03768330812454,3681,"Grand St",40.71517767732029,-74.03768330812454,29445,"Subscriber",1987,1
433,"2018-12-22 13:12:14.1220","2018-12-22 13:19:27.1690",3681,"Grand St",40.71517767732029,-74.03768330812454,3186,"Grove St PATH",40.71958611647166,-74.04311746358871,26248,"Subscriber",1988,1
266,"2018-12-22 14:26:41.4430","2018-12-22 14:31:08.2860",3681,"Grand St",40.71517767732029,-74.03768330812454,3213,"Van Vorst Park",40.71848892,-74.047726625,29492,"Subscriber",1993,1
297,"2018-12-22 15:13:37.3250","2018-12-22 15:18:34.4560",3681,"Grand St",40.71517767732029,-74.03768330812454,3186,"Grove St PATH",40.71958611647166,-74.04311746358871,29127,"Subscriber",1990,1
114,"2018-12-22 15:22:55.5900","2018-12-22 15:24:50.3050",3681,"Grand St",40.71517767732029,-74.03768330812454,3276,"Marin Light Rail",40.71458403535893,-74.04281705617905,29484,"Subscriber",1986,1
1803,"2018-12-22 16:18:08.8280","2018-12-22 16:48:12.1960",3681,"Grand St",40.71517767732029,-74.03768330812454,482,"W 15 St & 7 Ave",40.73935542,-73.99931783,26306,"Subscriber",1987,2
1798,"2018-12-22 16:18:04.5890","2018-12-22 16:48:02.7360",3681,"Grand St",40.71517767732029,-74.03768330812454,482,"W 15 St & 7 Ave",40.73935542,-73.99931783,29301,"Subscriber",1988,1
417,"2018-12-23 14:21:54.2660","2018-12-23 14:28:52.1160",3681,"Grand St",40.71517767732029,-74.03768330812454,3211,"Newark Ave",40.72152515,-74.046304543,26272,"Subscriber",1975,1
198,"2018-12-23 16:08:30.9720","2018-12-23 16:11:49.3070",3681,"Grand St",40.71517767732029,-74.03768330812454,3275,"Columbus Drive",40.71835519823214,-74.03891444206238,29445,"Subscriber",1985,1
1036,"2018-12-23 17:13:17.6130","2018-12-23 17:30:33.6270",3681,"Grand St",40.71517767732029,-74.03768330812454,3681,"Grand St",40.71517767732029,-74.03768330812454,26200,"Subscriber",1954,1
931,"2018-12-23 18:18:54.2810","2018-12-23 18:34:25.7380",3681,"Grand St",40.71517767732029,-74.03768330812454,3211,"Newark Ave",40.72152515,-74.046304543,26292,"Subscriber",1974,1
363,"2018-12-23 19:09:08.1810","2018-12-23 19:15:11.5450",3681,"Grand St",40.71517767732029,-74.03768330812454,3273,"Manila & 1st",40.721650724879986,-74.04288411140442,29296,"Subscriber",1970,1
734,"2018-12-24 11:34:30.3290","2018-12-24 11:46:44.7730",3681,"Grand St",40.71517767732029,-74.03768330812454,3203,"Hamilton Park",40.727595966,-74.044247311,29445,"Subscriber",1969,1
660,"2018-12-24 15:54:53.0870","2018-12-24 16:05:53.5290",3681,"Grand St",40.71517767732029,-74.03768330812454,3202,"Newport PATH",40.7272235,-74.0337589,26298,"Subscriber",1988,1
607,"2018-12-24 15:55:14.7520","2018-12-24 16:05:21.9000",3681,"Grand St",40.71517767732029,-74.03768330812454,3202,"Newport PATH",40.7272235,-74.0337589,29552,"Subscriber",1985,1
180,"2018-12-24 17:29:04.7820","2018-12-24 17:32:05.4740",3681,"Grand St",40.71517767732029,-74.03768330812454,3276,"Marin Light Rail",40.71458403535893,-74.04281705617905,29296,"Subscriber",1986,1
206,"2018-12-24 19:16:08.5550","2018-12-24 19:19:35.0190",3681,"Grand St",40.71517767732029,-74.03768330812454,3185,"City Hall",40.7177325,-74.043845,26157,"Subscriber",1970,1
324,"2018-12-24 20:20:34.5390","2018-12-24 20:25:59.0230",3681,"Grand St",40.71517767732029,-74.03768330812454,3267,"Morris Canal",40.7124188237569,-74.03852552175522,26197,"Subscriber",1990,1
108,"2018-12-25 00:44:29.9700","2018-12-25 00:46:18.2820",3681,"Grand St",40.71517767732029,-74.03768330812454,3183,"Exchange Place",40.7162469,-74.0334588,29605,"Subscriber",1997,1
268,"2018-12-25 10:54:44.0910","2018-12-25 10:59:12.8270",3681,"Grand St",40.71517767732029,-74.03768330812454,3186,"Grove St PATH",40.71958611647166,-74.04311746358871,26184,"Subscriber",1982,1
283,"2018-12-25 11:38:59.8480","2018-12-25 11:43:43.6410",3681,"Grand St",40.71517767732029,-74.03768330812454,3186,"Grove St PATH",40.71958611647166,-74.04311746358871,29532,"Subscriber",1957,1
513,"2018-12-25 17:54:37.1560","2018-12-25 18:03:10.3540",3681,"Grand St",40.71517767732029,-74.03768330812454,3681,"Grand St",40.71517767732029,-74.03768330812454,26170,"Subscriber",1987,1
185,"2018-12-25 20:15:43.1420","2018-12-25 20:18:48.5000",3681,"Grand St",40.71517767732029,-74.03768330812454,3681,"Grand St",40.71517767732029,-74.03768330812454,26170,"Subscriber",1987,1
70,"2018-12-25 21:40:59.0320","2018-12-25 21:42:09.9790",3681,"Grand St",40.71517767732029,-74.03768330812454,3267,"Morris Canal",40.7124188237569,-74.03852552175522,26223,"Subscriber",1990,1
116,"2018-12-26 07:41:29.1190","2018-12-26 07:43:26.0840",3681,"Grand St",40.71517767732029,-74.03768330812454,3275,"Columbus Drive",40.71835519823214,-74.03891444206238,26189,"Subscriber",1994,1
205,"2018-12-26 08:18:51.7120","2018-12-26 08:22:16.7980",3681,"Grand St",40.71517767732029,-74.03768330812454,3275,"Columbus Drive",40.71835519823214,-74.03891444206238,26170,"Subscriber",1987,1
452,"2018-12-26 08:19:40.8220","2018-12-26 08:27:13.5530",3681,"Grand St",40.71517767732029,-74.03768330812454,3202,"Newport PATH",40.7272235,-74.0337589,29597,"Subscriber",1970,1
195,"2018-12-26 09:34:39.5300","2018-12-26 09:37:54.9490",3681,"Grand St",40.71517767732029,-74.03768330812454,3187,"Warren St",40.7211236,-74.03805095,29296,"Subscriber",1973,1
96,"2018-12-26 10:13:36.1560","2018-12-26 10:15:12.6790",3681,"Grand St",40.71517767732029,-74.03768330812454,3214,"Essex Light Rail",40.7127742,-74.0364857,29455,"Subscriber",1979,1
427,"2018-12-26 10:38:04.7020","2018-12-26 10:45:12.6450",3681,"Grand St",40.71517767732029,-74.03768330812454,3202,"Newport PATH",40.7272235,-74.0337589,29304,"Subscriber",1956,1
210,"2018-12-26 14:51:51.1100","2018-12-26 14:55:21.1560",3681,"Grand St",40.71517767732029,-74.03768330812454,3186,"Grove St PATH",40.71958611647166,-74.04311746358871,29542,"Subscriber",1989,1
239,"2018-12-26 17:36:54.7920","2018-12-26 17:40:54.0390",3681,"Grand St",40.71517767732029,-74.03768330812454,3681,"Grand St",40.71517767732029,-74.03768330812454,26213,"Subscriber",1987,1
173,"2018-12-26 17:42:36.0360","2018-12-26 17:45:29.4230",3681,"Grand St",40.71517767732029,-74.03768330812454,3275,"Columbus Drive",40.71835519823214,-74.03891444206238,26213,"Subscriber",1985,1
273,"2018-12-26 18:00:04.7400","2018-12-26 18:04:38.6310",3681,"Grand St",40.71517767732029,-74.03768330812454,3186,"Grove St PATH",40.71958611647166,-74.04311746358871,29245,"Subscriber",1977,1
218,"2018-12-26 19:55:04.6000","2018-12-26 19:58:43.5330",3681,"Grand St",40.71517767732029,-74.03768330812454,3681,"Grand St",40.71517767732029,-74.03768330812454,29512,"Subscriber",1987,1
285,"2018-12-26 21:57:57.9780","2018-12-26 22:02:43.5620",3681,"Grand St",40.71517767732029,-74.03768330812454,3213,"Van Vorst Park",40.71848892,-74.047726625,29569,"Subscriber",1973,1
193,"2018-12-27 08:22:13.1560","2018-12-27 08:25:26.9010",3681,"Grand St",40.71517767732029,-74.03768330812454,3275,"Columbus Drive",40.71835519823214,-74.03891444206238,29512,"Subscriber",1987,1
460,"2018-12-27 08:33:48.0330","2018-12-27 08:41:28.3870",3681,"Grand St",40.71517767732029,-74.03768330812454,3202,"Newport PATH",40.7272235,-74.0337589,26223,"Subscriber",1970,1
112,"2018-12-27 09:24:55.5860","2018-12-27 09:26:47.8740",3681,"Grand St",40.71517767732029,-74.03768330812454,3275,"Columbus Drive",40.71835519823214,-74.03891444206238,26153,"Subscriber",1994,1
2413,"2018-12-27 10:33:01.9390","2018-12-27 11:13:15.5610",3681,"Grand St",40.71517767732029,-74.03768330812454,3267,"Morris Canal",40.7124188237569,-74.03852552175522,26294,"Subscriber",1974,1
123,"2018-12-27 10:45:18.6590","2018-12-27 10:47:22.6000",3681,"Grand St",40.71517767732029,-74.03768330812454,3275,"Columbus Drive",40.71835519823214,-74.03891444206238,26186,"Subscriber",1985,1
460,"2018-12-27 13:32:43.4240","2018-12-27 13:40:23.5020",3681,"Grand St",40.71517767732029,-74.03768330812454,3211,"Newark Ave",40.72152515,-74.046304543,29465,"Subscriber",1981,1
478,"2018-12-27 17:04:44.0550","2018-12-27 17:12:42.2950",3681,"Grand St",40.71517767732029,-74.03768330812454,3269,"Brunswick & 6th",40.72601172964625,-74.05038893222809,26271,"Subscriber",1993,1
231,"2018-12-27 18:55:45.1520","2018-12-27 18:59:37.0290",3681,"Grand St",40.71517767732029,-74.03768330812454,3267,"Morris Canal",40.7124188237569,-74.03852552175522,26186,"Subscriber",1975,1
156,"2018-12-27 19:13:35.4230","2018-12-27 19:16:11.8960",3681,"Grand St",40.71517767732029,-74.03768330812454,3185,"City Hall",40.7177325,-74.043845,26268,"Subscriber",1970,1
130,"2018-12-27 19:18:31.4240","2018-12-27 19:20:41.5980",3681,"Grand St",40.71517767732029,-74.03768330812454,3275,"Columbus Drive",40.71835519823214,-74.03891444206238,29668,"Subscriber",1994,1
204,"2018-12-27 20:14:57.6790","2018-12-27 20:18:21.7860",3681,"Grand St",40.71517767732029,-74.03768330812454,3681,"Grand St",40.71517767732029,-74.03768330812454,29536,"Subscriber",1987,1
555,"2018-12-28 13:27:58.4940","2018-12-28 13:37:14.2420",3681,"Grand St",40.71517767732029,-74.03768330812454,3270,"Jersey & 6th St",40.72528910781132,-74.04557168483734,26287,"Subscriber",1981,1
414,"2018-12-28 14:43:16.7240","2018-12-28 14:50:11.3260",3681,"Grand St",40.71517767732029,-74.03768330812454,3213,"Van Vorst Park",40.71848892,-74.047726625,29210,"Subscriber",1988,1
522,"2018-12-28 22:08:58.5860","2018-12-28 22:17:40.8810",3681,"Grand St",40.71517767732029,-74.03768330812454,3199,"Newport Pkwy",40.7287448,-74.0321082,29437,"Subscriber",1993,1
227,"2018-12-29 08:30:25.9650","2018-12-29 08:34:13.2990",3681,"Grand St",40.71517767732029,-74.03768330812454,3213,"Van Vorst Park",40.71848892,-74.047726625,29536,"Subscriber",1985,1
1175,"2018-12-29 08:39:27.9700","2018-12-29 08:59:03.8500",3681,"Grand St",40.71517767732029,-74.03768330812454,3681,"Grand St",40.71517767732029,-74.03768330812454,29437,"Subscriber",1987,1
132,"2018-12-29 11:48:28.1450","2018-12-29 11:50:41.1180",3681,"Grand St",40.71517767732029,-74.03768330812454,3275,"Columbus Drive",40.71835519823214,-74.03891444206238,29536,"Subscriber",1985,1
200,"2018-12-29 16:22:39.8560","2018-12-29 16:26:00.7250",3681,"Grand St",40.71517767732029,-74.03768330812454,3185,"City Hall",40.7177325,-74.043845,29286,"Subscriber",1985,1
788,"2018-12-30 01:28:09.1230","2018-12-30 01:41:17.2190",3681,"Grand St",40.71517767732029,-74.03768330812454,3267,"Morris Canal",40.7124188237569,-74.03852552175522,29220,"Subscriber",1979,1
116,"2018-12-30 09:07:34.5430","2018-12-30 09:09:31.4900",3681,"Grand St",40.71517767732029,-74.03768330812454,3275,"Columbus Drive",40.71835519823214,-74.03891444206238,29437,"Subscriber",1985,1
194,"2018-12-30 10:22:18.8680","2018-12-30 10:25:33.0150",3681,"Grand St",40.71517767732029,-74.03768330812454,3186,"Grove St PATH",40.71958611647166,-74.04311746358871,29533,"Subscriber",1974,1
448,"2018-12-30 12:45:17.7810","2018-12-30 12:52:46.2470",3681,"Grand St",40.71517767732029,-74.03768330812454,3202,"Newport PATH",40.7272235,-74.0337589,29536,"Subscriber",1980,1
1068,"2018-12-30 14:16:04.1470","2018-12-30 14:33:52.1950",3681,"Grand St",40.71517767732029,-74.03768330812454,3192,"Liberty Light Rail",40.7112423,-74.0557013,29447,"Customer",1969,0
1035,"2018-12-30 14:16:40.0730","2018-12-30 14:33:56.0630",3681,"Grand St",40.71517767732029,-74.03768330812454,3192,"Liberty Light Rail",40.7112423,-74.0557013,29465,"Customer",1969,0
270,"2018-12-30 14:30:47.9310","2018-12-30 14:35:18.2280",3681,"Grand St",40.71517767732029,-74.03768330812454,3186,"Grove St PATH",40.71958611647166,-74.04311746358871,26267,"Subscriber",1989,1
283,"2018-12-30 14:36:44.9640","2018-12-30 14:41:28.3100",3681,"Grand St",40.71517767732029,-74.03768330812454,3186,"Grove St PATH",40.71958611647166,-74.04311746358871,26268,"Subscriber",1990,1
177,"2018-12-30 14:39:35.9160","2018-12-30 14:42:33.2730",3681,"Grand St",40.71517767732029,-74.03768330812454,3267,"Morris Canal",40.7124188237569,-74.03852552175522,29641,"Subscriber",1961,1
190,"2018-12-30 17:27:46.4630","2018-12-30 17:30:57.0200",3681,"Grand St",40.71517767732029,-74.03768330812454,3639,"Harborside",40.7192517,-74.034234,29201,"Subscriber",1985,1
813,"2018-12-30 19:16:13.8790","2018-12-30 19:29:46.9530",3681,"Grand St",40.71517767732029,-74.03768330812454,3183,"Exchange Place",40.7162469,-74.0334588,29495,"Subscriber",1973,1
291,"2018-12-30 19:24:50.0530","2018-12-30 19:29:41.4220",3681,"Grand St",40.71517767732029,-74.03768330812454,3183,"Exchange Place",40.7162469,-74.0334588,29127,"Subscriber",1992,1
171,"2018-12-30 23:52:06.9140","2018-12-30 23:54:58.8620",3681,"Grand St",40.71517767732029,-74.03768330812454,3183,"Exchange Place",40.7162469,-74.0334588,29201,"Subscriber",1976,1
361,"2018-12-31 09:07:54.4270","2018-12-31 09:13:55.4790",3681,"Grand St",40.71517767732029,-74.03768330812454,3186,"Grove St PATH",40.71958611647166,-74.04311746358871,29513,"Subscriber",1981,2
277,"2018-12-31 09:08:35.7770","2018-12-31 09:13:12.7990",3681,"Grand St",40.71517767732029,-74.03768330812454,3187,"Warren St",40.7211236,-74.03805095,29522,"Subscriber",1987,1
1026,"2018-12-31 12:45:07.6590","2018-12-31 13:02:14.5110",3681,"Grand St",40.71517767732029,-74.03768330812454,3273,"Manila & 1st",40.721650724879986,-74.04288411140442,29499,"Subscriber",1977,1
769,"2018-12-31 13:09:30.8600","2018-12-31 13:22:20.1750",3681,"Grand St",40.71517767732029,-74.03768330812454,3272,"Jersey & 3rd",40.72333158646436,-74.04595255851744,29209,"Subscriber",1987,1
119,"2018-12-31 14:00:03.2350","2018-12-31 14:02:02.4630",3681,"Grand St",40.71517767732029,-74.03768330812454,3267,"Morris Canal",40.7124188237569,-74.03852552175522,29484,"Subscriber",1981,0
127,"2018-12-31 14:18:22.3740","2018-12-31 14:20:29.6740",3681,"Grand St",40.71517767732029,-74.03768330812454,3276,"Marin Light Rail",40.71458403535893,-74.04281705617905,26264,"Subscriber",1963,1
598,"2018-12-01 12:13:25.8650","2018-12-01 12:23:23.9760",3694,"Jackson Square",40.71113,-74.0789,3195,"Sip Ave",40.73074262530658,-74.06378388404846,29659,"Subscriber",1994,1
653,"2018-12-02 10:53:29.0340","2018-12-02 11:04:22.5730",3694,"Jackson Square",40.71113,-74.0789,3195,"Sip Ave",40.73074262530658,-74.06378388404846,29209,"Subscriber",1994,1
552,"2018-12-02 13:29:18.8590","2018-12-02 13:38:31.7820",3694,"Jackson Square",40.71113,-74.0789,3194,"McGinley Square",40.7253399253558,-74.06762212514877,29544,"Subscriber",1997,1
889,"2018-12-03 06:24:42.3920","2018-12-03 06:39:31.6950",3694,"Jackson Square",40.71113,-74.0789,3183,"Exchange Place",40.7162469,-74.0334588,29439,"Subscriber",1977,1
596,"2018-12-03 09:16:20.0950","2018-12-03 09:26:16.5410",3694,"Jackson Square",40.71113,-74.0789,3483,"Montgomery St",40.71942,-74.05099,29544,"Subscriber",1986,2
820,"2018-12-03 15:07:04.3760","2018-12-03 15:20:44.7520",3694,"Jackson Square",40.71113,-74.0789,3195,"Sip Ave",40.73074262530658,-74.06378388404846,26221,"Subscriber",1991,2
944,"2018-12-04 06:35:12.8760","2018-12-04 06:50:57.1700",3694,"Jackson Square",40.71113,-74.0789,3183,"Exchange Place",40.7162469,-74.0334588,29570,"Subscriber",1977,1
887,"2018-12-04 11:24:19.1660","2018-12-04 11:39:06.6110",3694,"Jackson Square",40.71113,-74.0789,3206,"Hilltop",40.7311689,-74.0575736,29299,"Subscriber",1994,1
1124,"2018-12-05 06:31:26.5450","2018-12-05 06:50:11.3670",3694,"Jackson Square",40.71113,-74.0789,3183,"Exchange Place",40.7162469,-74.0334588,26170,"Subscriber",1977,1
880,"2018-12-05 11:28:05.2100","2018-12-05 11:42:45.3840",3694,"Jackson Square",40.71113,-74.0789,3195,"Sip Ave",40.73074262530658,-74.06378388404846,26266,"Subscriber",1994,1
1191,"2018-12-06 06:29:38.6830","2018-12-06 06:49:29.7780",3694,"Jackson Square",40.71113,-74.0789,3183,"Exchange Place",40.7162469,-74.0334588,29512,"Subscriber",1977,1
629,"2018-12-06 09:54:37.7980","2018-12-06 10:05:06.9410",3694,"Jackson Square",40.71113,-74.0789,3195,"Sip Ave",40.73074262530658,-74.06378388404846,26270,"Subscriber",1994,1
618,"2018-12-06 13:28:08.8950","2018-12-06 13:38:27.5500",3694,"Jackson Square",40.71113,-74.0789,3195,"Sip Ave",40.73074262530658,-74.06378388404846,29439,"Subscriber",1994,1
948,"2018-12-07 06:23:08.7590","2018-12-07 06:38:57.4230",3694,"Jackson Square",40.71113,-74.0789,3183,"Exchange Place",40.7162469,-74.0334588,29607,"Subscriber",1977,1
982,"2018-12-07 11:59:11.3560","2018-12-07 12:15:33.7100",3694,"Jackson Square",40.71113,-74.0789,3195,"Sip Ave",40.73074262530658,-74.06378388404846,26297,"Subscriber",1994,1
1104,"2018-12-08 09:06:12.3560","2018-12-08 09:24:36.7820",3694,"Jackson Square",40.71113,-74.0789,3211,"Newark Ave",40.72152515,-74.046304543,29668,"Subscriber",1991,2
675,"2018-12-08 11:14:56.4020","2018-12-08 11:26:11.9670",3694,"Jackson Square",40.71113,-74.0789,3195,"Sip Ave",40.73074262530658,-74.06378388404846,26198,"Subscriber",1994,1
1189,"2018-12-08 14:52:03.3460","2018-12-08 15:11:53.0370",3694,"Jackson Square",40.71113,-74.0789,3201,"Dey St",40.737711,-74.066921,29300,"Customer",1999,1
577,"2018-12-09 10:56:42.2980","2018-12-09 11:06:19.9650",3694,"Jackson Square",40.71113,-74.0789,3195,"Sip Ave",40.73074262530658,-74.06378388404846,29231,"Subscriber",1994,1
708,"2018-12-09 16:26:55.4220","2018-12-09 16:38:43.5930",3694,"Jackson Square",40.71113,-74.0789,3192,"Liberty Light Rail",40.7112423,-74.0557013,29678,"Subscriber",1991,2
712,"2018-12-10 11:41:29.4850","2018-12-10 11:53:21.8230",3694,"Jackson Square",40.71113,-74.0789,3195,"Sip Ave",40.73074262530658,-74.06378388404846,26301,"Subscriber",1994,1
782,"2018-12-10 12:15:19.4680","2018-12-10 12:28:21.7130",3694,"Jackson Square",40.71113,-74.0789,3694,"Jackson Square",40.71113,-74.0789,26287,"Subscriber",1983,1
747,"2018-12-10 20:33:10.0440","2018-12-10 20:45:37.2790",3694,"Jackson Square",40.71113,-74.0789,3194,"McGinley Square",40.7253399253558,-74.06762212514877,29519,"Subscriber",1958,1
1124,"2018-12-11 06:19:14.0610","2018-12-11 06:37:58.7960",3694,"Jackson Square",40.71113,-74.0789,3183,"Exchange Place",40.7162469,-74.0334588,29657,"Subscriber",1977,1
648,"2018-12-11 12:01:04.1040","2018-12-11 12:11:52.9080",3694,"Jackson Square",40.71113,-74.0789,3195,"Sip Ave",40.73074262530658,-74.06378388404846,26287,"Subscriber",1994,1
575,"2018-12-11 17:46:56.6360","2018-12-11 17:56:31.6520",3694,"Jackson Square",40.71113,-74.0789,3191,"Union St",40.7182113,-74.0836394,29239,"Subscriber",1958,1
961,"2018-12-12 06:19:04.3900","2018-12-12 06:35:05.8390",3694,"Jackson Square",40.71113,-74.0789,3183,"Exchange Place",40.7162469,-74.0334588,26247,"Subscriber",1977,1
2058,"2018-12-12 09:09:44.0380","2018-12-12 09:44:02.7900",3694,"Jackson Square",40.71113,-74.0789,3694,"Jackson Square",40.71113,-74.0789,29641,"Subscriber",1957,1
640,"2018-12-12 11:54:45.5290","2018-12-12 12:05:25.7630",3694,"Jackson Square",40.71113,-74.0789,3195,"Sip Ave",40.73074262530658,-74.06378388404846,29641,"Subscriber",1994,1
934,"2018-12-13 06:16:06.7510","2018-12-13 06:31:41.2170",3694,"Jackson Square",40.71113,-74.0789,3183,"Exchange Place",40.7162469,-74.0334588,29681,"Subscriber",1977,1
703,"2018-12-13 12:17:13.6280","2018-12-13 12:28:57.2350",3694,"Jackson Square",40.71113,-74.0789,3195,"Sip Ave",40.73074262530658,-74.06378388404846,26190,"Subscriber",1994,1
936,"2018-12-14 06:10:18.5060","2018-12-14 06:25:54.6120",3694,"Jackson Square",40.71113,-74.0789,3183,"Exchange Place",40.7162469,-74.0334588,26155,"Subscriber",1977,1
668,"2018-12-14 12:34:01.0310","2018-12-14 12:45:09.6550",3694,"Jackson Square",40.71113,-74.0789,3195,"Sip Ave",40.73074262530658,-74.06378388404846,26312,"Subscriber",1994,1
645,"2018-12-15 13:31:59.3590","2018-12-15 13:42:45.2030",3694,"Jackson Square",40.71113,-74.0789,3195,"Sip Ave",40.73074262530658,-74.06378388404846,29224,"Subscriber",1994,1
1396,"2018-12-15 16:28:38.1250","2018-12-15 16:51:54.9460",3694,"Jackson Square",40.71113,-74.0789,3279,"Dixon Mills",40.721630142638354,-74.04996782541275,29126,"Subscriber",1988,2
649,"2018-12-16 11:55:07.8820","2018-12-16 12:05:57.4260",3694,"Jackson Square",40.71113,-74.0789,3195,"Sip Ave",40.73074262530658,-74.06378388404846,29658,"Subscriber",1994,1
984,"2018-12-17 06:26:18.2690","2018-12-17 06:42:42.9330",3694,"Jackson Square",40.71113,-74.0789,3183,"Exchange Place",40.7162469,-74.0334588,26251,"Subscriber",1977,1
687,"2018-12-17 12:18:47.1320","2018-12-17 12:30:14.5090",3694,"Jackson Square",40.71113,-74.0789,3195,"Sip Ave",40.73074262530658,-74.06378388404846,29535,"Subscriber",1994,1
726,"2018-12-17 17:38:45.4430","2018-12-17 17:50:52.4320",3694,"Jackson Square",40.71113,-74.0789,3194,"McGinley Square",40.7253399253558,-74.06762212514877,29276,"Subscriber",1973,2
1041,"2018-12-18 06:21:57.7450","2018-12-18 06:39:19.7440",3694,"Jackson Square",40.71113,-74.0789,3183,"Exchange Place",40.7162469,-74.0334588,29221,"Subscriber",1977,1
654,"2018-12-18 12:12:40.2980","2018-12-18 12:23:34.4020",3694,"Jackson Square",40.71113,-74.0789,3195,"Sip Ave",40.73074262530658,-74.06378388404846,29300,"Subscriber",1994,1
1015,"2018-12-19 06:15:11.2330","2018-12-19 06:32:06.2450",3694,"Jackson Square",40.71113,-74.0789,3183,"Exchange Place",40.7162469,-74.0334588,26220,"Subscriber",1977,1
667,"2018-12-19 11:39:50.4270","2018-12-19 11:50:58.2750",3694,"Jackson Square",40.71113,-74.0789,3195,"Sip Ave",40.73074262530658,-74.06378388404846,29299,"Subscriber",1994,1
687,"2018-12-20 13:28:39.0590","2018-12-20 13:40:06.6410",3694,"Jackson Square",40.71113,-74.0789,3195,"Sip Ave",40.73074262530658,-74.06378388404846,29258,"Subscriber",1994,1
625,"2018-12-21 12:05:04.3890","2018-12-21 12:15:29.5930",3694,"Jackson Square",40.71113,-74.0789,3195,"Sip Ave",40.73074262530658,-74.06378388404846,29664,"Subscriber",1994,1
826,"2018-12-21 16:34:37.2330","2018-12-21 16:48:24.0150",3694,"Jackson Square",40.71113,-74.0789,3186,"Grove St PATH",40.71958611647166,-74.04311746358871,26306,"Subscriber",1991,1
640,"2018-12-22 10:27:40.6590","2018-12-22 10:38:21.4170",3694,"Jackson Square",40.71113,-74.0789,3195,"Sip Ave",40.73074262530658,-74.06378388404846,26298,"Subscriber",1994,1
1081,"2018-12-22 11:51:46.0600","2018-12-22 12:09:47.4730",3694,"Jackson Square",40.71113,-74.0789,3269,"Brunswick & 6th",40.72601172964625,-74.05038893222809,29586,"Subscriber",1993,1
344,"2018-12-25 21:40:09.8660","2018-12-25 21:45:54.2670",3694,"Jackson Square",40.71113,-74.0789,3280,"Astor Place",40.71928220070702,-74.07126188278198,26241,"Subscriber",1983,2
1233,"2018-12-29 12:55:45.9690","2018-12-29 13:16:19.5960",3694,"Jackson Square",40.71113,-74.0789,3186,"Grove St PATH",40.71958611647166,-74.04311746358871,29294,"Subscriber",1988,1
1057,"2018-12-30 15:32:09.3320","2018-12-30 15:49:46.3510",3694,"Jackson Square",40.71113,-74.0789,3213,"Van Vorst Park",40.71848892,-74.047726625,29475,"Subscriber",1991,2
301,"2018-12-31 16:34:11.9340","2018-12-31 16:39:13.8340",3694,"Jackson Square",40.71113,-74.0789,3277,"Communipaw & Berry Lane",40.71435836870427,-74.06661093235016,26270,"Subscriber",1991,1
